ids,epoch_19,epoch_39,epoch_79,epoch_99,epoch_100
0,293,2305,827,922,842
1,335,379,302,146,240
2,1762,954,3216,2627,1939
3,2397,888,2723,1745,1699
4,741,60,574,775,786
5,347,30,393,614,603
6,925,136,415,923,1197
7,662,822,402,254,260
8,348,1493,231,121,118
9,1067,793,2114,2720,2822
10,1376,955,3595,3864,4018
11,1451,5236,1421,1523,1505
12,647,1765,1582,2629,2656
13,3081,4518,3957,4550,4671
14,1128,3277,2237,2718,3020
15,2056,1283,957,541,429
16,3955,3137,1413,906,918
17,2027,316,838,1223,1164
18,2042,2804,1047,743,683
19,4539,3254,3119,4597,4227
20,535,3596,1083,386,332
21,36,176,111,119,137
22,302,17,15,7,9
23,1940,1707,27,10,10
24,3176,6598,6939,5821,6603
25,1776,1149,1873,2656,3231
26,2389,668,1628,2007,2250
27,2653,4565,6788,6488,6421
28,487,129,36,71,70
29,665,176,50,123,147
30,591,1394,2137,2360,2609
31,6679,3096,136,291,195
32,820,1427,133,319,189
33,774,138,444,891,955
34,2150,5372,6398,5017,4339
35,1046,218,565,721,885
36,40,131,35,16,35
37,134,762,5,8,13
38,885,197,58,92,75
39,263,6,770,219,176
40,1914,1032,848,425,450
41,942,36,247,115,108
42,1840,2097,975,231,438
43,491,741,890,521,499
44,529,635,994,326,489
45,616,2106,639,667,599
46,495,880,850,918,733
47,63,282,187,181,246
48,759,694,458,348,350
49,602,734,1112,954,696
50,746,917,858,515,619
51,1431,1121,5051,4801,4263
52,218,1451,1720,1795,1554
53,506,2413,1574,2191,1970
54,707,1527,1062,468,697
55,2120,844,1566,712,913
56,1003,2018,3033,3078,2904
57,1546,3750,2880,2297,2239
58,1385,2990,1545,1359,1361
59,3307,6160,3148,3047,3285
60,1128,917,1253,1304,1307
61,1335,1715,818,2095,2135
62,653,903,478,547,530
63,268,155,62,25,26
64,514,46,72,59,62
65,654,513,796,690,561
66,471,321,415,269,298
67,1666,307,235,296,338
68,1269,506,258,398,446
69,226,768,1296,994,972
70,653,619,2227,1429,1659
71,1498,477,451,581,543
72,2347,58,132,317,225
73,566,69,239,645,545
74,134,1424,1563,2056,2074
75,62,1531,1712,2242,2103
76,3059,2022,2768,2388,2432
77,2639,1476,717,721,859
78,1785,2411,1313,1729,1603
79,2325,2759,1895,1682,1751
80,1266,801,381,687,599
81,1105,7407,7787,7263,6884
82,1929,2319,4776,4259,3984
83,1282,1907,4287,4531,4756
84,283,568,561,336,328
85,2156,527,123,374,377
86,207,282,349,292,289
87,752,837,1902,1965,1765
88,2875,3423,2891,1723,1614
89,50,222,1440,745,613
90,260,144,236,42,44
91,515,4,11,1,1
92,285,1565,119,99,83
93,304,1066,1649,755,942
94,97,338,1740,1507,1896
95,2806,541,1908,1609,1875
96,2329,2207,776,983,945
97,1013,1661,1890,1385,1406
98,4205,4605,2394,2450,2181
99,1674,762,1050,2655,2717
100,1030,550,373,12,9
101,1716,583,195,5,3
102,1464,2515,3108,2881,2886
103,1759,5596,8075,7749,7524
104,1794,2251,3008,2702,2775
105,521,1011,677,1042,1022
106,184,2582,2810,2208,2307
107,295,1093,929,1342,1325
108,50,213,15,10,12
109,629,446,23,11,14
110,34,255,984,487,674
111,957,415,143,655,673
112,346,469,538,506,761
113,172,179,159,365,391
114,2195,2673,662,1276,954
115,2601,1325,1747,1676,1983
116,1704,1188,713,990,761
117,499,1676,2631,1716,1901
118,417,1234,643,533,570
119,375,3388,505,467,358
120,222,1267,1431,863,892
121,636,1419,1131,618,612
122,5497,4019,4727,2538,2427
123,345,420,578,1859,2044
124,514,1110,963,882,1403
125,333,1324,139,153,217
126,5048,3531,4434,3191,3000
127,1399,2206,4545,3761,3355
128,971,1463,2628,2000,2089
129,65,94,1055,1377,1021
130,1023,1569,2192,1767,1573
131,46,48,775,920,890
132,2254,2164,2155,1935,2379
133,1898,7,2066,274,567
134,2383,7,1377,186,379
135,369,1038,3437,1624,1772
136,7006,5858,2379,2145,2594
137,1736,3941,2041,3715,3722
138,346,231,599,422,448
139,1578,1828,4696,3767,4126
140,151,1066,1453,1037,1093
141,460,1480,13,11,9
142,270,4,233,133,107
143,598,1278,1624,1545,1495
144,1456,2019,2611,1889,1820
145,1929,2383,1805,2893,3098
146,98,89,3162,3919,4239
147,333,276,203,322,358
148,782,446,701,813,886
149,798,927,2017,2147,2253
150,709,995,6219,5709,6258
151,2891,2578,2220,1476,1290
152,1106,1386,3353,2702,2196
153,4462,1580,1611,1153,1257
154,872,356,597,115,119
155,1951,656,291,56,63
156,9,473,830,524,604
157,3,769,907,589,628
158,784,895,105,23,23
159,5686,7696,5626,6130,6291
160,3189,1354,1604,1566,1597
161,3262,3248,2668,1989,2036
162,2640,1800,1442,1365,1276
163,759,344,766,449,415
164,1933,1040,848,605,583
165,2690,3143,1108,1182,1434
166,3492,1850,3349,2598,2205
167,3188,2081,1236,1122,1667
168,486,3043,2323,2013,1753
169,1073,660,74,123,111
170,3654,2362,2207,1872,1967
171,35,104,250,57,78
172,196,377,241,227,345
173,57,207,232,858,717
174,303,1519,853,2545,2695
175,6609,926,1134,1693,2297
176,200,1566,763,1283,1520
177,778,1057,353,463,496
178,1130,1264,1257,343,349
179,793,422,627,280,288
180,1557,1800,53,629,678
181,943,2424,2093,1087,1198
182,1412,699,14,296,276
183,313,548,3528,2698,2569
184,141,188,350,519,602
185,126,662,2029,1383,1519
186,5098,2201,3673,4430,4131
187,6699,8430,7814,8055,7570
188,6402,3474,6333,6362,6484
189,1458,227,547,703,680
190,931,384,918,909,962
191,463,1024,174,577,710
192,3087,2570,1992,1933,2443
193,2109,1294,2021,1975,1954
194,1325,2012,2031,1446,1905
195,2789,586,780,2100,1971
196,83,558,646,647,635
197,140,13,3278,2222,1820
198,6629,4461,4312,4946,4738
199,856,1395,1248,522,667
200,789,1070,596,238,371
201,998,1582,1151,1876,1976
202,118,324,162,247,146
203,277,2201,906,2116,2222
204,6717,4524,2432,6142,5943
205,366,178,1713,1305,1704
206,2561,796,1711,2475,2804
207,141,604,1390,2691,2550
208,2445,6061,6661,6352,6273
209,998,1428,2757,2277,2136
210,3318,4180,2730,2705,2386
211,4938,2446,2912,2146,1826
212,3297,4170,4712,3742,3615
213,438,225,166,69,46
214,2898,1185,3803,3842,3695
215,1226,1789,502,179,122
216,2293,2771,3236,2614,2765
217,2521,2283,1709,1878,1707
218,2254,3260,1634,406,429
219,611,240,17,49,66
220,820,283,2038,1331,1665
221,525,215,9,27,41
222,3428,2825,294,1054,430
223,2128,3257,2846,3050,2974
224,3473,2525,172,572,223
225,1714,1026,130,1167,1229
226,86,140,23,29,38
227,520,797,37,76,89
228,765,1262,452,591,524
229,678,611,2020,1479,1183
230,238,1887,1324,2781,2326
231,942,2197,505,1739,1873
232,783,101,27,125,132
233,1865,103,25,67,62
234,3365,2462,2465,5331,4618
235,5127,8682,6114,5918,6320
236,6367,3158,3170,5592,5378
237,70,986,34,55,55
238,373,250,121,324,323
239,252,245,1261,958,908
240,2750,4523,6455,6202,6329
241,4871,5241,7232,6714,6429
242,4173,4167,4973,5082,4939
243,4780,1699,823,536,414
244,2493,1994,576,1475,1066
245,237,334,144,284,147
246,1709,3058,3357,2584,2888
247,2786,8745,6421,5856,6312
248,2853,4828,4160,4004,3811
249,1139,2238,1687,1985,1696
250,1020,2544,2835,3831,2947
251,1461,2378,1107,1901,1130
252,507,1033,912,558,406
253,9,1266,360,659,669
254,19,1957,1573,955,648
255,132,1826,2222,1665,1285
256,450,405,24,37,36
257,128,768,78,122,107
258,2442,2695,356,386,268
259,30,2,0,3,1
260,2846,2548,254,297,244
261,1822,1314,1361,1544,1630
262,1461,1607,3629,3717,3714
263,3926,4801,4713,5135,4724
264,733,2969,5395,3257,2969
265,1075,2196,1619,1142,1090
266,914,1945,3624,3548,3536
267,843,4989,3210,3532,3188
268,620,1272,1269,973,886
269,2447,1399,1107,970,867
270,159,1784,3025,2476,2880
271,324,1955,2292,2080,2349
272,1041,6534,6320,5854,5706
273,85,277,163,40,31
274,84,149,75,25,24
275,5990,3087,680,614,631
276,1987,4963,3431,4800,4406
277,780,1498,148,427,347
278,2471,2289,697,883,662
279,1396,5786,5595,5978,5597
280,206,1978,1373,866,835
281,302,4230,2756,5196,5028
282,452,1230,347,360,191
283,3641,4418,5089,4930,4467
284,199,955,672,694,506
285,4728,644,1242,1242,1021
286,3429,3368,518,1198,1078
287,2859,2799,342,1213,1015
288,1271,526,18,42,28
289,875,232,6,16,8
290,2454,6453,4016,2503,3247
291,95,627,73,281,396
292,200,1286,18,31,20
293,65,710,858,765,756
294,100,80,65,14,15
295,125,133,339,87,68
296,889,2206,1925,1939,1721
297,841,1209,1009,1215,1213
298,5028,4052,1480,1836,1763
299,1307,1394,645,614,480
300,946,2581,3038,2913,2635
301,712,410,1007,817,1145
302,2239,2337,1134,1096,1196
303,651,70,669,559,506
304,1161,4135,5028,3659,4186
305,861,153,1083,812,698
306,239,351,639,636,540
307,237,476,888,1437,1368
308,537,107,382,318,293
309,2675,291,1099,544,457
310,5399,493,3089,1406,1581
311,2138,568,2491,1719,1740
312,1072,2434,2057,1795,1554
313,1807,1144,2694,2598,2678
314,348,1604,1567,658,715
315,491,913,9,10,19
316,447,3065,6540,5515,5170
317,372,2322,29,13,20
318,1571,1246,1510,628,504
319,2336,2221,872,664,497
320,2400,1676,1358,1009,977
321,929,749,323,428,450
322,1135,1088,1098,883,877
323,2110,652,159,222,225
324,4971,70,1718,811,882
325,3370,116,1913,673,703
326,2818,1959,1474,361,384
327,37,64,77,78,110
328,1432,2434,849,1130,1032
329,115,175,444,388,330
330,1030,1424,2066,1733,1550
331,539,3330,4014,3610,3409
332,2680,1787,2686,2065,1991
333,281,48,61,122,108
334,169,21,128,183,165
335,2817,436,135,146,108
336,349,76,959,1111,1271
337,2857,3044,284,206,257
338,251,45,293,92,105
339,1282,432,196,49,77
340,296,415,279,267,184
341,415,252,269,307,299
342,6227,8863,6881,6606,6444
343,1299,1043,590,422,586
344,1732,359,753,522,684
345,235,7,136,70,80
346,334,1,183,109,88
347,1149,745,252,195,340
348,8,1770,881,644,525
349,2980,836,1676,1703,1996
350,5630,1534,1453,1597,885
351,2370,2142,3386,2724,2656
352,405,94,341,435,422
353,1434,183,646,424,622
354,1723,542,733,700,547
355,848,214,246,119,209
356,3674,5407,7352,6915,6692
357,89,3949,3257,4136,3830
358,1995,3213,4493,4803,4794
359,78,4318,1285,1199,988
360,1837,1606,224,551,412
361,182,558,166,143,195
362,165,719,494,275,412
363,2449,2965,2078,2037,1935
364,1957,2494,7208,6010,5712
365,2587,3572,826,882,776
366,49,2,24,44,37
367,121,70,223,248,248
368,1120,364,2,1,3
369,1,3,6,1,2
370,563,291,21,68,56
371,0,1,7,0,0
372,1036,1147,2378,3059,3246
373,794,1513,329,452,332
374,1450,1087,843,826,753
375,871,1310,937,232,232
376,966,712,1257,1540,1543
377,698,2609,1464,550,629
378,6165,2131,2402,2834,2629
379,3587,4051,3989,4406,4187
380,2613,2005,2801,2506,2511
381,1152,433,2088,1863,2160
382,3291,2883,2559,4821,4545
383,503,1661,413,562,561
384,3947,579,154,308,292
385,113,720,1110,1450,1298
386,189,1186,1175,837,909
387,1750,3492,5047,4490,5427
388,1382,2240,2591,3389,3420
389,4242,2480,3870,3213,4443
390,904,1098,686,727,741
391,1509,333,1255,929,899
392,626,209,241,247,242
393,397,70,149,1158,1213
394,316,132,215,752,779
395,2450,865,439,131,91
396,216,798,210,694,943
397,2201,165,412,303,456
398,453,566,510,859,1098
399,607,360,1677,1101,1068
400,1006,2155,1685,2427,2246
401,679,692,2550,2234,2251
402,2242,1541,1233,1166,1203
403,2210,2100,1591,1844,1464
404,1815,2100,1499,1542,1726
405,412,921,779,642,507
406,3681,1373,2902,2435,2514
407,1124,1913,1893,1541,1649
408,660,906,152,103,116
409,2376,1622,772,684,576
410,948,1583,590,415,277
411,2146,406,12,248,309
412,799,4125,2874,889,801
413,1623,1253,40,543,674
414,3362,6805,3180,3099,3426
415,1902,2762,1335,1692,1627
416,1330,2438,1482,1583,1727
417,7242,5213,2159,3529,3795
418,1374,3598,2910,3862,4562
419,2328,2888,2472,2808,3053
420,3591,737,1063,1482,1525
421,5551,2681,6908,7590,7558
422,889,606,491,455,485
423,3055,558,777,825,500
424,594,3327,6697,5529,6491
425,132,1337,3765,3316,2184
426,137,3775,426,132,172
427,5502,4448,3329,3642,3517
428,2007,669,374,320,256
429,1067,697,254,344,463
430,691,2981,1048,714,970
431,412,807,111,328,370
432,233,56,288,399,289
433,265,165,523,578,564
434,401,51,847,775,661
435,194,44,18,42,62
436,204,132,429,275,238
437,1575,2873,1238,956,960
438,2992,1104,271,146,159
439,3048,834,40,2,4
440,4018,5321,9032,8618,8611
441,3818,1354,66,97,133
442,2889,474,43,39,50
443,1327,415,1675,1261,1452
444,2283,2294,3519,2325,2083
445,222,5416,2160,2343,2510
446,263,854,5668,4436,4135
447,925,1836,596,156,295
448,1150,2824,927,245,387
449,2170,6124,3574,4485,4924
450,326,7,206,116,120
451,757,16,216,65,65
452,229,1056,823,2553,2519
453,1525,32,49,252,349
454,102,233,149,81,108
455,145,87,220,854,786
456,2816,1570,656,498,420
457,163,27,30,16,37
458,1580,2686,1292,913,723
459,2467,1165,2395,2162,1330
460,1074,3523,5843,5233,4660
461,1992,784,1341,1361,758
462,613,617,5537,2927,3469
463,1537,739,1543,1850,2034
464,2120,2778,3026,3041,3094
465,64,682,111,55,39
466,5388,4242,4756,4491,4318
467,3341,6551,5869,5790,5350
468,16,32,13,18,14
469,60,4,59,40,39
470,29,46,13,19,7
471,74,34,56,34,43
472,3382,3575,2254,1796,1838
473,25,13,87,33,41
474,1633,3060,2602,5873,6326
475,2314,1723,3089,3748,3297
476,2249,835,1091,1299,934
477,1746,916,1852,1572,1285
478,749,2023,1129,350,317
479,1541,1347,643,323,326
480,1821,1890,3301,2718,2633
481,1090,874,3948,3026,2960
482,1778,49,364,582,795
483,190,204,165,28,38
484,3903,4210,5445,4920,4424
485,355,245,243,53,112
486,6224,2161,2207,4333,4903
487,6967,4617,3232,2022,1834
488,3726,2958,2295,2222,2211
489,3408,398,125,170,156
490,1536,2408,234,1304,1449
491,465,632,350,702,625
492,2488,1213,799,842,732
493,3225,1400,1717,799,632
494,62,12,1152,368,299
495,1832,5986,5738,4295,4145
496,2581,1815,112,65,74
497,2472,1775,460,242,257
498,2264,183,1048,651,518
499,1953,35,2272,2159,2128
500,2103,20,1708,1130,1055
501,5540,4886,1338,1438,1107
502,1296,419,0,0,0
503,510,3599,1387,1452,1479
504,301,149,32,55,95
505,3889,3667,4590,6081,6014
506,588,307,234,492,686
507,1210,510,496,335,267
508,1953,90,306,96,175
509,1257,18,120,52,78
510,4478,1311,1260,1832,1576
511,99,1609,1057,1886,1867
512,68,644,327,498,476
513,369,386,7,3,1
514,1937,483,111,124,151
515,276,544,1,1,1
516,2026,1288,4532,4397,3776
517,1726,845,478,618,660
518,1538,2045,661,524,977
519,3096,3175,776,765,715
520,4161,3106,1837,1221,1293
521,2604,3248,1590,1505,1503
522,660,1650,210,123,147
523,1590,2408,1312,1156,1036
524,374,1679,143,56,71
525,229,1020,209,1351,1492
526,1342,120,2638,2284,2270
527,322,251,102,398,396
528,434,646,341,198,267
529,549,1132,4026,2052,1606
530,212,369,133,639,702
531,1538,596,842,630,524
532,3425,4933,1883,2644,2603
533,1456,2015,2420,1119,902
534,4,95,223,111,105
535,3,57,324,139,111
536,2083,3166,3099,2482,2416
537,85,852,129,70,56
538,71,469,150,81,71
539,603,843,515,280,244
540,75,421,1009,1496,1645
541,383,277,1411,1481,1436
542,2837,1934,4789,3542,4084
543,223,955,682,625,584
544,570,1178,583,549,394
545,3,169,1299,1099,850
546,69,1218,318,116,92
547,4424,3423,520,576,411
548,118,563,220,89,77
549,316,818,2745,2221,2324
550,209,2058,3173,2967,2794
551,2176,3230,3926,4896,4674
552,58,168,240,467,612
553,82,496,980,1724,1217
554,1204,263,391,656,857
555,4674,7907,6958,6450,6072
556,2115,243,1288,803,950
557,1906,542,2081,823,951
558,256,132,23,35,38
559,2005,1305,2068,1434,1612
560,132,1079,21,22,20
561,2123,2135,1432,1762,1862
562,1233,1866,2134,2148,2340
563,3347,2051,4994,3683,3783
564,267,2090,73,12,12
565,877,1750,134,13,13
566,448,944,93,188,310
567,5277,4443,3546,3062,3008
568,1244,894,1147,966,988
569,1221,1100,1840,1571,1596
570,1079,1676,1506,1287,1466
571,2593,2278,1680,1895,2036
572,548,1253,643,652,658
573,659,1288,441,312,336
574,1768,1272,680,488,539
575,2156,2364,698,699,1133
576,122,1022,889,755,727
577,311,100,1150,765,619
578,59,700,1382,960,1417
579,281,2049,1441,1163,1584
580,3382,3211,7233,6740,6427
581,777,955,548,417,525
582,2996,3317,2732,2623,2684
583,2127,617,126,1005,907
584,2553,868,428,2070,1835
585,1743,530,235,376,417
586,168,1042,496,870,853
587,132,792,399,507,490
588,2898,3715,543,2313,2333
589,105,3,34,28,26
590,145,74,189,155,119
591,226,62,502,267,300
592,2200,2701,3853,3576,3161
593,2541,138,1261,1463,1337
594,2108,41,324,436,401
595,111,121,735,502,488
596,20,99,253,422,351
597,526,77,744,1229,1250
598,1371,223,1828,1842,1799
599,1689,569,827,1495,1429
600,1398,1261,1664,2007,1961
601,1994,1807,1271,1428,1497
602,1176,2207,1751,1499,1444
603,1220,539,3579,2696,2316
604,61,341,5,11,16
605,61,961,8,20,12
606,1277,1603,1865,3407,3278
607,2194,910,266,174,190
608,816,1515,532,333,347
609,1655,2833,2903,2913,3095
610,1519,1444,1265,3532,3504
611,1865,1808,1596,1750,1796
612,183,176,168,207,227
613,3417,2701,2343,2421,2569
614,315,349,257,302,287
615,4512,4786,3404,2440,2399
616,6194,3806,3763,1926,1895
617,4921,2975,4202,2733,2354
618,1987,1417,751,1407,1182
619,1143,2290,1281,1081,1195
620,557,1638,1000,885,1073
621,720,595,995,557,697
622,13,21,98,515,551
623,1929,956,1391,986,1214
624,1512,37,149,460,507
625,1961,28,46,271,268
626,1311,882,1100,854,730
627,1936,2457,1419,1558,1561
628,652,480,422,1945,1897
629,2,295,376,828,892
630,265,1660,995,703,559
631,450,1773,348,137,110
632,2909,1091,133,51,36
633,430,476,819,163,133
634,5480,3447,4746,4046,3352
635,384,1350,2733,818,814
636,2157,2263,1850,1464,1518
637,121,1053,1394,841,912
638,259,1988,1294,972,948
639,948,2151,1347,1668,1734
640,1052,38,28,138,108
641,998,20,12,81,52
642,543,118,57,47,47
643,887,12,174,119,73
644,903,69,67,69,54
645,5360,2374,7707,7310,6750
646,2280,1593,560,363,534
647,2036,954,1448,1126,1222
648,304,383,207,361,249
649,160,220,139,190,147
650,1488,615,971,749,927
651,1256,2363,2134,2074,2123
652,791,861,1305,1261,1312
653,1075,237,5682,6438,5145
654,1494,2616,4012,1805,1880
655,1606,5912,892,283,156
656,128,18,46,61,58
657,500,226,374,443,400
658,576,339,325,321,329
659,1139,530,2222,1562,1150
660,316,2260,364,868,623
661,237,869,600,2071,1357
662,1401,1407,2865,2589,2459
663,1549,1630,545,1264,1500
664,381,1434,638,850,893
665,907,1212,1223,426,592
666,1879,1235,1027,1629,1648
667,665,369,544,1346,1603
668,1227,521,604,763,614
669,539,58,731,319,316
670,388,140,526,475,420
671,276,365,423,251,297
672,913,1296,979,1455,1412
673,1929,1344,1254,1860,1795
674,1263,1666,1789,1476,1396
675,1744,2130,1338,1844,1862
676,113,107,173,352,345
677,58,41,194,490,451
678,159,108,109,443,435
679,66,1174,187,256,250
680,2665,315,273,1283,1161
681,976,1295,300,131,166
682,687,1145,117,91,102
683,1097,873,951,899,902
684,9,7,59,28,21
685,541,577,108,95,119
686,3,12,50,36,28
687,992,2653,2315,1715,1549
688,1623,1634,2840,2203,2296
689,3011,1788,1860,1508,1660
690,1027,57,1494,2871,2627
691,1335,48,1683,953,749
692,2171,2437,1044,1680,1246
693,374,291,2885,1164,1033
694,524,240,416,269,244
695,1229,1319,1312,865,788
696,1373,41,749,514,408
697,289,22,164,272,229
698,2816,4,66,56,55
699,1130,2268,1716,1903,2024
700,1286,2069,30,124,198
701,257,607,1283,1448,1490
702,2134,712,1882,2720,3130
703,1805,1135,256,397,439
704,1232,686,502,665,847
705,5647,3061,4189,4365,4408
706,18,612,577,240,392
707,39,169,251,143,231
708,558,788,1950,1828,1873
709,95,522,26,45,33
710,195,607,32,62,42
711,1137,828,109,498,477
712,1552,3597,1369,780,916
713,955,753,398,641,495
714,77,14,15,11,7
715,711,150,326,312,278
716,2359,4803,5319,4131,3909
717,766,1623,904,701,666
718,1155,773,180,344,417
719,1167,429,66,115,154
720,144,770,64,874,959
721,5426,6167,2627,4534,4447
722,131,112,137,31,46
723,5,1832,409,310,391
724,4,1,1,543,561
725,510,94,901,816,963
726,166,32,26,24,22
727,788,1304,1545,1405,1507
728,73,24,44,48,43
729,53,5,4,4,6
730,166,396,558,818,1120
731,1365,8,6,5,9
732,1400,205,1514,1588,1575
733,87,132,646,580,619
734,144,247,741,873,949
735,128,1377,528,360,359
736,2126,1203,1678,1680,1815
737,114,1056,134,322,338
738,1052,604,1098,1593,1625
739,1081,2227,2180,2151,2142
740,1407,576,1624,1525,1651
741,115,652,460,236,229
742,2685,1448,1499,739,731
743,49,1029,869,496,629
744,3537,595,546,637,742
745,435,1074,1208,1579,1720
746,209,987,288,475,521
747,898,1701,4138,3772,3729
748,2555,2147,1720,1684,1741
749,1405,2108,1518,1411,1424
750,410,2102,1166,1150,1162
751,62,645,593,310,343
752,1141,1193,1025,995,1141
753,222,159,902,990,1176
754,268,199,739,727,709
755,141,567,768,376,379
756,98,390,1041,246,344
757,1591,1002,918,1946,2016
758,813,313,318,102,145
759,387,1473,2405,1503,1716
760,950,311,2496,984,1216
761,105,1183,114,296,172
762,2398,1170,228,463,648
763,1362,1288,515,857,1192
764,806,1947,2919,3077,2923
765,3041,2672,911,689,608
766,3157,2061,632,348,346
767,4353,2595,1593,1496,1016
768,1423,43,131,104,136
769,772,598,273,286,348
770,634,34,191,178,137
771,113,160,367,980,1126
772,1761,2033,335,541,574
773,1326,267,1501,3067,2955
774,23,115,62,101,77
775,735,225,460,380,377
776,3956,3643,2089,1108,1129
777,198,261,60,89,57
778,425,315,134,125,76
779,3504,630,637,1949,2232
780,49,712,548,308,408
781,6370,1029,759,279,342
782,38,302,360,341,420
783,57,73,19,32,23
784,97,76,188,772,941
785,2345,1546,18,21,14
786,1104,547,141,400,409
787,510,80,1163,1410,1416
788,629,156,190,433,431
789,3601,5099,4976,4661,3270
790,1586,1942,2207,2326,2100
791,3770,1026,4524,4876,4720
792,3346,3913,3433,3737,3839
793,779,4844,1540,2028,1678
794,215,3967,758,1518,1147
795,296,541,349,432,380
796,1022,281,258,400,373
797,184,832,1970,1647,1827
798,370,805,188,124,87
799,635,1760,955,940,692
800,518,793,1284,1337,1186
801,590,570,830,634,1042
802,174,279,378,388,401
803,450,396,80,60,61
804,736,565,2024,1433,1380
805,1015,564,371,404,421
806,432,513,273,257,250
807,1820,3635,3738,3938,4169
808,1833,2203,2083,3352,3266
809,926,634,1676,2756,2803
810,1886,1876,2066,1612,1531
811,783,1587,1268,699,672
812,1178,1555,2093,1167,1264
813,4426,3913,1182,927,989
814,1431,479,1232,926,697
815,324,101,1187,862,714
816,1229,40,20,105,100
817,1366,119,10,97,79
818,723,60,341,192,186
819,1300,1068,111,92,95
820,753,445,17,11,7
821,499,320,294,98,109
822,1360,2068,1478,944,934
823,1068,2539,1606,1326,1419
824,394,1156,505,662,673
825,2940,845,539,467,677
826,465,886,535,502,799
827,2881,2903,1151,713,737
828,209,62,340,574,570
829,956,754,325,533,618
830,349,126,883,474,513
831,123,1373,1190,792,493
832,1727,129,311,361,173
833,239,734,23,48,50
834,2052,2786,690,1195,1361
835,1311,1452,272,761,646
836,1659,2381,211,399,398
837,5429,5885,2410,3427,3679
838,25,164,630,422,657
839,13,328,398,120,177
840,1757,1940,2563,2298,2504
841,531,967,2198,2017,2150
842,212,606,1825,1672,1869
843,3098,227,246,652,575
844,45,164,85,949,1193
845,2732,1785,905,884,927
846,1043,698,427,373,278
847,1341,1722,521,1397,1275
848,940,733,563,1746,1442
849,382,1508,23,9,7
850,472,563,21,9,10
851,2397,2486,1067,609,476
852,5628,876,1003,582,553
853,855,1273,1660,1473,1729
854,1834,770,699,439,432
855,701,632,951,1719,2019
856,1069,1566,1865,1464,1714
857,1130,712,1379,1540,1725
858,130,70,636,705,913
859,199,149,3964,2381,2632
860,536,584,384,385,448
861,48,496,89,80,80
862,91,531,332,99,59
863,646,432,182,123,57
864,26,91,183,341,375
865,3026,4352,3189,2471,2469
866,1243,166,1333,968,975
867,39,18,29,76,105
868,338,393,321,630,535
869,38,5,871,128,160
870,643,41,213,133,112
871,129,44,406,182,169
872,755,4356,4523,4866,4516
873,957,1465,1173,886,815
874,607,789,624,335,316
875,1566,615,336,592,451
876,1960,1226,184,249,289
877,11,95,6,1,3
878,23,96,3,0,0
879,0,4,93,87,40
880,579,82,17,10,3
881,2,8,56,48,49
882,0,0,0,0,0
883,0,0,0,0,0
884,1461,2649,1227,2609,2700
885,0,100,28,36,25
886,928,62,499,492,442
887,563,1603,3254,3221,2971
888,388,1977,1465,1298,1230
889,303,1877,1151,1024,861
890,315,1714,680,832,572
891,289,1134,752,581,523
892,125,1201,2268,2218,2244
893,2555,383,75,178,151
894,746,613,1186,1445,1446
895,553,313,834,595,728
896,400,183,818,290,321
897,1983,1902,1917,1651,1378
898,1822,1043,969,815,1010
899,919,724,517,470,358
900,2291,1288,566,776,647
901,928,376,1064,334,307
902,1405,681,1125,245,234
903,731,871,878,998,1041
904,2089,219,1832,1454,1508
905,877,52,721,491,515
906,13,114,196,238,214
907,112,1,1,0,6
908,715,20,11,144,168
909,709,984,325,115,103
910,1004,3030,2315,2348,2059
911,333,874,593,300,265
912,39,310,81,87,73
913,67,738,784,460,456
914,2228,1723,1124,1187,1132
915,540,948,419,318,381
916,1005,590,759,1376,1400
917,781,636,550,319,406
918,484,445,1265,743,618
919,225,418,2307,1259,1371
920,395,732,2198,1504,1270
921,190,631,478,1284,1664
922,123,1149,3447,4509,4550
923,3439,1138,1022,1610,1603
924,2832,678,547,523,442
925,1290,1394,1186,935,786
926,803,446,971,967,969
927,1271,294,825,879,777
928,4711,2026,2161,1549,1934
929,400,59,362,478,405
930,38,0,8,3,2
931,3527,1609,85,562,211
932,56,0,30,12,12
933,818,2485,735,596,445
934,465,1532,738,604,449
935,329,984,2579,4108,3528
936,2109,3140,2449,2819,2688
937,1067,899,994,1076,1035
938,5348,2066,2959,3045,3120
939,167,65,7,441,548
940,44,837,1133,1322,1298
941,139,21,2,241,368
942,343,165,687,720,806
943,953,654,373,243,232
944,392,444,366,389,447
945,483,864,345,268,338
946,477,1146,1636,1698,1754
947,6256,2157,1539,1011,1328
948,1720,172,939,2460,2467
949,1006,1125,836,216,157
950,1990,105,333,1321,1289
951,1118,345,7,10,9
952,35,457,60,56,60
953,32,303,191,129,125
954,1883,2321,528,2742,2757
955,3962,2665,537,915,850
956,3556,4407,5010,2878,2370
957,1979,1643,931,562,421
958,2083,2717,1835,3049,3020
959,1682,998,955,544,434
960,373,462,1560,1489,1244
961,299,1743,1374,1184,1357
962,253,1048,1759,1584,1516
963,1754,1526,2093,2090,1941
964,984,2272,2357,2548,2347
965,2472,1869,3442,2916,2884
966,643,45,361,398,377
967,505,1035,1126,1104,1018
968,617,66,865,875,779
969,15,3740,1892,1878,2007
970,437,2117,442,529,407
971,2,1163,541,499,442
972,497,1011,545,432,472
973,1465,943,234,942,915
974,1052,979,228,329,426
975,1158,1167,124,162,244
976,1458,962,104,99,175
977,1409,393,258,505,467
978,246,88,184,58,63
979,582,241,752,237,259
980,4455,5306,5988,3874,2909
981,19,2758,968,562,519
982,11,249,669,893,1137
983,9,753,526,473,350
984,2253,1724,2909,3380,3472
985,2222,809,2569,3385,3577
986,6089,4483,6314,4819,4934
987,475,457,1978,2444,1772
988,2630,1381,1659,1566,1583
989,314,983,1986,2223,2306
990,168,1709,1032,1146,1129
991,687,832,549,477,365
992,417,430,1090,966,810
993,447,139,997,577,278
994,348,126,1073,1139,1108
995,340,12,251,124,40
996,1864,606,251,262,181
997,1082,354,225,136,181
998,2308,223,154,162,188
999,1631,1810,2332,3101,3264
1000,1513,8,1257,1086,1400
1001,1689,19,683,816,1027
1002,1575,1408,2512,2361,2453
1003,3144,604,1125,697,1028
1004,1774,594,2531,1606,1658
1005,338,12,32,24,25
1006,110,14,14,5,5
1007,209,1106,349,90,87
1008,1307,11,110,443,481
1009,1690,406,303,398,311
1010,876,61,124,2562,2062
1011,1446,637,1711,1195,1109
1012,2321,3647,1447,804,673
1013,1461,2938,1799,1236,1071
1014,985,370,96,123,172
1015,1810,237,1213,708,806
1016,242,430,158,206,157
1017,1287,2113,1279,847,907
1018,1770,2168,827,936,906
1019,1706,2223,437,462,462
1020,2686,3280,1596,1493,1580
1021,45,1325,446,1016,1057
1022,14,803,239,759,925
1023,3771,4659,1630,2413,2632
1024,1801,82,711,1262,1029
1025,2644,84,1049,1374,1268
1026,322,732,985,1100,997
1027,284,902,966,1807,1837
1028,1431,3376,1002,1449,1450
1029,1400,2674,2218,3502,3271
1030,1289,1510,609,352,364
1031,1349,1217,1041,552,510
1032,22,44,958,1239,1622
1033,15,12,18,45,50
1034,1261,2137,1101,928,704
1035,1933,3574,2268,2942,2884
1036,2048,823,2394,2382,2358
1037,1925,476,962,823,878
1038,1079,1272,101,18,24
1039,2479,2181,2329,2159,2169
1040,2027,828,33,3,3
1041,556,610,658,541,686
1042,2394,3162,3772,3246,3835
1043,952,968,1320,1167,1476
1044,197,529,1736,620,628
1045,327,395,1019,736,710
1046,879,2476,1857,985,983
1047,1269,611,606,1062,1018
1048,3649,3972,1123,2646,2404
1049,1043,1420,1277,2147,2238
1050,2448,3201,171,636,650
1051,730,357,599,517,619
1052,239,456,565,350,477
1053,1499,188,211,401,329
1054,762,1424,612,722,941
1055,988,319,910,902,791
1056,1828,2424,1029,1408,1311
1057,4271,1691,2209,2800,2942
1058,1230,1834,1501,1134,1604
1059,1769,430,609,957,1027
1060,2833,66,271,390,328
1061,3531,50,1385,2168,1908
1062,599,1210,2055,1204,803
1063,1509,2592,3353,6302,6107
1064,4258,2965,6090,3793,2805
1065,2655,1989,1412,1563,1693
1066,1072,739,5022,4882,5046
1067,2152,2111,926,1305,1463
1068,284,53,71,248,289
1069,877,133,1072,1029,1109
1070,1086,231,92,358,369
1071,1272,624,792,872,938
1072,1235,157,586,203,245
1073,801,75,839,284,243
1074,77,254,1610,1841,1494
1075,78,250,1076,1042,968
1076,2735,2969,1942,1937,1709
1077,131,1318,372,104,167
1078,1464,732,280,380,567
1079,225,1165,82,918,981
1080,302,1950,1182,1599,1778
1081,346,2208,1117,854,850
1082,3939,2642,1338,2401,2450
1083,334,760,269,101,85
1084,1036,1285,1285,1800,1553
1085,388,415,174,72,67
1086,1038,1377,3537,3642,3796
1087,2539,6082,4793,3528,2981
1088,363,2706,3223,2582,2197
1089,357,1317,1686,1737,1760
1090,817,281,168,86,66
1091,462,1128,2348,1395,1355
1092,101,587,24,138,128
1093,661,47,44,70,71
1094,37,100,16,122,137
1095,874,737,1126,573,573
1096,913,2113,1152,1028,1067
1097,1594,511,1478,789,908
1098,2365,2263,684,478,583
1099,1388,1613,170,133,179
1100,688,3138,4912,4629,4335
1101,1821,501,175,397,698
1102,1362,342,239,406,645
1103,5592,3031,5226,4305,4208
1104,1911,572,527,261,349
1105,90,73,251,248,142
1106,124,90,374,310,287
1107,301,11,4,1,1
1108,457,7,19,0,0
1109,1407,1534,1595,1938,2002
1110,132,825,615,280,306
1111,84,59,193,113,107
1112,74,703,397,143,210
1113,438,11,11,8,10
1114,74,359,92,136,104
1115,17,243,1,2,1
1116,740,1402,1736,1163,1200
1117,1266,1071,672,572,638
1118,773,1053,349,356,406
1119,804,1204,1382,1357,1388
1120,1494,1833,1615,1749,1801
1121,1867,3816,2834,3404,3714
1122,24,277,262,226,229
1123,3338,3126,2534,2346,2327
1124,395,981,705,651,675
1125,2961,726,17,670,608
1126,196,105,20,42,40
1127,805,490,65,31,20
1128,4900,1846,549,153,97
1129,854,446,2328,478,525
1130,427,1169,19,63,58
1131,5,0,20,45,38
1132,5841,2624,2731,2882,3001
1133,32,3,302,268,219
1134,2926,644,276,1678,2127
1135,1973,1199,483,2237,2792
1136,2128,5021,4389,4255,3729
1137,167,25,55,79,49
1138,4402,5640,3113,6881,7010
1139,54,24,65,57,42
1140,501,173,378,466,394
1141,155,19,54,171,133
1142,713,128,241,243,213
1143,30,587,320,785,750
1144,1775,1549,1048,1162,1077
1145,80,1041,486,1032,942
1146,345,2,157,64,90
1147,602,14,191,79,125
1148,527,1716,79,104,107
1149,78,125,28,413,345
1150,50,1023,196,155,64
1151,156,325,123,335,310
1152,1277,886,5049,3631,3848
1153,3151,3074,40,37,23
1154,1515,1697,982,2034,1989
1155,4296,2990,2582,2605,2758
1156,2642,1564,2425,2386,2494
1157,1646,1829,2821,2447,2365
1158,307,15,72,5,13
1159,527,20,150,80,114
1160,59,11,36,1,5
1161,791,59,11,197,197
1162,3146,3602,304,388,312
1163,495,44,10,191,219
1164,176,377,1434,1973,1943
1165,100,411,2120,2686,2672
1166,3209,2129,510,1114,1211
1167,993,1028,2491,3694,3929
1168,686,1581,1210,1640,1606
1169,1430,840,2623,4212,4135
1170,4,17,288,295,325
1171,422,570,1504,1575,1327
1172,10,22,57,111,126
1173,607,1499,502,240,256
1174,2959,1781,956,458,588
1175,1124,233,187,86,83
1176,1540,1282,2924,2771,2970
1177,1567,1211,346,366,345
1178,1322,1038,208,190,207
1179,1261,2047,2063,2124,2052
1180,7304,4603,2338,3330,2505
1181,718,1413,1104,1008,856
1182,36,5,18,27,31
1183,76,50,1177,1024,961
1184,92,184,247,294,291
1185,129,600,303,1521,1708
1186,488,781,1342,1104,1100
1187,115,295,608,1668,1535
1188,247,679,139,145,106
1189,144,669,156,213,165
1190,189,344,838,577,505
1191,0,22,88,7,5
1192,2046,1254,331,1017,1372
1193,0,42,246,19,14
1194,1297,969,866,714,958
1195,1399,1629,496,2232,2416
1196,815,1527,468,1540,1856
1197,412,405,1406,1340,1258
1198,2587,3858,3243,3949,4032
1199,166,137,815,867,775
1200,965,395,486,111,152
1201,3470,2620,1611,1736,1564
1202,1112,128,156,36,50
1203,1465,1954,2482,1868,1475
1204,2237,272,801,685,847
1205,1656,289,584,413,509
1206,32,88,1638,1947,1637
1207,528,58,699,661,612
1208,154,75,894,966,862
1209,370,21,698,665,617
1210,299,177,127,27,62
1211,563,43,438,304,287
1212,1238,34,702,920,1101
1213,1141,101,730,930,1016
1214,3334,1572,1359,1611,1680
1215,7064,7676,5530,4914,4597
1216,2102,1223,1631,1687,1661
1217,2912,1355,5480,5600,5574
1218,258,13,35,41,44
1219,982,15,34,37,59
1220,289,6,19,12,27
1221,1002,322,571,254,329
1222,167,1108,709,261,371
1223,268,774,1590,1193,1371
1224,471,726,367,361,384
1225,631,1033,626,545,581
1226,2985,853,2159,1860,1872
1227,106,118,1266,1303,1402
1228,110,139,290,450,550
1229,171,665,1306,1232,1246
1230,1517,960,1183,1095,1016
1231,2532,3345,3604,2517,2294
1232,2038,2206,2513,2251,1974
1233,606,251,2,0,0
1234,135,456,167,188,197
1235,827,684,2,3,4
1236,800,1929,2694,1695,1598
1237,7484,8270,7877,7785,7829
1238,730,3585,3816,2695,2651
1239,55,25,112,128,97
1240,201,19,12,15,26
1241,1268,2688,4480,3907,4486
1242,809,165,815,768,679
1243,233,402,508,865,573
1244,322,436,303,364,219
1245,707,664,744,363,341
1246,1563,1000,1798,1200,1307
1247,636,1128,1197,427,385
1248,574,1,121,77,87
1249,264,529,866,364,322
1250,437,69,486,339,349
1251,1051,3847,4247,4811,4626
1252,582,7459,6816,6089,5237
1253,605,2805,2900,3367,3282
1254,28,60,384,155,146
1255,47,40,181,47,33
1256,1645,3028,2663,2388,2318
1257,1009,849,590,1029,1037
1258,621,970,300,185,126
1259,284,922,1658,2160,1912
1260,220,15,57,549,674
1261,277,24,975,574,535
1262,550,36,364,18,21
1263,364,476,82,215,157
1264,835,1089,1656,1063,1173
1265,1330,1508,490,609,478
1266,1679,2188,388,442,409
1267,1291,785,234,341,320
1268,1234,1847,2729,2753,2521
1269,3597,1831,1526,1414,1741
1270,1464,3030,436,417,340
1271,69,1092,180,288,442
1272,1213,3503,3007,3070,3518
1273,1840,2494,3948,3675,3600
1274,1321,4102,3740,3170,3459
1275,1000,436,264,121,232
1276,1509,1385,3429,3428,3167
1277,936,713,94,86,133
1278,2250,927,1129,1267,1340
1279,620,1530,646,528,596
1280,3423,1646,1643,1754,1606
1281,2,35,129,46,66
1282,91,508,98,317,446
1283,253,271,72,122,182
1284,2299,81,35,154,74
1285,2231,61,34,97,54
1286,2563,376,4916,3916,4073
1287,1005,1950,252,624,669
1288,937,1908,291,710,722
1289,5866,5400,1991,1980,1991
1290,1220,3119,1360,1332,1492
1291,1355,1568,1480,1683,1858
1292,723,2830,487,1256,1193
1293,293,1533,397,589,684
1294,4898,1308,1390,2532,2665
1295,750,2432,343,562,577
1296,158,1998,3876,2636,2270
1297,388,1504,546,284,245
1298,171,944,1051,658,683
1299,552,1215,194,233,265
1300,576,30,412,850,741
1301,1341,40,471,189,178
1302,763,801,240,126,123
1303,1282,652,274,102,109
1304,7656,4307,4315,4602,4471
1305,2658,3076,3581,1804,2357
1306,1156,3421,2974,2156,2470
1307,2136,596,3102,2791,2446
1308,20,319,321,245,261
1309,11,300,322,429,377
1310,13,300,519,274,199
1311,1347,263,958,1317,1571
1312,1033,100,766,1394,1580
1313,1475,1563,1089,953,1188
1314,93,299,9,49,32
1315,3,1813,133,90,111
1316,1,6,5,26,30
1317,233,131,1158,961,980
1318,96,86,525,430,442
1319,936,2021,1035,536,562
1320,5,47,282,783,711
1321,1707,23,143,347,382
1322,724,213,382,680,718
1323,423,1546,1412,1694,1754
1324,356,1802,1720,1494,1703
1325,1721,5462,2037,1217,1405
1326,1095,1501,934,478,594
1327,1024,1825,1614,1668,1615
1328,2520,1994,1951,1341,1499
1329,1023,250,54,18,22
1330,934,653,434,794,675
1331,7,15,102,785,797
1332,351,461,82,86,78
1333,156,417,65,83,65
1334,3545,4840,8118,6245,6466
1335,750,98,30,20,32
1336,611,276,49,27,33
1337,315,505,187,96,94
1338,778,1206,2751,2099,1839
1339,1048,279,2249,1130,895
1340,638,38,282,397,322
1341,1466,284,323,350,360
1342,1677,297,92,71,66
1343,1090,264,144,440,400
1344,165,1146,823,721,820
1345,1719,1567,98,77,70
1346,567,1935,316,223,207
1347,32,190,29,31,45
1348,4016,2457,2393,2499,2700
1349,36,544,57,42,67
1350,7,234,249,222,233
1351,702,1214,662,980,833
1352,18,354,460,346,321
1353,3456,2251,4412,3753,3757
1354,3901,460,278,122,200
1355,6103,1335,870,764,1054
1356,930,797,48,515,619
1357,1075,269,17,194,143
1358,1130,726,247,322,271
1359,1695,59,484,438,471
1360,1507,1765,49,558,619
1361,3130,228,37,217,225
1362,756,461,257,99,75
1363,6475,2848,2463,4259,4326
1364,272,606,208,78,65
1365,1182,876,193,96,88
1366,1009,440,121,353,278
1367,552,1562,1447,1756,1971
1368,693,548,300,171,194
1369,90,363,453,536,647
1370,94,968,1863,1360,1182
1371,737,1288,1818,1463,1481
1372,1275,1291,1812,1741,1628
1373,1468,2257,4461,4010,3171
1374,2077,1033,624,813,707
1375,750,2020,3367,2341,2237
1376,1729,1343,930,853,603
1377,70,9,41,73,85
1378,181,27,157,106,165
1379,1468,958,1102,991,848
1380,21,621,65,41,46
1381,4486,2270,4981,3468,3883
1382,18,309,111,107,142
1383,2357,675,1896,4374,3813
1384,767,1300,650,2314,2119
1385,855,2896,4355,4609,4884
1386,242,1472,1244,1783,1826
1387,1484,1898,1951,1949,1743
1388,72,722,416,731,785
1389,3332,1892,1691,1714,1611
1390,2400,1339,798,482,535
1391,2747,797,560,409,406
1392,175,176,8,13,18
1393,500,2581,1048,1488,1272
1394,1124,38,250,165,141
1395,115,9,7,41,54
1396,6589,2083,400,226,186
1397,113,1038,950,697,838
1398,624,133,105,305,211
1399,273,26,46,326,367
1400,97,13,99,194,220
1401,362,1061,511,693,875
1402,2059,728,4018,2357,2672
1403,300,665,135,123,169
1404,362,821,340,418,308
1405,255,2103,249,267,162
1406,842,792,416,790,854
1407,769,2374,1988,2275,2317
1408,1574,1598,2965,2201,1886
1409,588,1556,2317,2631,2642
1410,34,27,347,912,1115
1411,2170,1506,4503,3315,3183
1412,43,31,140,429,546
1413,428,1045,2470,1876,1823
1414,753,4474,1711,790,665
1415,464,1319,1398,683,611
1416,2285,998,353,159,195
1417,1933,4847,8870,8791,8807
1418,890,453,142,64,104
1419,303,1276,556,974,806
1420,388,733,659,627,565
1421,845,129,355,314,253
1422,1886,506,1271,1494,1545
1423,1444,762,1474,1828,1912
1424,1783,1267,694,1095,924
1425,530,6813,3236,3487,4488
1426,413,54,1024,1027,795
1427,2111,122,1562,2181,1802
1428,834,586,142,208,191
1429,1988,2307,1606,916,838
1430,533,1003,159,263,214
1431,1775,618,1127,712,707
1432,2212,84,503,364,411
1433,2317,476,323,2638,2634
1434,65,40,9,10,8
1435,2853,5796,5622,5002,4235
1436,552,50,10,7,3
1437,64,737,132,441,397
1438,129,4,87,10,17
1439,458,1052,341,422,422
1440,44,8,227,138,155
1441,1502,1850,1133,778,1029
1442,10,70,435,423,464
1443,980,1566,1906,1761,1636
1444,899,863,553,624,712
1445,660,477,225,299,223
1446,2161,171,68,54,61
1447,219,100,291,231,255
1448,121,925,80,76,60
1449,6757,6006,6108,6275,6136
1450,1129,872,732,459,759
1451,2611,4799,1893,1421,1006
1452,799,1159,548,217,179
1453,1865,2443,213,1064,1041
1454,500,1470,170,440,408
1455,5196,2375,5778,5123,5234
1456,4161,4117,3359,2199,2268
1457,6239,7234,7303,7082,7336
1458,28,23,94,141,143
1459,319,97,40,40,44
1460,6,1,15,17,28
1461,1719,887,5953,5515,4995
1462,121,36,1478,1477,1378
1463,477,22,1078,848,847
1464,297,720,1634,2017,1710
1465,382,2287,3015,3255,2942
1466,272,1639,2580,3351,2699
1467,2963,101,95,5670,5848
1468,3288,74,35,36,31
1469,4385,2442,192,105,82
1470,414,1528,1488,925,1223
1471,1247,1959,1368,913,1181
1472,1457,2103,1604,1791,1551
1473,13,1161,342,112,128
1474,154,1676,1517,1631,1451
1475,17,1185,69,31,34
1476,278,1226,93,136,114
1477,571,626,410,612,550
1478,2390,1755,1656,1321,1356
1479,935,134,207,160,129
1480,928,111,270,241,320
1481,1423,182,306,237,451
1482,1496,508,607,392,340
1483,3763,3630,2251,1387,1257
1484,1439,368,315,152,142
1485,3142,3053,1408,1637,1760
1486,1820,1385,958,1174,1279
1487,1844,1067,1444,2231,2231
1488,64,727,1199,345,360
1489,40,908,18,163,132
1490,1112,234,932,711,663
1491,595,701,3001,2915,3154
1492,285,1002,965,822,633
1493,993,917,420,423,378
1494,249,93,32,28,38
1495,3534,1743,1207,723,957
1496,504,266,117,94,160
1497,332,297,109,162,184
1498,568,461,37,38,50
1499,1414,1435,1064,1029,726
1500,2572,6384,3750,3764,3317
1501,1674,2262,1540,1186,1057
1502,1734,3118,2436,2467,2200
1503,1018,835,379,258,479
1504,780,979,170,144,261
1505,659,1089,954,918,763
1506,81,1487,279,393,350
1507,1951,628,994,562,509
1508,19,112,404,454,320
1509,189,267,2615,2044,1912
1510,787,12,401,573,422
1511,159,20,1011,958,706
1512,9,5,1,0,0
1513,4,5,2,0,0
1514,6,4,0,0,0
1515,6,2,98,53,55
1516,492,279,7,11,11
1517,36,32,16,25,34
1518,3868,2942,4793,4189,4279
1519,95,1709,1228,1037,1007
1520,0,3,211,91,115
1521,982,895,1048,597,514
1522,579,544,471,251,227
1523,1395,1682,1641,1854,1987
1524,382,360,392,368,434
1525,1402,855,1107,550,639
1526,120,51,157,97,111
1527,11,1354,22,81,32
1528,963,385,814,288,279
1529,7,88,49,41,55
1530,3111,547,1209,2219,2536
1531,1081,355,1367,699,574
1532,281,161,473,229,260
1533,3732,4719,2326,898,1091
1534,845,314,2336,867,1019
1535,629,924,2808,1058,1379
1536,136,554,296,242,313
1537,385,1354,427,226,279
1538,242,1000,184,83,101
1539,903,944,971,697,629
1540,3484,2743,1559,3425,3399
1541,1435,2235,1618,1216,1116
1542,1123,1500,3117,2321,2565
1543,5242,2345,751,549,600
1544,3551,3182,841,440,500
1545,2355,3436,1520,2919,3051
1546,4559,1865,1685,1274,1211
1547,4708,3774,1705,1600,1362
1548,381,155,490,333,272
1549,300,468,1444,1423,1584
1550,1889,337,1125,1235,1278
1551,599,76,51,73,88
1552,3789,1125,594,414,452
1553,695,343,329,455,612
1554,758,1755,1220,785,618
1555,342,0,69,62,70
1556,183,689,554,270,352
1557,24,207,0,239,224
1558,43,27,1,13,17
1559,93,18,23,15,12
1560,2691,3271,638,917,427
1561,1874,2078,2209,2562,2783
1562,1940,3393,738,837,733
1563,1487,688,29,802,749
1564,1980,660,126,1223,1050
1565,1379,653,819,1088,1067
1566,1378,770,415,384,366
1567,31,410,168,862,771
1568,15,835,219,1221,1249
1569,1225,788,159,458,573
1570,1399,957,103,81,96
1571,1349,521,104,125,170
1572,356,1281,793,782,773
1573,366,1574,1921,1003,1044
1574,4607,3673,1935,1604,1570
1575,1636,1052,947,518,599
1576,3297,1194,1104,549,611
1577,902,921,1210,1275,1406
1578,307,327,281,781,779
1579,581,306,1120,1869,1921
1580,202,1083,112,829,788
1581,413,424,1184,1842,1847
1582,2167,1980,2467,2434,2336
1583,210,538,1784,2678,2666
1584,2536,2882,2725,3702,3116
1585,1748,107,0,0,0
1586,70,8,0,0,0
1587,876,3090,2251,4691,4845
1588,133,1034,1892,4770,5118
1589,305,64,249,1019,981
1590,242,1249,813,668,733
1591,652,1055,404,595,504
1592,2021,901,231,230,338
1593,2633,3335,3515,3149,3436
1594,2117,2875,2557,1864,2316
1595,3583,3987,7249,6309,6278
1596,2515,4981,378,472,504
1597,99,0,7,12,12
1598,261,0,6,12,13
1599,881,422,825,449,490
1600,1032,425,402,442,569
1601,721,425,229,389,589
1602,445,194,29,13,18
1603,262,164,14,16,22
1604,5821,5044,5938,5760,6250
1605,3918,856,936,1114,1021
1606,3624,1482,372,165,299
1607,1931,2899,563,236,406
1608,197,537,377,214,255
1609,806,646,2373,1734,1801
1610,424,500,403,397,487
1611,644,296,1393,1268,1659
1612,1167,1838,3367,3312,3335
1613,1124,158,2134,1469,1819
1614,87,687,165,1988,1916
1615,2992,999,1256,390,441
1616,57,614,313,482,540
1617,111,8,23,36,36
1618,867,191,1552,2871,2972
1619,59,126,155,17,17
1620,1209,617,1695,1211,1258
1621,553,892,670,687,661
1622,1443,1382,770,1079,1220
1623,1328,2357,877,480,470
1624,2644,416,2872,1014,1255
1625,854,391,1789,922,1063
1626,2709,3678,3935,4394,4470
1627,4789,4113,6313,6246,5846
1628,3710,3761,6239,4231,3870
1629,426,884,1765,1542,1347
1630,260,556,635,433,462
1631,80,186,200,150,153
1632,852,10,45,68,54
1633,1515,4964,1097,1540,1565
1634,845,25,334,608,420
1635,1330,815,1337,1444,1688
1636,1948,1761,810,978,1199
1637,1622,793,1402,2193,2435
1638,520,369,129,145,152
1639,331,718,3105,3266,2798
1640,2359,877,152,155,184
1641,146,589,37,4,5
1642,238,1248,45,11,11
1643,2241,1841,4081,3559,3732
1644,2768,2753,2810,2284,2296
1645,278,400,1223,2032,1937
1646,454,266,1579,2004,1934
1647,316,106,314,99,150
1648,397,2488,6119,4280,4187
1649,670,213,376,97,149
1650,1195,534,598,507,486
1651,445,650,710,791,738
1652,1097,461,695,578,539
1653,13,30,5,8,9
1654,119,186,69,189,141
1655,34,301,1076,793,817
1656,707,119,133,125,115
1657,246,38,1054,827,865
1658,795,112,2012,1584,1799
1659,965,1013,1978,1567,1585
1660,702,862,1599,2126,2041
1661,862,2155,757,1136,1061
1662,110,643,4431,3700,3485
1663,623,59,906,974,995
1664,869,1811,2322,1905,1924
1665,46,200,132,896,961
1666,1047,341,293,247,180
1667,107,108,132,297,224
1668,1587,995,19,4,7
1669,1133,1208,859,790,744
1670,1184,324,6,2,3
1671,135,5,6,3,1
1672,1659,1166,207,157,205
1673,56,1,13,6,2
1674,13,1527,1526,1060,851
1675,47,35,20,194,203
1676,198,175,118,683,673
1677,4846,4657,3987,3508,3498
1678,778,1441,384,683,568
1679,1994,1154,377,754,802
1680,937,2886,7390,7379,7363
1681,2081,2419,5,162,189
1682,3919,1122,4,193,295
1683,6789,6408,7391,7515,7555
1684,543,472,13,52,26
1685,2236,4093,2153,1402,1435
1686,914,865,341,668,655
1687,11,725,244,918,847
1688,22,1223,2406,2325,2448
1689,1355,1509,1266,1047,1251
1690,242,140,182,978,1105
1691,85,1478,1295,1004,1064
1692,2939,3002,1075,552,362
1693,656,1076,483,506,383
1694,2810,2868,3098,1766,1980
1695,611,9,1017,1071,914
1696,549,16,1234,1603,1307
1697,1695,3078,2341,1685,1563
1698,1266,528,381,434,575
1699,1247,397,297,394,454
1700,478,1257,560,414,404
1701,1762,799,544,346,387
1702,843,1596,1685,1225,1189
1703,1402,1174,1177,636,635
1704,5552,6839,3599,4151,4461
1705,4254,5574,2932,2633,2343
1706,4508,5349,3146,2851,2359
1707,12,19,70,1088,1038
1708,2,26,23,36,30
1709,10,72,60,117,96
1710,2541,2067,3378,3109,3198
1711,30,87,23,132,138
1712,18,33,11,183,173
1713,791,161,1121,721,756
1714,1335,66,1483,891,894
1715,1810,1444,2498,2131,2187
1716,30,366,623,1157,1122
1717,100,191,324,648,529
1718,2764,487,135,277,287
1719,1405,1838,1840,1092,885
1720,354,1543,1926,1468,1325
1721,1321,3323,1723,1129,1404
1722,261,843,692,1098,918
1723,111,82,514,181,210
1724,2618,261,212,91,117
1725,300,3405,25,24,30
1726,885,941,56,133,105
1727,276,1307,89,100,83
1728,3200,2621,3249,3989,3851
1729,2080,2131,1630,702,848
1730,2363,2782,3545,1938,2196
1731,161,332,435,344,355
1732,87,852,1381,882,921
1733,1051,1689,890,994,950
1734,0,1,0,0,0
1735,0,1,1,0,0
1736,4979,5385,3593,1706,2200
1737,344,271,848,1237,969
1738,1626,508,606,683,744
1739,587,309,1341,613,317
1740,3836,1599,7047,5952,5714
1741,953,735,2368,2524,2558
1742,1732,715,1318,1259,1418
1743,71,77,97,43,45
1744,318,3149,6438,6776,6825
1745,62,414,117,38,42
1746,3347,3483,1016,664,729
1747,1837,376,16,8,5
1748,1002,331,27,18,15
1749,3786,2094,1308,1623,1592
1750,1594,1314,425,97,41
1751,429,1240,272,56,27
1752,176,726,1428,1425,1335
1753,1708,662,238,185,142
1754,1140,465,345,174,84
1755,677,887,141,188,165
1756,812,387,80,129,126
1757,587,1493,1023,1763,1777
1758,391,1115,380,107,82
1759,824,2474,515,119,83
1760,5408,3652,7403,7272,7274
1761,57,77,1825,1341,1504
1762,2474,5308,597,312,404
1763,1567,3860,2234,1145,1422
1764,1091,618,758,946,878
1765,3310,1111,2409,2309,2371
1766,665,871,1479,823,717
1767,1932,2097,1535,1577,1468
1768,753,1312,1125,1036,878
1769,676,2317,79,357,397
1770,359,425,81,66,32
1771,79,154,74,321,309
1772,1257,539,1186,2179,2538
1773,291,8,94,21,42
1774,181,60,103,40,51
1775,129,50,245,86,78
1776,1096,114,1191,1244,1489
1777,804,1140,109,172,125
1778,521,1844,2659,2146,1912
1779,489,1502,181,270,155
1780,104,1256,3481,2618,2532
1781,506,522,478,999,1108
1782,98,1373,1018,619,611
1783,57,842,538,450,489
1784,762,1009,905,611,674
1785,4578,111,832,1456,1509
1786,95,889,1695,1665,1781
1787,87,263,966,1451,1437
1788,2431,918,37,18,24
1789,1138,1027,1639,1631,1685
1790,1563,328,22,4,8
1791,260,912,350,127,130
1792,109,634,68,37,40
1793,259,626,117,136,306
1794,603,143,229,180,155
1795,146,81,334,210,225
1796,314,136,270,329,326
1797,254,205,358,324,348
1798,2243,173,182,238,349
1799,564,911,246,166,309
1800,667,536,791,1215,1321
1801,1152,899,728,1421,1444
1802,976,454,556,1094,1226
1803,492,759,284,183,212
1804,742,499,225,131,176
1805,1136,1291,816,687,590
1806,774,382,872,485,475
1807,369,542,1041,724,662
1808,665,290,1,0,0
1809,21,107,376,422,320
1810,16,88,579,618,392
1811,2217,2964,1958,1467,1583
1812,552,471,92,33,38
1813,516,166,64,49,40
1814,2265,570,148,127,106
1815,164,775,617,203,228
1816,401,352,496,692,606
1817,1050,782,1454,785,939
1818,331,548,408,513,578
1819,1050,1536,93,113,127
1820,549,413,457,794,957
1821,118,138,47,109,102
1822,846,519,609,347,255
1823,343,2142,1035,687,674
1824,124,12,3,3,4
1825,97,307,506,855,1004
1826,1,0,2,0,0
1827,1823,2514,7659,6007,5427
1828,874,799,373,1879,1580
1829,2027,1214,1290,2453,2253
1830,271,1975,1188,928,871
1831,80,387,140,478,406
1832,152,770,351,668,653
1833,45,885,1069,915,781
1834,926,742,1200,1301,1309
1835,123,2627,1622,660,827
1836,722,1074,3052,2767,2633
1837,941,1440,1127,721,703
1838,789,81,22,305,319
1839,1314,1089,165,2855,3384
1840,1140,1660,247,2621,2664
1841,979,1904,3124,3665,3104
1842,28,23,92,72,42
1843,94,66,50,13,21
1844,0,0,0,0,0
1845,309,382,174,146,185
1846,1006,2220,733,295,282
1847,2,10,0,0,0
1848,977,2953,3014,2565,2746
1849,1,110,63,261,325
1850,3,110,259,389,382
1851,441,346,0,7,2
1852,3122,2163,471,676,586
1853,176,375,2,3,3
1854,211,1351,1815,1230,1035
1855,418,442,129,212,290
1856,539,127,357,203,279
1857,266,1043,712,880,944
1858,1855,85,113,254,239
1859,216,54,900,292,533
1860,162,840,296,309,286
1861,457,6895,4347,3386,3371
1862,104,271,226,264,234
1863,1731,2130,8094,7511,6975
1864,2678,2919,4236,3714,3625
1865,1100,2163,4128,3718,3944
1866,1309,19,345,182,192
1867,306,35,832,453,539
1868,475,276,305,192,246
1869,2568,1193,3847,3818,3648
1870,608,52,112,63,76
1871,1427,1210,595,967,769
1872,1292,1082,3095,2661,3006
1873,1306,1279,503,877,823
1874,1322,377,304,409,380
1875,2008,510,2484,1225,1187
1876,23,1354,1631,1880,2050
1877,16,1309,2956,3480,4073
1878,42,0,1,2,2
1879,921,16,38,262,313
1880,94,2,1,2,1
1881,14,1135,2187,2967,2825
1882,29,335,2660,2365,2233
1883,55,1729,2626,2953,3059
1884,1478,439,893,897,953
1885,4874,3658,2373,1500,1628
1886,1137,816,1363,1240,1345
1887,1417,2582,1846,1810,1725
1888,160,846,1350,1104,1007
1889,145,698,1052,1254,1162
1890,1983,1651,1326,1361,1309
1891,383,152,9,115,68
1892,226,169,9,160,103
1893,3620,3103,2516,2852,2710
1894,362,403,2333,2602,2389
1895,1153,1343,1594,2081,2027
1896,1744,2770,1082,228,167
1897,2000,4084,194,1538,1557
1898,1679,2323,712,539,431
1899,2187,2940,681,236,202
1900,3061,4742,551,347,365
1901,798,314,116,242,370
1902,57,1360,3281,2819,2704
1903,98,125,338,59,46
1904,801,83,625,107,79
1905,900,13,61,70,54
1906,4120,7,66,68,55
1907,245,1307,46,49,47
1908,680,4513,4306,6294,6341
1909,0,1,0,0,0
1910,0,0,0,0,0
1911,1592,1059,514,606,611
1912,3459,1101,883,376,425
1913,1531,811,652,310,301
1914,548,195,1448,1532,999
1915,586,579,2142,2228,1875
1916,1610,1072,3593,3819,3743
1917,1623,2087,1086,1314,1275
1918,558,457,523,444,454
1919,421,110,935,611,634
1920,151,724,196,146,166
1921,1033,983,1088,823,812
1922,101,2896,288,161,166
1923,1553,48,1301,1612,1755
1924,209,765,2130,2134,2194
1925,86,36,876,1094,1193
1926,333,1352,1656,3725,3277
1927,1496,1332,1450,612,699
1928,398,1331,1174,990,1145
1929,1653,1513,3505,2550,2517
1930,3710,209,238,657,739
1931,5390,312,639,783,889
1932,1266,2040,2186,1915,1859
1933,889,2331,1552,1684,1595
1934,1734,2197,1571,1700,1612
1935,559,1830,2178,1283,1216
1936,1983,2847,4600,4087,4039
1937,999,1277,199,500,773
1938,2288,1896,2009,2235,2293
1939,1627,1246,6001,4824,4858
1940,1187,1354,4164,3653,3881
1941,5665,6561,1939,6837,6840
1942,6594,7690,3019,5841,6141
1943,7416,6558,6179,3886,4160
1944,256,12,166,316,362
1945,1187,888,1480,2387,2645
1946,1084,24,576,765,912
1947,148,266,531,1486,1637
1948,1301,1012,1834,2316,2238
1949,627,325,731,1186,1157
1950,1674,900,2003,1516,1496
1951,4372,4745,1071,788,960
1952,4381,2061,899,1314,1360
1953,2070,344,298,253,341
1954,1857,198,251,719,815
1955,1586,361,143,130,156
1956,936,1358,5403,4403,4308
1957,7244,3173,2790,1753,1758
1958,603,1970,2617,2338,2354
1959,671,959,509,1723,1722
1960,3682,1498,3889,3854,3358
1961,781,775,444,1327,1282
1962,1998,1280,852,1122,1227
1963,3461,5098,599,386,437
1964,688,959,914,1474,1575
1965,1850,37,72,82,63
1966,50,100,45,24,16
1967,39,67,174,871,1234
1968,1153,250,67,10,8
1969,666,7,137,33,45
1970,232,2,137,35,29
1971,390,734,941,442,462
1972,369,44,65,84,62
1973,128,26,11,5,2
1974,1,281,286,1436,1485
1975,0,249,154,1444,1672
1976,3066,3723,3748,2901,2797
1977,1182,745,307,118,152
1978,1338,692,412,146,187
1979,309,218,233,142,194
1980,18,87,1098,1218,1315
1981,19,39,7,28,31
1982,300,27,4,13,19
1983,1351,3061,1167,1214,1138
1984,631,1639,1065,1246,1264
1985,1062,2718,2391,3184,3450
1986,2216,2025,1491,1158,1154
1987,469,383,1754,1252,1275
1988,993,1340,3117,1819,1574
1989,3386,1199,1735,1166,981
1990,3859,3122,1212,2277,2274
1991,3278,595,853,740,491
1992,117,74,14,59,68
1993,529,1505,2174,1758,1787
1994,2915,2083,2021,1690,1589
1995,1462,1327,1896,1154,1203
1996,625,1204,1534,1352,1174
1997,888,1677,3259,2553,2643
1998,1,591,40,16,7
1999,751,1697,2262,2546,2468
2000,0,1544,26,14,9
2001,1777,1966,2367,1385,1396
2002,687,1028,477,1303,1296
2003,2277,2587,1064,2075,1999
2004,2018,1453,2283,2666,2278
2005,301,221,851,311,436
2006,1473,2362,1678,2886,2779
2007,210,3,94,406,655
2008,1585,26,724,593,861
2009,3287,3306,3264,3661,3536
2010,615,2790,8756,8706,8509
2011,26,570,12,281,453
2012,2394,1786,1567,1150,1254
2013,456,586,680,490,454
2014,1602,3360,3333,3027,2780
2015,477,1127,248,83,96
2016,2477,1805,102,1434,1296
2017,1911,1632,156,621,551
2018,1322,668,1279,2105,2249
2019,771,479,1748,1364,1238
2020,459,978,262,160,151
2021,300,889,217,203,217
2022,245,2081,99,294,559
2023,263,1993,1329,1391,1352
2024,2200,2091,133,301,504
2025,2255,4987,7779,6858,6611
2026,2438,5162,5511,6828,6458
2027,3367,5398,6087,6172,6342
2028,805,629,291,287,371
2029,603,456,478,220,297
2030,3016,584,371,775,565
2031,2213,854,182,98,122
2032,1549,1566,235,180,232
2033,1168,120,663,1358,1358
2034,1340,4982,2389,1426,1386
2035,366,203,2582,2412,2197
2036,1252,333,1336,1207,1240
2037,1544,2391,380,344,201
2038,67,1428,2286,2085,1860
2039,52,1347,2425,2360,1851
2040,1758,47,1050,927,894
2041,1172,614,82,61,60
2042,3927,1299,259,84,106
2043,1655,516,241,1783,1955
2044,502,697,1000,1000,944
2045,1457,1152,1021,1638,1806
2046,754,1620,267,161,138
2047,2375,4101,3053,5336,5148
2048,757,1853,340,146,126
2049,668,784,492,363,287
2050,1035,578,133,24,35
2051,1635,354,1353,1680,1804
2052,5936,5600,7709,6655,6457
2053,495,198,2802,2535,2294
2054,246,118,1715,1037,865
2055,2798,3285,1620,1362,1686
2056,76,2,11,4,4
2057,45,3,6,0,0
2058,3242,2668,2211,1841,1907
2059,2872,1965,1415,1218,1220
2060,2673,7948,8429,8306,7873
2061,1897,2167,1876,1809,1849
2062,2281,2646,3698,3208,3293
2063,1278,171,59,43,48
2064,995,329,155,715,754
2065,1222,348,1011,760,741
2066,365,50,127,365,413
2067,1387,3069,3731,2591,2574
2068,1221,2119,3641,3224,3109
2069,1365,1908,2718,2622,2743
2070,1894,2298,1177,873,969
2071,2289,2830,1980,1918,2082
2072,2245,2917,1764,1863,1992
2073,1322,1177,2381,1892,1925
2074,2981,3133,3027,3250,3293
2075,1889,1947,1737,1861,1813
2076,99,80,235,465,549
2077,2235,4256,6148,6349,6040
2078,91,52,57,120,138
2079,111,1718,936,392,226
2080,842,2969,1214,900,640
2081,2160,2274,1918,2733,2379
2082,1964,2001,2116,3718,2999
2083,2331,1465,3636,4006,3951
2084,526,1101,1472,710,755
2085,3220,1430,3394,3027,2849
2086,3151,1562,4287,3855,3890
2087,3241,2030,3524,3656,3220
2088,3426,1658,4781,6237,6419
2089,47,1378,18,20,15
2090,20,754,25,42,18
2091,468,963,693,543,670
2092,439,1110,760,1249,1106
2093,1083,1337,312,250,319
2094,2891,572,3030,1993,1857
2095,3336,283,2252,1815,1739
2096,1805,1638,2518,2767,2800
2097,519,817,52,66,56
2098,1709,1329,13,25,20
2099,247,1637,1790,1444,1313
2100,1,635,1902,1745,1682
2101,1588,230,2703,2971,2596
2102,896,190,1621,1473,1464
2103,1836,2715,579,287,275
2104,1467,1429,7611,7072,6669
2105,957,639,217,116,120
2106,190,217,464,274,324
2107,965,547,1552,1262,1510
2108,237,1908,488,141,155
2109,1259,1723,7163,6454,6456
2110,31,58,46,208,327
2111,23,496,151,231,258
2112,3010,1210,1206,1553,1536
2113,6074,5239,4985,2843,2942
2114,4815,597,628,1065,1024
2115,542,1103,1384,407,562
2116,969,1449,1099,578,781
2117,3688,3905,1790,1635,1391
2118,1913,1300,1219,1177,1234
2119,5807,2987,73,4,5
2120,349,408,66,7,8
2121,103,393,343,225,185
2122,143,1131,454,806,881
2123,2461,1199,1813,934,925
2124,3327,1356,1326,1102,1182
2125,147,185,1146,1815,1940
2126,3133,475,1526,1029,989
2127,1728,1790,3474,2699,2828
2128,1617,3652,54,279,264
2129,1944,1984,82,211,176
2130,146,20,295,205,139
2131,45,67,107,152,122
2132,126,314,181,349,297
2133,2651,140,2031,1201,1069
2134,1110,53,381,43,37
2135,1048,1099,558,61,52
2136,565,2644,2771,1611,1531
2137,1088,1475,2171,2459,2666
2138,1106,1661,1888,2357,2350
2139,2611,2800,1115,610,605
2140,2221,2365,1594,2358,2332
2141,1981,2306,1236,2029,2131
2142,264,349,468,368,534
2143,280,296,327,234,312
2144,1029,330,738,828,584
2145,940,170,608,380,407
2146,2581,860,1293,2253,2149
2147,616,127,410,331,361
2148,1571,1726,2163,3745,4227
2149,1422,2482,209,172,184
2150,1131,1871,189,203,211
2151,72,34,510,150,175
2152,730,1814,1245,639,1035
2153,138,56,996,365,640
2154,265,5,2076,1245,1128
2155,505,119,31,19,18
2156,625,42,96,5,7
2157,5,39,54,149,91
2158,8,86,186,106,111
2159,527,395,66,53,49
2160,1137,1251,639,588,689
2161,1259,543,352,383,524
2162,1160,1446,2373,2765,2601
2163,661,2447,1197,1008,965
2164,285,2999,6219,4347,4484
2165,3348,1439,1575,1603,1687
2166,227,141,84,48,60
2167,103,127,149,75,100
2168,171,866,2930,2658,2813
2169,760,51,9,2,1
2170,115,542,331,428,353
2171,176,628,91,26,25
2172,221,349,237,163,186
2173,2148,3070,3247,3364,3723
2174,243,266,331,274,306
2175,758,848,518,468,403
2176,1734,1929,2703,2839,2986
2177,1118,1105,1521,1163,1038
2178,453,1038,1523,5246,5482
2179,2075,1487,1746,2359,2571
2180,1181,901,1299,5045,5311
2181,147,75,101,94,79
2182,90,13,0,0,0
2183,38,12,3,1,1
2184,1351,1138,1331,660,560
2185,68,1458,1408,813,765
2186,65,756,1545,1130,1030
2187,313,735,386,290,213
2188,275,4893,3236,2128,2490
2189,699,827,906,1250,1170
2190,1193,203,2394,1983,1956
2191,679,265,1168,920,916
2192,1155,400,1328,1542,1444
2193,203,382,169,257,186
2194,107,404,107,250,133
2195,20,809,839,401,265
2196,1825,355,238,525,468
2197,2904,3657,2038,1108,1189
2198,3051,498,499,848,797
2199,2725,1588,610,993,995
2200,482,766,1400,1645,1708
2201,538,608,1100,1180,1220
2202,3762,1767,858,673,718
2203,111,519,788,453,438
2204,41,592,756,487,446
2205,2120,1265,2773,2487,2609
2206,1410,551,1470,1194,1086
2207,1916,2918,1804,2476,2391
2208,27,657,61,40,38
2209,8,117,560,98,62
2210,15,200,41,29,30
2211,1369,552,363,458,402
2212,532,107,622,456,481
2213,891,409,215,238,193
2214,1615,1025,1280,941,1010
2215,226,750,706,1003,957
2216,193,300,499,594,655
2217,777,1276,932,817,804
2218,320,1272,4586,3146,3565
2219,4015,3719,5454,5274,5098
2220,2200,1552,3069,3645,3698
2221,137,53,566,55,83
2222,150,106,1621,229,332
2223,272,719,1346,1204,1239
2224,312,40,200,64,150
2225,1413,30,108,36,65
2226,156,54,1170,1013,1187
2227,253,142,11,36,37
2228,2421,950,746,416,339
2229,165,31,483,632,635
2230,19,2,267,580,375
2231,516,983,1045,1780,1742
2232,894,843,896,421,482
2233,731,1137,286,126,157
2234,319,464,1410,1354,1422
2235,721,190,571,368,356
2236,1189,1203,1459,1535,1542
2237,779,301,186,53,91
2238,2738,200,1735,2382,2423
2239,290,365,1364,1909,1910
2240,256,965,457,1521,1681
2241,1586,241,616,1558,1646
2242,409,551,344,253,218
2243,477,336,230,150,167
2244,135,9,44,49,28
2245,1355,16,154,106,96
2246,239,18,183,222,149
2247,21,1,36,61,45
2248,4,0,12,60,65
2249,134,903,29,45,26
2250,680,1282,1822,1530,1549
2251,172,75,1064,701,662
2252,347,104,3925,3573,3830
2253,147,199,811,408,471
2254,467,27,92,50,61
2255,133,382,712,630,601
2256,0,1,8,4,6
2257,3094,2402,2590,3263,3071
2258,0,0,6,1,3
2259,773,1568,980,2278,2473
2260,472,995,223,285,307
2261,716,1415,1288,2282,2331
2262,1831,4329,5513,4354,4471
2263,1737,3099,4706,5979,5994
2264,4849,5008,6309,4173,4107
2265,488,1371,769,222,237
2266,1384,1645,1423,2259,2330
2267,765,1677,1155,671,696
2268,110,1356,2319,2109,2102
2269,42,884,1286,1163,1164
2270,652,3096,2216,2308,2716
2271,278,665,729,762,815
2272,869,2113,1191,1214,1043
2273,1503,842,201,592,495
2274,134,364,12,1346,1280
2275,112,165,3,1510,1408
2276,234,587,605,457,354
2277,838,235,459,404,498
2278,529,225,264,202,251
2279,684,435,1053,875,948
2280,244,877,74,150,186
2281,100,2578,8,11,14
2282,6424,6608,6517,6610,6589
2283,1737,1362,3697,4198,3518
2284,2618,2133,2494,2617,2673
2285,5026,2824,2553,2532,2729
2286,882,516,435,162,111
2287,581,1836,3089,2799,3114
2288,796,254,182,121,85
2289,692,1228,970,807,707
2290,845,718,550,298,240
2291,1726,1146,770,727,671
2292,753,740,3374,4019,4074
2293,1063,952,5282,4848,4725
2294,7566,6142,5158,4255,3816
2295,491,108,199,144,193
2296,762,857,299,182,261
2297,462,358,2075,1647,1443
2298,994,1327,1961,2126,2077
2299,2309,898,5966,3677,3628
2300,983,523,2197,2259,2259
2301,5519,8798,6901,5556,4923
2302,1549,199,734,649,625
2303,1041,199,437,262,408
2304,2156,259,404,472,556
2305,487,396,3375,3406,3635
2306,356,461,1537,1662,1656
2307,526,1528,773,1438,1207
2308,1782,1944,1009,1048,1088
2309,247,1854,1438,2093,1842
2310,1026,122,257,213,192
2311,588,1726,146,115,140
2312,759,86,323,356,410
2313,467,1606,2987,2473,2353
2314,1037,2835,5174,3977,3495
2315,5999,4540,6199,6286,6124
2316,461,777,407,387,349
2317,614,1420,65,20,37
2318,359,184,49,42,79
2319,1440,1880,3325,2805,2534
2320,2509,477,6501,3556,3212
2321,2910,560,3072,4543,4731
2322,415,2138,2528,1370,1201
2323,124,1389,1752,935,782
2324,564,1963,3435,3591,3511
2325,366,1683,236,297,444
2326,1607,697,654,435,386
2327,113,1626,522,795,1029
2328,117,785,784,1067,1021
2329,105,19,56,116,87
2330,349,2,59,63,62
2331,1719,283,1469,1197,1171
2332,266,1633,1408,1445,1575
2333,655,2596,1075,1377,1155
2334,2289,1580,1223,1908,1898
2335,1698,796,1438,975,1154
2336,1816,1092,376,597,459
2337,82,14,7,17,18
2338,153,25,19,62,38
2339,1887,2489,2348,1961,2232
2340,1021,245,451,110,109
2341,427,824,1108,1668,1505
2342,846,269,141,391,330
2343,1648,1202,1365,2345,2493
2344,2174,2560,1606,1603,1586
2345,1740,264,301,701,759
2346,178,117,371,815,1074
2347,78,141,1281,1655,1916
2348,156,117,548,198,141
2349,1256,2575,2083,1644,1998
2350,3159,1664,1490,1324,1410
2351,747,3245,1137,1409,1387
2352,1052,1843,2497,2132,2407
2353,842,604,220,477,528
2354,1962,1629,615,597,706
2355,1061,1508,1462,1093,1225
2356,1400,1504,456,855,949
2357,850,1309,586,1155,1228
2358,1414,571,237,192,185
2359,2020,2116,1381,1024,1070
2360,551,282,178,129,153
2361,1144,1263,641,407,616
2362,487,451,940,745,701
2363,1364,412,480,335,342
2364,389,240,426,653,670
2365,4245,2377,2326,1971,2339
2366,1393,1925,1608,1641,1797
2367,1188,1266,2460,2907,2654
2368,336,256,397,350,409
2369,462,554,394,396,437
2370,5059,1048,3150,3396,3377
2371,2091,249,1507,2218,2421
2372,3298,898,2427,2903,2976
2373,3884,7156,7496,7593,7018
2374,4213,1799,2124,2009,1917
2375,1939,1386,1618,1701,1595
2376,1980,923,136,94,69
2377,638,2433,429,425,403
2378,987,1117,95,65,62
2379,3713,228,639,127,157
2380,9,545,709,687,656
2381,14,468,587,563,534
2382,2193,1743,78,54,35
2383,1013,1402,511,1551,2220
2384,1500,856,10,12,6
2385,1345,414,771,390,353
2386,1950,531,842,626,692
2387,1523,3770,2479,1934,1967
2388,1465,60,1697,954,967
2389,3287,12,1452,1177,1123
2390,1872,3547,4150,4846,4837
2391,1370,1188,35,89,110
2392,669,127,326,284,308
2393,570,36,348,243,272
2394,1552,1688,1909,2384,2438
2395,78,158,429,215,281
2396,108,116,203,105,136
2397,2010,627,706,1356,912
2398,166,147,525,618,379
2399,1804,562,1078,1539,1486
2400,3914,167,322,974,1003
2401,1646,80,410,511,406
2402,1034,1856,470,482,295
2403,2030,4104,2631,2895,2583
2404,2007,2606,1800,1708,1472
2405,3221,2931,1396,2241,1711
2406,1507,852,588,416,543
2407,821,4671,1968,885,805
2408,517,849,1328,981,1265
2409,2801,490,1464,1251,1327
2410,4543,583,646,647,623
2411,2609,1437,917,1048,1035
2412,1592,1047,1442,1244,1172
2413,1042,270,803,267,96
2414,1419,2611,1437,837,1023
2415,1339,562,1815,2472,3034
2416,772,2670,2017,2309,3043
2417,2080,1078,2543,1926,2156
2418,1281,1444,873,1076,1099
2419,811,924,313,431,416
2420,2871,813,1834,2606,2634
2421,319,997,527,3132,2997
2422,142,121,1,16,22
2423,475,1587,681,884,884
2424,484,306,125,171,120
2425,408,53,52,35,48
2426,533,1555,506,369,358
2427,37,20,42,38,51
2428,6,187,43,28,30
2429,51,55,165,68,80
2430,100,58,685,496,454
2431,4018,3705,755,594,494
2432,673,68,1965,2651,2287
2433,973,266,191,292,251
2434,224,1530,962,671,687
2435,220,103,160,344,254
2436,1810,1334,1564,962,962
2437,2081,1780,1739,2126,2070
2438,978,2163,780,465,463
2439,1949,1469,901,1650,1376
2440,1067,1549,818,1226,1426
2441,1537,714,675,670,818
2442,625,617,2589,1803,1679
2443,708,1546,2123,1821,1827
2444,689,988,5508,4727,5308
2445,382,805,2031,2031,1862
2446,2992,2195,4999,4906,4266
2447,410,1185,1853,2131,1947
2448,2412,1233,523,305,228
2449,3702,2403,1079,259,499
2450,14,63,70,52,32
2451,5109,567,640,924,980
2452,6236,7259,9037,8765,8749
2453,5148,809,1051,1940,2019
2454,367,16,146,251,268
2455,1069,888,939,568,481
2456,34,232,37,307,298
2457,465,186,451,309,294
2458,2587,1838,751,1261,1075
2459,740,140,566,341,295
2460,1449,1914,1644,1512,1388
2461,1317,1679,1092,1459,1592
2462,1377,1589,1404,1724,1545
2463,1864,78,631,676,692
2464,954,67,398,526,626
2465,792,781,1312,1058,1056
2466,771,2682,2489,2690,2441
2467,1271,187,29,252,255
2468,686,784,38,222,230
2469,197,1486,1285,2294,2362
2470,232,316,273,689,802
2471,885,505,1417,2697,2191
2472,1078,582,37,7,10
2473,713,415,551,586,507
2474,632,299,13,7,7
2475,2053,1850,1460,1787,2287
2476,1969,857,1089,3079,3166
2477,856,548,2633,1066,1552
2478,940,526,125,0,1
2479,48,1292,313,1442,1484
2480,62,195,73,0,1
2481,6525,6626,4859,3096,3368
2482,520,1568,678,454,371
2483,629,1358,471,180,123
2484,25,29,49,17,28
2485,0,0,150,24,30
2486,0,0,155,29,34
2487,1922,1938,1262,1021,903
2488,271,677,719,1550,1660
2489,323,1007,1419,973,877
2490,166,169,291,136,135
2491,794,1225,965,1183,1224
2492,2233,1673,1432,1359,1260
2493,837,426,744,606,493
2494,5219,493,2090,1769,1266
2495,268,165,136,70,65
2496,59,1833,1224,335,284
2497,16,812,1635,2143,2303
2498,2108,1714,925,330,346
2499,1514,689,505,690,493
2500,1391,385,643,543,592
2501,2353,700,1213,376,451
2502,2895,580,931,621,604
2503,3479,658,587,341,365
2504,3399,4171,1557,3968,3944
2505,770,1391,1555,2560,2755
2506,627,917,1083,1641,1623
2507,3885,3334,1070,1504,1518
2508,769,1,116,880,1310
2509,986,736,714,346,325
2510,309,0,47,192,164
2511,2031,2429,1778,2644,2501
2512,3307,2623,1642,1996,1943
2513,1403,1443,1875,2282,2282
2514,495,16,24,53,25
2515,1248,724,23,7,4
2516,82,36,15,8,4
2517,333,33,1,0,0
2518,245,27,1,0,0
2519,808,945,1371,1742,1808
2520,1274,1108,1113,991,1158
2521,7348,5638,8781,9007,8958
2522,1659,1778,1999,1032,1107
2523,1100,522,157,100,95
2524,51,46,83,62,64
2525,49,137,125,116,112
2526,4175,1468,339,320,225
2527,254,660,203,55,60
2528,3627,2901,406,2364,2502
2529,540,287,567,645,701
2530,449,252,617,994,1116
2531,1283,816,1532,1045,1052
2532,350,49,180,143,110
2533,1093,873,396,258,222
2534,741,122,563,478,479
2535,580,884,1246,1117,1212
2536,824,278,487,355,406
2537,7769,7123,1169,1554,1653
2538,556,2096,588,535,488
2539,395,2027,492,380,393
2540,485,619,654,701,598
2541,2234,1146,731,930,973
2542,2200,730,801,890,955
2543,5290,7316,3904,4212,4397
2544,2593,5500,4675,2544,3010
2545,3855,5038,2615,2565,2952
2546,1753,3039,2380,4062,4222
2547,236,559,538,597,631
2548,1027,538,393,942,918
2549,2091,2374,472,466,382
2550,1072,1922,2553,1870,1723
2551,640,227,676,1405,1423
2552,458,65,318,951,1147
2553,5725,257,199,4,9
2554,1906,1241,608,1586,1607
2555,2401,2895,1937,2446,2319
2556,7,43,5,1,1
2557,1037,2104,2473,2959,2886
2558,28,83,2,0,0
2559,931,1315,60,24,15
2560,1607,2441,2862,4256,3787
2561,1213,1059,422,194,276
2562,57,99,480,998,974
2563,314,193,831,1120,1057
2564,872,650,230,294,255
2565,62,224,975,1175,1045
2566,26,334,935,1181,1105
2567,918,2203,678,410,452
2568,278,395,372,367,483
2569,945,565,326,191,306
2570,530,1593,472,547,485
2571,13,1,0,0,0
2572,5,1,0,0,0
2573,1466,1838,2111,2021,1985
2574,23,4,13,154,143
2575,13,8,57,154,224
2576,62,750,1051,769,867
2577,75,104,148,228,173
2578,1936,228,44,226,222
2579,3587,127,111,110,92
2580,823,627,228,194,263
2581,725,826,124,49,38
2582,1757,1516,655,90,65
2583,1672,2846,1831,1626,1612
2584,2932,2833,1109,707,701
2585,1003,959,554,453,525
2586,115,83,75,306,232
2587,897,2311,1983,3440,3791
2588,713,1309,379,809,809
2589,1,0,3,4,6
2590,30,657,794,377,427
2591,2033,4422,3928,5779,6038
2592,549,1125,26,37,28
2593,493,263,59,60,45
2594,363,560,171,212,176
2595,817,25,463,265,296
2596,936,2077,819,317,435
2597,821,43,444,1305,1493
2598,444,45,58,67,66
2599,1699,1306,2982,3197,3294
2600,535,73,132,60,68
2601,690,2846,1712,773,605
2602,833,3748,3236,3080,2995
2603,528,3977,2015,1029,742
2604,1816,1057,253,454,492
2605,2371,1036,117,190,216
2606,2595,1317,47,48,67
2607,131,1396,372,642,602
2608,68,59,7,6,5
2609,38,1556,1,2,2
2610,1172,3348,1670,1025,1245
2611,3674,4235,3927,3635,3439
2612,495,2884,2114,1251,1615
2613,50,244,423,495,554
2614,386,1260,1690,1787,1821
2615,457,488,688,819,800
2616,1073,103,76,864,979
2617,1237,289,761,504,459
2618,274,488,86,349,415
2619,1816,85,185,90,48
2620,1999,1727,2170,2707,2571
2621,2966,25,31,52,36
2622,1676,1328,1650,1555,1745
2623,6,985,354,543,615
2624,6,487,23,89,156
2625,7744,9018,2186,4664,4517
2626,512,2229,1234,1148,795
2627,1139,2711,2022,1678,1151
2628,619,62,46,120,97
2629,379,28,116,121,93
2630,1865,2018,2072,1590,1980
2631,1705,3413,103,62,111
2632,979,2479,417,592,484
2633,1322,1840,201,153,70
2634,3093,768,3176,3159,2823
2635,3874,3184,1272,1090,926
2636,4182,945,1452,981,709
2637,1683,2799,2636,3223,3232
2638,1386,3194,3016,3133,3136
2639,2378,3530,2884,3450,3799
2640,2177,2307,550,240,147
2641,29,209,520,392,415
2642,110,70,20,68,71
2643,1416,4059,2745,1278,1029
2644,1188,1136,1055,542,425
2645,1996,2438,2144,2295,1997
2646,184,19,1444,756,832
2647,4902,2835,2764,2600,2745
2648,216,80,1614,1416,1487
2649,70,27,487,264,288
2650,301,32,834,568,787
2651,3093,2685,1570,2677,2556
2652,4926,3338,2839,2510,2705
2653,1642,933,3546,2995,3368
2654,1533,708,2090,2177,2136
2655,286,606,1823,4017,4252
2656,269,219,105,159,175
2657,209,120,37,78,86
2658,639,2583,1257,2016,2101
2659,2995,874,853,1809,1956
2660,565,1530,979,1848,1973
2661,898,1055,452,596,599
2662,278,367,611,2171,2064
2663,454,648,642,941,983
2664,664,677,49,123,183
2665,3819,5377,6023,6807,6741
2666,534,3582,1392,978,1028
2667,720,1619,565,672,587
2668,214,647,856,560,625
2669,1118,437,305,314,338
2670,4056,2587,806,867,959
2671,983,461,724,1175,952
2672,1594,452,202,82,96
2673,10,247,666,362,363
2674,15,86,209,51,41
2675,2209,1046,617,1794,1952
2676,1403,1714,317,241,261
2677,1499,2046,881,665,671
2678,459,2318,566,878,947
2679,4006,1062,1177,1923,1346
2680,170,509,1985,1527,1876
2681,240,535,1782,1536,1850
2682,478,241,567,277,233
2683,5501,5523,3663,5860,5768
2684,206,181,304,141,103
2685,4423,1249,718,641,433
2686,3950,4204,6768,6040,6138
2687,2715,923,470,332,210
2688,2727,2479,1795,1006,1052
2689,1290,1258,1046,1537,1371
2690,1175,496,212,256,178
2691,310,161,1311,1276,1252
2692,408,74,987,986,852
2693,669,158,126,175,205
2694,4655,3479,5671,5769,5637
2695,49,225,3,10,12
2696,51,65,0,7,2
2697,280,662,1079,808,1007
2698,17,36,272,412,318
2699,776,614,2598,1879,1757
2700,118,190,21,60,61
2701,488,55,47,97,110
2702,731,65,169,252,262
2703,1642,136,144,430,446
2704,3593,161,291,537,672
2705,2703,1648,871,915,856
2706,835,1845,1989,1441,1587
2707,3102,774,1014,1111,1223
2708,691,2150,1521,1562,1649
2709,652,4492,748,1711,1249
2710,597,22,7,40,29
2711,488,16,14,173,131
2712,2587,3459,3198,3110,3043
2713,3050,3019,2144,1979,2104
2714,2729,2065,5088,6566,6799
2715,1362,1257,3954,4155,4064
2716,903,736,1587,1961,2062
2717,613,1439,3259,3602,3555
2718,1225,1688,564,702,723
2719,2758,3582,4584,4386,4247
2720,1270,3186,1628,1443,1311
2721,2612,718,4691,2803,2577
2722,4,326,243,322,445
2723,1735,2833,4391,4219,4301
2724,2375,3080,3459,3948,4176
2725,852,4536,2097,3805,4524
2726,748,4468,2698,6135,6690
2727,5426,2790,5426,3549,3183
2728,6254,1613,1831,1846,1855
2729,3930,1810,1328,1535,1440
2730,27,203,291,80,171
2731,21,40,57,18,45
2732,679,1771,1536,1497,1325
2733,1304,1970,588,527,526
2734,315,196,155,210,252
2735,5778,4743,6512,5405,4888
2736,1032,2166,197,210,141
2737,1199,529,351,481,447
2738,742,1412,2091,1479,1436
2739,236,43,356,126,127
2740,610,1847,2222,1141,1042
2741,535,25,637,284,340
2742,528,290,1309,1282,1460
2743,223,296,1324,1293,1520
2744,66,1978,3048,2491,2375
2745,1737,1714,513,892,926
2746,990,1922,1975,1655,1762
2747,1767,350,124,283,282
2748,1184,1678,1080,859,801
2749,1361,997,1305,1161,1168
2750,1443,850,835,1007,985
2751,1645,2346,2002,1830,1694
2752,2457,2238,1566,1331,1256
2753,1583,2084,1429,1045,887
2754,86,885,458,258,204
2755,2404,1343,754,775,675
2756,262,1214,4682,2694,2678
2757,435,1615,2433,1924,1919
2758,1989,4096,3225,2139,2122
2759,2153,3774,661,928,988
2760,1281,495,724,2335,2225
2761,698,440,636,1049,877
2762,1362,3332,4514,4626,4940
2763,3273,2576,2929,2792,2490
2764,5846,3382,1834,1212,1232
2765,3327,2936,1871,1565,1560
2766,1080,3110,2711,5368,4959
2767,1287,2136,2631,2147,2250
2768,2126,4244,917,707,657
2769,172,26,71,45,19
2770,536,1636,79,174,133
2771,921,66,33,106,68
2772,99,890,1250,1349,1111
2773,1419,1102,642,715,494
2774,2529,3050,191,523,159
2775,1717,2520,2569,2484,2522
2776,1648,1087,2824,2672,2722
2777,1570,1827,3996,3211,3355
2778,358,3756,3750,2223,2138
2779,713,1094,175,163,197
2780,722,1156,138,179,197
2781,460,111,361,1076,995
2782,3912,776,3387,3377,3199
2783,811,209,455,1200,1074
2784,141,262,916,1017,580
2785,24,146,81,83,72
2786,42,149,0,1,1
2787,578,2382,1848,1531,1533
2788,345,34,105,77,78
2789,1082,2138,970,1555,1672
2790,1604,437,2,2,5
2791,878,383,0,0,2
2792,2004,2035,1323,1505,1505
2793,516,1771,29,9,5
2794,845,791,282,273,321
2795,420,1040,82,27,26
2796,251,82,29,4,4
2797,413,482,55,7,9
2798,189,56,50,45,24
2799,1816,310,538,901,962
2800,1845,1112,1678,3131,2880
2801,2002,897,951,1956,2157
2802,2649,225,98,86,89
2803,2631,531,271,248,268
2804,1782,2072,2124,1707,1727
2805,2532,359,255,1856,1934
2806,1351,415,855,730,636
2807,1249,558,506,587,678
2808,103,917,656,254,239
2809,183,530,530,359,321
2810,776,3389,1472,1244,1282
2811,4510,1957,5874,4721,4806
2812,3937,1661,5504,4554,5102
2813,2249,2119,1898,1800,1762
2814,2514,1452,1822,2937,3361
2815,1321,1122,2177,2738,3027
2816,531,401,697,1615,1507
2817,650,1027,892,646,435
2818,2411,656,548,334,268
2819,880,1382,1805,2489,2634
2820,487,615,241,283,390
2821,1625,1447,1757,2321,2405
2822,939,1647,594,297,433
2823,1371,2376,5473,4558,4493
2824,538,133,133,1438,1366
2825,146,156,69,19,21
2826,1182,377,1935,1833,1751
2827,1951,3077,759,853,737
2828,1794,833,132,680,609
2829,3479,2417,1343,1579,1776
2830,6803,3665,2690,2065,2432
2831,7537,2502,1194,4414,4716
2832,189,143,207,182,175
2833,198,95,70,35,33
2834,65,1160,309,701,646
2835,3476,1922,1485,1074,911
2836,341,1705,4071,3463,3359
2837,8,90,181,187,193
2838,2679,4423,6408,3908,3582
2839,567,1568,881,953,1095
2840,1848,2835,2993,3025,3483
2841,173,1378,719,1767,1684
2842,1229,80,477,477,620
2843,609,45,505,708,379
2844,608,208,1040,769,573
2845,806,532,627,578,574
2846,657,304,398,392,443
2847,134,44,106,158,156
2848,237,21,13,23,20
2849,208,239,271,388,458
2850,404,440,6116,4751,4768
2851,1319,880,2496,2479,2522
2852,841,975,2476,2807,2751
2853,1093,590,766,723,930
2854,951,587,954,1065,1276
2855,1989,3888,882,1135,1361
2856,247,1564,2195,2132,1957
2857,1433,2271,3392,3726,3324
2858,1001,575,417,369,323
2859,967,104,113,69,86
2860,925,103,208,74,78
2861,356,1721,945,372,381
2862,264,675,809,665,812
2863,492,461,2262,1405,1588
2864,2044,948,1178,900,1080
2865,96,385,238,55,44
2866,504,619,165,93,53
2867,140,738,692,246,168
2868,2112,3406,5046,2589,2500
2869,1726,2989,3407,2260,2306
2870,522,2382,4313,4213,4012
2871,321,220,251,105,83
2872,283,152,98,70,46
2873,1015,304,70,30,17
2874,568,10,179,450,565
2875,699,210,110,241,297
2876,911,51,214,212,151
2877,6428,505,886,1060,1287
2878,908,1250,1510,967,1035
2879,1488,1331,827,1099,1041
2880,1798,1371,1229,1449,1358
2881,2738,1475,1483,1673,1595
2882,1853,1625,2185,2073,2132
2883,951,1142,160,67,33
2884,1153,1656,195,79,27
2885,7159,5746,3138,2421,2332
2886,782,729,745,370,430
2887,944,236,564,311,312
2888,609,241,797,279,315
2889,2201,1575,1290,589,882
2890,2006,1846,1801,1845,2218
2891,3340,2397,1730,957,1388
2892,2351,2999,2971,1824,1876
2893,3687,1760,886,1114,543
2894,1319,1133,1149,718,722
2895,76,79,23,183,204
2896,187,78,79,141,168
2897,37,321,339,427,344
2898,28,57,73,155,152
2899,1004,361,1704,1395,1277
2900,30,76,536,546,526
2901,855,655,195,2750,2855
2902,2255,254,139,1157,1509
2903,2371,4385,233,2727,3237
2904,1066,1376,897,1171,975
2905,1441,1053,612,777,637
2906,1700,981,366,796,608
2907,102,445,367,867,881
2908,99,902,733,226,274
2909,446,435,330,147,199
2910,562,411,1567,693,869
2911,446,2644,1671,1172,1427
2912,4258,406,793,586,778
2913,1583,165,276,164,270
2914,526,413,645,889,866
2915,98,49,204,51,89
2916,2055,1236,610,963,944
2917,387,1006,4451,3930,3533
2918,1,10,163,260,270
2919,117,353,289,374,346
2920,474,39,537,486,590
2921,396,129,721,862,813
2922,867,384,370,470,243
2923,976,269,232,474,279
2924,832,732,224,157,228
2925,1579,830,496,742,1045
2926,1185,449,520,530,894
2927,1633,1092,928,855,840
2928,41,26,4,15,9
2929,428,57,649,374,368
2930,53,24,8,5,14
2931,1027,573,2526,3920,3624
2932,1228,400,5,4,5
2933,1133,270,25,12,16
2934,459,1230,1006,1021,912
2935,159,544,420,417,340
2936,1378,1059,720,842,666
2937,860,977,885,778,851
2938,942,609,8,13,5
2939,1831,337,11,21,12
2940,1505,588,755,446,368
2941,480,610,15,14,13
2942,1769,1344,1168,890,742
2943,1518,14,252,260,271
2944,1611,35,332,303,330
2945,389,151,82,94,105
2946,591,1445,1269,1628,1623
2947,68,110,42,4,7
2948,553,1449,1340,1284,1198
2949,27,440,742,469,708
2950,84,295,983,570,890
2951,984,120,435,661,656
2952,206,3,123,105,112
2953,851,2,31,26,24
2954,1131,85,88,101,124
2955,85,1090,1311,1351,1527
2956,81,603,485,427,419
2957,1952,1149,1689,1286,1228
2958,2875,1802,1540,2848,2886
2959,4282,1682,484,519,368
2960,42,25,166,150,199
2961,1650,2363,393,213,288
2962,2169,1737,1894,1281,770
2963,2882,888,139,128,178
2964,81,36,434,612,497
2965,88,32,644,1155,1022
2966,230,600,490,658,523
2967,583,33,45,30,27
2968,195,20,31,12,15
2969,1007,23,907,682,765
2970,65,135,237,78,43
2971,325,2019,2277,1917,1650
2972,53,53,215,85,75
2973,5062,646,2096,2705,2877
2974,0,106,1360,1181,1223
2975,4,126,950,710,800
2976,162,65,248,134,132
2977,1150,154,74,125,130
2978,684,1656,127,190,193
2979,375,467,1243,1534,1664
2980,917,742,34,6,10
2981,241,738,144,22,38
2982,361,1203,1254,1100,1183
2983,701,863,2228,1762,1847
2984,2364,634,1644,1725,1709
2985,3,4,56,53,57
2986,3144,1767,1994,2408,2340
2987,11,23,180,144,194
2988,479,676,862,491,561
2989,1303,433,372,300,376
2990,77,318,74,53,58
2991,1115,903,966,835,870
2992,414,1189,415,182,102
2993,1411,1419,1646,830,1018
2994,1018,399,774,354,289
2995,318,1174,1057,681,549
2996,3035,1069,1015,625,692
2997,353,2281,2021,1546,1852
2998,477,130,86,36,36
2999,231,96,221,96,100
3000,478,371,16,3,4
3001,237,266,753,409,430
3002,328,631,1770,1229,1091
3003,134,63,174,91,153
3004,1427,2670,264,723,748
3005,446,997,1335,1571,1339
3006,1111,2651,1436,1146,1130
3007,621,1063,3264,3892,3962
3008,2210,2065,1885,1712,1702
3009,1724,1678,783,1206,1243
3010,981,530,2589,2192,2132
3011,1112,920,1139,1590,1471
3012,270,119,653,583,582
3013,6732,2631,6515,4465,4815
3014,55,47,366,619,619
3015,2820,1400,1738,2312,2312
3016,3674,3188,4640,3930,3866
3017,1574,1084,2017,3139,3376
3018,0,122,13,14,14
3019,2867,4749,1990,1877,1758
3020,2,189,13,23,32
3021,2262,2408,2916,2487,2604
3022,2373,1200,337,638,471
3023,2711,2880,662,1008,658
3024,1461,2834,1618,989,1264
3025,1334,2412,1996,1954,1841
3026,1925,2184,1712,1251,1555
3027,2581,1599,2507,2754,2382
3028,5486,5270,4356,4346,4308
3029,2240,1315,4612,5247,5091
3030,940,377,1707,1170,1259
3031,1351,901,2375,2133,2246
3032,1721,1991,2377,1564,1550
3033,0,60,15,6,5
3034,197,247,330,411,403
3035,0,177,25,3,5
3036,1823,3416,3829,3572,3236
3037,63,100,170,58,90
3038,135,78,274,96,158
3039,62,1075,1602,1426,1404
3040,558,760,604,558,585
3041,68,1594,1466,1627,1762
3042,1568,1710,1287,880,679
3043,2940,1615,1133,2111,1515
3044,4214,3733,2454,2967,2389
3045,3365,1254,779,309,215
3046,1490,1764,1332,636,461
3047,2305,891,4120,5117,5211
3048,3739,4188,3548,3268,2221
3049,4507,3126,1147,1080,670
3050,2816,2471,1636,1391,1277
3051,417,613,854,607,653
3052,1401,2043,2734,1922,2020
3053,441,1868,1456,1253,1392
3054,3064,2726,3174,3222,3789
3055,1302,377,385,182,204
3056,721,218,725,287,349
3057,3190,2413,1330,1169,825
3058,1476,1816,906,209,267
3059,2970,2585,1609,434,556
3060,2111,10,487,176,286
3061,1881,39,46,37,18
3062,1094,1793,26,32,11
3063,69,1656,1399,189,279
3064,31,1105,240,160,152
3065,838,1108,594,131,169
3066,1755,1630,657,566,480
3067,349,582,841,1176,1133
3068,1262,1661,1281,1003,828
3069,1265,1885,736,1014,906
3070,1301,2893,2485,2354,2510
3071,944,1806,1473,1609,1715
3072,216,649,1862,1793,1693
3073,330,285,103,38,76
3074,71,1543,2704,4345,4033
3075,264,233,550,272,269
3076,556,55,38,94,122
3077,259,104,267,292,216
3078,248,1179,448,706,709
3079,1332,133,722,733,756
3080,1096,209,2979,2952,3007
3081,2190,2112,1489,1995,2017
3082,1656,218,850,781,579
3083,1604,64,566,494,426
3084,35,589,196,276,177
3085,198,1075,1662,1380,1091
3086,96,1557,110,116,101
3087,323,1868,1913,2173,2294
3088,326,1182,783,1016,1040
3089,1777,1652,2633,2547,2611
3090,3141,2482,63,1748,1744
3091,457,498,54,1399,1170
3092,1050,625,1280,1534,1322
3093,2691,1955,2680,3235,3184
3094,178,753,956,597,574
3095,105,479,1051,538,516
3096,380,1415,1278,836,909
3097,1156,649,1421,1508,1437
3098,4094,2927,976,554,529
3099,301,147,801,1042,912
3100,398,485,2191,2576,2844
3101,423,1675,2189,1724,1979
3102,922,1471,2443,2198,2519
3103,2143,2488,2083,1747,1352
3104,2313,2842,4186,3148,2545
3105,1484,3237,3964,4949,4828
3106,927,4,149,49,59
3107,793,4395,551,701,791
3108,1775,194,759,620,649
3109,60,790,650,815,615
3110,29,1335,765,792,629
3111,1899,2097,3032,4485,4410
3112,479,362,373,443,499
3113,755,34,668,704,613
3114,263,798,85,36,54
3115,1363,1098,105,48,76
3116,1267,1806,178,473,395
3117,220,76,443,356,275
3118,527,1593,444,322,244
3119,253,29,966,459,531
3120,383,1786,1365,1030,846
3121,748,51,457,96,111
3122,422,42,576,52,63
3123,37,216,138,264,268
3124,392,524,297,447,407
3125,1054,2358,2043,3793,4039
3126,1849,2878,2439,2448,2459
3127,294,1145,837,1154,1312
3128,787,339,342,156,193
3129,193,13,1219,1770,1761
3130,238,317,555,250,222
3131,863,128,379,421,607
3132,426,211,148,346,342
3133,800,930,1111,571,750
3134,428,359,235,779,534
3135,981,407,311,251,207
3136,1706,1996,540,133,127
3137,882,560,717,98,89
3138,1423,155,57,435,597
3139,13,9,547,487,416
3140,790,326,236,589,523
3141,2,29,99,88,79
3142,0,38,130,74,81
3143,188,464,86,41,36
3144,1848,731,641,752,720
3145,295,19,147,69,91
3146,288,33,293,854,797
3147,1113,320,818,1102,1150
3148,324,142,575,1532,1475
3149,737,270,2811,1658,1462
3150,146,166,573,419,412
3151,538,412,41,20,23
3152,456,222,103,63,55
3153,609,436,6,2,1
3154,673,199,2434,1175,1328
3155,1441,2018,1121,736,639
3156,242,123,188,55,57
3157,2518,2426,1932,1359,741
3158,49,11,572,335,424
3159,953,1527,1273,1044,1133
3160,614,1131,4374,4561,4360
3161,516,1411,1471,1400,1541
3162,373,349,461,411,370
3163,601,451,950,739,919
3164,1533,602,746,746,858
3165,81,933,499,233,329
3166,1047,113,164,412,491
3167,864,1061,487,395,394
3168,813,837,1500,1480,1535
3169,2239,677,721,646,674
3170,2133,74,1042,887,891
3171,721,1771,499,162,109
3172,383,1458,537,38,29
3173,368,1483,115,25,25
3174,1,97,267,137,108
3175,1048,60,5,2,4
3176,2,171,3,1,1
3177,219,21,969,545,510
3178,197,18,438,177,199
3179,418,704,706,1224,1079
3180,890,158,504,957,843
3181,1004,53,168,131,146
3182,1327,301,138,81,63
3183,2957,5680,6666,6282,6634
3184,2391,2703,2186,2210,1956
3185,1723,1945,1130,1379,1162
3186,38,703,206,136,186
3187,178,18,249,372,347
3188,9,151,199,344,329
3189,1792,877,1629,1236,1310
3190,4990,3756,2630,2307,2285
3191,1177,2356,1429,1360,1406
3192,1849,130,1774,677,706
3193,348,48,1097,737,742
3194,410,1526,980,305,243
3195,70,306,1362,1236,1261
3196,1401,787,490,879,752
3197,1270,1485,522,695,686
3198,584,1090,877,2270,2346
3199,1432,747,739,1376,1085
3200,2486,1887,834,1957,1867
3201,185,817,74,70,62
3202,634,131,583,611,647
3203,538,182,104,113,72
3204,413,76,154,1527,1522
3205,1076,409,1450,1441,1429
3206,857,66,176,829,888
3207,58,14,7,32,23
3208,579,873,429,548,551
3209,513,3321,1130,1090,683
3210,306,16,100,81,82
3211,1419,1089,32,16,12
3212,951,2,125,74,67
3213,579,188,18,34,28
3214,1578,835,42,22,17
3215,1347,202,51,140,386
3216,3897,1303,985,611,401
3217,1627,1318,956,90,63
3218,3268,3260,1756,2037,2484
3219,1371,1525,1573,3102,2838
3220,106,1087,1110,3411,3135
3221,81,1540,2560,2463,2114
3222,116,2257,327,614,955
3223,380,784,319,554,356
3224,275,772,117,229,115
3225,854,798,942,668,670
3226,5,509,125,128,161
3227,1,173,50,72,89
3228,817,1806,314,759,639
3229,427,1819,332,905,880
3230,593,1302,246,141,174
3231,408,223,11,11,18
3232,1373,255,28,22,38
3233,1747,1060,2168,1907,1895
3234,313,408,50,129,127
3235,19,177,71,12,8
3236,12,285,122,164,203
3237,80,19,49,128,152
3238,2464,2591,779,715,700
3239,21,31,21,1016,1136
3240,1094,1730,695,998,1003
3241,80,4,1,2,3
3242,17,167,2,20,10
3243,1631,1671,2147,2743,2572
3244,1531,941,608,734,739
3245,1488,1479,1129,916,976
3246,56,1162,428,564,619
3247,1068,1377,416,163,142
3248,41,362,1023,540,742
3249,29,105,1842,699,647
3250,13,253,250,252,255
3251,1888,204,521,207,194
3252,2785,559,675,260,251
3253,3223,811,946,1991,2612
3254,2385,702,535,432,211
3255,1736,15,782,1529,1754
3256,1014,70,484,637,606
3257,159,1411,299,421,490
3258,118,37,12,92,142
3259,2347,883,2368,2369,2926
3260,67,28,41,112,164
3261,2285,3224,2732,1552,1384
3262,1799,1374,1338,1494,1568
3263,1268,1340,2263,1784,1604
3264,484,705,1264,809,759
3265,1334,1014,2090,1541,1464
3266,2315,3213,3550,3534,3969
3267,105,455,104,93,70
3268,59,337,32,178,118
3269,1343,2732,1903,2638,2320
3270,58,116,178,540,685
3271,276,27,200,124,103
3272,36,116,103,90,115
3273,863,158,570,324,305
3274,236,276,242,32,44
3275,41,303,166,289,232
3276,949,678,75,35,35
3277,43,63,1164,833,653
3278,648,840,369,182,170
3279,1444,69,38,20,27
3280,1150,64,58,21,32
3281,2233,2563,1139,1201,1084
3282,1513,802,192,427,469
3283,0,612,649,421,448
3284,26,943,830,551,696
3285,272,338,40,55,57
3286,2289,2262,96,91,71
3287,326,821,36,58,31
3288,663,78,15,431,363
3289,74,498,1288,1121,1098
3290,79,2746,1357,1536,958
3291,53,92,207,33,48
3292,103,152,270,523,636
3293,103,125,457,52,71
3294,179,358,1066,2270,2491
3295,790,962,156,131,87
3296,182,553,282,270,203
3297,120,223,155,203,198
3298,26,101,152,343,400
3299,267,191,156,133,146
3300,74,187,16,9,13
3301,4807,1459,698,262,185
3302,516,232,7,5,8
3303,644,325,985,1411,1356
3304,545,200,582,834,812
3305,1554,531,475,937,933
3306,89,155,840,2370,1980
3307,414,207,306,2387,2337
3308,249,176,80,2416,2127
3309,237,1798,1803,1903,2171
3310,1912,3926,3907,2016,1584
3311,64,195,1606,1297,1102
3312,911,366,14,26,53
3313,1910,1227,1778,1685,1651
3314,1106,402,15,32,46
3315,1281,345,1259,1879,1979
3316,2722,795,257,189,174
3317,502,202,79,79,53
3318,13,22,184,275,328
3319,12,100,211,37,31
3320,2,16,43,24,20
3321,899,91,1790,2500,2620
3322,2729,2185,260,681,631
3323,4444,4386,462,400,367
3324,1175,651,370,129,108
3325,611,1104,2823,1769,1781
3326,3705,630,286,1829,1585
3327,373,125,662,202,355
3328,336,224,50,62,31
3329,1030,120,29,36,14
3330,2432,1264,2425,5755,5778
3331,1108,408,1152,5309,5014
3332,2281,1376,2150,6012,5953
3333,273,191,15,918,900
3334,84,258,158,2430,2290
3335,543,1106,1489,2201,2456
3336,518,2301,511,41,86
3337,1458,1801,952,1337,1372
3338,1180,1786,14,13,25
3339,773,1213,1383,951,1056
3340,1316,740,1409,1060,1031
3341,2832,706,1449,980,1235
3342,1840,2258,1822,2097,2022
3343,527,1171,805,1385,1045
3344,151,892,629,1080,1132
3345,4290,4768,2776,3705,4533
3346,1450,88,1529,1841,1880
3347,1319,162,2446,3312,3131
3348,283,194,3545,3014,3021
3349,880,2657,3113,2961,3033
3350,671,152,2775,2617,2847
3351,1668,229,107,53,62
3352,3359,1,43,17,10
3353,490,1,15,7,5
3354,1466,1630,378,1317,1380
3355,1192,96,149,460,413
3356,816,33,15,199,212
3357,563,512,1523,1278,1154
3358,731,1442,1108,1545,1614
3359,541,54,207,192,182
3360,115,136,91,378,388
3361,4585,2413,721,1322,1309
3362,131,1204,522,1764,1657
3363,2036,982,711,564,611
3364,1786,3682,3792,3360,3590
3365,725,3139,4874,3754,3808
3366,22,207,128,307,367
3367,187,52,514,298,323
3368,95,20,130,19,24
3369,2215,1875,1851,2480,2691
3370,1675,1207,3099,3541,3988
3371,3606,7803,8934,8574,8176
3372,210,1589,1597,814,619
3373,3,36,82,67,41
3374,2,49,107,52,20
3375,775,1648,982,423,565
3376,835,1669,1039,456,557
3377,845,723,1005,485,443
3378,1389,750,723,846,689
3379,12,169,777,782,591
3380,2,136,453,457,363
3381,1251,1734,958,902,1149
3382,539,1144,1392,1219,1379
3383,388,1023,747,571,588
3384,16,25,548,596,470
3385,37,17,535,711,695
3386,2175,1141,240,227,206
3387,132,218,206,138,163
3388,109,462,555,246,396
3389,6606,5526,3424,3501,3177
3390,643,72,117,130,98
3391,22,96,267,344,264
3392,26,142,102,650,564
3393,787,491,285,260,250
3394,656,5876,3167,4621,3321
3395,1175,275,64,83,82
3396,301,149,2460,761,797
3397,347,182,1319,467,550
3398,1647,2099,2012,1660,1774
3399,3272,4151,2601,2741,2438
3400,5935,7672,6784,6751,6507
3401,3941,5144,4633,4689,4572
3402,4533,3236,6563,4964,4332
3403,44,89,178,258,250
3404,677,963,1520,1636,1613
3405,1150,858,3588,3130,2861
3406,1425,1322,2691,2943,3091
3407,2833,6114,2310,1876,1896
3408,736,3252,2288,1383,1304
3409,2058,1370,2084,1604,1205
3410,897,1358,1416,1627,1163
3411,472,2192,879,877,892
3412,1922,2461,1583,1053,1149
3413,209,2148,968,1250,1225
3414,1986,1321,1332,1024,983
3415,554,704,349,474,496
3416,700,930,743,961,1053
3417,174,657,291,140,150
3418,491,668,2091,1022,918
3419,1083,1318,1739,995,904
3420,136,10,8,5,4
3421,1490,224,133,150,168
3422,65,15,75,36,43
3423,788,1550,1305,897,806
3424,641,817,1342,1427,1473
3425,282,187,368,344,367
3426,6921,8954,6909,7921,7822
3427,2383,4937,1173,661,659
3428,3902,5531,393,186,169
3429,591,225,591,41,44
3430,6126,3307,3954,3853,3943
3431,156,157,377,45,43
3432,391,1078,114,94,124
3433,813,1470,1609,1728,1524
3434,554,395,115,115,141
3435,651,1713,211,186,216
3436,698,606,212,247,203
3437,583,623,757,820,855
3438,948,1752,1797,1763,1608
3439,23,128,603,482,455
3440,39,263,1850,1280,1178
3441,490,3525,821,501,395
3442,1081,1823,1942,1289,1080
3443,290,1440,827,698,666
3444,467,245,22,69,46
3445,499,194,5,24,11
3446,453,151,113,55,94
3447,249,377,228,61,61
3448,1048,388,286,149,183
3449,1333,710,1040,713,660
3450,1532,150,2066,1840,1750
3451,462,2123,1339,1600,1500
3452,860,310,2607,2250,2167
3453,756,623,74,84,72
3454,518,257,43,30,29
3455,1047,835,1292,608,608
3456,1614,2029,1544,1269,1157
3457,1822,2840,338,805,791
3458,1101,3079,2351,1800,1535
3459,1092,104,439,164,232
3460,52,116,98,137,137
3461,230,76,113,55,69
3462,2382,3283,882,1307,1372
3463,549,446,1079,792,731
3464,1188,474,943,948,766
3465,2773,2892,1742,1579,2030
3466,151,94,518,824,928
3467,140,91,145,294,314
3468,198,1381,1162,757,747
3469,113,60,435,318,288
3470,87,755,395,178,159
3471,458,1252,1672,1305,1373
3472,2181,2058,435,190,244
3473,453,484,322,93,132
3474,19,19,76,46,26
3475,1646,2621,5584,4670,4914
3476,1220,901,785,1127,1287
3477,247,48,16,30,31
3478,1315,1052,774,407,457
3479,707,91,145,261,269
3480,733,3108,3167,3063,2334
3481,974,2890,1378,1985,1085
3482,7099,1825,387,6151,6664
3483,546,1844,2052,2465,2545
3484,878,578,1139,835,760
3485,856,405,1192,893,865
3486,0,0,2,1,1
3487,2344,229,797,200,181
3488,3044,2076,3138,1807,1934
3489,1668,4089,3277,2299,2782
3490,1618,2828,3148,2470,3101
3491,4196,4132,4761,4964,4600
3492,119,886,1140,1291,1201
3493,298,253,201,239,475
3494,1349,825,542,461,427
3495,1524,692,1469,6854,6878
3496,2006,3704,2587,3609,3688
3497,2593,782,835,3798,3793
3498,1319,1061,821,535,567
3499,291,40,151,82,79
3500,441,210,859,553,690
3501,7390,5515,3350,3451,3741
3502,1527,1386,2224,2693,2786
3503,1305,1674,2038,2192,2338
3504,1307,5831,2526,1932,2125
3505,1222,1918,2662,2137,2069
3506,1785,2581,2861,2058,1948
3507,1096,355,567,464,317
3508,1237,481,679,334,452
3509,1990,689,140,98,117
3510,4207,3643,4214,3938,3848
3511,110,87,24,102,117
3512,257,465,452,561,529
3513,99,1189,36,4,5
3514,3015,263,388,2349,2197
3515,72,146,23,1,0
3516,820,1016,1442,930,886
3517,2052,1229,1402,659,618
3518,169,603,631,126,168
3519,2597,397,12,462,467
3520,2028,949,1455,646,599
3521,1768,549,10,311,308
3522,1,253,408,463,531
3523,723,701,308,205,251
3524,1718,110,23,32,19
3525,2064,1800,2307,1113,1568
3526,888,841,866,713,646
3527,1014,1282,976,594,742
3528,534,2477,1027,1199,911
3529,349,366,247,65,72
3530,393,1059,181,213,210
3531,2188,3169,3441,3685,3602
3532,2375,1988,597,1176,1291
3533,2024,1509,336,696,741
3534,1527,374,653,1036,804
3535,1746,198,632,726,785
3536,265,1163,165,385,299
3537,1009,711,480,260,222
3538,281,558,129,299,264
3539,1592,346,41,125,97
3540,29,65,56,65,65
3541,1237,329,1734,1775,1746
3542,16,18,25,47,42
3543,2553,1815,531,395,387
3544,3464,1494,1759,1728,1402
3545,3819,2154,3331,2919,3336
3546,2378,463,772,1040,572
3547,1427,93,1047,1205,1403
3548,1147,546,1236,1137,919
3549,3,1,1,0,0
3550,540,260,254,381,371
3551,1,0,4,3,3
3552,323,179,670,1130,1111
3553,1174,192,217,162,136
3554,826,155,647,1430,1368
3555,447,471,2133,3224,3624
3556,2959,1913,4834,6464,6217
3557,1128,1815,2674,2357,2464
3558,4192,246,124,374,421
3559,59,127,252,83,69
3560,77,40,664,410,304
3561,479,413,1415,1622,1547
3562,698,258,1018,998,1130
3563,945,498,1179,1342,1332
3564,1461,229,199,802,704
3565,1403,616,1332,1430,1462
3566,1533,91,548,414,379
3567,365,511,529,323,301
3568,12,415,313,196,212
3569,29,262,224,175,164
3570,8273,8929,7895,7842,8085
3571,259,108,169,51,56
3572,318,100,150,89,92
3573,195,84,22,47,45
3574,330,51,12,44,34
3575,1511,187,400,101,109
3576,1587,624,1499,1732,1801
3577,1246,50,1018,735,839
3578,914,28,779,715,922
3579,3023,4939,4333,4000,4222
3580,108,1335,2274,2321,2532
3581,88,365,1275,1301,1474
3582,1255,41,1426,998,1104
3583,4016,652,237,244,286
3584,304,9,234,343,448
3585,1914,2089,976,2108,2211
3586,1958,1420,380,2225,2183
3587,772,2378,1120,2902,2954
3588,1507,834,325,212,240
3589,539,725,652,552,513
3590,2522,1838,1013,1074,923
3591,5,4,668,488,401
3592,63,1,589,493,485
3593,412,85,228,198,146
3594,922,438,407,165,152
3595,827,561,209,42,34
3596,760,1271,1012,339,273
3597,639,1770,1494,1766,1645
3598,440,495,1029,455,586
3599,473,644,1204,348,532
3600,757,1646,1401,1076,847
3601,384,2092,819,1586,1330
3602,246,788,480,1830,1752
3603,2263,2998,925,2721,1759
3604,1883,2953,4359,3597,3847
3605,1948,5030,1413,2590,1955
3606,1995,868,162,74,82
3607,160,235,531,416,308
3608,372,749,767,1454,1592
3609,557,352,104,205,210
3610,385,161,65,10,13
3611,185,97,58,11,13
3612,529,2615,1075,619,555
3613,1466,3538,547,502,466
3614,2708,3429,3159,3041,3121
3615,541,351,2088,1996,1780
3616,1722,2042,3194,3421,3238
3617,953,445,4310,4043,3612
3618,1605,785,398,329,365
3619,3553,835,1081,992,1159
3620,1440,1122,3204,2546,2602
3621,451,563,74,69,96
3622,237,633,653,861,770
3623,1340,289,114,86,117
3624,553,21,418,802,745
3625,955,27,118,12,20
3626,1302,1804,840,581,475
3627,1015,99,63,44,35
3628,55,149,365,1593,1758
3629,63,120,128,67,149
3630,2207,2410,4865,6443,6493
3631,2207,1797,1112,1001,1163
3632,3086,2743,2117,1955,2345
3633,225,738,3484,2446,1797
3634,6045,380,5297,4568,4068
3635,454,3128,2035,1246,922
3636,58,15,38,28,45
3637,3,24,13,157,147
3638,2,25,15,7,13
3639,456,401,1040,996,1116
3640,1047,854,496,603,538
3641,937,364,943,944,1110
3642,1739,2031,3488,3111,2882
3643,1362,1650,1080,633,609
3644,1992,1936,718,410,445
3645,247,827,1546,1191,1247
3646,1365,1399,1200,1728,1796
3647,1018,2102,1770,2574,2686
3648,2712,1051,1863,1439,884
3649,569,45,75,50,120
3650,932,37,53,55,199
3651,1877,2073,760,529,523
3652,899,469,2591,1766,1632
3653,342,251,77,228,217
3654,94,693,927,509,600
3655,71,275,1393,703,569
3656,1494,145,1594,680,524
3657,11,2718,690,886,717
3658,9,340,964,1436,1188
3659,2381,223,899,1260,1078
3660,259,1701,1042,748,874
3661,522,2324,1575,1074,1140
3662,551,762,456,555,468
3663,927,56,650,703,713
3664,144,56,2055,1271,1921
3665,155,65,1027,1239,1231
3666,580,147,448,441,601
3667,797,287,280,292,391
3668,686,928,724,781,466
3669,2032,484,784,860,751
3670,1804,1186,1335,1079,1127
3671,3288,1362,1933,2014,1843
3672,2529,3580,6031,4509,5272
3673,4891,6226,4574,5049,4597
3674,2642,1997,6597,5318,5843
3675,988,1136,626,1618,1702
3676,3119,1865,719,1218,1220
3677,689,1648,3138,2725,2881
3678,2109,2507,2504,2674,2526
3679,1679,924,525,613,697
3680,2087,1598,883,766,928
3681,1200,1491,1811,1649,1300
3682,863,545,164,1239,1361
3683,93,1544,1103,798,830
3684,88,306,203,178,202
3685,593,482,735,256,284
3686,171,347,375,382,281
3687,1243,207,72,3192,3140
3688,1683,113,78,1971,2011
3689,3517,4063,6423,7237,7167
3690,814,38,53,13,6
3691,732,52,47,14,10
3692,791,30,64,11,9
3693,4,48,22,11,6
3694,1,24,100,120,145
3695,47,26,59,19,8
3696,2917,2810,5498,2617,2458
3697,1473,2878,2480,2493,2596
3698,1207,2666,1776,931,821
3699,198,322,431,296,363
3700,7,26,139,218,211
3701,312,253,917,828,738
3702,2581,3512,1928,3037,2675
3703,1178,610,358,144,126
3704,2465,1047,1158,313,262
3705,1924,326,2123,2027,1868
3706,907,1990,3472,5402,4616
3707,4301,675,2584,2479,2483
3708,1509,845,1298,1393,1139
3709,1,1,13,27,30
3710,2,11,19,25,37
3711,911,1585,532,365,362
3712,27,469,18,38,34
3713,17,182,3,3,4
3714,1272,610,60,25,21
3715,1697,896,22,9,8
3716,874,416,1920,933,851
3717,188,1486,1486,1658,1736
3718,1025,635,943,465,581
3719,423,1401,1288,1669,1568
3720,465,240,1809,2530,2887
3721,411,56,537,186,183
3722,1754,15,1468,810,788
3723,614,692,7529,7401,7225
3724,626,1001,3301,3755,3710
3725,3456,3932,3499,3625,3425
3726,92,1098,391,489,495
3727,5789,6340,4091,5397,5133
3728,1300,1924,1193,468,398
3729,5,1,0,0,0
3730,3,144,180,49,43
3731,233,1313,761,225,184
3732,43,2,2,0,0
3733,71,114,367,297,301
3734,0,0,0,0,0
3735,382,2403,860,238,365
3736,1194,2191,1206,384,599
3737,1064,1143,269,531,406
3738,1345,1247,300,90,33
3739,192,530,592,167,80
3740,6247,5001,3579,3986,3952
3741,852,719,72,225,151
3742,194,407,49,139,103
3743,1613,493,605,992,834
3744,986,223,2086,1694,1347
3745,23,39,11,20,24
3746,33,2678,1893,478,653
3747,151,5506,5397,4570,4225
3748,1390,2516,273,379,268
3749,1797,1389,1061,934,764
3750,763,277,597,234,161
3751,1028,1962,840,1467,1388
3752,212,106,162,53,47
3753,31,9,21,29,38
3754,72,125,85,144,321
3755,1410,1349,95,135,257
3756,2679,682,4367,3636,3800
3757,1924,1057,3942,3675,3917
3758,1311,1673,2264,2451,2762
3759,24,411,75,166,143
3760,521,746,1051,1154,1311
3761,1398,1646,1571,1368,1276
3762,3837,3401,2890,3572,3490
3763,183,2743,1311,1093,1033
3764,153,1481,557,335,329
3765,1052,428,76,1586,1566
3766,611,46,48,67,55
3767,69,18,30,31,28
3768,3653,1035,541,447,689
3769,3912,5876,5859,4864,4620
3770,2103,744,172,349,459
3771,469,299,152,175,270
3772,2309,1167,350,324,615
3773,282,514,447,476,627
3774,801,910,98,352,422
3775,939,46,520,1278,1221
3776,128,148,82,114,135
3777,943,501,387,359,344
3778,47,171,449,185,204
3779,524,76,1605,1731,1834
3780,2791,2352,693,1057,943
3781,550,850,442,989,852
3782,3819,4238,4657,3819,3745
3783,1013,2008,1693,2066,1754
3784,4405,3230,2760,2647,2777
3785,2074,1972,1703,1078,1027
3786,1790,1678,2982,3025,2550
3787,384,9,344,156,216
3788,343,8,403,139,210
3789,127,2164,4150,3977,3516
3790,327,0,15,71,93
3791,806,4,14,70,86
3792,312,544,99,166,127
3793,62,1370,189,413,292
3794,84,989,332,90,97
3795,246,86,227,117,93
3796,590,29,63,30,28
3797,145,140,272,227,240
3798,94,382,718,1589,1792
3799,4511,3393,736,4956,4567
3800,217,603,6698,2968,2969
3801,1781,510,384,573,597
3802,54,583,809,899,1140
3803,2077,1026,305,496,515
3804,418,226,583,374,323
3805,802,1691,2266,2309,2131
3806,313,179,323,177,146
3807,78,191,0,15,12
3808,3167,3358,1656,2274,1853
3809,36,173,2,13,11
3810,2118,2163,2563,2252,2496
3811,1698,3213,5646,6245,6437
3812,5094,5491,3591,3958,3560
3813,262,808,651,775,725
3814,110,394,1561,1370,1495
3815,283,988,1046,571,572
3816,2505,4333,2196,1981,2494
3817,1821,179,410,278,249
3818,1854,626,357,354,337
3819,502,67,506,652,587
3820,371,938,2043,1933,1960
3821,355,20,345,195,220
3822,1533,2512,497,532,447
3823,982,100,774,678,518
3824,1706,486,1379,1347,1397
3825,891,1483,1721,814,1205
3826,348,620,2204,1552,1672
3827,2808,1551,1735,1285,1266
3828,153,1049,633,939,685
3829,637,187,662,552,487
3830,192,172,454,307,247
3831,3792,5940,5036,3257,3652
3832,259,1522,2372,2133,2127
3833,326,3278,3426,2946,2763
3834,542,985,197,1031,737
3835,938,491,30,330,250
3836,917,2466,307,2094,2053
3837,518,733,272,1162,1149
3838,1314,1168,1762,1673,1556
3839,464,992,528,1377,1443
3840,1864,499,1385,1187,1052
3841,622,1172,1008,832,626
3842,566,735,760,641,466
3843,99,25,55,66,126
3844,3195,3819,3418,3469,3297
3845,508,44,40,44,84
3846,298,175,281,99,167
3847,705,791,249,152,117
3848,851,510,160,101,66
3849,564,2192,3328,2826,2383
3850,1901,530,3519,2492,2795
3851,324,1149,2658,2263,2384
3852,272,129,927,506,565
3853,450,190,814,696,825
3854,656,1044,2591,2050,2181
3855,2166,1852,76,160,346
3856,733,3,17,36,69
3857,281,132,1357,1767,1430
3858,3445,1252,1889,2022,2098
3859,262,138,1767,2211,2301
3860,269,125,1430,1233,1040
3861,940,810,941,1070,1193
3862,2871,1439,1083,2447,2570
3863,2873,2719,1865,2202,2215
3864,1419,326,626,630,480
3865,6920,4673,1336,1291,1544
3866,2022,877,917,911,678
3867,822,19,258,98,55
3868,1070,1819,3118,1934,2221
3869,1397,57,11,25,23
3870,90,1136,660,1813,1703
3871,1275,1062,936,354,471
3872,475,260,289,178,222
3873,366,1471,1696,1322,1490
3874,1040,816,939,794,898
3875,394,711,2616,3476,3804
3876,18,24,23,34,47
3877,81,76,26,28,31
3878,2064,1386,2521,2192,2114
3879,5647,2902,2801,4082,4136
3880,455,1435,379,427,478
3881,1355,1895,1053,1253,1203
3882,101,844,869,616,515
3883,137,174,113,122,88
3884,277,56,82,85,69
3885,1026,552,1642,994,1093
3886,1557,458,977,1506,1594
3887,423,636,634,566,438
3888,834,688,751,311,286
3889,2344,2426,1366,866,668
3890,2493,3429,4699,5361,5316
3891,1270,3307,2816,3676,3812
3892,517,715,91,158,150
3893,405,1476,381,494,488
3894,271,117,13,4,7
3895,154,37,0,0,1
3896,472,525,279,299,273
3897,1676,1771,89,5,8
3898,4722,2861,1250,479,452
3899,1989,2419,757,142,266
3900,283,266,68,36,23
3901,1275,263,1310,699,580
3902,756,687,2659,3065,3735
3903,44,2,6,0,0
3904,33,2,7,0,1
3905,65,85,1574,2104,2006
3906,1511,1425,245,1506,1462
3907,1392,487,305,1780,1714
3908,754,164,1620,683,944
3909,131,10,336,284,331
3910,71,137,307,297,396
3911,238,5,151,1452,1378
3912,659,40,545,1103,965
3913,1179,259,326,197,321
3914,526,48,441,202,270
3915,1532,2587,2985,4497,4493
3916,597,2126,631,340,304
3917,711,629,920,1208,1091
3918,1382,1637,1477,1293,1263
3919,1275,2020,1868,1397,1510
3920,952,2311,2338,3858,3507
3921,381,263,208,358,348
3922,416,1669,1411,1972,1862
3923,867,1499,2045,1944,1972
3924,1484,16,820,1058,1473
3925,1259,553,937,978,1069
3926,1006,64,1081,1531,1582
3927,1036,587,584,904,780
3928,1046,879,465,1412,1212
3929,4134,584,868,847,646
3930,2138,718,1247,1304,1359
3931,6070,4730,2069,2038,2442
3932,2731,1483,2242,2088,2279
3933,177,317,1328,728,681
3934,972,2274,646,720,992
3935,671,1796,683,908,1221
3936,405,978,513,1023,701
3937,3084,1850,2721,2379,2458
3938,315,1305,1393,2811,1955
3939,868,207,1128,1600,1721
3940,529,1391,1431,571,443
3941,98,1403,1517,732,616
3942,1248,929,2469,2314,2404
3943,1448,2628,607,1194,1346
3944,1344,914,83,356,301
3945,108,106,3,18,15
3946,23,1108,158,391,364
3947,2235,1220,1606,1161,1261
3948,201,53,712,463,537
3949,2724,287,705,394,354
3950,273,419,1,0,2
3951,14,99,52,395,399
3952,761,1896,3187,1824,1748
3953,135,119,37,284,368
3954,2291,1370,263,5090,5436
3955,216,1103,609,403,338
3956,1677,2972,793,615,585
3957,87,152,209,422,360
3958,1019,645,94,166,96
3959,367,297,167,257,274
3960,1144,749,2284,2295,2196
3961,1366,1277,2193,2565,2414
3962,699,1638,2894,3255,3108
3963,0,7,29,8,13
3964,0,21,35,8,13
3965,3489,4832,4198,4058,3851
3966,2301,2932,709,324,288
3967,5576,5959,6154,7168,6490
3968,731,1391,815,324,402
3969,3640,3002,1577,1595,1671
3970,7110,4873,2377,3149,3476
3971,8203,6791,6497,6063,5977
3972,4930,4594,3190,2598,2949
3973,2611,2719,3990,2854,3232
3974,3538,3329,2908,2536,2777
3975,31,70,30,10,13
3976,487,362,1601,1214,1626
3977,6756,1920,1347,665,731
3978,1664,694,686,199,182
3979,1297,1452,1440,430,346
3980,1905,1560,1342,1688,1664
3981,67,60,536,627,812
3982,681,1574,1413,881,1066
3983,600,1237,739,570,412
3984,795,1933,1017,656,701
3985,4561,747,466,415,594
3986,1578,1522,1072,1272,1716
3987,820,324,324,210,162
3988,2093,1048,1101,429,424
3989,2883,2134,1499,1517,1575
3990,445,516,293,449,445
3991,194,381,634,412,354
3992,1501,1285,289,210,183
3993,0,88,166,78,75
3994,666,420,316,240,272
3995,2803,1092,2490,1175,1537
3996,725,1527,265,68,90
3997,2614,2826,289,109,205
3998,991,277,1556,1220,1171
3999,161,515,70,43,32
4000,300,516,146,88,65
4001,845,1798,818,470,543
4002,3286,1226,1039,1450,1766
4003,3428,1000,336,401,457
4004,4383,5017,2109,1257,1264
4005,388,115,1303,1440,1054
4006,1199,101,895,964,850
4007,1775,1873,2772,3311,3308
4008,416,7,620,662,529
4009,1193,8,954,1047,992
4010,187,63,19,3,3
4011,673,494,481,153,132
4012,231,974,599,244,268
4013,452,2189,661,685,767
4014,17,210,122,108,103
4015,40,128,729,327,257
4016,1597,421,297,200,204
4017,200,114,336,835,993
4018,50,303,648,497,497
4019,178,220,457,477,528
4020,18,40,111,47,53
4021,47,27,63,27,35
4022,12,463,302,144,148
4023,703,268,399,416,389
4024,1794,1398,532,518,519
4025,972,204,602,203,199
4026,255,609,292,165,138
4027,460,1219,229,125,103
4028,232,582,286,234,211
4029,966,2308,2352,2606,2595
4030,575,1934,1276,752,702
4031,409,814,857,557,533
4032,1071,1069,322,290,300
4033,408,276,618,1369,1446
4034,3068,300,324,299,301
4035,441,582,332,283,251
4036,295,267,183,42,35
4037,579,782,1145,421,409
4038,567,735,1077,793,1019
4039,344,897,1206,1034,1372
4040,710,3085,5338,4527,3404
4041,372,22,0,4,2
4042,650,26,0,3,2
4043,2173,4,192,314,398
4044,1924,2920,1545,1338,1691
4045,1445,3774,7839,7684,7286
4046,1709,1341,540,363,332
4047,696,1813,1697,1117,1155
4048,2102,175,524,3106,3273
4049,1486,154,422,1125,1208
4050,1004,59,295,315,324
4051,1156,65,752,724,756
4052,1981,1362,235,271,198
4053,377,739,573,442,346
4054,345,1140,405,434,311
4055,1220,2079,933,749,601
4056,144,4449,2952,2341,2466
4057,50,6532,1387,1252,1369
4058,1753,3329,724,702,754
4059,410,2541,1216,619,533
4060,165,2228,536,286,232
4061,2099,2030,1094,515,497
4062,81,362,393,672,632
4063,78,109,269,65,95
4064,1961,478,117,40,54
4065,366,158,363,278,310
4066,1,85,0,0,0
4067,367,156,328,259,242
4068,1806,846,1387,1582,1570
4069,102,938,6,34,61
4070,44,933,25,86,142
4071,3999,4652,3950,4860,4642
4072,1804,1091,2950,2684,2711
4073,2146,2191,3639,3742,3783
4074,2042,1612,1762,1503,1682
4075,936,1738,2228,1553,1830
4076,1846,2466,2469,2482,2844
4077,70,292,244,338,448
4078,4336,2991,4428,3674,4184
4079,27,603,652,706,885
4080,521,439,159,129,122
4081,1306,177,39,5,10
4082,658,181,9,0,3
4083,2323,691,1629,3135,3098
4084,210,315,795,1339,817
4085,281,1312,1855,791,635
4086,837,1400,2202,1821,1834
4087,4346,5017,1945,2060,1748
4088,3796,2558,2091,2247,2093
4089,494,964,1328,933,1072
4090,1189,1139,706,428,419
4091,740,918,498,303,322
4092,275,475,387,12,16
4093,1236,605,2060,2097,2356
4094,407,524,473,8,12
4095,258,6001,1464,1144,1102
4096,550,4569,1344,1794,1815
4097,2005,4244,2439,2091,2452
4098,2184,1308,1262,1150,876
4099,1632,1018,859,999,1002
4100,1136,566,957,1164,977
4101,687,1864,756,528,652
4102,791,1497,1249,1303,1228
4103,975,6822,2832,1813,1723
4104,2393,1586,1187,1071,1000
4105,1511,2382,2093,931,915
4106,533,999,0,0,0
4107,1053,145,3,1,1
4108,35,1328,475,519,539
4109,790,1495,821,816,851
4110,3315,1773,2924,2601,2700
4111,1646,554,1858,1448,1474
4112,4100,1777,4585,6197,5964
4113,2346,97,209,360,336
4114,524,256,2296,2463,2137
4115,113,303,1601,1165,1159
4116,41,965,1194,802,874
4117,1451,819,1202,658,589
4118,32,515,662,621,683
4119,2425,152,217,236,237
4120,1492,1818,1142,1144,1215
4121,2504,54,275,280,290
4122,209,1044,1082,218,324
4123,83,65,353,458,523
4124,232,188,688,98,155
4125,138,13,45,193,229
4126,0,1,134,243,322
4127,1128,389,592,791,1039
4128,226,865,9,12,15
4129,391,572,12,19,28
4130,167,397,123,27,26
4131,434,229,602,490,442
4132,1439,1732,473,244,216
4133,322,304,377,211,212
4134,347,265,462,1324,1431
4135,319,365,326,1238,1349
4136,3740,3142,2732,2603,2509
4137,2210,954,1018,796,702
4138,2337,1263,1038,627,576
4139,1028,644,446,804,602
4140,3907,1888,1500,1872,1458
4141,380,1586,1115,600,461
4142,325,5922,3994,1896,1138
4143,767,201,2,4,3
4144,1747,2218,277,97,76
4145,673,179,1,19,12
4146,595,392,563,858,630
4147,1049,1298,696,836,768
4148,39,1,4,8,6
4149,245,923,146,891,1075
4150,187,913,93,239,340
4151,1573,1211,1890,3009,2915
4152,383,472,654,569,612
4153,715,529,124,213,232
4154,1011,661,185,203,216
4155,1369,39,11,5,8
4156,2532,562,68,166,129
4157,1264,26,16,9,8
4158,113,25,188,229,244
4159,1528,1046,847,527,372
4160,217,787,553,505,549
4161,2011,392,366,191,163
4162,417,51,62,32,28
4163,1252,717,956,696,781
4164,2019,2069,888,909,818
4165,2376,3938,4064,3349,3443
4166,2172,2318,1188,1484,1317
4167,1079,1965,381,126,127
4168,3185,1403,1388,2103,1891
4169,4229,3676,2172,1894,1751
4170,1,171,154,344,328
4171,36,165,57,23,25
4172,0,249,334,387,298
4173,1069,982,2946,2888,2913
4174,2095,3394,4798,3284,2907
4175,470,759,3004,2052,1795
4176,1861,1135,553,558,526
4177,620,635,462,830,708
4178,494,517,163,478,382
4179,86,392,196,30,22
4180,166,651,240,897,1019
4181,1152,352,435,83,67
4182,1390,2079,1309,1117,1158
4183,254,192,110,110,101
4184,209,464,24,355,316
4185,14,238,134,12,13
4186,520,729,204,333,303
4187,543,648,299,351,311
4188,338,1016,1003,670,568
4189,1310,718,1104,679,462
4190,2224,38,1043,756,513
4191,1313,335,1070,1533,1358
4192,300,1055,878,1217,1313
4193,320,244,586,1086,1000
4194,2149,1567,192,2565,2904
4195,2279,4075,5868,6699,6597
4196,2493,2702,1292,3103,3106
4197,334,396,860,516,429
4198,159,35,325,270,244
4199,133,644,1628,912,696
4200,186,199,28,47,69
4201,440,88,128,117,52
4202,408,110,77,81,77
4203,527,1074,802,977,1175
4204,314,566,395,509,509
4205,2647,7916,4456,3735,3148
4206,1511,734,1062,719,796
4207,1737,849,387,380,382
4208,1811,1687,924,2578,2916
4209,1585,1864,1160,1091,1292
4210,1378,1863,1038,1022,1044
4211,714,1428,1079,1229,1127
4212,6575,4679,3260,3845,3592
4213,2536,4540,7040,6094,5975
4214,2247,2917,2769,3029,2881
4215,0,320,364,281,387
4216,0,501,405,415,491
4217,1623,2544,2170,2216,2339
4218,197,31,54,68,56
4219,50,56,11,8,16
4220,431,47,28,11,18
4221,128,41,159,53,39
4222,0,1,2,0,0
4223,0,3,3,0,0
4224,587,2374,8184,8486,8645
4225,2555,2918,2361,2040,2024
4226,2558,3614,2549,1748,1798
4227,82,39,308,178,132
4228,138,1154,560,298,217
4229,884,83,509,357,385
4230,527,36,171,72,98
4231,549,18,251,153,135
4232,1028,166,6119,5535,5274
4233,827,1006,346,286,319
4234,1359,1223,990,5152,5367
4235,432,898,370,253,269
4236,1152,234,936,604,682
4237,1917,1168,2749,3199,3209
4238,588,71,302,230,269
4239,558,352,1460,1623,1665
4240,1601,320,80,50,20
4241,371,1263,98,70,30
4242,1278,16,18,29,68
4243,2073,2477,464,786,652
4244,989,21,37,44,77
4245,253,1135,72,56,56
4246,396,131,92,61,65
4247,735,170,1312,578,618
4248,948,3701,225,315,268
4249,32,0,165,50,37
4250,41,1,221,56,48
4251,3118,1833,4971,6596,6704
4252,854,1880,4120,2432,2423
4253,1884,4717,5637,3287,3206
4254,214,275,206,359,284
4255,2535,1112,2287,1855,1528
4256,416,454,817,881,782
4257,2283,3130,2986,4372,3971
4258,1359,376,242,79,89
4259,336,470,524,269,306
4260,2966,1838,2847,2673,2745
4261,623,1834,1501,2693,2928
4262,1434,2817,3479,4509,4673
4263,749,210,1301,1859,1927
4264,171,374,312,204,108
4265,1808,1949,2126,2167,2121
4266,1326,444,666,588,603
4267,6308,2260,1960,469,412
4268,1708,1125,1537,1214,1219
4269,2209,801,870,702,660
4270,3121,2116,2533,3070,2898
4271,2557,428,743,691,710
4272,1539,1112,185,44,64
4273,2851,333,376,156,144
4274,1274,707,60,10,8
4275,1661,1768,699,1180,1399
4276,161,1315,942,2906,2976
4277,635,849,873,1496,1706
4278,1877,1722,284,277,177
4279,30,730,342,278,248
4280,27,173,137,102,81
4281,1055,1621,639,316,296
4282,703,199,112,1909,1902
4283,709,223,193,1276,1189
4284,1164,662,825,1684,1465
4285,1690,966,848,2056,2202
4286,1341,997,534,1141,1009
4287,76,5,1,16,19
4288,4204,6212,2885,1426,1498
4289,71,29,43,27,24
4290,836,570,364,440,241
4291,1017,1016,606,928,575
4292,596,772,1105,1140,996
4293,250,765,4147,4699,4796
4294,1985,936,1603,1050,884
4295,229,549,1804,1137,1463
4296,3553,4668,8176,7514,7556
4297,2911,3829,3770,3311,3191
4298,113,1651,2015,1348,1057
4299,707,479,1041,838,779
4300,1041,1040,1330,1053,911
4301,452,2711,2646,2549,2669
4302,3089,2042,1658,1011,739
4303,23,146,1727,1964,1700
4304,18,68,501,499,388
4305,3907,1674,1034,753,710
4306,2510,1026,715,577,575
4307,376,984,315,207,211
4308,3506,543,2569,2902,2806
4309,2700,3452,4001,3428,3922
4310,2517,225,3494,4448,4188
4311,138,25,8,6,9
4312,1629,124,2134,1658,1620
4313,137,77,19,18,25
4314,786,1369,694,1110,1195
4315,667,894,698,950,1037
4316,945,1731,1692,2420,2380
4317,897,972,626,924,887
4318,1791,1606,2278,3044,3227
4319,72,575,756,1137,1082
4320,511,1117,1083,542,644
4321,882,1901,1232,997,1075
4322,1363,956,802,388,460
4323,199,480,76,18,15
4324,217,100,152,42,39
4325,2200,2787,1147,1342,1197
4326,163,570,596,495,564
4327,237,177,2427,1181,1252
4328,89,354,419,670,849
4329,471,740,2726,1556,1613
4330,1602,1586,1417,2386,2561
4331,2990,1630,3062,1983,2074
4332,2026,713,841,307,302
4333,549,164,1104,658,720
4334,487,130,1298,907,902
4335,845,1683,383,175,199
4336,385,387,1560,1647,1331
4337,237,288,255,131,146
4338,243,788,1317,486,503
4339,450,154,86,41,49
4340,215,474,353,301,279
4341,952,508,129,81,60
4342,1000,420,753,689,688
4343,1837,39,18,2,3
4344,669,318,33,315,347
4345,740,1288,478,481,541
4346,1037,622,88,739,755
4347,643,1025,631,489,432
4348,618,1165,772,783,754
4349,2925,6840,1365,938,1095
4350,1361,685,2470,2515,2396
4351,6334,123,217,116,111
4352,980,483,777,616,371
4353,1114,657,239,125,133
4354,195,387,22,27,17
4355,1340,349,446,351,430
4356,21,21,241,155,160
4357,234,3,345,548,588
4358,424,271,405,708,693
4359,755,609,120,417,540
4360,661,223,378,241,206
4361,711,384,358,321,310
4362,327,67,69,15,9
4363,14,1872,1527,1190,1122
4364,9,2674,2116,2399,2338
4365,253,1504,1212,998,923
4366,259,1505,891,420,412
4367,1875,1120,1659,1064,914
4368,1336,264,1086,1845,1822
4369,369,457,985,1002,1016
4370,248,411,251,56,69
4371,828,632,697,788,674
4372,1632,495,616,771,794
4373,616,1081,2257,1408,1228
4374,49,175,175,141,97
4375,27,75,26,14,19
4376,1224,1161,299,175,124
4377,1983,432,939,955,1185
4378,3228,660,954,1186,1822
4379,3777,2335,6333,6105,6126
4380,907,1066,2176,2722,2950
4381,2859,3058,1118,1027,940
4382,1167,867,830,623,485
4383,3107,1078,3538,4705,5591
4384,2,2,27,32,26
4385,1,1,203,205,164
4386,91,899,976,2090,2025
4387,3399,1998,2018,2462,2325
4388,165,589,1174,1598,1536
4389,1290,193,406,442,453
4390,1339,2989,4385,5043,4828
4391,1105,149,888,832,886
4392,331,370,1082,1237,1342
4393,439,274,959,1138,1119
4394,336,211,1989,3147,3152
4395,583,314,192,608,562
4396,3548,8329,8114,7968,7939
4397,571,647,36,171,146
4398,2890,4539,2529,2547,2415
4399,2575,3182,2560,2542,2587
4400,2728,4710,4621,4205,4258
4401,3,17,175,140,142
4402,1,10,2,29,30
4403,7,21,3,13,20
4404,105,106,340,517,540
4405,186,216,1154,1649,1669
4406,2229,646,1371,1341,1212
4407,4019,1927,1797,946,1012
4408,3044,726,888,423,371
4409,1339,1092,1474,496,461
4410,16,460,959,977,1115
4411,18,192,1063,698,405
4412,943,77,1722,1037,1223
4413,453,842,428,436,409
4414,955,349,160,294,404
4415,608,344,237,321,424
4416,891,228,625,258,233
4417,2590,3083,5193,6546,6233
4418,520,128,272,220,221
4419,4300,2383,3065,2118,2096
4420,2922,884,776,570,570
4421,4145,3531,4023,4073,4484
4422,382,418,612,900,979
4423,388,1693,1722,1656,2023
4424,626,519,611,793,740
4425,799,1511,555,2426,2257
4426,387,1245,599,2971,3057
4427,1083,2638,1950,1161,1420
4428,951,422,98,577,678
4429,1152,1088,1029,1257,1204
4430,219,298,308,205,284
4431,2317,2556,2079,2155,2066
4432,1998,1351,824,970,927
4433,1927,2506,1025,1508,1525
4434,346,344,200,439,454
4435,405,616,1190,1485,1685
4436,521,594,103,271,270
4437,96,400,861,679,606
4438,600,1217,611,453,446
4439,140,520,542,444,422
4440,346,1,45,24,28
4441,0,17,19,148,159
4442,920,1467,2194,690,487
4443,1448,4013,2020,3030,2950
4444,1189,1043,233,78,128
4445,1237,1376,322,184,257
4446,1595,885,32,2,2
4447,103,5876,2937,2343,1705
4448,334,757,31,1,3
4449,1827,3388,3381,2373,2508
4450,1254,285,33,870,895
4451,1654,309,32,1453,1308
4452,1653,875,1839,1950,2175
4453,2466,1494,1545,1388,1620
4454,3599,1600,3981,4708,4718
4455,1278,548,838,793,886
4456,1294,1992,379,450,465
4457,1405,1141,120,191,187
4458,1906,1670,1091,1620,1463
4459,1619,676,268,1138,886
4460,1947,2471,1700,1122,1190
4461,615,668,396,750,818
4462,4917,425,452,656,678
4463,980,1149,393,605,708
4464,775,414,936,617,680
4465,997,465,859,646,712
4466,2355,1478,685,904,1005
4467,77,146,10,6,5
4468,553,74,180,417,370
4469,17,85,61,35,22
4470,224,621,713,703,700
4471,330,719,786,733,687
4472,1216,2431,889,501,412
4473,254,587,608,904,973
4474,6281,6239,8114,8016,7926
4475,480,673,684,1166,1221
4476,1065,36,1,0,1
4477,8,51,21,6,5
4478,8,62,21,3,2
4479,6225,3535,7206,6390,6564
4480,2522,3480,4785,5052,4960
4481,2426,3099,3256,3240,3241
4482,6128,2124,5123,6812,6465
4483,717,2127,2171,1400,1437
4484,636,1001,2244,1415,1347
4485,3017,1872,479,737,788
4486,951,205,56,113,99
4487,1046,295,89,182,149
4488,73,1489,2381,1884,1850
4489,50,596,150,37,29
4490,175,1109,66,34,26
4491,2642,644,34,470,437
4492,2139,218,7,269,269
4493,3304,983,920,395,371
4494,796,2812,600,493,688
4495,472,1008,2047,2408,2183
4496,339,382,471,353,410
4497,148,81,1068,1133,1208
4498,255,50,336,539,634
4499,811,943,1446,1114,982
4500,4769,1706,2037,4986,5183
4501,1,127,83,37,44
4502,1,507,414,213,271
4503,44,110,485,475,537
4504,1185,426,1862,1678,1703
4505,14,203,793,659,726
4506,88,61,851,585,525
4507,42,34,91,620,394
4508,304,527,680,625,568
4509,466,189,1424,480,691
4510,868,368,1266,678,860
4511,16,119,51,18,14
4512,1421,1178,2382,2971,2928
4513,1926,812,52,20,23
4514,1615,567,30,3,4
4515,985,1125,1573,1895,2117
4516,2372,3147,3364,3230,3266
4517,1095,554,2063,2491,2866
4518,19,241,661,596,598
4519,3753,4132,2187,2356,2317
4520,15,445,988,931,974
4521,154,6,213,202,174
4522,64,12,35,129,165
4523,1116,1436,366,1032,1255
4524,76,1635,837,505,588
4525,63,658,1811,1597,1809
4526,1286,1615,1062,775,840
4527,708,987,2186,2499,2210
4528,942,4398,3939,3954,3974
4529,2577,652,2676,3303,3309
4530,914,44,320,299,265
4531,2960,2634,3555,3057,3421
4532,1440,124,117,147,310
4533,2388,1010,268,874,944
4534,413,271,688,990,1018
4535,3228,3137,2777,2248,2085
4536,1059,835,2741,2530,2156
4537,718,276,1087,1223,1279
4538,1986,1317,2123,2229,2423
4539,1223,432,1089,1244,1379
4540,332,74,307,173,167
4541,952,438,750,430,454
4542,125,733,1514,1221,1108
4543,368,91,1279,995,1059
4544,191,270,923,687,708
4545,1182,374,80,20,18
4546,845,630,510,455,558
4547,2218,1762,2708,5612,5436
4548,333,252,87,206,202
4549,606,453,444,345,330
4550,366,287,208,235,193
4551,1888,564,1391,2368,2217
4552,514,364,166,318,237
4553,600,1770,407,727,613
4554,1939,1593,1544,1471,1485
4555,2113,395,394,142,174
4556,2609,1009,1021,544,639
4557,144,7,25,11,5
4558,178,327,190,178,180
4559,432,177,1828,2137,2193
4560,1612,1305,1251,1553,1734
4561,2223,1566,2126,2725,2784
4562,1860,574,1102,2390,2589
4563,4369,4189,8550,8715,8307
4564,1116,1192,1507,1209,1049
4565,1449,713,1512,1228,1180
4566,2144,1770,1026,714,589
4567,3380,2034,3306,4190,4347
4568,986,1355,763,384,293
4569,674,51,1203,1498,1029
4570,2062,1811,1535,1407,1219
4571,880,13,1997,1780,1859
4572,2356,1391,976,619,669
4573,270,73,701,1806,2059
4574,531,131,345,1189,1254
4575,945,541,472,290,386
4576,700,274,198,148,153
4577,370,233,458,203,216
4578,1769,1080,1943,817,965
4579,1692,1093,3868,3303,2725
4580,836,758,119,109,155
4581,1378,421,1748,1139,1262
4582,880,402,1010,826,935
4583,286,513,298,297,319
4584,1197,586,965,1091,1184
4585,2201,5046,3894,2054,1746
4586,1302,802,1458,1373,1432
4587,30,2092,327,168,135
4588,45,2120,508,249,179
4589,3581,3865,2724,4566,5008
4590,198,2001,1877,2155,2095
4591,245,1582,534,3285,3509
4592,5174,1987,351,3842,3364
4593,17,425,1452,1436,1449
4594,501,943,1193,1124,1150
4595,32,406,461,377,412
4596,363,20,94,196,221
4597,288,98,138,454,445
4598,492,10,157,1258,1259
4599,3104,2970,4117,3505,3086
4600,821,455,866,911,1030
4601,922,88,779,1466,1642
4602,14,31,532,616,676
4603,322,119,480,2342,2373
4604,377,613,1525,1183,1148
4605,1604,1177,1736,1188,1104
4606,358,707,224,153,136
4607,320,1382,577,299,297
4608,4305,2255,6813,5328,6051
4609,3097,4956,5506,4768,4696
4610,3506,1370,5024,3702,4370
4611,1887,1060,444,372,438
4612,822,835,5936,5541,5332
4613,1846,1437,285,111,122
4614,1326,150,1,2,2
4615,132,3,201,24,14
4616,445,1292,188,28,20
4617,1375,1340,370,106,124
4618,812,680,413,183,259
4619,1605,1483,1193,2645,2808
4620,944,1223,2821,2663,2623
4621,129,780,661,929,915
4622,581,1569,3091,3830,3141
4623,492,2074,1314,1336,1556
4624,163,1317,571,558,661
4625,2062,1734,3801,3613,3287
4626,1027,925,785,512,427
4627,6911,3657,1108,2430,2174
4628,610,982,1436,1049,915
4629,700,94,421,214,206
4630,190,57,143,77,63
4631,518,855,1081,982,868
4632,26,9,119,146,84
4633,57,52,153,93,140
4634,1122,228,360,141,231
4635,30,0,4,1,2
4636,1299,384,53,2,1
4637,984,917,1033,592,737
4638,56,151,0,6,4
4639,398,894,77,619,628
4640,521,153,0,0,0
4641,143,1354,1062,1288,1189
4642,7,164,237,601,507
4643,989,1582,521,679,581
4644,467,386,1871,1379,1327
4645,141,3865,818,779,741
4646,191,1006,1486,1471,1330
4647,12,451,1220,1090,1165
4648,486,662,869,1020,975
4649,10,325,199,282,368
4650,1053,208,564,379,376
4651,795,95,313,207,168
4652,1882,1253,263,179,141
4653,1296,295,65,149,131
4654,189,204,156,149,125
4655,274,425,58,164,136
4656,126,434,248,265,371
4657,1457,486,813,456,473
4658,136,1004,72,154,233
4659,2326,1196,2596,2666,2535
4660,1779,1620,2373,2337,2196
4661,1250,3190,2722,3444,3327
4662,715,1219,1177,940,744
4663,702,783,40,107,162
4664,953,650,10,74,135
4665,1201,967,248,264,279
4666,2338,1568,538,378,430
4667,1929,2575,2751,3134,3367
4668,227,707,41,11,8
4669,1286,213,119,40,33
4670,269,454,357,1049,1082
4671,269,773,1051,732,849
4672,1190,2841,1683,1889,1809
4673,371,1041,1033,1080,1100
4674,539,3082,3715,3643,3631
4675,220,2477,1548,3384,3197
4676,3064,2861,1418,3803,4036
4677,122,1417,1729,1348,1341
4678,3168,3026,1875,1636,1716
4679,416,2372,856,1209,1324
4680,1480,202,731,646,564
4681,2936,4501,483,1084,846
4682,631,87,347,1049,881
4683,381,435,1390,946,862
4684,1889,178,1227,1986,2116
4685,525,227,807,1101,1078
4686,1732,886,296,394,352
4687,1374,1000,2216,1744,1497
4688,927,277,220,214,226
4689,1584,249,106,127,86
4690,290,348,863,954,792
4691,402,216,94,88,37
4692,2086,1422,928,400,465
4693,123,991,993,537,587
4694,325,600,1028,559,717
4695,100,55,19,142,95
4696,150,126,34,274,174
4697,131,1707,465,262,209
4698,100,184,454,585,666
4699,0,1,0,0,0
4700,321,776,1172,311,277
4701,77,421,502,270,310
4702,1624,454,150,37,65
4703,166,518,1471,1078,1058
4704,398,644,4005,3962,4151
4705,2084,1755,1148,830,919
4706,922,621,843,599,670
4707,2732,2303,695,533,549
4708,2249,2674,2254,2203,2229
4709,1234,340,350,196,220
4710,2093,3578,3616,3987,4102
4711,2590,4184,4031,4381,4291
4712,2691,2607,2753,2541,2663
4713,1572,620,2785,1939,1863
4714,1540,407,176,193,199
4715,2528,275,330,355,363
4716,1327,5715,3215,2126,2228
4717,7448,8770,3232,3329,3988
4718,2034,3348,1197,1903,1954
4719,1660,832,1035,1027,1121
4720,1365,2339,23,291,272
4721,2039,1794,21,386,374
4722,313,72,15,50,28
4723,637,645,224,156,138
4724,419,259,41,184,130
4725,457,151,1504,667,432
4726,737,190,2205,1953,1913
4727,2537,3432,4758,4887,4541
4728,5647,4590,6557,5414,5253
4729,255,983,2655,2470,2613
4730,329,940,2801,2532,2686
4731,194,145,1555,1202,758
4732,515,96,429,217,337
4733,107,1669,818,592,307
4734,1381,1736,2992,2301,2005
4735,336,2473,1106,492,459
4736,434,890,835,747,853
4737,1124,251,239,65,120
4738,1494,140,159,65,110
4739,706,286,70,68,89
4740,4366,3456,3044,3747,3802
4741,922,4599,2644,2104,2258
4742,1635,4160,3005,2384,2411
4743,48,1036,2772,2016,1956
4744,1130,1266,2517,2462,2542
4745,76,853,2088,1038,1118
4746,2507,2185,2524,2205,2145
4747,891,2422,438,1163,1135
4748,352,1108,280,847,815
4749,21,28,9,13,11
4750,519,55,36,664,696
4751,231,82,37,52,32
4752,282,72,508,429,318
4753,195,96,342,387,335
4754,318,179,210,128,91
4755,1448,1473,114,683,643
4756,1107,402,127,355,321
4757,994,485,1138,764,685
4758,3531,3925,1629,2118,1930
4759,3357,6124,4867,6794,6788
4760,4255,1401,864,1370,1498
4761,702,889,870,738,1046
4762,424,2054,2014,1520,1230
4763,2553,986,1829,1041,1553
4764,117,2915,5879,5518,4163
4765,282,1369,525,410,459
4766,168,1558,735,1468,1679
4767,1154,31,1502,2461,2650
4768,273,176,613,206,419
4769,1083,73,1294,1980,1537
4770,111,6,31,47,32
4771,370,32,1616,2360,2615
4772,223,219,138,181,206
4773,429,1020,1125,613,616
4774,258,1596,2470,1363,1217
4775,1814,719,1911,1295,1197
4776,1903,446,216,242,314
4777,759,262,2,10,7
4778,384,395,287,798,642
4779,1706,140,2031,2803,2965
4780,2385,103,1829,2092,2047
4781,858,1632,1892,1478,1351
4782,882,748,1069,360,313
4783,869,598,1348,1253,1326
4784,27,750,560,743,692
4785,1247,191,519,843,762
4786,1532,1943,2183,2941,3598
4787,1533,385,865,1138,858
4788,113,54,135,97,181
4789,169,347,421,476,545
4790,1063,1559,948,1855,1987
4791,982,327,580,1692,1619
4792,947,551,1601,1719,1578
4793,1971,1610,1380,1134,1094
4794,721,1344,825,836,780
4795,1080,164,964,747,806
4796,581,139,801,790,808
4797,1737,2313,3386,3242,3464
4798,328,477,481,329,328
4799,719,570,978,618,559
4800,112,10,40,23,14
4801,154,102,174,11,11
4802,274,2381,1344,1420,1499
4803,2888,88,4,33,40
4804,2006,1627,709,548,553
4805,2104,61,2,24,28
4806,7335,1122,2360,2313,1699
4807,211,1562,1240,1745,1885
4808,287,1109,1320,1593,1691
4809,892,300,437,1064,869
4810,255,1064,1110,1183,1122
4811,2103,1733,1824,3146,3073
4812,3210,1987,788,600,534
4813,37,1381,1376,1808,1745
4814,66,922,1994,1757,1635
4815,405,80,362,1057,972
4816,1398,2270,3176,1949,1759
4817,320,41,117,414,420
4818,2024,962,3040,2646,2774
4819,599,2269,2058,3614,3668
4820,1457,930,2074,1665,1807
4821,1430,2579,1649,1820,1961
4822,709,408,19,18,16
4823,472,288,13,12,11
4824,1086,1357,1757,1928,1747
4825,656,724,423,638,324
4826,493,2464,1134,1463,1363
4827,1221,142,8,457,693
4828,76,1678,1312,964,1320
4829,396,277,8,566,927
4830,1793,1696,3021,3556,3303
4831,2713,3410,8116,7345,7399
4832,1750,1592,3483,3941,3819
4833,1388,762,213,262,357
4834,66,302,180,150,166
4835,76,383,165,1604,1631
4836,415,966,487,390,345
4837,772,45,45,286,349
4838,1129,2120,774,753,799
4839,821,208,1813,2016,1885
4840,555,1060,1574,1447,1570
4841,1423,644,977,1111,1108
4842,502,1849,1866,1444,1311
4843,2509,1055,1661,1393,1605
4844,539,407,488,162,201
4845,951,1187,1118,917,733
4846,21,2,2089,1285,1304
4847,30,1,1013,870,594
4848,786,413,2679,1611,1257
4849,1649,1192,932,1694,1801
4850,1257,604,1738,1067,901
4851,1143,1304,1204,867,952
4852,831,1243,1328,1429,1458
4853,945,882,573,688,792
4854,283,720,1730,1383,1376
4855,732,885,1737,1831,1785
4856,1075,676,1297,1349,1320
4857,727,1938,1419,2243,1751
4858,383,749,558,429,385
4859,1960,1053,619,493,493
4860,1269,3430,2455,2528,2301
4861,160,51,131,41,91
4862,247,175,170,46,101
4863,279,2,1,5,9
4864,287,34,557,260,278
4865,31,122,171,152,153
4866,295,365,1411,791,638
4867,1787,841,1378,1260,1380
4868,2977,4552,2841,3318,2947
4869,1326,96,233,189,193
4870,2955,598,790,714,742
4871,2329,2669,2487,2729,2912
4872,414,3007,2474,1883,1685
4873,109,1600,1019,2590,2474
4874,107,1490,369,3033,2918
4875,5620,1741,454,2713,2428
4876,1298,1316,2110,2389,2168
4877,5641,1713,476,2880,3948
4878,5226,713,299,187,169
4879,4249,4587,2619,6168,5763
4880,3157,958,3568,3456,3412
4881,712,619,2021,2812,2575
4882,530,739,336,652,664
4883,547,657,137,426,431
4884,1068,1577,970,775,539
4885,932,1560,906,830,617
4886,2074,893,5708,5960,5712
4887,795,99,9,66,57
4888,1769,1151,1555,1494,1756
4889,1115,74,8,194,233
4890,385,398,150,117,125
4891,491,665,241,827,807
4892,606,706,67,108,72
4893,226,530,282,1050,1062
4894,232,195,80,457,475
4895,2636,1064,993,834,955
4896,4215,3142,596,847,677
4897,818,317,1176,1132,1294
4898,786,215,1086,1146,1228
4899,473,189,234,53,68
4900,320,144,457,661,591
4901,6198,4707,4901,4391,4549
4902,3647,3817,4689,3823,3869
4903,3010,2422,1765,2270,2280
4904,2999,2036,1531,2034,2092
4905,155,871,1768,1290,1349
4906,3,244,888,634,658
4907,4,272,1038,590,403
4908,294,1709,879,2124,1997
4909,1223,602,682,458,438
4910,703,691,804,656,585
4911,1949,2403,1179,736,828
4912,2097,1955,851,347,354
4913,593,1290,890,2231,1946
4914,432,218,402,57,102
4915,1482,2426,823,127,107
4916,480,803,587,122,221
4917,777,173,904,451,378
4918,2526,4342,2398,2416,2242
4919,2877,324,832,187,212
4920,33,18,265,563,505
4921,111,50,26,179,177
4922,100,53,27,547,454
4923,89,29,10,371,273
4924,1008,31,3,94,130
4925,106,114,147,133,211
4926,112,0,129,441,558
4927,205,0,62,47,42
4928,143,624,1379,1332,1084
4929,551,460,825,1193,1238
4930,1654,1339,673,865,912
4931,285,163,360,315,362
4932,388,25,11,6,6
4933,1384,110,1159,472,524
4934,124,19,33,18,19
4935,164,181,33,114,134
4936,71,487,32,72,91
4937,751,514,1638,761,799
4938,1162,3158,5420,5165,5803
4939,1248,1324,1208,260,295
4940,1111,1451,1449,1800,1834
4941,35,81,52,38,27
4942,145,350,33,48,40
4943,117,200,72,74,60
4944,3257,2969,1151,1415,1390
4945,470,257,694,977,833
4946,832,2339,1661,1670,1750
4947,1386,428,226,313,281
4948,1828,370,280,468,434
4949,2908,140,6,63,36
4950,446,72,197,41,48
4951,1130,1733,1229,1020,911
4952,7,1872,867,1058,1141
4953,225,134,88,20,17
4954,1265,3,69,15,48
4955,462,154,51,12,7
4956,6,46,808,662,606
4957,3895,1495,2751,1968,2416
4958,2,6,714,449,419
4959,4512,2550,1529,1511,1041
4960,2070,1523,798,858,958
4961,1582,1907,1447,1027,1188
4962,1671,1916,1244,1474,1392
4963,1688,1768,1548,2005,1841
4964,1523,1651,1103,1426,1361
4965,1414,1056,843,226,209
4966,309,1887,1796,1058,1008
4967,266,1942,2762,3240,3459
4968,219,133,1444,2455,2589
4969,290,2099,2016,1763,1580
4970,565,153,862,1531,1419
4971,3273,5986,7139,7400,7312
4972,3531,5257,5640,5689,6201
4973,3986,5358,5721,5351,5843
4974,1778,447,1488,1097,822
4975,2466,2237,1880,1562,1627
4976,2035,1162,509,325,365
4977,113,7,3,75,105
4978,6427,6332,3343,2813,3204
4979,2915,1537,1450,1533,1294
4980,1463,420,575,613,600
4981,13,81,604,520,527
4982,3793,1706,1186,1014,984
4983,1957,2578,3301,3086,3178
4984,1511,2011,1272,871,629
4985,915,1191,606,290,208
4986,1978,316,788,549,484
4987,1635,327,572,301,270
4988,1995,2458,1311,1121,1030
4989,101,1319,1568,1431,1443
4990,207,1647,859,562,604
4991,3034,2271,3317,3143,3006
4992,326,473,611,1259,1171
4993,681,441,356,722,642
4994,390,1461,2622,2601,2502
4995,0,20,143,62,48
4996,0,81,117,97,81
4997,712,345,76,37,20
4998,874,300,1462,1328,1583
4999,506,354,50,76,46
5000,827,372,144,124,70
5001,1313,1406,985,2228,2233
5002,4090,5376,3287,1640,1720
5003,1325,1134,1519,3016,3039
5004,3856,2744,1332,2076,1690
5005,4383,2120,877,783,774
5006,5101,2255,3616,3056,2538
5007,1602,117,1201,1599,1507
5008,765,2245,327,107,151
5009,1149,1585,1038,808,610
5010,2120,63,111,951,1127
5011,2671,2115,246,195,178
5012,1381,2012,3334,2940,2575
5013,21,1,3,2,1
5014,19,280,3,3,2
5015,622,4,91,227,244
5016,1602,1677,2149,2167,1812
5017,1377,1303,1715,1693,1655
5018,1989,1632,1950,1951,1745
5019,711,711,317,188,211
5020,1068,622,158,67,83
5021,1300,1050,1461,1167,1180
5022,42,70,2,2,2
5023,371,236,2,3,1
5024,16,455,92,117,129
5025,570,416,480,413,394
5026,213,405,973,1082,1138
5027,93,251,443,336,296
5028,1665,1796,1949,2244,2571
5029,384,396,676,425,515
5030,736,669,185,176,218
5031,839,1183,184,199,198
5032,764,140,13,4,8
5033,757,132,25,6,11
5034,704,709,555,1409,1433
5035,90,166,1870,1697,1574
5036,2308,1406,1888,1603,1531
5037,517,1901,4211,3490,3125
5038,2211,2989,666,956,782
5039,637,1308,130,454,311
5040,2692,1604,245,742,697
5041,4952,1713,1652,1171,1234
5042,43,14,322,78,44
5043,1271,536,378,137,200
5044,689,3494,1514,1221,1168
5045,1875,1894,1228,752,630
5046,939,1242,125,1987,2088
5047,237,0,15,17,18
5048,959,1589,69,2286,2280
5049,1070,1516,1092,989,1039
5050,216,1125,1148,945,1060
5051,88,475,703,481,486
5052,22,21,227,132,92
5053,1868,786,1218,1434,1451
5054,5,193,200,82,79
5055,818,585,64,58,67
5056,526,776,100,98,102
5057,623,441,1358,1318,1140
5058,103,254,31,20,14
5059,1653,471,1147,930,1094
5060,217,568,52,21,9
5061,1958,710,323,33,29
5062,2792,7061,8558,8469,8183
5063,2440,453,142,19,20
5064,1623,1889,737,605,550
5065,3033,4824,1340,1002,984
5066,1513,1176,763,798,712
5067,309,1229,1483,2723,2776
5068,1225,2483,1251,2452,2554
5069,119,1382,2763,2536,2406
5070,276,298,332,115,129
5071,676,328,391,604,640
5072,151,277,448,908,857
5073,212,359,1570,1610,1509
5074,301,1261,2179,2025,2028
5075,812,190,3693,3058,2548
5076,236,1112,320,772,1050
5077,122,671,153,593,788
5078,1554,938,254,384,382
5079,1476,567,219,101,69
5080,1365,3769,529,1464,1151
5081,1128,351,163,55,40
5082,321,296,448,211,258
5083,513,294,182,88,139
5084,1071,1745,2268,1774,2028
5085,261,91,355,341,228
5086,184,9,14,41,22
5087,90,36,10,21,15
5088,19,72,2720,1775,2310
5089,2823,2956,2145,2562,2663
5090,5,66,1889,2327,2724
5091,564,1893,2540,2381,2570
5092,608,1,69,77,71
5093,790,5,466,596,609
5094,2662,1207,1850,1072,1358
5095,3509,1630,301,265,318
5096,3174,1520,252,265,351
5097,1529,1009,38,205,126
5098,2211,1676,1546,2121,2210
5099,913,824,19,120,69
5100,106,178,1005,386,262
5101,486,1795,829,688,716
5102,77,848,198,163,113
5103,850,1241,398,111,94
5104,1398,703,94,23,14
5105,1844,1351,205,123,281
5106,38,60,296,330,363
5107,43,140,342,300,333
5108,888,220,709,696,725
5109,61,311,140,509,463
5110,55,249,155,396,321
5111,2237,790,929,1057,820
5112,129,1065,1458,821,817
5113,1371,2032,177,229,222
5114,82,715,227,381,417
5115,247,1,30,40,47
5116,804,1,27,24,34
5117,3305,5636,3682,3780,3763
5118,422,363,373,34,26
5119,4509,1657,416,61,78
5120,491,578,332,31,40
5121,1879,1681,127,254,357
5122,483,997,1606,1259,1347
5123,705,1,40,69,70
5124,1550,1502,822,889,906
5125,591,770,794,949,956
5126,421,2114,5500,4912,4675
5127,290,1151,825,763,631
5128,549,36,40,117,124
5129,1298,22,74,83,98
5130,73,1470,1002,1573,1309
5131,4321,2614,4166,3878,4222
5132,58,664,400,580,443
5133,3570,4709,5327,5508,5457
5134,1706,54,1213,1622,1707
5135,1712,518,2136,2142,2028
5136,1242,640,785,855,858
5137,1607,246,981,971,846
5138,2617,2117,1740,1375,1274
5139,1881,2632,768,943,716
5140,1166,1951,1555,774,736
5141,2087,1618,1739,1082,1141
5142,2438,1148,1369,1591,1688
5143,9,998,975,970,951
5144,3,717,2274,2590,2601
5145,1,41,171,768,834
5146,1134,2062,917,302,328
5147,4,70,216,274,314
5148,3,1984,720,907,982
5149,889,697,3458,2490,2294
5150,9,968,2026,1665,1694
5151,284,227,189,159,102
5152,111,259,334,418,313
5153,1473,1563,572,429,583
5154,1240,639,1692,708,596
5155,1101,271,1377,354,356
5156,3733,4091,2153,4330,4623
5157,185,126,9,3,4
5158,250,465,421,470,501
5159,112,50,9,2,4
5160,1571,266,108,279,244
5161,1088,1315,62,226,242
5162,1423,328,212,395,511
5163,1197,1389,1428,462,521
5164,642,283,1838,2870,2784
5165,1420,392,775,228,256
5166,923,1659,2910,2617,2242
5167,8701,8248,7766,8011,8020
5168,1692,1911,3559,3452,3171
5169,3809,1439,1191,1740,1567
5170,3857,876,1169,1883,1763
5171,4590,6018,4260,6890,6735
5172,6905,3699,5173,4886,4604
5173,1114,2150,3349,4145,4503
5174,759,1861,1298,257,263
5175,111,1252,968,1433,1332
5176,232,2328,2179,2292,2154
5177,650,1639,1309,1043,870
5178,450,1406,139,583,580
5179,831,1663,2800,2110,2552
5180,942,746,105,337,289
5181,384,1323,1038,404,524
5182,11,535,89,33,48
5183,79,282,3,12,10
5184,1917,1751,1833,1560,1725
5185,1916,1566,659,1058,873
5186,1758,642,553,684,621
5187,34,284,392,176,174
5188,774,885,264,194,196
5189,5,668,508,361,426
5190,1335,369,747,754,845
5191,1036,910,856,1173,1324
5192,6824,3507,3217,2497,2374
5193,28,73,66,44,89
5194,365,113,320,281,211
5195,1095,1997,1263,749,603
5196,1089,533,1054,935,707
5197,1458,1555,2028,2105,1789
5198,1613,3534,2169,2116,1949
5199,957,62,126,147,180
5200,162,321,9,16,15
5201,306,900,953,720,822
5202,6950,512,472,328,457
5203,3033,1416,1686,1359,1734
5204,1504,723,1167,949,1053
5205,171,1012,283,1706,1535
5206,3349,3132,6070,6927,6699
5207,1902,1498,970,2637,2538
5208,4089,3333,5661,4957,4809
5209,3790,3142,2867,2853,2977
5210,4286,4435,3676,3047,3064
5211,566,1665,1241,839,764
5212,1064,479,1342,255,393
5213,1303,607,518,439,387
5214,1387,2321,1294,1304,1145
5215,1365,190,1081,1609,1289
5216,1971,222,2075,1625,1182
5217,2262,1996,77,70,67
5218,3976,4303,105,235,168
5219,1833,2194,180,240,303
5220,1970,1797,581,378,411
5221,198,2248,1171,1081,1120
5222,153,2294,965,910,997
5223,1191,6903,6232,5865,6194
5224,1686,2014,1971,2367,2191
5225,714,780,1061,900,866
5226,6,56,595,589,776
5227,194,69,367,340,385
5228,3,451,1079,922,933
5229,1132,3812,4495,4447,4333
5230,882,3334,3499,3240,3479
5231,497,2106,3934,2504,2622
5232,353,201,45,30,29
5233,741,771,135,54,80
5234,1169,512,2761,2756,2574
5235,2370,1861,835,1022,1020
5236,3610,2167,2094,1376,1289
5237,4642,3513,680,3560,3372
5238,1085,113,133,9,20
5239,1025,112,64,55,29
5240,1413,840,98,75,29
5241,246,582,2884,2838,2875
5242,809,628,2702,1979,2150
5243,486,885,2223,1829,1852
5244,1820,2004,994,1321,1349
5245,2322,2273,2619,2402,2517
5246,2733,3016,1862,2041,2067
5247,1061,2291,1866,1850,2147
5248,1123,50,2489,2438,2620
5249,4985,3998,4642,3908,4134
5250,0,589,684,459,487
5251,1597,971,842,698,795
5252,0,438,193,246,202
5253,1939,1656,783,212,134
5254,18,1310,566,131,63
5255,13,1145,1339,2480,2495
5256,161,5256,4281,3194,3500
5257,2459,2797,4216,3714,3791
5258,122,3527,3368,5389,5386
5259,190,1845,423,336,321
5260,1627,96,643,846,821
5261,519,188,368,521,550
5262,88,965,1111,1167,1314
5263,85,923,304,255,115
5264,4293,3986,269,134,65
5265,1053,1108,1395,1316,1341
5266,1319,1740,2788,2509,2554
5267,4262,2703,1732,1952,1994
5268,1298,1269,740,1015,876
5269,871,2372,551,423,442
5270,890,1444,638,845,683
5271,483,7,95,143,178
5272,1972,852,695,581,570
5273,521,269,541,492,449
5274,477,328,1290,1471,1623
5275,456,238,349,345,398
5276,1316,1121,718,551,659
5277,1609,972,449,362,281
5278,1804,3361,1532,1613,1846
5279,2798,2991,3267,3139,3534
5280,3489,1017,257,73,66
5281,1914,4383,2925,3262,3138
5282,3120,836,243,83,88
5283,2176,1196,1118,578,500
5284,2364,697,675,295,278
5285,3372,3484,2635,3169,3114
5286,22,64,125,99,103
5287,151,562,91,274,376
5288,56,199,28,85,73
5289,613,2383,3882,2851,2820
5290,2237,3763,2758,2144,2269
5291,1325,831,1281,957,860
5292,176,105,362,286,225
5293,400,188,577,564,413
5294,2262,347,639,501,475
5295,1537,422,919,379,409
5296,2841,729,1410,547,554
5297,1558,844,1347,1023,815
5298,96,22,5,2,3
5299,50,171,131,82,181
5300,14,135,153,80,83
5301,1871,1358,1100,69,71
5302,1652,1939,1950,5156,5171
5303,2251,1915,2084,292,330
5304,2582,3124,2647,3069,2995
5305,2970,3367,2302,2908,2749
5306,4866,2389,1021,1348,1414
5307,1038,589,792,729,864
5308,230,929,719,798,698
5309,581,221,345,333,382
5310,343,89,373,519,448
5311,1706,298,78,198,157
5312,338,67,79,820,965
5313,463,2388,979,1366,1423
5314,6615,2499,1333,1323,1489
5315,223,1665,211,418,484
5316,521,190,506,820,952
5317,1585,1622,1486,793,727
5318,228,943,600,426,542
5319,260,60,279,29,16
5320,65,21,58,130,99
5321,0,4,64,24,20
5322,81,304,6,10,5
5323,1320,417,49,58,49
5324,1910,2711,2625,2796,2750
5325,26,115,42,13,14
5326,2886,2974,3342,3053,2378
5327,32,355,62,19,22
5328,1221,622,97,383,464
5329,3180,3036,1701,1647,1446
5330,331,352,211,200,215
5331,941,1863,716,819,1025
5332,452,730,1033,317,409
5333,1019,593,1423,1396,1374
5334,705,357,466,206,299
5335,508,25,44,19,20
5336,858,24,119,248,337
5337,1120,1748,902,634,790
5338,1105,380,571,505,655
5339,795,788,1406,1204,1318
5340,615,23,317,203,235
5341,1695,3210,2001,2091,2022
5342,319,1836,1283,749,761
5343,681,620,708,437,489
5344,2152,1573,343,183,165
5345,2527,1309,3410,4316,3848
5346,264,325,876,358,409
5347,728,1398,957,1219,1189
5348,2034,2347,2644,2530,2639
5349,1388,1474,1144,1288,1367
5350,2010,1338,279,233,295
5351,2373,1500,225,132,146
5352,100,862,19,21,35
5353,76,689,174,135,162
5354,253,363,17,17,27
5355,2174,273,1839,2097,2258
5356,1,56,90,34,36
5357,4,53,30,8,12
5358,6122,4499,3316,5262,5753
5359,3479,1801,1406,721,854
5360,2335,1515,1526,1163,1288
5361,2472,1735,1044,2366,2169
5362,757,943,512,775,674
5363,392,887,242,762,628
5364,347,849,1339,1043,1068
5365,177,667,362,836,649
5366,653,577,631,796,799
5367,11,141,325,138,113
5368,10,143,659,925,889
5369,6670,2445,331,119,62
5370,556,402,735,633,490
5371,3072,2002,775,1856,1686
5372,382,238,356,1043,904
5373,2602,2124,787,1455,1541
5374,2786,3035,1738,2826,2511
5375,2063,2598,1491,1763,1334
5376,63,2,151,27,27
5377,647,10,547,129,123
5378,281,1,2,3,1
5379,1631,227,326,413,436
5380,363,99,618,354,508
5381,503,970,742,552,735
5382,1565,869,1388,1029,720
5383,4924,1179,4059,1583,1900
5384,1519,1326,1717,1522,1168
5385,774,288,49,60,38
5386,2255,6181,5654,3924,3074
5387,746,70,152,105,72
5388,2010,2245,1779,2835,2359
5389,707,4197,1011,2624,3348
5390,1541,1712,596,2262,3086
5391,831,2056,331,251,257
5392,1072,1064,57,51,49
5393,3629,3293,3056,3704,3780
5394,3055,5487,2626,3230,2766
5395,152,76,962,528,490
5396,56,168,634,697,611
5397,713,509,241,249,232
5398,1043,388,185,179,154
5399,1536,946,871,767,662
5400,0,972,719,1272,1503
5401,2,1174,1348,2381,2715
5402,5179,3117,4139,4094,4510
5403,870,93,84,142,204
5404,1328,278,144,211,260
5405,1603,538,680,715,871
5406,41,14,20,7,8
5407,32,17,24,3,3
5408,57,972,61,1179,898
5409,51,113,1,2,5
5410,5,716,41,88,80
5411,67,20,2,2,2
5412,927,1510,1305,1232,1213
5413,1483,2453,759,723,873
5414,2706,2904,2088,1505,1821
5415,880,568,1649,1474,1492
5416,279,949,1059,1152,998
5417,1112,832,1419,1634,1485
5418,98,67,55,70,83
5419,487,79,12,10,10
5420,1056,457,281,347,331
5421,2753,4565,2636,2166,1732
5422,1466,968,4044,3234,3336
5423,1277,430,2074,2624,2043
5424,58,1319,1225,1643,1477
5425,417,47,487,583,471
5426,89,25,721,1378,989
5427,286,111,141,159,121
5428,581,308,5,3,7
5429,2622,1158,1453,1626,1650
5430,20,90,231,322,225
5431,110,425,593,616,432
5432,52,514,366,361,458
5433,252,863,124,44,31
5434,446,1132,609,594,623
5435,1551,3183,8076,6382,6199
5436,260,305,27,1671,1823
5437,592,40,433,187,240
5438,1283,12,16,206,234
5439,1417,1054,1567,1292,1051
5440,1128,1160,3409,2025,1398
5441,1344,954,1260,1192,950
5442,2478,3781,1108,1436,1627
5443,2424,1751,1972,1569,1417
5444,5456,3040,1226,1444,1602
5445,1380,1337,853,700,826
5446,1596,0,58,129,133
5447,1225,0,81,96,114
5448,1974,2177,2036,1852,1839
5449,440,95,1608,1021,858
5450,95,237,5217,2781,2663
5451,2963,6471,4748,4395,3422
5452,180,776,102,2865,3189
5453,133,614,477,3693,3645
5454,4,108,56,19,12
5455,10,56,206,1769,1479
5456,1395,233,447,190,127
5457,138,510,691,104,140
5458,185,680,234,89,136
5459,106,714,757,2535,2538
5460,156,250,94,171,137
5461,2430,656,1234,704,773
5462,577,136,101,154,125
5463,1909,2610,244,313,197
5464,591,2700,285,289,195
5465,316,2834,2830,2951,2832
5466,2158,921,184,40,37
5467,524,301,703,500,537
5468,1320,782,131,31,34
5469,535,227,139,150,141
5470,972,1762,162,91,143
5471,874,141,129,368,247
5472,414,2167,193,343,353
5473,2434,3310,2198,1648,1519
5474,668,2797,945,1493,1519
5475,388,811,141,151,163
5476,395,225,1055,832,779
5477,276,369,215,236,259
5478,2155,1564,1372,2191,2323
5479,239,354,721,1887,1886
5480,157,303,348,1386,1531
5481,1360,704,1222,934,892
5482,326,139,636,699,558
5483,798,394,930,747,682
5484,2759,4241,3879,3525,3726
5485,836,2978,1229,1342,1329
5486,1619,2366,2233,2079,2173
5487,261,176,386,333,439
5488,170,191,256,573,582
5489,1038,1632,251,383,334
5490,1570,967,551,537,489
5491,6381,4080,6466,6850,6351
5492,2457,1858,1533,1261,1116
5493,473,749,778,167,295
5494,1617,2011,3132,3662,3744
5495,934,682,604,153,204
5496,279,1024,556,751,703
5497,1674,1688,1848,1482,1478
5498,871,2584,256,385,341
5499,490,322,157,283,289
5500,126,23,38,11,8
5501,1312,1146,433,156,274
5502,2060,1702,870,1338,1163
5503,2833,3191,6868,7086,6931
5504,1622,1934,877,931,1009
5505,2623,1940,2296,2793,2707
5506,207,1708,2289,2020,1913
5507,2989,1302,1387,2176,2046
5508,234,1089,435,1087,875
5509,74,839,346,994,694
5510,591,946,640,285,333
5511,672,45,29,43,40
5512,166,147,69,36,23
5513,400,36,32,48,47
5514,2010,1566,904,538,388
5515,104,1138,4245,4412,4116
5516,512,3544,1078,606,569
5517,733,978,945,831,770
5518,339,168,80,106,85
5519,213,250,186,193,174
5520,3313,3764,3328,4309,4394
5521,1652,2048,2442,2637,2123
5522,2397,3336,1044,1080,827
5523,620,236,1532,1255,1273
5524,1054,311,590,710,715
5525,629,315,1632,1057,1052
5526,1768,1188,2336,1940,1917
5527,2618,2496,1082,829,778
5528,1603,2344,1074,774,691
5529,734,1582,1842,3422,3116
5530,2535,2408,1908,913,1017
5531,6110,2221,6171,4486,3900
5532,967,628,1380,1053,997
5533,1148,1160,168,123,99
5534,649,391,674,749,645
5535,1342,1782,1147,1101,1253
5536,4225,2863,3866,4349,4246
5537,2704,1784,2273,1496,1624
5538,424,565,933,4363,4158
5539,2564,904,1248,3499,3628
5540,1009,1726,1102,1805,1919
5541,44,45,131,65,106
5542,1826,2161,2445,1618,1761
5543,22,1097,720,1525,1494
5544,526,1267,1367,1167,1402
5545,1461,1765,1553,1447,1611
5546,6370,2897,2157,3182,3165
5547,3658,1802,1706,1886,2038
5548,2868,2101,1617,1798,1948
5549,2976,4826,4432,5339,5800
5550,4067,2360,2850,2294,2407
5551,2911,3458,7354,6977,6610
5552,3393,2763,5343,5190,5317
5553,318,3623,4997,4654,4176
5554,615,1305,1820,2082,2322
5555,106,1132,408,356,361
5556,1558,606,336,404,392
5557,3537,687,4848,3480,3228
5558,1763,441,613,719,660
5559,296,479,230,417,383
5560,1047,291,380,237,261
5561,621,423,380,467,488
5562,680,20,81,64,87
5563,78,48,70,251,347
5564,747,238,85,65,77
5565,2021,663,2088,1367,1243
5566,3238,1902,2121,2850,2888
5567,4773,4662,2322,2449,2438
5568,2946,2742,3288,4436,4937
5569,764,559,1420,1318,1140
5570,1454,1063,1550,1275,1195
5571,1027,3446,2892,3024,3187
5572,937,4000,1569,1318,1463
5573,936,512,1695,2089,2040
5574,179,72,551,518,521
5575,3784,2138,1800,919,889
5576,475,173,1957,1318,1235
5577,1243,1740,1626,1573,1664
5578,1532,876,290,245,210
5579,815,2823,1485,2704,1829
5580,545,224,159,212,208
5581,460,197,186,195,217
5582,234,2811,2600,1654,1566
5583,2554,1517,1768,2985,3023
5584,2338,335,366,357,380
5585,1440,219,486,206,249
5586,198,8,101,29,23
5587,409,48,511,141,158
5588,347,19,112,60,50
5589,112,456,339,331,441
5590,348,199,1201,625,372
5591,507,115,512,525,378
5592,268,146,35,85,74
5593,299,144,58,130,123
5594,26,261,1106,835,825
5595,21,9,563,279,285
5596,257,207,174,1750,1671
5597,89,13,227,700,745
5598,1857,352,519,356,426
5599,1047,176,374,337,408
5600,1211,1200,3107,2547,2383
5601,1010,507,163,152,162
5602,971,1499,305,256,278
5603,1198,1544,3226,3479,3454
5604,786,835,408,86,72
5605,991,1665,302,78,91
5606,1063,2855,3396,3293,3540
5607,2855,2365,3380,3119,3244
5608,2170,1297,2871,2599,2561
5609,1473,1406,3405,2967,2809
5610,242,164,510,429,292
5611,144,108,329,332,281
5612,332,202,713,429,296
5613,915,157,807,970,999
5614,1207,21,99,887,788
5615,816,405,564,1248,1302
5616,880,1278,374,327,272
5617,790,932,321,345,341
5618,244,484,1095,1078,1011
5619,431,810,370,467,647
5620,1833,1081,1746,996,1041
5621,4,207,31,80,60
5622,759,1392,513,1020,909
5623,588,1061,1116,1354,1159
5624,461,1212,491,573,563
5625,510,1310,2630,2046,2163
5626,163,141,179,211,258
5627,744,259,525,344,375
5628,578,127,378,97,89
5629,1287,526,886,460,408
5630,418,1176,1892,1350,1435
5631,2484,1510,315,243,216
5632,571,2112,908,667,815
5633,1013,992,543,385,328
5634,500,264,59,277,300
5635,608,346,1175,1110,1069
5636,2677,335,57,339,327
5637,1982,5865,2755,2060,2051
5638,1632,1440,3205,3202,3468
5639,1896,2772,3504,2530,2636
5640,665,193,1023,413,520
5641,2694,2771,506,1300,1948
5642,318,70,407,260,287
5643,952,517,180,692,752
5644,838,1064,887,588,622
5645,2147,1112,375,963,1075
5646,422,43,7,81,104
5647,924,209,17,326,408
5648,409,736,380,658,572
5649,2554,3384,1412,1547,1508
5650,831,432,826,863,818
5651,1581,828,1696,4333,4781
5652,515,157,746,401,392
5653,132,170,571,431,579
5654,1079,895,262,155,249
5655,45,386,164,138,108
5656,96,416,1178,1624,1597
5657,923,334,215,193,146
5658,1282,6,12,14,17
5659,1249,73,346,196,244
5660,249,13,10,19,29
5661,782,46,7,271,321
5662,3440,2084,1361,605,534
5663,772,84,3,148,217
5664,29,121,159,56,81
5665,51,274,425,196,241
5666,26,229,466,244,142
5667,105,183,864,759,681
5668,1112,141,14,11,13
5669,1492,2437,1321,1235,982
5670,1331,169,135,31,49
5671,2231,1914,70,218,296
5672,627,102,49,32,48
5673,3024,2503,2155,1980,1997
5674,2800,3926,6988,7071,6743
5675,3009,3143,1884,1989,1953
5676,515,3616,817,366,537
5677,471,366,542,407,581
5678,959,1252,1004,2257,2345
5679,1857,698,231,553,392
5680,2135,660,175,596,477
5681,1778,1361,837,1015,922
5682,1155,6587,5062,4582,4814
5683,2076,2769,2546,2547,2781
5684,1305,2151,1788,1853,1989
5685,1901,1965,1081,1135,1103
5686,1927,2796,2600,1730,1730
5687,5062,3034,2982,1377,1426
5688,1443,1305,758,511,590
5689,909,519,20,11,10
5690,3648,219,21,14,17
5691,1736,139,928,1704,1902
5692,921,242,342,962,1151
5693,2970,4535,6645,5496,5613
5694,101,129,493,296,307
5695,626,954,217,97,81
5696,64,90,596,321,363
5697,49,90,415,60,63
5698,63,389,357,64,69
5699,861,75,335,871,854
5700,86,177,37,103,93
5701,80,165,44,78,63
5702,221,1506,1608,978,1051
5703,684,1246,436,1006,827
5704,3293,1015,1188,1284,1310
5705,584,896,769,1237,1134
5706,96,77,1079,1754,1746
5707,72,17,237,1100,1098
5708,3210,1065,334,2025,1731
5709,813,853,1095,649,485
5710,2205,569,619,376,281
5711,459,880,226,123,93
5712,214,0,20,521,524
5713,351,2023,675,476,438
5714,290,7,12,1925,1705
5715,925,330,327,153,160
5716,1143,1325,73,61,61
5717,1383,216,211,131,126
5718,2025,796,513,607,789
5719,288,21,166,114,94
5720,534,34,563,725,476
5721,2229,3551,2462,2019,1991
5722,92,388,1255,1155,1006
5723,42,235,1185,1125,762
5724,886,88,1200,2219,1595
5725,5223,6000,7085,8243,8433
5726,636,33,1856,2882,2081
5727,60,303,430,360,341
5728,43,252,46,205,163
5729,1824,338,1464,1106,1119
5730,851,1392,392,279,150
5731,77,334,300,633,688
5732,797,848,354,310,438
5733,135,430,127,30,39
5734,440,970,204,48,58
5735,2770,1403,1300,910,992
5736,963,517,17,67,64
5737,888,426,15,42,49
5738,5117,4847,6546,6989,6434
5739,220,90,53,99,61
5740,683,244,89,272,144
5741,1133,128,91,185,182
5742,1999,3019,1751,1215,1048
5743,1546,2500,2259,1567,1577
5744,5919,2371,1994,2489,2231
5745,5086,1996,177,170,134
5746,393,25,313,313,240
5747,603,1094,165,220,154
5748,848,91,274,900,934
5749,382,482,977,1194,1093
5750,907,119,46,100,113
5751,814,19,178,23,22
5752,827,1035,316,354,312
5753,89,22,76,8,7
5754,6070,402,148,1738,2517
5755,1175,767,2755,3115,2497
5756,1411,959,236,1763,1985
5757,521,242,535,1422,1598
5758,42,735,443,731,747
5759,221,304,571,1027,891
5760,161,118,76,114,104
5761,853,574,191,179,154
5762,16,270,162,299,198
5763,296,1155,47,1070,1149
5764,888,886,66,407,456
5765,589,1400,2225,1462,1540
5766,1319,200,187,345,265
5767,6936,6200,3647,3288,2965
5768,3495,5818,7809,6735,6638
5769,2294,2289,3782,4457,4513
5770,1209,1478,2227,2005,1975
5771,1131,919,1627,1638,1475
5772,1223,2004,683,562,496
5773,753,64,1411,617,676
5774,881,656,787,1238,1233
5775,23,128,87,770,772
5776,1781,2404,2586,1913,2007
5777,3,63,36,52,37
5778,979,592,1442,1089,1074
5779,1507,242,533,899,1100
5780,759,2772,1075,536,544
5781,1049,1793,950,1164,1138
5782,1418,2490,1149,1150,1125
5783,972,1369,1628,2224,2262
5784,2642,185,742,1095,1058
5785,3046,4107,3075,2620,2353
5786,2066,217,2570,2425,2477
5787,1599,1198,1443,2190,1979
5788,4188,4931,2499,2730,2707
5789,2006,1768,2212,2449,2466
5790,393,262,560,1606,1685
5791,833,956,231,191,212
5792,609,1740,89,99,116
5793,1169,892,744,408,443
5794,831,1384,1155,1461,1693
5795,1047,2010,2087,2345,2426
5796,178,229,1369,733,618
5797,101,194,824,430,468
5798,1083,323,1032,1541,1750
5799,76,129,535,192,178
5800,2472,386,490,228,168
5801,43,374,464,204,143
5802,1046,1761,1928,2995,3298
5803,1162,2197,1069,652,700
5804,948,1144,2227,1276,1384
5805,716,340,64,42,17
5806,629,911,59,207,236
5807,3122,209,46,19,4
5808,2904,485,444,160,214
5809,771,1704,160,327,281
5810,2649,227,226,63,90
5811,469,159,999,398,346
5812,207,1065,1241,1021,999
5813,185,84,843,1997,2197
5814,1365,930,809,251,343
5815,67,157,13,37,42
5816,85,265,98,163,230
5817,208,242,1704,682,690
5818,1696,986,817,534,477
5819,342,1399,1348,892,692
5820,167,2348,1625,2209,1737
5821,352,1452,2726,2877,2501
5822,62,307,952,944,1206
5823,2337,49,128,702,717
5824,464,603,914,1116,1346
5825,990,42,185,648,739
5826,4102,1874,616,594,815
5827,3657,4243,2583,4522,3912
5828,1845,1961,554,440,596
5829,536,111,115,64,61
5830,4758,3367,1165,1805,1768
5831,737,153,293,129,132
5832,289,5,33,16,15
5833,2219,902,996,1001,1044
5834,166,1,15,11,5
5835,2500,1707,401,221,458
5836,979,897,592,292,520
5837,1013,1151,455,161,219
5838,1750,2962,1912,1574,1572
5839,1538,463,0,72,58
5840,1044,207,0,147,138
5841,17,210,45,35,31
5842,12,149,93,108,74
5843,36,788,695,591,410
5844,407,1211,1828,984,904
5845,230,786,1685,1877,1859
5846,1513,581,1517,646,605
5847,306,302,324,2713,2695
5848,88,512,579,158,202
5849,1270,1828,2554,178,138
5850,586,223,17,13,15
5851,709,239,18,28,28
5852,2085,3563,5093,5059,4831
5853,548,325,1836,1180,1049
5854,569,466,1256,508,545
5855,591,320,249,51,81
5856,126,797,246,46,39
5857,47,252,480,246,177
5858,33,105,564,1000,1049
5859,74,583,358,301,365
5860,1343,1800,2136,2017,2138
5861,358,736,1334,959,895
5862,730,403,135,157,166
5863,224,470,88,255,258
5864,2289,635,374,295,379
5865,3383,1785,2842,3637,3073
5866,348,449,650,682,616
5867,608,1107,306,1007,1262
5868,1555,129,267,217,150
5869,2257,263,3034,2336,2587
5870,1539,1171,76,34,25
5871,2320,2029,2089,1403,1418
5872,641,958,2162,1442,1324
5873,2227,2358,2194,2659,2171
5874,1250,526,705,1083,1148
5875,1972,955,1188,1416,1326
5876,1040,652,628,840,690
5877,278,97,312,625,616
5878,492,150,654,159,104
5879,8,56,193,532,530
5880,1786,1877,76,64,66
5881,1212,1491,29,25,27
5882,96,1073,550,166,172
5883,161,1245,100,58,49
5884,814,4157,627,431,333
5885,2665,4174,2323,1135,1144
5886,565,2165,1429,453,603
5887,900,1465,1031,2348,2156
5888,739,1392,1982,1926,1750
5889,1627,267,814,225,243
5890,16,6,70,74,85
5891,12,6,19,333,404
5892,2467,3319,1407,1969,1742
5893,670,709,492,93,77
5894,6527,1715,421,68,63
5895,400,65,191,579,585
5896,557,942,1284,950,1265
5897,486,101,187,244,211
5898,936,8,610,505,502
5899,46,81,289,136,132
5900,894,40,405,310,274
5901,751,422,699,987,1173
5902,521,50,223,128,78
5903,1117,116,396,309,313
5904,805,1638,1498,515,432
5905,45,492,264,35,27
5906,15,482,1279,813,907
5907,1882,1987,1140,1269,1265
5908,752,241,49,32,32
5909,673,164,47,21,13
5910,578,2908,499,508,580
5911,1073,1953,718,587,426
5912,2279,2462,550,520,626
5913,82,982,1440,1529,1440
5914,1145,574,1267,924,1196
5915,38,1481,1732,1637,1357
5916,1816,2521,5434,5427,5203
5917,975,1363,1029,1263,1203
5918,811,656,998,1136,1078
5919,2814,2121,1089,885,806
5920,484,91,254,1266,1230
5921,661,55,196,121,95
5922,499,562,317,210,254
5923,532,1375,319,423,414
5924,809,734,706,301,405
5925,2497,1989,755,1851,2138
5926,610,273,752,3286,2756
5927,1005,5449,2300,1081,975
5928,257,2252,1697,1520,1602
5929,775,567,549,690,831
5930,448,202,503,87,85
5931,379,394,185,45,54
5932,477,186,122,26,26
5933,173,1450,964,160,156
5934,469,374,173,29,49
5935,353,120,221,154,202
5936,512,195,655,176,315
5937,406,4,661,310,306
5938,367,332,224,182,111
5939,1499,14,836,279,291
5940,727,19,214,149,161
5941,941,73,317,161,177
5942,1431,3627,1845,1706,1659
5943,567,690,367,369,329
5944,1175,679,654,377,251
5945,627,1098,394,183,143
5946,530,1354,2743,2200,2139
5947,2169,2300,3887,4738,4493
5948,755,1943,3925,2896,2618
5949,1041,2011,683,1799,1711
5950,411,1899,1821,2594,2337
5951,800,2503,1333,1354,1287
5952,1518,764,464,821,964
5953,342,834,179,556,566
5954,2926,555,464,575,684
5955,876,1218,766,829,925
5956,1137,160,69,110,110
5957,875,52,96,60,77
5958,71,10,6,1,0
5959,931,272,448,1579,1810
5960,1142,219,173,101,114
5961,1709,616,492,644,438
5962,1644,242,64,79,46
5963,1549,1374,2857,2885,3052
5964,429,1710,1196,1108,981
5965,1110,1718,5,34,37
5966,584,1579,21,83,102
5967,226,82,182,109,70
5968,66,1,1,0,2
5969,33,64,242,388,330
5970,1670,2658,1294,1098,1156
5971,2186,2256,1163,1779,1813
5972,2911,4637,1640,1321,1513
5973,686,1025,1602,1454,1312
5974,946,117,138,548,282
5975,860,1641,2043,1690,1481
5976,1094,146,43,28,57
5977,2883,973,2062,1651,1606
5978,1156,142,18,41,62
5979,5806,3812,743,877,662
5980,415,265,171,128,188
5981,1584,1578,494,462,580
5982,2023,802,752,758,651
5983,2391,1455,1534,1560,1324
5984,1927,807,5472,4968,4639
5985,70,142,757,798,722
5986,61,150,287,1365,1323
5987,857,165,58,52,152
5988,63,834,598,876,706
5989,76,1136,659,779,615
5990,1852,2262,2487,1020,779
5991,287,3674,5611,5999,5390
5992,615,712,253,436,235
5993,462,419,2673,3411,2291
5994,1526,258,250,962,954
5995,1358,291,276,155,137
5996,1297,1437,2087,2772,3230
5997,13,203,77,73,63
5998,11,144,112,202,154
5999,5482,1509,23,189,137
6000,17,349,1184,1078,978
6001,47,9,57,22,13
6002,472,605,1357,1057,1010
6003,331,585,1242,952,892
6004,450,593,245,852,799
6005,542,1778,1313,1809,1874
6006,8361,8029,7161,7468,7579
6007,1037,219,40,56,80
6008,1117,456,144,97,168
6009,260,204,361,241,267
6010,1543,656,1337,1287,1149
6011,277,722,1116,918,1015
6012,1571,1266,2943,4401,4206
6013,1138,979,1562,1263,1074
6014,2126,1426,1916,1546,1317
6015,391,3448,1821,2231,2362
6016,3297,551,1654,1705,1706
6017,692,313,2049,1694,1684
6018,217,390,439,1096,797
6019,687,1016,1078,889,627
6020,130,434,356,1157,1366
6021,299,745,101,74,104
6022,956,1858,838,371,451
6023,2111,3935,306,475,399
6024,264,1238,1229,790,792
6025,764,1349,1172,1637,1723
6026,2059,1000,773,1186,1247
6027,7017,8679,8913,8139,7903
6028,2268,2011,1245,2050,2370
6029,2197,2602,2172,2996,3189
6030,479,3115,3242,4437,4750
6031,5688,3490,5534,6760,6257
6032,995,4323,3919,4452,4963
6033,632,8,802,643,620
6034,66,99,254,580,466
6035,199,85,1314,1541,1419
6036,3817,2423,2249,2110,1970
6037,896,655,869,829,787
6038,1773,2957,5102,5216,4793
6039,886,7,117,260,361
6040,398,10,92,276,312
6041,411,959,629,301,168
6042,791,1406,1559,2452,2228
6043,1315,1579,1410,804,863
6044,2914,1527,850,612,605
6045,1612,646,842,684,916
6046,1458,1154,1427,1193,1514
6047,905,571,520,424,556
6048,338,423,1120,927,1169
6049,1685,1368,1068,692,792
6050,1458,3135,1218,2456,2101
6051,735,973,1619,1952,1857
6052,248,502,573,642,664
6053,642,13,565,478,374
6054,87,16,1123,3356,3330
6055,234,80,26,19,39
6056,134,0,19,29,36
6057,2463,970,1719,1689,1787
6058,1032,694,1306,1358,1404
6059,417,976,1803,1676,1703
6060,201,525,783,778,700
6061,1363,657,860,779,701
6062,201,840,2445,1889,1984
6063,1927,2256,2940,3796,3669
6064,1075,211,416,856,782
6065,1127,888,899,1515,1681
6066,1304,644,1094,1218,1136
6067,5,463,91,86,97
6068,6719,4767,1722,1943,1849
6069,446,190,180,110,82
6070,1242,1505,1610,2725,2932
6071,812,213,641,487,380
6072,1770,1145,229,250,314
6073,128,269,441,467,473
6074,168,1549,459,205,257
6075,1289,46,6,16,18
6076,472,93,6,10,9
6077,1044,340,1309,1432,1405
6078,658,659,325,393,471
6079,1150,1301,809,1023,1158
6080,82,4916,6076,5737,5649
6081,118,278,47,86,118
6082,119,280,14,39,62
6083,952,552,1032,684,788
6084,3036,5018,1206,1092,993
6085,1603,349,790,131,131
6086,1648,73,216,56,52
6087,570,931,824,357,352
6088,334,20,203,243,268
6089,830,32,820,718,775
6090,27,203,2380,1722,1784
6091,96,469,1064,1441,1459
6092,648,264,8,13,7
6093,1324,1936,863,1419,1459
6094,2622,2708,3179,2816,2862
6095,941,2670,1023,996,990
6096,818,1173,24,24,17
6097,628,632,64,106,97
6098,1945,1228,2230,2735,2702
6099,944,573,434,824,807
6100,1504,1347,932,1637,1532
6101,2138,1580,1386,918,733
6102,729,99,59,97,49
6103,40,496,143,135,233
6104,37,73,687,694,546
6105,1472,1652,1451,2668,2333
6106,21,139,327,44,42
6107,135,368,1047,142,137
6108,6578,2416,309,317,240
6109,349,2053,547,581,492
6110,240,2363,2974,2627,2392
6111,4060,1070,862,992,959
6112,4349,1355,1506,1601,1477
6113,2968,2938,3437,3945,3960
6114,1722,963,1172,3900,3941
6115,4056,2323,2114,3896,3958
6116,3555,3233,2194,1993,2054
6117,541,1620,736,265,112
6118,577,56,7,2,4
6119,574,137,40,23,23
6120,4322,1850,1439,915,845
6121,88,327,770,2608,2197
6122,63,644,1662,1072,988
6123,443,2002,1510,715,598
6124,155,1639,788,488,390
6125,1311,2175,2244,1106,1160
6126,824,228,644,342,362
6127,1487,302,959,628,680
6128,447,650,2008,1634,1608
6129,627,361,398,232,233
6130,2651,1906,568,396,357
6131,590,246,123,180,215
6132,845,565,877,822,894
6133,663,1650,1998,1676,1582
6134,458,234,237,154,158
6135,230,46,40,68,60
6136,338,617,363,381,310
6137,285,226,91,129,95
6138,1897,1060,682,655,679
6139,1637,616,1292,1268,1146
6140,466,87,175,209,203
6141,1510,1038,1644,1346,1233
6142,5058,5727,4079,6299,6512
6143,2682,2373,2148,1781,1726
6144,410,580,1023,957,889
6145,2246,3589,3597,3594,3516
6146,337,178,259,222,193
6147,1101,230,3,53,73
6148,211,552,698,1780,1926
6149,208,658,123,29,37
6150,97,614,608,2103,1973
6151,223,4212,4517,3671,3335
6152,2136,884,901,2886,2741
6153,35,264,700,658,843
6154,48,381,685,542,767
6155,2208,1288,459,465,564
6156,303,1258,2555,2263,2492
6157,1307,791,405,445,455
6158,1604,606,189,199,186
6159,831,267,832,1462,1520
6160,661,613,302,171,262
6161,966,749,468,188,277
6162,1086,297,579,983,974
6163,330,1740,465,765,815
6164,1578,907,1006,1567,1851
6165,3673,2793,3298,1241,1335
6166,9,1285,407,230,139
6167,7,1545,163,101,52
6168,1759,2705,2431,2092,2231
6169,1154,2220,2394,2443,2836
6170,1993,3550,2283,2334,2393
6171,5103,5008,1127,2934,3063
6172,677,12,41,25,22
6173,231,50,361,151,181
6174,21,156,62,15,15
6175,75,166,14,17,14
6176,121,512,17,12,11
6177,5408,3086,3367,2424,2582
6178,2613,1934,1350,1196,1283
6179,2056,1765,1359,1236,1351
6180,364,196,75,103,82
6181,288,133,213,55,50
6182,202,586,74,572,687
6183,1283,1552,2901,1709,1639
6184,2718,1376,522,749,875
6185,594,164,631,481,337
6186,38,514,125,58,107
6187,29,930,186,81,115
6188,708,956,932,1629,1739
6189,1904,402,1508,1249,1244
6190,221,1371,357,279,285
6191,575,277,221,128,140
6192,3287,2,575,217,151
6193,2104,3008,474,529,576
6194,2271,6,570,260,181
6195,254,146,683,714,580
6196,2153,2336,1652,1218,985
6197,316,385,221,229,164
6198,3037,2109,254,2357,1948
6199,2450,1275,4106,4256,3691
6200,2118,1762,501,3187,2599
6201,419,48,421,343,410
6202,209,33,253,262,276
6203,612,299,212,437,495
6204,1728,2672,1381,1816,1880
6205,926,250,976,967,1091
6206,1168,243,283,267,296
6207,817,135,1250,1348,1401
6208,210,1644,1716,1378,1460
6209,154,198,1708,2117,2197
6210,200,38,141,86,81
6211,1,57,25,19,20
6212,312,169,30,29,32
6213,1717,1511,1618,1856,1933
6214,847,1513,1379,1993,1989
6215,1775,2373,1804,3503,3768
6216,411,234,406,569,550
6217,317,182,2406,2531,2783
6218,236,167,604,546,572
6219,2213,2059,4605,3469,2934
6220,1648,731,874,1240,1292
6221,1479,465,1119,1204,1146
6222,3027,20,226,993,1047
6223,573,8,105,1598,1682
6224,746,70,1762,2190,2229
6225,1214,1040,607,930,790
6226,1341,337,1314,741,957
6227,941,291,1099,788,1016
6228,34,274,481,344,274
6229,2208,1362,319,235,167
6230,29,303,303,158,150
6231,590,1694,1087,874,851
6232,2178,1418,766,747,806
6233,693,2084,593,664,793
6234,1436,487,551,556,472
6235,1367,428,256,597,646
6236,1843,1529,998,995,839
6237,1262,1501,1211,1961,2019
6238,1653,836,777,656,562
6239,354,1023,932,1585,1606
6240,127,762,539,317,435
6241,637,1127,428,457,378
6242,178,1122,644,447,515
6243,88,358,1009,1591,1708
6244,184,419,559,458,373
6245,80,501,381,281,246
6246,741,26,49,8,10
6247,75,49,20,2,2
6248,6910,6565,5567,7206,7238
6249,126,733,884,216,279
6250,2001,835,805,2308,2377
6251,240,725,196,52,44
6252,171,791,397,627,747
6253,200,1176,229,1280,1402
6254,590,1386,1025,659,571
6255,995,734,458,234,219
6256,1438,80,862,1265,1293
6257,851,215,439,286,265
6258,2205,1183,1803,1182,1141
6259,2970,1862,1413,2072,2123
6260,5575,1801,2522,1660,1514
6261,4555,2447,1056,460,393
6262,1521,3075,2553,2067,2017
6263,1569,5904,3372,3499,3996
6264,2664,459,976,1752,1693
6265,1666,1582,2727,2491,2534
6266,1035,3329,6485,5811,5730
6267,614,640,525,434,470
6268,235,2,224,232,282
6269,222,6,86,85,80
6270,75,448,353,209,186
6271,2494,1819,1912,1479,1714
6272,2014,1356,309,83,126
6273,1094,2273,1570,1655,1534
6274,355,1382,1781,1756,1639
6275,272,1807,2669,2912,2998
6276,474,194,269,1066,1278
6277,2366,3397,1137,2605,2978
6278,1571,904,1039,1286,1282
6279,2362,3786,3306,2059,1877
6280,1560,2516,2631,1325,1272
6281,1708,1003,2019,3676,3459
6282,332,1605,3787,3711,3821
6283,751,1280,819,1851,1574
6284,265,521,1084,1820,1468
6285,1510,824,2360,2212,2074
6286,2906,1287,1679,883,1064
6287,5125,2335,1208,673,661
6288,441,159,184,505,488
6289,1211,260,159,331,313
6290,923,1573,678,392,413
6291,3365,2031,3217,2915,2886
6292,3376,4810,5915,5146,4970
6293,2099,314,1534,1267,1371
6294,234,16,463,295,331
6295,792,2354,232,1516,1544
6296,651,71,741,1176,1286
6297,233,1640,1230,971,1028
6298,24,34,87,126,133
6299,45,701,905,345,400
6300,2668,1606,54,272,210
6301,1427,624,10,653,999
6302,708,3371,860,223,168
6303,1315,1312,1880,1352,1331
6304,2340,5995,4559,3724,3828
6305,3049,2369,5062,3173,3159
6306,720,106,72,98,84
6307,444,1079,245,238,247
6308,398,213,140,146,138
6309,2216,41,514,1243,1214
6310,1380,15,191,586,647
6311,3948,2399,1952,968,1018
6312,40,865,118,255,170
6313,91,59,18,48,53
6314,34,31,755,459,561
6315,1097,921,1860,1653,1895
6316,1506,1051,710,679,630
6317,601,318,435,454,556
6318,535,1043,1141,1312,1175
6319,1282,234,744,1020,873
6320,922,343,800,1034,903
6321,367,876,149,442,585
6322,1026,2872,3355,2678,2108
6323,272,1423,219,944,1124
6324,248,113,3,0,1
6325,3255,2095,3232,4813,4940
6326,374,160,2,0,4
6327,52,531,175,100,125
6328,194,591,542,615,334
6329,103,776,430,250,284
6330,587,2897,1577,1906,1474
6331,1153,4368,660,772,714
6332,2913,3074,922,843,720
6333,327,1040,351,275,322
6334,234,445,457,278,345
6335,22,1439,720,368,284
6336,135,479,608,352,259
6337,59,681,341,89,57
6338,47,238,390,359,324
6339,890,983,398,280,235
6340,1485,2107,4384,3137,3041
6341,254,1513,338,201,183
6342,1029,1391,790,1311,1286
6343,2749,1679,2333,2174,2112
6344,6602,5146,6352,6279,6061
6345,1581,1877,652,546,703
6346,517,698,803,433,557
6347,1007,1597,1700,696,894
6348,4017,8198,5003,2961,3067
6349,631,933,485,356,293
6350,1088,2275,2175,1669,1465
6351,3595,1667,2091,1625,1439
6352,2022,1064,654,640,636
6353,3411,2354,1232,1485,1449
6354,1160,329,157,49,70
6355,1667,1712,935,1214,1437
6356,565,202,126,50,67
6357,651,313,188,272,314
6358,346,539,144,324,358
6359,677,1465,2569,934,849
6360,1844,1278,1258,1600,1520
6361,1582,4079,2056,2183,2045
6362,2298,988,537,749,884
6363,141,30,202,232,199
6364,217,27,169,49,29
6365,3252,3862,2776,2483,2720
6366,1178,1680,1888,2021,2038
6367,1347,269,632,691,717
6368,1659,5741,6300,5455,5362
6369,968,391,727,479,527
6370,800,797,396,633,696
6371,305,246,55,39,43
6372,1524,2250,932,729,785
6373,2432,1947,1276,826,825
6374,1859,1819,2181,1580,1710
6375,1487,542,24,6,10
6376,263,311,722,810,729
6377,443,313,87,52,46
6378,1115,2917,1416,1139,1014
6379,884,1903,1595,1312,1307
6380,2039,2213,1088,672,576
6381,335,32,64,24,23
6382,185,18,19,6,6
6383,3012,236,2115,1775,1780
6384,266,1577,394,686,1057
6385,961,193,285,172,224
6386,408,175,158,240,227
6387,256,15,410,658,570
6388,149,12,728,485,458
6389,186,743,807,771,855
6390,1776,779,729,470,478
6391,532,1533,308,377,401
6392,2356,1199,174,473,454
6393,2428,1448,1266,772,408
6394,1681,1656,626,496,282
6395,2325,1393,1330,1192,1458
6396,2835,2605,2167,2123,2042
6397,1277,206,202,152,79
6398,3091,420,562,542,399
6399,1415,2247,1165,1071,934
6400,1891,1716,2554,2073,2334
6401,353,400,580,409,441
6402,288,926,639,536,499
6403,201,516,45,158,126
6404,131,574,1163,1486,1539
6405,2127,3275,2250,2264,2210
6406,988,1005,784,673,692
6407,339,814,976,910,882
6408,1447,817,1596,1248,997
6409,844,2927,46,176,72
6410,1207,2147,12,102,48
6411,388,163,88,289,519
6412,138,526,705,385,385
6413,341,212,122,256,369
6414,780,364,340,175,128
6415,1148,463,169,95,83
6416,763,273,422,255,166
6417,410,1131,396,520,642
6418,5083,1986,3546,3478,2923
6419,175,2101,411,489,611
6420,380,1723,2272,698,695
6421,233,522,651,497,446
6422,155,453,674,476,387
6423,436,276,311,102,70
6424,1258,704,406,232,216
6425,196,591,143,81,78
6426,1087,345,2196,1242,1148
6427,443,337,2205,2064,2014
6428,762,763,1103,627,720
6429,132,47,14,206,192
6430,1058,2849,2813,1393,1566
6431,152,165,47,776,593
6432,1138,167,478,297,484
6433,1168,1730,1506,1161,1190
6434,1607,480,965,542,890
6435,694,31,554,665,751
6436,456,821,791,473,467
6437,832,60,930,638,581
6438,211,2,7,41,31
6439,1074,1657,830,952,861
6440,1582,1088,134,138,179
6441,1229,701,86,58,45
6442,1054,914,3349,2827,2832
6443,1094,339,167,135,113
6444,222,143,166,47,98
6445,200,808,592,674,669
6446,969,621,766,199,387
6447,1138,1857,405,945,1242
6448,1226,1171,447,358,282
6449,373,362,118,52,40
6450,75,70,29,58,57
6451,35,59,15,36,41
6452,521,40,16,87,93
6453,1118,1842,635,473,838
6454,95,534,107,108,180
6455,5245,1404,659,2823,2781
6456,732,45,17,3,0
6457,1550,1881,1248,1193,1039
6458,442,101,99,39,17
6459,3004,2526,1889,2278,2204
6460,79,23,66,309,255
6461,44,20,72,223,183
6462,4759,723,5819,6647,5684
6463,662,636,1561,1032,1142
6464,711,665,3225,2498,2703
6465,3914,2647,304,646,793
6466,55,11,22,39,57
6467,2886,1903,674,2356,2520
6468,1547,2468,1634,1757,2078
6469,274,18,73,10,14
6470,270,12,128,18,13
6471,199,1464,2255,1641,1924
6472,215,1192,1308,1185,1241
6473,221,3055,5835,5423,5393
6474,1134,2,840,720,705
6475,1339,82,2281,1241,1021
6476,985,3,815,586,569
6477,3306,2475,1436,2094,1852
6478,3352,2074,995,612,498
6479,4022,1619,957,3018,3147
6480,220,88,292,148,246
6481,196,578,9,31,40
6482,1913,738,573,737,726
6483,2225,1602,135,206,189
6484,2994,1062,148,215,197
6485,2288,2133,2393,2444,2297
6486,1706,222,285,223,549
6487,5233,6015,5700,3935,3705
6488,2352,735,716,458,780
6489,207,1376,879,1035,881
6490,1136,1585,1645,2057,2179
6491,113,2401,204,375,319
6492,167,365,432,450,406
6493,45,515,342,368,276
6494,3623,3450,2644,2944,2980
6495,1209,1458,1091,759,672
6496,28,29,354,208,304
6497,5276,4671,3515,2949,2852
6498,3,134,806,494,610
6499,4,25,17,51,70
6500,128,25,12,55,77
6501,991,1045,889,1494,1691
6502,1077,432,213,80,111
6503,441,217,311,131,147
6504,214,1769,203,141,99
6505,179,1227,272,261,172
6506,1382,875,1303,1246,1664
6507,0,9,293,91,128
6508,2,7,182,44,58
6509,652,1634,1722,2011,1939
6510,2449,108,773,715,704
6511,1991,138,632,547,508
6512,3348,7136,8287,8309,8310
6513,1418,2455,1873,893,669
6514,237,427,1360,449,416
6515,146,78,119,48,53
6516,458,2630,2825,2296,2276
6517,737,965,1238,536,646
6518,520,3691,3317,2657,2848
6519,741,1074,2105,2007,1849
6520,2764,3689,1396,2187,2317
6521,453,507,1150,1040,988
6522,139,43,227,2078,2115
6523,60,21,195,199,223
6524,3644,4593,4372,3250,3199
6525,2222,1229,655,338,560
6526,755,551,678,447,349
6527,1141,593,258,161,207
6528,917,739,1016,662,705
6529,240,316,979,598,775
6530,941,56,129,105,43
6531,1037,1264,335,227,167
6532,3125,3540,6139,5919,5346
6533,1056,535,1025,404,460
6534,541,668,440,1271,1296
6535,853,537,458,907,918
6536,373,339,458,1334,1348
6537,519,903,960,886,835
6538,2215,2304,2258,2180,2262
6539,154,905,1983,1717,2274
6540,329,423,1161,1529,1234
6541,1003,1206,1652,1645,1842
6542,393,805,25,244,310
6543,107,8,1383,89,51
6544,50,93,151,35,34
6545,2573,64,295,168,153
6546,849,3692,2780,2894,2595
6547,2360,4103,4183,4868,4656
6548,880,4141,4065,4328,4836
6549,92,303,505,897,786
6550,1904,5147,4493,4454,4700
6551,42,122,480,804,733
6552,2380,675,187,149,144
6553,1915,1157,1239,1047,1008
6554,1450,1645,993,802,845
6555,926,278,902,736,825
6556,482,459,388,526,487
6557,668,426,614,768,806
6558,2019,507,44,553,331
6559,254,891,77,645,446
6560,383,158,896,445,499
6561,2876,2351,392,147,185
6562,2215,1381,172,93,111
6563,2114,806,322,823,893
6564,974,1515,1533,1433,1481
6565,2567,632,409,379,449
6566,1513,1119,1037,1046,1170
6567,1103,1520,718,749,837
6568,3069,1858,2993,2852,2653
6569,1218,331,562,754,837
6570,6797,8736,8746,8315,8065
6571,3136,2679,2273,2403,2524
6572,2517,2579,1828,2118,2300
6573,1007,1747,398,735,878
6574,6349,5011,2880,2902,2765
6575,346,368,89,223,300
6576,742,667,362,305,453
6577,4902,4310,1612,1595,1321
6578,707,1781,820,648,832
6579,627,120,631,317,394
6580,148,73,283,198,179
6581,98,1021,318,223,207
6582,157,585,332,281,255
6583,49,337,561,524,564
6584,905,941,393,369,289
6585,670,470,12,276,174
6586,1062,1197,1438,1808,1752
6587,131,143,13,114,82
6588,9,5,1,10,6
6589,35,35,936,477,735
6590,5064,8185,6032,5297,4980
6591,2212,965,856,906,1070
6592,3011,1574,180,588,702
6593,1952,825,296,871,1078
6594,110,998,96,81,151
6595,2240,2762,1441,1489,1259
6596,194,1822,271,334,580
6597,1826,674,2234,3397,3487
6598,62,397,3189,4071,4074
6599,100,3519,734,6201,6257
6600,9,949,312,287,201
6601,15,875,669,526,535
6602,910,400,43,47,49
6603,2320,678,63,103,158
6604,36,727,115,106,183
6605,56,568,1545,1123,891
6606,3853,54,198,285,358
6607,20,74,108,130,153
6608,1236,852,96,303,275
6609,11,20,59,159,194
6610,39,490,186,22,20
6611,18,13,216,85,93
6612,632,274,1275,1071,1233
6613,351,230,16,78,121
6614,1206,2249,1210,1910,1456
6615,309,334,486,1211,1285
6616,344,218,370,1023,984
6617,1005,2059,1870,1775,1844
6618,942,886,801,1208,1227
6619,862,2143,2173,1965,2009
6620,521,522,932,1195,1227
6621,681,1334,1278,2764,2206
6622,369,144,234,100,166
6623,179,121,106,55,79
6624,52,132,3,8,10
6625,1034,1454,3552,3176,3258
6626,418,384,75,138,147
6627,343,3989,3253,3820,3703
6628,206,2046,103,47,27
6629,76,555,387,124,107
6630,278,1,97,595,606
6631,543,1,215,779,777
6632,790,2050,249,678,789
6633,1749,1943,103,53,70
6634,168,340,196,474,534
6635,297,242,127,96,101
6636,199,3503,2522,3365,3075
6637,129,5621,5816,6457,6154
6638,1755,3093,4281,4432,4554
6639,132,7,48,92,77
6640,2613,3916,1289,1308,1399
6641,3886,3901,1588,2025,1811
6642,530,2247,540,193,314
6643,2353,990,141,76,125
6644,938,6865,5295,4602,4595
6645,1540,1620,1937,5671,5714
6646,1454,853,2095,1386,1088
6647,1211,205,1113,682,504
6648,84,318,15,200,203
6649,1195,1486,866,957,830
6650,59,475,33,246,262
6651,62,537,285,155,176
6652,272,765,172,82,96
6653,50,173,177,123,119
6654,630,1572,2450,2570,2389
6655,3190,4014,2767,3439,3363
6656,382,1527,2199,2605,2360
6657,4219,3835,2231,1185,822
6658,3580,8979,7779,7666,7309
6659,5195,3914,920,588,423
6660,142,359,107,289,248
6661,133,215,874,891,1035
6662,1830,1562,826,1687,1623
6663,1416,1274,2735,2025,2221
6664,1691,1569,2052,2125,2234
6665,1422,1039,1517,1137,1156
6666,3205,683,1718,1311,1394
6667,4368,1260,3600,2589,2635
6668,3864,2409,2286,2398,2355
6669,1244,1325,590,2669,2538
6670,381,116,156,15,26
6671,940,1226,923,184,202
6672,789,399,912,801,862
6673,1335,2172,946,1328,1351
6674,6995,6390,1376,640,639
6675,765,255,356,237,193
6676,123,105,0,1,1
6677,222,171,0,0,0
6678,306,1268,489,305,261
6679,322,15,1059,794,891
6680,1000,12,504,396,364
6681,196,97,79,73,46
6682,387,218,442,899,1038
6683,49,89,28,22,18
6684,3702,1030,1966,6133,5489
6685,102,257,13,27,24
6686,2,36,161,118,118
6687,59,74,886,1596,1624
6688,80,61,291,72,100
6689,1092,578,47,31,22
6690,73,420,387,157,237
6691,63,1099,224,1387,1253
6692,150,52,156,57,81
6693,101,44,35,63,76
6694,73,53,10,34,48
6695,116,1596,1008,688,751
6696,1090,40,27,117,129
6697,1815,113,138,243,376
6698,1541,1446,151,102,175
6699,1727,630,528,1120,1139
6700,1011,969,626,1157,1238
6701,1363,444,298,959,1239
6702,62,82,0,0,1
6703,666,27,179,144,108
6704,32,351,0,0,0
6705,597,68,21,81,97
6706,331,201,623,648,752
6707,259,89,35,133,147
6708,479,85,1747,1352,1286
6709,258,438,229,82,47
6710,631,260,134,90,62
6711,2003,4127,3441,3296,3145
6712,1829,2571,862,532,538
6713,1401,1746,1351,973,983
6714,301,512,729,334,422
6715,194,196,825,579,699
6716,704,38,20,40,20
6717,534,404,634,317,352
6718,371,1721,92,46,42
6719,328,204,9,10,7
6720,2150,2424,2693,3571,3607
6721,786,2350,2628,2770,2692
6722,853,199,40,42,42
6723,69,31,334,116,153
6724,50,23,124,114,156
6725,2475,1589,2096,1846,1802
6726,552,337,583,309,286
6727,267,196,518,1661,1473
6728,1356,390,518,1013,1020
6729,5912,5216,3383,5172,4970
6730,1004,1000,103,16,10
6731,634,503,222,197,217
6732,287,82,105,155,135
6733,696,1739,100,121,156
6734,133,57,449,213,253
6735,586,1568,1233,714,754
6736,101,760,362,647,470
6737,1535,514,839,960,877
6738,2535,764,1878,1679,1445
6739,425,958,999,1226,1208
6740,377,1507,581,932,1143
6741,164,382,12,66,31
6742,9,2,4,4,7
6743,0,2,0,0,1
6744,0,98,69,42,58
6745,908,2004,2214,2157,2151
6746,0,197,69,81,90
6747,640,686,33,207,159
6748,1625,1016,37,320,331
6749,2017,984,123,208,144
6750,269,4249,3989,6133,5666
6751,2683,2307,1552,2417,2250
6752,2098,194,1247,692,564
6753,1886,2637,3436,2534,2372
6754,1931,2637,2203,1597,1585
6755,4907,5331,1491,1085,899
6756,3708,2058,932,887,942
6757,876,1342,207,314,356
6758,948,1389,622,789,980
6759,3662,2524,4586,6374,6070
6760,2598,1219,615,2585,2577
6761,1701,1133,1350,3513,3436
6762,3380,769,1250,1528,1484
6763,3617,2752,3495,2872,2695
6764,2989,1237,4129,2916,2180
6765,2645,1536,1622,1332,1250
6766,3725,6304,6846,7211,7179
6767,4918,2662,2875,2951,2564
6768,2859,3339,855,746,649
6769,3484,4109,793,688,665
6770,304,237,12,33,28
6771,1255,1355,836,495,441
6772,1779,338,393,710,632
6773,987,1140,697,1291,1377
6774,3220,907,1005,1440,1341
6775,888,750,705,969,996
6776,2685,5335,6610,5217,5239
6777,3670,6721,4484,5663,5756
6778,2418,1698,842,888,692
6779,3106,458,570,663,419
6780,139,577,354,641,742
6781,31,135,210,58,73
6782,880,287,650,619,546
6783,450,288,122,442,553
6784,855,1053,501,179,238
6785,612,87,255,273,303
6786,139,341,161,481,288
6787,651,528,78,165,110
6788,1882,1194,689,684,782
6789,709,38,141,207,205
6790,1554,9,53,96,83
6791,1777,1890,1193,1115,1109
6792,2519,2896,1106,1141,1288
6793,1706,270,295,209,217
6794,1991,5304,1431,2513,2167
6795,1394,980,241,297,301
6796,117,2871,3719,4402,4181
6797,228,1701,260,356,331
6798,553,990,930,899,1111
6799,941,501,1027,1079,1062
6800,5412,3955,1516,723,992
6801,2679,749,759,311,275
6802,2336,1404,1544,1329,1495
6803,12,916,550,504,531
6804,419,423,111,156,161
6805,533,332,821,425,331
6806,581,635,306,486,472
6807,2506,1768,1909,1848,1853
6808,2346,1118,1239,1003,942
6809,3651,1922,1976,1295,1360
6810,33,937,964,1124,1102
6811,714,164,5,33,33
6812,54,233,100,150,139
6813,94,245,65,3,2
6814,277,233,302,3437,3094
6815,4360,78,120,11,6
6816,37,203,236,169,213
6817,32,30,46,42,61
6818,4664,1805,3094,4052,4242
6819,2054,2700,2913,2211,2295
6820,2245,1864,3296,2617,2775
6821,1198,554,2754,2387,2374
6822,194,848,218,1474,1464
6823,273,582,718,843,805
6824,1778,795,290,1507,1489
6825,319,1150,1781,1455,1580
6826,614,1165,1997,2122,2222
6827,984,1590,1942,1156,1182
6828,461,477,1367,1183,1009
6829,22,302,308,1873,2029
6830,867,1289,810,507,368
6831,3561,3625,107,50,52
6832,2022,975,1424,1892,1990
6833,1027,333,157,75,79
6834,54,143,91,103,118
6835,103,328,205,149,181
6836,3679,1482,3616,4693,4779
6837,251,454,564,1163,1273
6838,67,736,386,147,150
6839,1325,548,289,81,88
6840,747,553,2537,4159,4033
6841,534,2444,1486,2184,2317
6842,880,6452,6699,6127,5914
6843,2090,324,438,668,702
6844,1039,465,94,128,137
6845,1739,123,360,827,838
6846,422,4812,4872,4556,4769
6847,625,853,1495,1294,1753
6848,739,1789,2007,2069,2946
6849,562,287,223,295,222
6850,796,831,342,355,259
6851,2096,1635,838,1458,1391
6852,2396,2165,1940,1785,1873
6853,2806,2584,2618,2694,2718
6854,3628,1823,2022,1847,1957
6855,3733,2628,4820,4612,4790
6856,63,1617,950,568,602
6857,303,181,57,148,202
6858,616,685,686,524,496
6859,710,1206,316,657,652
6860,1328,1505,1050,783,679
6861,511,1310,1651,1133,1167
6862,537,1140,1184,1065,1135
6863,470,993,551,854,802
6864,1291,362,1264,1578,1620
6865,851,64,1624,1059,935
6866,1244,303,421,1161,1054
6867,881,1245,418,303,366
6868,1082,106,21,3,9
6869,1327,381,46,4,12
6870,1049,154,82,121,102
6871,679,90,51,53,36
6872,555,2211,2714,3806,3565
6873,349,450,1298,1691,1787
6874,736,129,844,282,356
6875,6,116,106,23,23
6876,2656,1671,173,171,359
6877,17,186,560,909,804
6878,40,44,466,782,1308
6879,512,109,834,5364,5671
6880,2849,2825,1481,764,814
6881,3198,361,1547,1139,1320
6882,284,203,243,191,216
6883,354,100,26,11,12
6884,39,82,50,50,57
6885,10,699,17,4,10
6886,3,1679,930,426,614
6887,943,1904,2996,2481,2004
6888,2503,1363,3078,3845,3584
6889,2036,1394,2707,3636,3281
6890,1838,4003,1053,667,635
6891,1626,531,685,824,921
6892,122,89,48,89,73
6893,7,235,117,112,158
6894,7,15,303,187,224
6895,2544,1850,2741,2279,1963
6896,2040,2280,2343,2081,2092
6897,177,321,318,33,50
6898,44,420,1101,1269,1018
6899,449,986,291,279,230
6900,176,27,173,277,283
6901,136,54,337,222,211
6902,318,473,35,108,162
6903,198,457,249,314,356
6904,1472,1311,885,479,698
6905,3731,3388,1282,1286,1193
6906,2926,905,467,532,534
6907,2211,2646,2452,2396,2511
6908,404,1192,469,1397,1317
6909,669,1241,1021,628,695
6910,968,176,480,186,296
6911,261,118,37,12,13
6912,1803,2433,6760,5573,5646
6913,496,374,653,148,157
6914,2285,4882,1987,2332,2493
6915,230,300,173,83,98
6916,79,612,454,361,250
6917,354,32,41,25,21
6918,144,129,114,23,21
6919,220,1418,1008,1149,1111
6920,3263,1366,2196,1919,1897
6921,856,270,392,528,559
6922,3267,4895,3641,5021,5997
6923,56,111,71,124,103
6924,417,1259,1273,929,769
6925,371,130,83,59,45
6926,776,1313,1371,1088,787
6927,155,48,199,66,71
6928,722,469,425,668,679
6929,469,174,124,254,247
6930,835,455,845,684,669
6931,723,342,156,121,174
6932,2365,516,20,69,46
6933,384,368,1556,785,617
6934,602,2024,1457,1054,732
6935,697,33,760,1533,1506
6936,702,285,837,980,1038
6937,5954,6103,5416,4494,4251
6938,47,176,707,566,424
6939,1493,55,334,83,94
6940,0,1,0,0,0
6941,233,288,565,422,339
6942,417,1189,622,624,806
6943,2427,1576,730,721,806
6944,333,67,51,119,86
6945,915,749,1299,938,896
6946,415,241,171,99,72
6947,414,347,13,160,251
6948,2203,1645,836,555,576
6949,113,90,677,170,149
6950,1224,928,685,765,802
6951,1656,327,43,128,107
6952,1631,1387,1710,1385,1255
6953,1078,1749,725,938,1090
6954,117,367,400,302,282
6955,1210,2172,628,400,538
6956,267,60,8,31,17
6957,16,14,61,48,72
6958,992,4670,838,232,157
6959,3662,326,33,16,19
6960,3610,3201,6183,5552,5273
6961,704,757,970,1266,1274
6962,17,39,4,10,9
6963,71,266,485,143,167
6964,165,94,25,15,12
6965,549,1146,560,215,151
6966,1291,1032,1190,960,1075
6967,637,594,1299,1297,1106
6968,41,1258,681,324,374
6969,756,274,721,434,401
6970,634,1043,395,54,44
6971,158,2153,220,285,164
6972,53,11,156,46,85
6973,2,117,7,47,42
6974,120,0,2,11,20
6975,85,716,877,1108,996
6976,336,1778,154,245,236
6977,5317,5561,2649,2149,1563
6978,68,411,384,149,168
6979,457,889,1365,460,554
6980,339,419,336,187,354
6981,1224,962,251,189,268
6982,4375,4149,4536,4431,4504
6983,194,1281,1484,1358,1451
6984,35,236,1030,876,917
6985,15,56,109,109,132
6986,2162,2096,525,347,282
6987,1511,2776,2231,753,825
6988,3218,117,101,61,63
6989,1082,2058,763,308,340
6990,641,372,753,871,1000
6991,257,131,348,696,856
6992,928,70,1189,1142,1499
6993,350,1181,636,788,614
6994,1596,404,12,11,3
6995,622,23,441,462,448
6996,687,417,706,775,773
6997,861,1575,3889,4194,4068
6998,43,1034,439,510,408
6999,587,726,1054,705,469
7000,305,1533,105,550,395
7001,2409,1663,3708,2739,3131
7002,128,211,785,685,721
7003,1903,529,1294,692,648
7004,306,1446,333,1203,972
7005,966,314,156,354,262
7006,205,153,917,1676,2002
7007,153,26,58,658,714
7008,620,435,274,206,209
7009,2127,137,2406,2663,2917
7010,1674,602,1872,1668,1733
7011,1660,466,1386,1496,1643
7012,80,1084,1689,1388,1182
7013,348,99,1026,612,518
7014,771,941,714,216,223
7015,1477,1834,965,960,943
7016,1447,1908,1279,479,455
7017,861,491,258,347,316
7018,971,745,1067,1637,1926
7019,4,143,182,148,196
7020,1106,1845,690,1022,1106
7021,2863,2308,524,691,887
7022,809,819,324,281,420
7023,464,691,1883,520,513
7024,788,14,583,148,181
7025,9,11,2,94,77
7026,1080,211,1009,467,616
7027,1415,2195,5024,3501,3241
7028,918,1536,393,764,799
7029,2644,1980,903,281,313
7030,2707,2030,3233,2676,2989
7031,125,350,564,201,278
7032,24,14,40,80,97
7033,3149,1924,1609,1148,1023
7034,355,74,1255,975,838
7035,388,541,399,159,138
7036,2061,894,178,290,248
7037,1468,2230,1752,1793,1691
7038,150,434,155,289,288
7039,3525,8295,2063,944,780
7040,577,635,2306,1298,1205
7041,6044,5331,2550,2340,1802
7042,856,673,412,525,499
7043,975,2111,1440,1699,1597
7044,1064,112,121,77,80
7045,884,1618,3582,2414,2655
7046,1456,2077,2423,2128,2130
7047,389,447,201,267,227
7048,1369,1210,276,422,376
7049,48,47,214,361,420
7050,423,108,93,123,127
7051,438,379,176,141,169
7052,723,1386,364,583,726
7053,836,1041,0,0,0
7054,125,2221,2548,2843,2671
7055,1379,1149,1107,377,356
7056,1003,724,228,352,322
7057,328,664,1453,1550,1453
7058,808,286,15,161,155
7059,9,245,78,135,136
7060,576,594,682,2166,1972
7061,168,143,679,417,390
7062,8,429,248,891,962
7063,62,276,80,102,101
7064,377,251,82,71,67
7065,2791,1868,3588,3557,3672
7066,1143,1029,611,397,394
7067,6779,5358,5392,4552,3982
7068,2330,7133,5860,6228,5583
7069,1679,603,288,108,172
7070,264,605,1571,455,357
7071,196,237,298,265,371
7072,20,6,38,39,50
7073,41,15,54,51,50
7074,548,1777,1115,518,533
7075,187,551,966,1087,901
7076,1701,476,184,155,137
7077,294,26,323,128,112
7078,2868,1235,789,404,351
7079,16,474,9,110,226
7080,1071,1656,1180,1455,1468
7081,1694,751,493,533,418
7082,1020,1006,629,812,837
7083,1766,1494,300,107,133
7084,127,287,385,212,156
7085,154,635,814,1507,1154
7086,744,1679,1440,1227,1108
7087,311,202,2347,641,493
7088,764,739,216,107,104
7089,319,841,857,1096,1318
7090,382,343,499,679,657
7091,733,1078,273,358,406
7092,32,575,1405,1207,1445
7093,1225,1062,862,1099,1169
7094,4676,1528,2186,2236,2199
7095,386,1692,814,956,847
7096,1449,1292,451,934,815
7097,55,406,586,318,256
7098,1076,104,58,25,26
7099,177,1171,614,464,488
7100,6439,1817,757,556,802
7101,381,47,46,26,40
7102,525,223,424,544,544
7103,1496,4,418,211,306
7104,191,404,36,42,24
7105,369,92,103,45,52
7106,45,0,1,3,1
7107,1556,227,209,88,116
7108,19,176,80,47,71
7109,250,716,1027,776,966
7110,352,569,120,113,109
7111,204,2,1,3,4
7112,470,165,674,680,676
7113,77,236,140,141,151
7114,1603,5050,2410,2874,2633
7115,239,111,32,300,348
7116,740,805,340,340,338
7117,207,433,14,187,163
7118,255,103,27,279,307
7119,437,302,1287,780,639
7120,1851,2580,1251,1314,727
7121,271,823,1505,1464,1834
7122,364,404,29,24,43
7123,145,114,120,223,223
7124,717,287,444,348,287
7125,111,1,12,113,118
7126,261,284,433,1112,1135
7127,25,155,42,179,130
7128,101,38,925,866,1113
7129,52,679,889,1317,1412
7130,948,328,640,421,423
7131,40,783,98,43,50
7132,4574,3901,1930,2152,2053
7133,1283,1699,775,1833,1680
7134,106,167,594,526,503
7135,216,262,766,797,684
7136,266,95,1094,854,752
7137,9,392,101,65,81
7138,293,408,1372,1352,1239
7139,1019,301,15,6,10
7140,70,1840,1953,1739,1561
7141,2553,1313,1504,1546,1752
7142,170,196,511,305,326
7143,137,590,603,83,84
7144,1354,441,556,255,233
7145,141,282,742,2339,2539
7146,2647,2512,2506,3193,3338
7147,861,622,1022,1004,772
7148,68,81,152,238,218
7149,177,166,811,485,609
7150,120,109,14,26,10
7151,829,3067,2442,3297,2760
7152,233,632,540,593,640
7153,145,572,1232,1692,1535
7154,106,27,2,22,17
7155,1174,134,2,1,1
7156,537,1073,8,3,7
7157,1859,1324,296,868,1061
7158,585,384,875,979,789
7159,27,223,56,60,82
7160,2429,1510,2111,1673,1422
7161,40,331,2784,2200,2825
7162,349,698,1115,1134,1053
7163,928,1012,957,978,1083
7164,1328,1938,1049,1218,1461
7165,1074,551,1011,734,801
7166,1982,1245,894,456,276
7167,1,507,150,192,127
7168,658,854,225,741,743
7169,158,307,1421,1273,1587
7170,32,161,180,105,93
7171,1009,2563,1320,1385,1069
7172,51,205,6,37,31
7173,1594,41,125,103,124
7174,143,1449,1065,1563,1522
7175,1553,1565,927,1006,933
7176,695,1472,875,573,564
7177,1818,184,514,140,243
7178,4603,300,2981,2131,2813
7179,887,2946,3633,3745,4441
7180,22,47,437,338,237
7181,2748,14,196,87,94
7182,0,0,1,1,1
7183,717,1895,1091,649,653
7184,2711,1412,5458,6167,5836
7185,66,180,28,9,9
7186,976,813,1419,1299,1293
7187,394,797,1135,2595,2610
7188,415,827,1327,921,740
7189,53,721,17,68,27
7190,84,1170,161,233,87
7191,588,373,1951,1051,1183
7192,3252,1035,15,18,10
7193,1245,1898,1368,1252,1281
7194,15,7,0,21,19
7195,434,377,553,875,673
7196,186,412,504,607,615
7197,1946,1105,358,314,308
7198,359,244,2959,1297,1119
7199,179,77,0,22,22
7200,921,668,1303,1541,1421
7201,693,722,375,326,295
7202,1088,2993,5852,5414,5804
7203,1160,1602,463,424,422
7204,16,265,328,782,661
7205,1479,690,2628,2758,2414
7206,116,329,139,115,114
7207,224,1372,1585,1812,1780
7208,15,152,588,414,391
7209,1876,42,201,75,50
7210,247,740,493,278,219
7211,804,2400,2059,1200,1118
7212,1869,2933,2660,2311,2352
7213,235,669,147,109,235
7214,1033,199,224,390,480
7215,162,530,503,1365,1311
7216,71,526,156,351,296
7217,849,139,34,7,14
7218,3846,2328,1134,791,779
7219,824,227,741,847,912
7220,157,1264,634,206,319
7221,212,69,75,335,341
7222,859,1882,2143,1805,1763
7223,2942,2734,1489,2616,2187
7224,2545,618,2352,1855,1625
7225,25,407,1479,1143,955
7226,240,214,297,262,260
7227,941,4080,4949,5694,5818
7228,862,353,34,14,13
7229,96,1782,709,557,583
7230,230,473,1750,1958,2204
7231,416,8,72,27,31
7232,979,307,8,1,6
7233,3371,7084,6203,6318,6016
7234,1390,728,157,238,329
7235,791,519,1028,461,531
7236,452,110,161,85,87
7237,174,1516,1302,1468,1511
7238,146,1526,1250,3063,2572
7239,1578,2002,187,203,244
7240,2303,1615,858,1373,1034
7241,328,35,185,198,165
7242,1407,182,4052,3697,2706
7243,907,2014,508,537,541
7244,70,0,0,4,5
7245,1174,2469,3356,3257,3113
7246,1386,63,20,4,1
7247,1747,912,587,327,249
7248,43,328,86,38,53
7249,103,830,764,1776,1899
7250,787,1339,883,649,780
7251,135,10,119,157,114
7252,1028,252,218,150,125
7253,2,1,27,6,11
7254,705,227,53,35,43
7255,303,1158,1184,1201,1194
7256,792,152,359,292,268
7257,2535,132,166,504,415
7258,1308,1830,3253,3210,2993
7259,3073,879,1256,2179,2248
7260,1669,384,847,400,508
7261,1041,496,208,84,114
7262,933,178,1326,1053,653
7263,754,1572,279,677,719
7264,3608,319,1461,670,790
7265,1011,2,521,373,495
7266,138,971,27,102,58
7267,618,27,578,435,365
7268,561,988,171,275,227
7269,933,1255,491,739,666
7270,3014,1930,1829,1679,1765
7271,1170,527,217,48,97
7272,1390,1650,2496,2921,2945
7273,60,999,466,129,109
7274,84,868,977,1003,995
7275,559,2138,384,291,235
7276,337,708,1227,920,842
7277,23,451,2344,1663,1897
7278,1110,816,983,1642,1893
7279,32,177,74,48,32
7280,303,758,77,37,33
7281,1567,93,163,263,281
7282,914,1655,958,1957,2819
7283,2064,749,578,347,388
7284,120,85,238,1077,1156
7285,2396,4031,5905,5226,4723
7286,393,249,27,93,120
7287,392,426,403,48,42
7288,82,647,434,385,343
7289,1081,461,352,137,191
7290,1050,246,110,292,388
7291,1764,313,1044,1206,1214
7292,1095,374,588,1187,1286
7293,902,56,971,1368,1304
7294,4746,1475,88,668,497
7295,145,714,151,596,533
7296,13,19,75,54,32
7297,423,215,75,132,101
7298,1857,97,149,159,149
7299,76,107,165,314,366
7300,297,2,436,362,349
7301,11,18,32,43,52
7302,18,0,7,6,9
7303,45,4,966,1668,1815
7304,43,1340,372,631,381
7305,210,1047,48,86,83
7306,2380,180,27,41,87
7307,2190,2856,2700,2670,2443
7308,396,158,74,650,783
7309,1714,664,1546,382,479
7310,1243,1442,1621,1086,1021
7311,1,623,133,82,75
7312,189,773,153,57,28
7313,149,1279,1290,961,920
7314,1557,578,1032,646,553
7315,815,600,594,2190,2010
7316,314,246,1160,930,1056
7317,1460,273,525,601,538
7318,466,729,634,97,191
7319,42,74,2,2,7
7320,885,95,94,10,24
7321,905,346,261,95,36
7322,138,61,205,112,89
7323,127,2,2,2,2
7324,1323,1198,263,641,740
7325,7127,3651,3660,2861,2763
7326,5336,3948,3906,3406,3677
7327,757,689,163,703,519
7328,105,4,7,8,3
7329,247,565,626,121,176
7330,800,1918,1300,1159,1428
7331,164,121,71,271,211
7332,846,2321,1324,1412,1554
7333,1271,442,2847,2437,2446
7334,329,1688,2865,2358,2041
7335,30,361,966,549,625
7336,1779,1169,5596,6517,6663
7337,2100,2349,1140,934,1179
7338,1188,759,3034,3120,2838
7339,2983,4858,2782,3153,2448
7340,1266,3494,1784,761,628
7341,853,4,93,92,76
7342,467,132,1346,804,938
7343,535,169,1659,1298,1310
7344,666,478,267,125,94
7345,81,8,26,7,5
7346,275,166,1235,1849,1790
7347,62,21,451,166,214
7348,1615,1973,2302,2479,2191
7349,1541,1008,129,61,62
7350,2067,1339,680,569,476
7351,2158,1650,1407,2428,2267
7352,1175,1823,135,31,27
7353,256,86,450,1103,852
7354,131,67,9,36,43
7355,152,964,922,1159,1045
7356,972,1716,1868,2990,3226
7357,1250,166,417,551,589
7358,3137,1013,517,339,523
7359,1005,1281,1677,2097,2114
7360,286,160,249,295,265
7361,1162,477,141,136,202
7362,44,303,12,0,0
7363,54,3,425,265,345
7364,1298,743,2089,2121,2234
7365,354,3986,324,147,191
7366,34,1,0,1,2
7367,4006,2825,317,301,269
7368,2519,202,582,335,380
7369,425,875,1651,2147,2234
7370,75,1068,2475,3645,3618
7371,1631,1083,191,213,145
7372,91,35,250,53,96
7373,189,1878,263,502,625
7374,1662,238,1273,1207,1205
7375,207,5,46,84,64
7376,218,486,123,134,93
7377,240,1880,617,422,257
7378,86,199,33,35,31
7379,867,253,498,430,403
7380,242,47,281,836,1032
7381,566,1133,824,432,460
7382,1755,686,717,1282,1424
7383,1139,36,323,406,429
7384,896,4447,6666,4116,4019
7385,2881,3752,174,78,73
7386,586,2551,170,392,397
7387,520,1201,997,761,578
7388,518,1212,77,33,26
7389,1704,1108,377,439,510
7390,2963,2522,3203,3268,3240
7391,1383,5,222,101,145
7392,776,1528,122,112,143
7393,64,61,264,224,248
7394,92,80,93,586,470
7395,49,74,371,345,301
7396,2321,4177,6387,5113,4798
7397,33,22,41,53,48
7398,234,547,450,364,482
7399,545,569,792,515,555
7400,864,1211,134,13,25
7401,651,613,1070,1456,1547
7402,837,572,81,283,285
7403,41,5,0,0,0
7404,1029,648,1601,1336,1344
7405,1127,39,149,191,245
7406,77,394,832,393,444
7407,23,3,56,790,990
7408,32,152,11,2,6
7409,204,245,492,872,870
7410,605,244,282,258,250
7411,0,71,2,0,0
7412,40,390,333,716,530
7413,109,79,2059,1724,1897
7414,1993,867,592,696,473
7415,163,57,85,97,132
7416,351,153,701,708,439
7417,696,793,692,1530,1700
7418,169,48,157,163,155
7419,746,185,977,1386,1088
7420,397,113,379,467,499
7421,631,58,276,271,342
7422,514,626,191,154,153
7423,1321,2182,435,1107,1243
7424,28,398,185,333,296
7425,0,0,1,1,0
7426,1958,4591,3517,2799,2721
7427,2,328,323,490,336
7428,66,168,53,483,566
7429,1282,1439,167,282,384
7430,203,58,106,104,158
7431,962,141,614,493,500
7432,1240,690,1112,462,482
7433,1059,2833,2765,2831,3205
7434,4352,562,42,17,46
7435,1008,627,474,1725,1486
7436,98,133,173,862,979
7437,2370,4567,1735,1880,1674
7438,3839,1621,998,1333,1434
7439,933,1280,111,119,131
7440,875,405,1237,837,863
7441,4409,945,689,489,493
7442,870,570,126,363,345
7443,744,91,1,1,1
7444,5834,3771,5811,5515,4982
7445,4479,2988,935,832,806
7446,1755,1266,794,726,612
7447,88,46,36,53,38
7448,589,156,105,31,20
7449,1095,1657,646,682,572
7450,543,333,820,468,505
7451,553,907,1486,900,905
7452,1329,3107,4379,4749,3988
7453,316,716,193,99,108
7454,1,14,38,103,136
7455,404,441,6,17,21
7456,490,269,185,183,213
7457,507,1063,171,634,620
7458,1927,1276,388,1140,943
7459,2898,2146,3931,4379,4139
7460,1463,95,1342,761,867
7461,1983,1176,313,983,1047
7462,601,2040,243,368,352
7463,1290,1198,498,60,73
7464,758,1560,563,736,905
7465,2864,454,271,1502,1932
7466,0,85,2845,2068,1768
7467,468,513,293,79,82
7468,517,339,63,1,1
7469,75,56,20,15,6
7470,6354,4003,4903,3205,3140
7471,1170,2067,1538,1414,1603
7472,502,72,166,56,53
7473,34,858,441,334,266
7474,488,661,145,169,143
7475,1216,270,3251,4047,4335
7476,2055,750,839,474,564
7477,3162,2363,827,1124,967
7478,220,407,661,930,914
7479,125,467,0,106,72
7480,145,204,273,106,79
7481,301,43,19,19,10
7482,12,111,483,738,740
7483,3104,1967,593,1327,1500
7484,284,264,624,449,491
7485,5203,6682,5368,3832,3428
7486,711,55,32,17,8
7487,83,38,177,129,137
7488,117,6,13,22,37
7489,540,530,1121,1554,1680
7490,1060,1079,1276,1402,1433
7491,819,246,128,125,145
7492,3409,4978,4504,3793,3448
7493,59,572,224,419,539
7494,147,180,430,123,123
7495,28,4937,4798,3518,3484
7496,49,76,388,165,145
7497,456,47,897,565,490
7498,1558,1219,885,835,809
7499,2468,6010,5415,4491,4435
7500,5,228,775,1123,1120
7501,105,158,1574,2112,2032
7502,183,62,138,249,354
7503,74,102,1293,528,444
7504,2808,1476,1609,876,789
7505,969,147,127,110,121
7506,478,1949,1478,1946,1956
7507,357,31,28,374,456
7508,1061,2699,965,1520,1353
7509,403,1147,361,158,200
7510,289,66,309,272,234
7511,1054,2674,2958,2209,1968
7512,2139,1904,1537,1017,1077
7513,140,6,49,90,72
7514,164,580,1564,1102,894
7515,755,206,460,452,402
7516,180,113,728,636,719
7517,1207,2479,4473,3493,3894
7518,407,123,420,418,592
7519,1324,247,36,14,15
7520,239,761,507,889,804
7521,296,1099,3050,2170,1852
7522,291,1,834,509,688
7523,658,371,841,1144,1279
7524,1892,2229,38,53,34
7525,571,2719,2848,2920,2927
7526,1195,2192,3995,1746,2103
7527,642,66,763,971,1152
7528,321,743,154,79,129
7529,1300,392,534,95,66
7530,169,489,205,230,323
7531,1210,206,176,21,22
7532,630,324,13,16,12
7533,2237,106,549,715,827
7534,838,846,602,431,284
7535,2394,2468,6191,5006,4660
7536,3032,5624,3691,3559,3289
7537,445,937,1081,1914,1804
7538,4814,1601,1413,1183,883
7539,574,41,345,475,457
7540,1285,2755,2516,2512,2151
7541,650,182,364,240,211
7542,238,752,547,240,287
7543,78,15,944,1213,1040
7544,546,940,1272,1304,1450
7545,238,456,300,220,316
7546,364,837,113,326,322
7547,280,246,895,550,608
7548,33,42,68,92,91
7549,183,4,0,8,5
7550,195,159,399,221,228
7551,107,929,231,52,48
7552,620,991,1226,954,795
7553,2412,2031,1122,726,735
7554,0,14,5,1,1
7555,333,68,292,147,260
7556,1089,1763,2308,2056,1983
7557,88,261,605,397,367
7558,4337,4435,2152,1962,1895
7559,437,305,483,430,398
7560,3064,344,124,422,385
7561,907,123,317,192,168
7562,64,838,282,155,156
7563,269,1297,788,869,798
7564,770,850,343,799,691
7565,167,145,569,752,706
7566,1148,2303,1294,1070,1115
7567,1193,1574,246,596,713
7568,99,14,4,15,23
7569,1761,1506,17,62,62
7570,1428,3437,942,844,706
7571,313,421,508,225,280
7572,842,42,2164,1035,841
7573,188,226,457,194,344
7574,11,249,327,166,176
7575,23,227,144,544,553
7576,1775,2724,4218,2981,3006
7577,6,0,3,1,2
7578,1396,399,50,197,239
7579,10,61,7,5,5
7580,531,1815,356,138,142
7581,42,134,2,5,5
7582,659,795,1181,722,685
7583,565,413,758,504,507
7584,3329,3476,1227,2261,2064
7585,3156,4182,1517,772,686
7586,46,63,65,165,235
7587,549,785,3572,1532,1369
7588,162,164,2132,1763,1597
7589,19,4,136,154,193
7590,2201,1141,829,1503,1363
7591,414,218,240,422,509
7592,2227,2794,734,185,107
7593,2352,226,850,1059,577
7594,53,29,155,198,174
7595,2176,5650,4485,3437,3695
7596,196,193,17,4,10
7597,156,942,1767,2050,1959
7598,302,37,3,15,9
7599,539,13,40,11,9
7600,2,10,157,142,170
7601,453,1135,125,104,91
7602,1053,845,1157,964,1378
7603,69,2732,84,745,572
7604,553,1874,2174,2138,2141
7605,18,23,176,188,211
7606,230,244,299,253,193
7607,410,627,324,1326,1491
7608,6579,899,3085,2551,2441
7609,152,480,559,771,726
7610,1466,1133,781,1072,1052
7611,888,928,948,596,547
7612,2724,217,21,112,84
7613,826,1137,1,0,0
7614,266,3,64,12,8
7615,133,2107,1450,1528,1896
7616,2131,590,1120,447,404
7617,82,586,473,271,304
7618,835,1425,1202,1945,1932
7619,487,330,745,1403,1350
7620,553,746,414,1094,1118
7621,3,68,31,44,39
7622,1256,156,109,440,361
7623,2039,939,109,578,427
7624,725,1179,1417,1790,1735
7625,1377,237,525,1073,1107
7626,183,391,1792,1283,1165
7627,1218,1247,1328,1456,1224
7628,140,650,397,243,263
7629,930,2318,2580,1927,2113
7630,8,642,603,290,390
7631,134,26,62,30,31
7632,207,55,393,340,337
7633,724,2228,1829,860,912
7634,3734,685,481,183,262
7635,45,561,646,386,317
7636,3166,2271,6282,3934,3760
7637,380,261,111,183,151
7638,447,371,411,548,347
7639,23,281,90,173,182
7640,1905,1492,2951,2488,2433
7641,1005,1193,1770,3313,3417
7642,7,17,529,766,573
7643,293,1020,1546,1450,1559
7644,1007,1414,796,722,525
7645,0,6,210,352,324
7646,166,4128,5129,4135,3710
7647,1398,41,2081,469,860
7648,42,315,285,46,47
7649,11,5,101,181,184
7650,306,1180,1378,734,885
7651,645,319,675,264,360
7652,213,1363,1083,958,942
7653,27,55,753,645,540
7654,933,3083,1243,1048,875
7655,1236,225,7,335,362
7656,2806,1545,509,625,775
7657,1625,1246,1284,1266,1337
7658,2411,3112,970,1698,1615
7659,64,222,61,154,186
7660,4,167,1006,864,800
7661,1506,3905,2437,2557,3012
7662,1080,1531,1313,1147,1267
7663,3808,3780,4467,4464,3588
7664,1309,1196,2119,1622,1676
7665,2467,707,422,231,230
7666,143,307,27,123,157
7667,55,87,141,9,8
7668,211,379,344,376,369
7669,43,294,675,359,415
7670,144,450,613,456,427
7671,290,70,447,471,341
7672,2,786,113,67,55
7673,667,1866,843,600,635
7674,1767,542,3589,3116,2883
7675,149,104,153,77,50
7676,18,27,262,344,229
7677,861,1522,1077,677,674
7678,556,642,1257,1648,1412
7679,345,149,331,194,145
7680,423,329,251,212,178
7681,2549,1898,1427,1088,706
7682,1512,2085,1236,534,736
7683,898,870,511,503,503
7684,189,6,1,0,0
7685,136,7,5,128,139
7686,447,213,696,562,576
7687,285,351,1,18,26
7688,87,31,51,54,42
7689,0,1,2,2,2
7690,235,41,854,735,835
7691,873,1279,729,822,785
7692,1064,883,1353,1149,1106
7693,400,336,143,155,101
7694,2822,3327,2823,1976,2061
7695,4447,1138,1739,1401,1313
7696,918,27,317,1354,1412
7697,336,210,222,269,275
7698,19,39,6,72,72
7699,142,20,12,21,37
7700,139,396,242,153,162
7701,28,27,16,2,1
7702,1328,855,268,115,55
7703,441,75,691,266,389
7704,2138,1944,2914,1629,1552
7705,339,266,1596,1213,1360
7706,4,579,97,156,119
7707,964,704,144,200,200
7708,937,113,1071,1006,779
7709,1795,484,476,28,37
7710,142,252,712,513,528
7711,195,83,316,274,197
7712,553,2610,1944,2111,1867
7713,116,74,506,371,335
7714,25,98,145,137,81
7715,524,1715,43,139,136
7716,381,506,1143,1151,1360
7717,520,143,644,896,868
7718,197,346,1114,883,1026
7719,241,760,616,406,402
7720,3059,842,132,438,452
7721,2,137,18,23,17
7722,3094,1214,929,452,531
7723,174,66,160,93,119
7724,2219,2778,2996,3137,3075
7725,263,8,753,805,622
7726,1049,607,37,30,36
7727,292,40,30,166,150
7728,20,1386,704,814,944
7729,1476,1761,2340,1623,1716
7730,312,1069,2283,1105,1102
7731,808,811,557,251,254
7732,1114,1182,521,115,153
7733,698,856,651,131,103
7734,40,282,374,163,99
7735,275,1189,600,740,594
7736,34,60,231,55,86
7737,131,1933,1989,945,863
7738,2578,3268,1607,2100,2078
7739,1314,2430,891,2682,2859
7740,7478,2362,4320,3473,3450
7741,618,498,268,92,106
7742,134,23,0,8,7
7743,484,12,257,328,340
7744,8,614,203,224,226
7745,768,534,125,351,268
7746,987,1256,528,724,628
7747,2408,37,87,116,126
7748,438,403,417,321,315
7749,1821,975,548,565,633
7750,312,335,105,16,17
7751,927,1312,24,38,59
7752,538,410,426,309,263
7753,192,239,65,74,78
7754,655,624,144,53,29
7755,8573,8771,8628,8950,8956
7756,2088,3470,3168,3256,3171
7757,509,1261,18,129,175
7758,28,8,4,14,13
7759,57,252,656,781,838
7760,1260,1700,181,85,85
7761,7,438,61,48,38
7762,19,16,37,207,222
7763,225,5,290,371,256
7764,1346,2289,917,964,1043
7765,290,101,112,728,755
7766,5023,670,1341,818,929
7767,299,59,574,1158,1311
7768,10,11,434,330,383
7769,85,831,190,429,385
7770,502,376,182,477,681
7771,280,7,895,1871,2000
7772,902,1276,511,853,403
7773,597,297,946,617,736
7774,843,1889,131,317,387
7775,1734,345,1041,914,1072
7776,471,138,31,0,1
7777,34,401,1320,2093,1961
7778,776,726,995,1422,1527
7779,1252,1965,1433,1359,1150
7780,100,1,14,9,9
7781,925,658,503,504,587
7782,123,289,802,530,704
7783,174,0,93,43,61
7784,447,81,887,1008,1171
7785,917,2838,501,824,865
7786,1964,1624,5706,4778,5122
7787,1243,811,1798,1660,1521
7788,93,589,29,137,93
7789,1682,1869,328,184,297
7790,289,270,545,475,442
7791,1257,54,409,185,130
7792,1023,934,1389,1186,1326
7793,9,393,97,239,276
7794,1262,1396,273,243,229
7795,156,27,2,5,14
7796,1398,4396,4962,3406,4269
7797,175,238,1078,1268,1281
7798,163,108,467,346,384
7799,658,444,1029,1029,1018
7800,554,75,450,157,137
7801,116,224,136,327,330
7802,1439,166,1287,953,1006
7803,145,1692,626,924,693
7804,2530,2832,2906,2891,2760
7805,115,174,486,145,84
7806,184,356,167,654,600
7807,2380,1950,2187,1855,1417
7808,28,247,28,37,31
7809,272,170,243,249,279
7810,2750,1260,863,1869,2073
7811,420,749,1811,1602,1541
7812,3104,1352,45,6,8
7813,434,907,797,550,525
7814,478,239,5,60,77
7815,130,21,81,139,200
7816,3,207,93,656,759
7817,319,1830,1533,1077,1183
7818,146,26,285,568,527
7819,28,3,4,1,1
7820,112,1236,666,536,397
7821,1275,1564,1287,1220,1249
7822,267,1101,170,123,84
7823,902,1326,512,419,475
7824,46,29,17,4,4
7825,1380,1751,276,313,324
7826,169,116,230,164,252
7827,2061,804,434,152,144
7828,732,1215,820,890,715
7829,415,2911,2821,5124,4446
7830,1080,133,14,622,516
7831,928,1403,1282,1529,1519
7832,289,0,246,230,242
7833,2689,1140,71,121,108
7834,704,515,111,8,16
7835,319,1057,102,1283,1302
7836,31,112,2509,2832,2567
7837,1402,308,424,453,496
7838,2714,628,123,162,153
7839,2154,1415,3008,2733,2618
7840,2293,2727,4159,3974,3249
7841,1929,775,1314,2296,2265
7842,1403,270,511,599,635
7843,0,0,42,103,125
7844,1089,6,2,840,848
7845,205,342,536,341,388
7846,874,922,1403,1080,1186
7847,86,728,886,92,103
7848,2882,4483,5162,4846,4637
7849,7,23,41,44,41
7850,1202,1830,1414,1185,1189
7851,304,1248,1222,997,1039
7852,954,118,303,284,436
7853,275,375,879,961,986
7854,1768,6842,6378,5116,5295
7855,570,82,920,1786,1731
7856,5,226,510,536,601
7857,33,109,261,194,196
7858,981,207,1122,1701,1591
7859,80,338,455,401,276
7860,38,22,32,112,65
7861,42,431,53,13,16
7862,1222,652,424,628,617
7863,1092,367,373,307,318
7864,1376,1256,473,469,481
7865,386,236,1593,1818,1988
7866,5,58,243,56,53
7867,1428,114,410,159,142
7868,42,190,156,111,155
7869,116,6315,1294,271,322
7870,2097,2220,342,222,185
7871,381,3549,107,66,68
7872,48,72,2022,2751,2651
7873,7,23,0,1,1
7874,2587,379,492,462,405
7875,1533,1701,275,218,386
7876,916,123,379,1247,1087
7877,456,646,622,703,545
7878,334,207,339,153,199
7879,1005,435,199,327,293
7880,441,424,757,2390,2320
7881,62,1122,3750,3377,3258
7882,1927,1278,1829,1387,1405
7883,111,43,251,97,84
7884,31,960,1900,1908,1704
7885,276,183,2674,2424,2360
7886,1105,2372,1211,912,880
7887,940,411,1418,730,786
7888,431,367,659,757,784
7889,1031,446,1103,746,666
7890,964,462,466,415,463
7891,1454,283,135,565,530
7892,3807,2085,2488,2310,2217
7893,11,973,184,678,526
7894,246,200,177,265,286
7895,101,3093,935,1191,1205
7896,713,71,111,156,133
7897,1564,984,1543,1380,1440
7898,954,1358,3562,3815,3709
7899,1119,228,301,445,469
7900,1399,2291,1706,1391,1599
7901,39,2,0,0,0
7902,1247,2902,1959,1287,1682
7903,317,265,400,450,404
7904,740,72,368,175,215
7905,1346,1039,301,134,177
7906,2481,841,421,810,843
7907,607,68,159,127,109
7908,1910,956,751,474,508
7909,1681,1002,1305,555,616
7910,303,569,10,26,17
7911,964,96,1165,1976,1844
7912,2005,5909,3624,4408,3703
7913,2758,226,94,13,17
7914,2451,1288,1872,2335,2485
7915,606,93,2,1,5
7916,1291,846,830,744,819
7917,1320,814,344,801,688
7918,30,140,837,515,537
7919,2016,1782,2853,3356,3545
7920,533,241,371,161,192
7921,5932,1726,3318,4849,4371
7922,1121,610,308,1899,1907
7923,257,878,149,174,124
7924,738,6,1001,770,692
7925,1475,1169,473,1133,895
7926,1621,1224,2982,2857,2748
7927,1536,182,255,353,300
7928,824,510,325,406,498
7929,3095,3248,458,703,640
7930,3162,1644,2417,1987,2274
7931,153,310,638,202,274
7932,1868,209,33,34,43
7933,1646,2113,1580,798,529
7934,461,75,70,33,30
7935,1720,2591,261,462,517
7936,330,75,32,78,107
7937,540,541,375,116,129
7938,696,26,394,516,509
7939,1318,156,288,162,202
7940,1476,1737,1833,1936,1493
7941,3165,380,129,198,149
7942,374,429,318,306,334
7943,3,10,2,1,1
7944,125,2594,386,740,783
7945,625,447,236,1564,1680
7946,373,324,24,22,30
7947,122,188,95,47,52
7948,154,6,67,11,17
7949,1019,153,39,57,56
7950,2101,1342,3142,2849,2910
7951,2172,943,1499,980,936
7952,1629,193,254,158,119
7953,1757,304,1526,1071,908
7954,460,1587,174,67,118
7955,1842,1566,1672,1427,1608
7956,615,1797,85,19,17
7957,673,672,640,538,615
7958,343,261,145,93,82
7959,450,607,1578,1637,1580
7960,92,64,262,1008,1180
7961,1,27,52,24,25
7962,1823,1171,13,46,73
7963,664,1449,1349,1233,1044
7964,1427,745,683,210,209
7965,227,618,483,688,610
7966,897,58,230,202,201
7967,174,341,64,20,30
7968,1152,2432,1668,480,416
7969,453,807,353,1665,1705
7970,908,88,700,813,901
7971,1448,1336,1805,1130,1187
7972,653,192,341,183,241
7973,1547,1078,658,826,823
7974,490,668,1914,758,637
7975,1199,838,672,728,612
7976,145,1060,2644,3153,3171
7977,295,232,281,232,264
7978,644,733,770,184,187
7979,1873,761,286,1216,1257
7980,3346,5035,2430,2010,2068
7981,475,607,825,1080,1023
7982,523,71,1089,1095,947
7983,559,42,1,2,1
7984,1035,168,199,171,191
7985,541,131,435,388,545
7986,2126,2702,2205,677,790
7987,2036,1884,2632,2573,2374
7988,931,1030,1454,1119,959
7989,3225,3615,5185,4136,3710
7990,126,371,742,408,271
7991,2076,13,53,137,124
7992,290,441,196,163,202
7993,647,810,95,86,91
7994,1951,1947,3232,3559,3733
7995,223,900,2643,1097,954
7996,705,194,38,113,162
7997,28,17,12,113,183
7998,1455,1510,10,13,40
7999,1414,1433,711,979,928
8000,355,63,128,13,11
8001,3815,2729,3589,3153,3125
8002,326,6087,4399,3484,2445
8003,2360,627,382,207,227
8004,844,1862,343,610,487
8005,89,150,35,158,152
8006,149,65,14,13,13
8007,1196,2832,554,422,572
8008,1753,2892,5621,5115,4975
8009,1515,469,390,346,197
8010,979,3815,277,407,376
8011,989,583,1830,1769,1849
8012,2651,3465,2688,3163,2959
8013,1337,433,520,414,311
8014,498,690,313,352,307
8015,1653,1283,873,955,1216
8016,1180,95,176,179,204
8017,222,554,244,327,194
8018,45,0,0,0,0
8019,183,7,8,22,24
8020,246,1522,1530,3375,2640
8021,398,69,1065,1078,1007
8022,512,21,18,23,28
8023,125,951,1298,1322,1419
8024,3361,5751,4477,4662,4120
8025,561,101,107,120,186
8026,247,1196,1616,1305,1248
8027,192,96,106,56,55
8028,86,518,66,34,28
8029,526,206,272,234,306
8030,1034,664,956,1122,1185
8031,163,449,759,438,392
8032,1431,1416,397,499,336
8033,5967,2722,2501,1514,1481
8034,266,2302,1719,1173,1164
8035,102,18,668,595,567
8036,490,40,175,218,150
8037,36,153,131,83,65
8038,607,341,545,532,528
8039,480,264,26,48,68
8040,4099,1796,3025,5508,5578
8041,48,1128,2223,2072,2127
8042,1177,677,914,427,575
8043,673,802,426,500,367
8044,1191,3123,4328,3516,3125
8045,786,594,88,99,79
8046,46,192,191,902,909
8047,768,1606,1339,799,997
8048,2352,614,1214,925,1017
8049,323,395,196,694,694
8050,418,34,454,288,274
8051,78,6,68,77,75
8052,1109,394,385,513,523
8053,646,31,1612,1482,1059
8054,1770,4139,3848,2609,2216
8055,297,84,390,453,331
8056,1390,2195,2374,2291,3014
8057,334,126,129,146,113
8058,1,0,0,1,1
8059,2642,1282,1180,750,855
8060,3155,1380,811,493,466
8061,874,268,236,88,172
8062,547,306,714,393,276
8063,529,814,955,401,335
8064,1147,1286,768,1825,1318
8065,106,317,123,72,69
8066,303,31,101,136,102
8067,251,212,45,11,11
8068,880,1918,1735,2084,2116
8069,506,1962,2083,2537,2510
8070,351,453,1029,1990,1937
8071,28,10,1,1,4
8072,717,387,1338,2037,1892
8073,9,30,67,37,49
8074,282,822,531,344,288
8075,1966,190,315,185,92
8076,391,157,600,743,693
8077,1338,1142,4562,3218,3308
8078,361,113,28,63,73
8079,1533,429,653,1369,1383
8080,1017,12,77,535,489
8081,27,10,27,5,3
8082,398,735,105,196,138
8083,146,249,28,100,120
8084,268,98,76,37,36
8085,3155,7383,7445,8508,8212
8086,0,32,0,38,17
8087,204,211,19,38,51
8088,5227,2258,2965,2574,2460
8089,205,1037,167,280,267
8090,1148,1441,1775,2699,2532
8091,792,262,110,208,224
8092,211,396,1767,2126,2237
8093,99,390,41,73,80
8094,387,80,170,46,41
8095,2036,2071,794,180,122
8096,46,801,821,670,889
8097,169,719,93,41,37
8098,8,64,564,586,627
8099,27,706,250,505,469
8100,76,224,1647,1597,1379
8101,6,124,474,238,205
8102,0,4,5,7,5
8103,26,109,173,30,26
8104,1234,1104,3309,682,787
8105,838,777,2080,1102,1165
8106,1375,2364,2995,2576,2422
8107,1331,443,543,454,411
8108,421,741,1000,505,453
8109,424,34,12,17,9
8110,4000,1834,1067,1866,1912
8111,369,517,448,382,407
8112,660,366,361,237,191
8113,230,28,1,2,2
8114,513,28,115,27,32
8115,3255,3276,2232,1224,1209
8116,1794,2224,3275,3150,3640
8117,85,308,675,681,695
8118,1733,14,79,86,77
8119,981,1438,1248,991,822
8120,562,1950,16,9,9
8121,554,167,30,18,13
8122,816,214,77,159,129
8123,1323,634,98,174,230
8124,1374,2331,1388,1448,1231
8125,1524,1638,1338,1245,1396
8126,90,7,46,25,30
8127,1726,269,597,320,358
8128,361,49,458,305,391
8129,497,44,174,155,140
8130,6,91,111,32,32
8131,292,120,457,261,261
8132,1021,2458,3437,4197,3776
8133,440,450,665,684,716
8134,623,576,800,855,846
8135,348,202,607,1264,1009
8136,573,640,153,139,111
8137,230,516,438,177,230
8138,353,1746,1252,1799,1678
8139,94,733,776,2078,2133
8140,551,431,444,250,326
8141,328,1207,3007,1206,1080
8142,1089,1319,60,9,15
8143,21,712,502,763,871
8144,360,8,758,1192,1402
8145,2812,4605,814,917,700
8146,3488,1362,5106,5342,5419
8147,487,989,2161,2038,1830
8148,109,648,226,134,204
8149,560,36,53,54,66
8150,207,676,932,717,692
8151,4320,4992,2869,3589,4102
8152,63,593,641,472,367
8153,600,777,882,557,444
8154,271,520,341,211,194
8155,432,1255,1328,1623,1482
8156,973,279,141,99,92
8157,775,1377,1019,1116,1445
8158,1111,825,693,735,608
8159,14,525,51,56,111
8160,1312,818,301,268,303
8161,7822,7470,7604,8583,8621
8162,33,5,2,0,0
8163,291,24,20,8,5
8164,98,234,29,95,77
8165,1129,130,52,118,72
8166,206,305,241,75,121
8167,118,512,1005,912,892
8168,311,340,168,784,797
8169,586,1,21,26,18
8170,503,345,466,209,280
8171,495,733,109,154,141
8172,369,1382,3580,2958,3092
8173,1545,507,1446,1603,1308
8174,827,55,35,185,185
8175,1128,568,183,100,110
8176,213,396,12,11,11
8177,775,1451,38,109,148
8178,1782,1837,674,189,232
8179,1731,250,616,783,776
8180,1460,2054,964,915,866
8181,137,1574,661,104,150
8182,386,248,722,732,852
8183,97,13,332,985,1011
8184,333,125,71,107,216
8185,64,27,21,31,36
8186,447,1,135,51,49
8187,819,137,724,380,347
8188,491,931,742,468,596
8189,29,1255,212,171,169
8190,515,424,600,470,473
8191,1,102,152,247,347
8192,1371,2769,2233,2348,2476
8193,476,160,82,152,123
8194,1744,2548,3009,2250,2588
8195,440,267,82,102,134
8196,352,282,248,256,296
8197,487,167,88,26,32
8198,1656,742,667,742,549
8199,35,51,2476,3097,2707
8200,2070,483,152,376,438
8201,994,1392,735,536,600
8202,1335,403,1569,1250,1064
8203,1270,115,44,51,36
8204,389,304,3054,3007,3154
8205,256,285,202,909,702
8206,870,551,10,2,12
8207,31,36,90,74,103
8208,858,994,898,467,444
8209,217,67,997,1051,1058
8210,279,16,26,25,25
8211,917,1316,611,384,477
8212,643,439,391,182,208
8213,2011,6419,4873,2567,3117
8214,258,36,15,17,16
8215,717,185,11,2,1
8216,1581,915,1082,496,228
8217,66,478,55,15,17
8218,157,225,126,156,168
8219,540,122,1621,1903,1819
8220,634,3390,1468,1476,1411
8221,1283,1632,4580,4886,4879
8222,177,556,210,218,169
8223,0,291,481,354,434
8224,1085,2713,2909,2875,2737
8225,1363,829,395,218,160
8226,2148,3524,2207,1229,1276
8227,715,179,116,42,41
8228,318,2060,1113,988,837
8229,1430,904,700,1380,1392
8230,220,284,60,136,95
8231,706,382,642,882,1061
8232,1623,3901,5192,3735,3234
8233,2350,4553,1268,1235,1225
8234,1050,421,1429,1383,1118
8235,8,139,357,593,649
8236,844,1895,1297,659,767
8237,97,104,48,67,85
8238,31,655,1201,1090,790
8239,328,134,225,362,320
8240,4429,4905,5115,5465,4848
8241,890,7,140,79,147
8242,945,4807,3219,3271,2846
8243,439,324,291,207,222
8244,472,273,1392,1132,1097
8245,99,287,89,48,29
8246,95,209,70,59,59
8247,73,328,304,298,268
8248,212,7,48,240,173
8249,0,4,26,25,36
8250,857,444,2029,1917,1977
8251,1166,342,456,244,269
8252,590,547,1122,677,580
8253,57,33,54,50,48
8254,1159,853,581,385,305
8255,375,1259,171,1092,1128
8256,754,566,503,567,493
8257,96,78,131,154,91
8258,71,168,234,411,478
8259,1068,10,1855,1559,1705
8260,3286,3274,235,238,542
8261,1369,1865,383,570,523
8262,473,1238,963,656,752
8263,0,363,26,34,28
8264,152,1000,420,1284,1390
8265,926,566,1246,1205,1246
8266,1050,2177,2695,2521,2396
8267,70,76,414,125,215
8268,1196,1773,1020,1395,1340
8269,128,46,16,19,23
8270,326,549,522,164,165
8271,27,525,339,154,279
8272,618,473,78,213,262
8273,0,0,0,0,0
8274,244,246,1200,1141,1131
8275,19,22,5,11,13
8276,2178,1276,537,1209,1038
8277,598,634,546,667,656
8278,431,241,149,48,51
8279,1759,956,339,228,225
8280,6322,2591,548,238,191
8281,426,303,364,73,74
8282,2951,1352,1572,1465,1405
8283,263,1646,786,1362,1137
8284,2226,1626,1815,1381,1442
8285,1685,1123,116,518,446
8286,1600,50,15,29,28
8287,2110,695,1962,1531,1689
8288,23,130,158,67,57
8289,20,11,15,21,23
8290,1160,481,2290,1843,1871
8291,75,679,483,390,390
8292,1441,424,624,804,774
8293,39,595,524,688,540
8294,372,1946,41,19,31
8295,4124,2993,1358,1826,1508
8296,171,445,866,870,896
8297,20,6,163,698,504
8298,713,40,166,341,318
8299,328,137,178,37,41
8300,2320,3279,2276,1603,1620
8301,0,1,1,0,0
8302,112,816,0,0,0
8303,412,371,419,659,580
8304,882,1152,912,1338,1408
8305,1649,80,77,63,143
8306,7,9,102,487,483
8307,505,148,187,25,30
8308,388,850,759,302,359
8309,855,1040,572,604,802
8310,874,1660,213,265,222
8311,858,155,17,54,69
8312,1969,2000,3488,2647,3312
8313,2032,569,100,186,225
8314,907,514,326,542,347
8315,281,1593,582,368,300
8316,173,186,7,14,20
8317,182,2269,4225,2885,3326
8318,46,5,12,14,9
8319,1513,477,149,45,35
8320,609,51,229,290,321
8321,44,509,204,251,133
8322,274,576,214,125,169
8323,74,891,2580,2435,2205
8324,4065,519,761,471,450
8325,1272,2676,646,302,329
8326,199,646,868,839,842
8327,978,1885,3525,5166,5694
8328,3729,3795,5000,4182,3944
8329,977,1311,3023,4097,3617
8330,437,141,352,168,178
8331,166,193,303,190,178
8332,58,221,426,207,260
8333,1403,477,784,598,535
8334,1575,1940,505,283,323
8335,1319,1314,623,369,423
8336,1135,393,501,812,1100
8337,918,177,855,662,715
8338,1381,2710,1052,1791,2300
8339,3727,1901,1361,761,860
8340,1277,874,724,593,442
8341,408,211,838,633,460
8342,117,301,274,518,386
8343,41,32,148,233,177
8344,105,112,288,359,268
8345,3957,3698,9035,8866,8684
8346,1302,784,750,449,474
8347,3399,1387,734,569,629
8348,42,58,710,302,370
8349,299,63,86,48,21
8350,181,46,49,23,12
8351,200,55,137,75,93
8352,15,4,3,4,3
8353,553,44,85,77,80
8354,195,437,1120,1004,982
8355,919,159,111,103,66
8356,586,142,103,103,60
8357,1296,203,316,53,58
8358,3623,5545,2923,3706,3671
8359,1473,125,333,23,28
8360,2189,2578,4761,4282,4109
8361,1507,2511,44,209,232
8362,3193,1641,60,295,305
8363,63,54,72,1232,982
8364,58,30,26,276,257
8365,885,873,617,327,272
8366,727,118,523,411,378
8367,600,146,182,168,182
8368,2994,2204,386,435,652
8369,3138,2438,122,6796,6458
8370,3227,4822,3577,4254,4143
8371,2952,820,96,2199,2201
8372,500,0,0,0,0
8373,193,0,0,0,0
8374,110,749,1527,1633,1540
8375,4461,3899,2995,3266,3395
8376,1705,1044,951,590,447
8377,3208,2529,976,413,312
8378,412,1883,1341,1102,1003
8379,736,2197,4088,3887,4087
8380,565,275,1982,3797,3358
8381,4137,6472,5023,5963,5528
8382,3564,480,2597,755,883
8383,3289,1114,5427,1600,1897
8384,3,131,3238,2273,2129
8385,3,274,1824,1970,2545
8386,6392,2929,3108,1840,1676
8387,3795,159,79,228,319
8388,261,163,1090,738,888
8389,831,5243,4439,5005,5264
8390,117,1521,229,427,330
8391,1509,1190,2151,1379,1318
8392,2213,748,647,868,930
8393,2515,1622,2088,2460,2883
8394,2824,6978,4862,4966,4656
8395,1220,2430,2321,3672,4278
8396,907,84,435,360,323
8397,730,88,383,308,296
8398,2337,500,3746,2533,2888
8399,1839,2195,3710,1521,2815
8400,1533,2483,3309,974,1678
8401,7295,5853,3328,1796,1804
8402,4676,798,372,661,495
8403,359,266,1681,443,656
8404,330,189,728,214,416
8405,5513,20,37,7,7
8406,1481,17,175,17,44
8407,2317,19,22,3,4
8408,1037,463,721,716,612
8409,2186,352,617,572,493
8410,2547,1221,769,746,685
8411,83,157,285,312,326
8412,1126,4792,1532,1403,1490
8413,61,88,4,2,1
8414,386,797,308,832,947
8415,589,623,821,1495,1927
8416,793,1384,901,917,939
8417,3679,2598,5557,5251,5111
8418,1964,3017,761,901,716
8419,1935,1886,207,280,244
8420,64,542,3,4,5
8421,172,1310,1433,552,770
8422,392,168,2,5,7
8423,58,226,4,1507,1817
8424,568,1156,1212,2103,1367
8425,41,235,2,681,965
8426,1357,2704,2147,5517,5339
8427,1324,2799,3954,3471,2996
8428,1990,2552,2161,2750,2353
8429,1596,1593,8751,8365,8154
8430,1311,1527,1140,1492,2180
8431,2445,2394,711,1268,1557
8432,1681,1418,1915,1642,2187
8433,57,1906,1839,1851,1789
8434,21,1424,688,2406,2867
8435,80,3193,2233,812,1282
8436,110,1946,1253,1266,1194
8437,485,1655,1439,607,808
8438,72,169,1255,1341,1853
8439,51,153,386,521,583
8440,93,625,952,630,979
8441,4210,1277,4922,5012,5098
8442,2160,2346,2217,3253,3985
8443,4268,3160,2635,3748,4153
8444,949,209,5259,4491,4958
8445,2188,2555,758,1256,1046
8446,622,375,608,1439,1150
8447,706,1391,350,195,221
8448,1200,42,150,344,364
8449,728,16,39,227,221
8450,839,717,227,432,463
8451,700,916,195,458,507
8452,1456,1129,639,626,591
8453,374,377,135,235,214
8454,87,200,95,54,64
8455,967,582,129,64,105
8456,4,220,67,117,201
8457,546,383,48,109,130
8458,2,272,66,173,255
8459,935,912,2546,2844,2526
8460,1148,1564,2691,3772,3876
8461,324,1700,74,747,1086
8462,1287,956,256,553,522
8463,826,927,247,545,528
8464,907,996,1932,2084,1826
8465,234,20,16,25,34
8466,159,34,21,46,57
8467,445,394,1778,1882,1342
8468,0,7,70,43,41
8469,120,51,147,116,125
8470,1,19,52,42,40
8471,775,2604,2969,1743,1988
8472,4705,3826,1223,1189,999
8473,1412,3891,2841,2529,2161
8474,156,984,2741,1791,1852
8475,125,79,87,92,93
8476,166,68,98,82,83
8477,10,10,156,304,169
8478,475,1902,1118,209,306
8479,309,3323,1055,366,452
8480,864,27,233,585,454
8481,237,1281,303,622,733
8482,383,20,224,460,445
8483,45,0,7,2,2
8484,701,150,509,521,400
8485,11,6,28,13,13
8486,452,529,352,406,347
8487,91,56,19,25,28
8488,3576,3283,2007,1856,1475
8489,124,142,43,140,172
8490,3596,4658,5652,6167,6447
8491,92,387,43,64,87
8492,305,4037,1280,1377,1495
8493,299,3362,1239,1286,1125
8494,2140,1843,1177,1146,1155
8495,44,359,605,490,552
8496,412,644,78,224,285
8497,99,439,41,90,138
8498,969,1951,878,1595,1655
8499,445,18,1586,1122,1161
8500,395,17,62,19,9
8501,1457,3440,1359,1317,1206
8502,1103,2215,752,409,482
8503,3538,2086,5789,5702,6088
8504,188,203,1119,819,849
8505,200,163,604,463,418
8506,1126,146,1200,888,860
8507,93,281,135,123,104
8508,164,281,113,57,54
8509,65,339,151,149,97
8510,53,27,31,50,53
8511,98,37,18,50,50
8512,703,399,142,146,103
8513,6890,5149,3729,2755,2615
8514,681,1056,354,554,571
8515,619,1614,594,895,881
8516,3965,4214,2060,1051,1219
8517,4624,1041,2287,1253,1667
8518,101,263,531,530,489
8519,405,492,1818,1438,1151
8520,365,229,1203,1093,866
8521,7739,6874,6089,4858,5186
8522,2861,3737,2644,5114,4971
8523,2394,212,614,1470,1608
8524,1672,337,508,950,1025
8525,1283,3292,2230,1432,1272
8526,62,1665,1736,859,769
8527,1865,222,4466,3437,3337
8528,27,76,141,116,54
8529,0,89,89,51,36
8530,293,291,112,86,60
8531,3615,3033,1608,4317,4579
8532,6806,715,376,542,709
8533,4047,386,391,502,627
8534,292,22,181,819,681
8535,180,136,634,44,31
8536,2615,3762,4274,2677,2103
8537,2133,1709,1115,995,1103
8538,2015,508,735,872,1074
8539,4088,611,1982,1811,2252
8540,3882,2466,194,857,672
8541,1951,1716,2061,1800,1826
8542,3080,2876,1466,1621,1752
8543,349,24,99,25,25
8544,379,59,774,304,277
8545,2293,2129,872,744,941
8546,209,1108,511,774,629
8547,168,323,68,147,93
8548,312,587,246,317,259
8549,307,218,206,141,102
8550,120,115,123,276,254
8551,7307,415,137,90,51
8552,762,672,457,1484,1394
8553,316,579,709,597,681
8554,597,1484,891,1583,1618
8555,25,86,42,35,44
8556,10,32,47,78,79
8557,100,54,36,14,21
8558,1100,195,20,57,97
8559,745,208,27,36,60
8560,915,318,348,329,429
8561,218,189,1110,1081,1127
8562,204,160,404,362,345
8563,97,147,296,284,302
8564,603,354,273,332,319
8565,450,417,652,193,273
8566,1142,428,255,76,132
8567,139,848,29,39,46
8568,742,1372,1592,3333,2243
8569,1568,2720,124,210,211
8570,120,71,20,12,11
8571,84,162,54,23,28
8572,60,157,39,13,16
8573,36,54,4,184,183
8574,3645,3089,4057,4397,4813
8575,12,39,10,188,189
8576,4827,1806,415,710,823
8577,684,2658,499,683,894
8578,456,186,92,41,36
8579,826,456,127,139,146
8580,582,1911,1599,1454,1439
8581,1270,702,279,296,310
8582,393,699,105,269,269
8583,337,443,244,689,588
8584,2390,1206,274,459,407
8585,194,324,189,17,20
8586,143,150,475,79,78
8587,96,290,223,283,211
8588,301,878,1728,1277,1269
8589,24,121,903,1448,1131
8590,24,175,398,603,524
8591,805,2000,1106,1784,1630
8592,410,484,1765,1876,1912
8593,690,593,759,1148,788
8594,11,297,350,173,237
8595,898,269,380,310,277
8596,367,186,379,235,217
8597,622,335,374,255,294
8598,1715,731,298,304,277
8599,967,603,419,507,424
8600,44,62,58,40,28
8601,128,2175,7320,6010,6042
8602,104,53,70,44,33
8603,79,1071,646,1345,1258
8604,114,1716,43,148,176
8605,1868,709,298,491,600
8606,516,789,600,902,1054
8607,1386,1714,819,1368,1583
8608,887,1772,2914,2584,2185
8609,494,613,38,28,36
8610,4540,3022,4296,4697,4896
8611,665,1851,4448,4868,4977
8612,2097,1151,1727,2079,1815
8613,2221,2534,734,5234,5639
8614,1277,1071,334,1822,1453
8615,3348,1662,1102,909,1088
8616,276,122,1463,914,1128
8617,187,155,2471,1534,1211
8618,6157,757,2488,2082,2241
8619,1190,1020,1198,1204,1308
8620,872,764,1516,1986,1780
8621,1672,1887,2472,1669,1737
8622,340,137,155,447,489
8623,1814,2223,1230,1150,1133
8624,610,1438,1143,257,357
8625,501,1316,1489,2000,1983
8626,632,1084,1173,292,409
8627,357,366,70,33,40
8628,654,110,303,754,790
8629,723,127,97,40,59
8630,449,1660,259,1132,1003
8631,602,569,90,401,369
8632,551,528,672,620,622
8633,724,173,363,336,418
8634,1275,1402,1074,1307,1178
8635,1468,162,321,336,383
8636,49,331,198,212,236
8637,26,246,204,143,163
8638,50,53,278,311,269
8639,1317,2255,2487,3084,2365
8640,7311,6346,7515,7751,7796
8641,1728,935,674,1307,911
8642,2563,3387,2848,3194,3120
8643,6534,4912,3882,5410,4943
8644,2207,2882,2420,3756,3485
8645,59,8,61,373,415
8646,76,19,104,131,129
8647,279,283,130,94,74
8648,2937,1425,893,1467,1497
8649,1545,2760,934,2340,2234
8650,3470,941,387,756,812
8651,77,1135,40,0,0
8652,203,1175,21,0,0
8653,5509,1893,4081,4102,4227
8654,659,611,1081,925,900
8655,8514,894,5393,6012,6604
8656,791,941,1198,1003,944
8657,3232,4075,4436,2710,2076
8658,1887,115,4,15,36
8659,3113,2836,3599,2004,1702
8660,456,1211,3708,2432,2185
8661,781,1084,2111,1551,1642
8662,145,672,1982,1014,1211
8663,931,1902,2745,1367,1616
8664,1338,3202,3344,1229,1385
8665,1735,2123,1897,4382,4461
8666,161,1022,541,263,281
8667,1904,1133,264,127,92
8668,155,994,1337,1078,1189
8669,851,2010,2393,1637,1552
8670,358,772,1306,930,931
8671,573,1320,2721,2073,2050
8672,566,2015,2078,2863,2731
8673,252,699,1550,1216,1157
8674,8393,5238,5456,3231,2962
8675,358,150,388,648,590
8676,943,47,1575,3030,2397
8677,754,70,974,1202,1093
8678,2217,1840,1985,2411,2777
8679,45,1703,3079,2432,2562
8680,50,1952,3035,3237,3550
8681,1289,2053,547,715,488
8682,1023,1523,1650,928,694
8683,661,1637,4224,2539,3892
8684,1763,432,2871,2860,2480
8685,123,373,32,28,32
8686,95,7,3,6,6
8687,655,930,816,451,526
8688,393,178,680,437,472
8689,279,2123,656,761,733
8690,156,76,15,20,16
8691,163,35,1,5,4
8692,705,1386,1642,1445,1382
8693,2125,1466,2953,3622,3890
8694,513,1862,4072,3887,3912
8695,1167,1709,2687,1925,2042
8696,291,12,95,69,71
8697,196,24,157,69,67
8698,1018,9,659,2310,2666
8699,2091,3707,1314,1867,2185
8700,1396,13,42,42,33
8701,1440,16,84,181,135
8702,892,7268,3732,4051,3793
8703,350,286,1014,440,457
8704,205,234,1113,468,487
8705,6495,1863,449,415,455
8706,2047,3234,2064,1407,1366
8707,1341,2220,437,353,377
8708,658,506,463,492,494
8709,466,882,737,830,755
8710,739,403,650,707,666
8711,223,43,114,451,410
8712,320,193,77,139,153
8713,296,22,171,72,72
8714,343,1429,2788,3514,3269
8715,301,477,943,829,902
8716,334,296,363,312,336
8717,2066,603,1431,2175,1701
8718,9,1531,267,137,150
8719,12,1031,236,110,132
8720,2058,2121,3978,5431,5764
8721,2307,4504,7547,6561,6861
8722,905,2464,925,827,923
8723,35,2097,3381,1520,1355
8724,23,970,260,471,397
8725,15,134,460,348,386
8726,567,1062,371,213,282
8727,221,67,187,162,193
8728,216,90,215,105,128
8729,570,705,1764,1108,1220
8730,451,560,121,95,127
8731,448,1378,241,286,315
8732,1432,2060,2500,6190,5806
8733,1343,1598,136,13,9
8734,623,650,28,3,1
8735,1254,645,501,867,807
8736,1614,3939,3345,4168,3849
8737,1697,1699,1259,1075,913
8738,8,50,26,32,40
8739,28,378,185,34,96
8740,503,303,460,69,111
8741,2290,847,1638,744,962
8742,2969,1458,2389,2101,2648
8743,879,587,1520,775,1029
8744,392,237,180,221,183
8745,484,1490,1898,1131,1454
8746,1559,433,193,228,211
8747,850,1059,571,446,318
8748,4627,2958,5516,6235,6326
8749,721,1321,1047,617,489
8750,584,273,18,13,15
8751,1287,316,234,93,185
8752,511,387,78,106,84
8753,857,554,28,1,1
8754,407,187,8,0,1
8755,401,470,199,165,171
8756,202,25,549,231,194
8757,141,14,71,87,144
8758,14,14,5,9,14
8759,332,782,362,267,342
8760,657,481,221,223,280
8761,174,288,3341,3324,3109
8762,295,1113,1458,1097,1149
8763,540,1068,1824,2205,2054
8764,317,368,125,846,910
8765,2953,1877,1112,1872,2280
8766,2448,3078,3779,2615,2532
8767,6065,2727,1317,2288,2900
8768,4141,467,1105,2572,3017
8769,804,203,1067,2370,2148
8770,358,161,532,1577,1481
8771,194,852,195,1540,1267
8772,828,1321,2556,2142,1840
8773,741,2507,236,1570,1200
8774,6,178,102,324,194
8775,11,2479,1038,1209,1366
8776,120,16,77,66,48
8777,2358,1346,1424,2418,2278
8778,489,622,1248,3075,2984
8779,4145,1006,2840,2065,2113
8780,327,806,1177,2325,2192
8781,408,1327,1626,1465,1454
8782,1335,1439,2868,2711,2661
8783,211,1018,278,335,306
8784,158,682,339,467,438
8785,658,707,728,440,425
8786,2451,1895,1044,944,825
8787,4377,3437,464,531,418
8788,2731,1218,2632,2755,2689
8789,1240,798,857,563,466
8790,991,1411,418,483,521
8791,2069,1533,203,299,294
8792,1484,631,1444,1615,1391
8793,498,1021,2030,815,1059
8794,868,684,1350,837,1074
8795,303,1811,3910,4536,4259
8796,6379,8414,6081,4280,4366
8797,226,3170,5475,3827,3591
8798,231,228,94,70,77
8799,294,411,28,6,9
8800,637,303,156,419,490
8801,114,43,628,526,534
8802,1122,1479,528,906,965
8803,63,33,384,355,339
8804,127,451,149,476,564
8805,651,1035,378,411,371
8806,150,545,687,709,688
8807,738,2869,3094,2828,2689
8808,995,2612,4318,3803,4393
8809,2368,2082,2324,3136,3354
8810,48,17,348,236,226
8811,4635,3512,3097,2354,2583
8812,35,30,354,203,283
8813,37,31,164,293,304
8814,40,115,51,45,43
8815,463,393,121,58,91
8816,53,2143,4866,5108,5617
8817,68,2302,891,388,682
8818,181,4553,288,146,284
8819,54,127,1876,2228,2116
8820,112,267,465,346,313
8821,6584,612,1267,865,838
8822,7522,8730,7771,7832,7582
8823,1163,36,4133,2896,1603
8824,981,0,241,203,143
8825,42,752,163,102,226
8826,142,25,327,105,297
8827,1032,26,334,476,612
8828,514,2378,2357,2589,2548
8829,166,2168,1959,2407,2385
8830,1043,2163,1192,2530,2431
8831,1609,1901,4064,3777,3318
8832,3506,3188,5876,5165,5188
8833,1093,1072,2292,2171,2128
8834,7558,214,254,245,401
8835,226,522,74,201,156
8836,835,1922,288,767,630
8837,2835,646,360,804,900
8838,454,2415,3800,5358,4690
8839,284,1145,544,926,981
8840,1311,3871,4326,2921,3716
8841,1474,1878,2877,2242,2859
8842,1774,2461,5468,6319,6832
8843,1882,264,402,1027,977
8844,2986,951,850,974,1188
8845,2298,393,390,653,599
8846,2357,3045,3091,2932,2827
8847,1401,1854,2494,2229,2090
8848,2951,3294,3074,3791,3643
8849,5361,3880,74,43,27
8850,2073,243,185,51,35
8851,2163,485,440,399,448
8852,369,748,480,1745,1918
8853,141,645,188,1470,1511
8854,918,2498,2418,2113,2108
8855,1293,355,78,674,1205
8856,3093,1371,331,1013,1350
8857,1380,814,455,860,862
8858,388,78,843,524,478
8859,503,2533,1280,1006,916
8860,162,86,1793,1500,1271
8861,5201,5144,1155,730,776
8862,47,2711,2514,4976,4821
8863,70,2181,1203,1013,981
8864,952,262,84,145,205
8865,527,1186,854,1132,1074
8866,780,188,49,39,65
8867,59,762,253,448,458
8868,79,915,229,517,491
8869,461,355,357,674,448
8870,246,995,3196,3511,3258
8871,608,1568,2371,2881,2656
8872,2504,2596,3994,3530,3381
8873,1196,1117,2274,2810,2579
8874,334,67,170,165,135
8875,214,43,76,128,99
8876,404,155,134,849,826
8877,477,320,194,1266,1193
8878,1271,390,1130,1424,1292
8879,1640,2116,2168,1101,1022
8880,1946,3109,1381,1840,1756
8881,1077,1677,873,4266,4266
8882,384,1905,775,905,685
8883,250,516,590,624,472
8884,131,197,431,439,394
8885,2643,1923,624,633,572
8886,45,571,576,580,596
8887,1853,1906,3790,3440,4692
8888,160,1828,78,37,74
8889,2913,1163,2532,1406,2216
8890,69,1219,189,103,128
8891,5713,1421,1362,1065,1106
8892,2443,1535,2895,2884,2691
8893,4379,3732,804,494,603
8894,384,536,508,279,217
8895,178,485,43,58,75
8896,476,795,37,64,83
8897,1418,4620,3108,2379,1838
8898,1208,156,385,185,167
8899,1041,272,220,132,116
8900,848,98,103,173,138
8901,33,413,1939,1436,1990
8902,62,302,499,584,370
8903,737,1625,810,822,862
8904,2868,452,698,209,188
8905,2687,2119,74,861,818
8906,127,751,293,88,102
8907,1344,761,2084,2319,2064
8908,126,687,266,94,68
8909,2476,2422,8002,7113,7212
8910,1053,2722,2601,2546,2385
8911,2604,2859,3199,4098,3746
8912,440,1597,1284,4597,4986
8913,542,1151,4024,1635,2159
8914,849,1156,763,1401,1904
8915,536,584,144,65,71
8916,472,3893,718,730,603
8917,203,1537,716,209,262
8918,529,51,371,232,272
8919,1648,37,270,141,195
8920,236,832,895,1060,920
8921,36,908,1603,1942,1880
8922,48,106,221,1198,1230
8923,79,62,130,829,860
8924,2747,3238,693,1044,1463
8925,2198,1719,466,792,1068
8926,2571,1622,2588,1846,2055
8927,564,4431,2099,3086,2243
8928,2124,901,676,857,813
8929,866,454,749,807,795
8930,556,104,44,122,108
8931,656,93,107,364,367
8932,883,614,112,164,125
8933,7,18,41,191,142
8934,15,18,16,127,120
8935,0,12,42,87,61
8936,8,3,8,15,18
8937,2927,28,3,9,6
8938,1281,672,1549,2642,2671
8939,34,0,2,2,2
8940,700,584,878,1278,1167
8941,1,3,2,2,2
8942,2173,2041,4155,3679,3960
8943,3372,824,2517,2615,3360
8944,2895,1639,3763,3904,4666
8945,171,591,660,3331,3126
8946,42,1405,2305,2268,2177
8947,6242,6448,5209,4426,4235
8948,303,136,325,237,198
8949,228,854,173,130,113
8950,255,228,599,912,946
8951,238,135,2348,2402,2265
8952,9,22,129,120,118
8953,72,270,832,335,343
8954,1014,89,579,608,680
8955,441,252,652,542,645
8956,2706,175,86,69,50
8957,2954,6248,4703,4780,5275
8958,66,3298,2299,2585,3622
8959,184,1440,1242,1240,1851
8960,36,72,1221,618,600
8961,82,132,437,715,731
8962,184,165,827,1808,2459
8963,209,578,968,1196,1406
8964,1727,967,599,943,1030
8965,351,499,379,568,596
8966,769,618,2433,1993,3127
8967,2571,543,2504,2318,3387
8968,1640,2047,5425,5194,5216
8969,1991,4288,3996,5453,5941
8970,257,1353,1460,1293,1501
8971,105,582,1620,954,1088
8972,2443,484,644,503,435
8973,10,39,116,94,88
8974,20,90,305,208,198
8975,421,915,275,160,185
8976,242,451,292,186,239
8977,431,169,136,83,79
8978,393,437,524,833,754
8979,489,488,401,810,783
8980,836,2837,3164,4041,3518
8981,267,389,215,104,128
8982,6292,7322,7957,7349,7139
8983,151,590,90,47,52
8984,319,934,1014,2445,2504
8985,82,1232,444,502,480
8986,40,572,350,326,292
8987,1054,1772,215,109,177
8988,839,158,65,32,48
8989,1552,384,80,87,100
8990,18,905,615,1647,1430
8991,19,1746,1299,926,895
8992,90,588,528,1718,2027
8993,4234,6137,3929,2082,2338
8994,5264,6353,5045,3584,4234
8995,2834,3929,4159,3972,3991
8996,34,556,295,397,380
8997,4658,46,361,189,220
8998,90,450,463,466,505
8999,869,659,265,334,357
9000,1347,1068,868,1206,1166
9001,1345,1010,89,124,154
9002,1461,542,2652,2478,2469
9003,52,1846,3036,4353,4559
9004,119,3084,5210,4914,4512
9005,925,3170,5116,5466,5516
9006,1794,1192,2491,2631,2514
9007,604,1314,3925,3490,3692
9008,500,787,108,59,89
9009,656,577,387,159,247
9010,5741,3347,7300,6786,6767
9011,347,4,1012,2777,2972
9012,328,2,358,994,981
9013,591,2711,1692,1924,2176
9014,32,79,21,5,3
9015,1713,977,2409,2735,2796
9016,617,68,2,114,78
9017,21,64,271,549,520
9018,106,311,190,93,95
9019,181,282,782,465,453
9020,259,523,866,230,176
9021,2234,789,2770,1624,1586
9022,642,374,1500,457,232
9023,25,0,2,2,2
9024,14,1,1,0,1
9025,13,829,105,329,324
9026,2692,1412,3771,4413,3892
9027,2030,785,0,11,3
9028,3711,1328,1,12,5
9029,2026,24,15,15,8
9030,3815,4649,2543,1270,1749
9031,2190,12,8,3,1
9032,5872,5687,3846,3867,3907
9033,229,103,7,2,4
9034,32,20,5,3,3
9035,4310,5702,5801,3468,3930
9036,2219,2889,5059,4387,4194
9037,6848,1372,5186,6024,6329
9038,2146,2091,1985,1213,1059
9039,54,85,521,483,444
9040,613,1390,522,537,522
9041,1097,125,159,234,177
9042,822,569,314,1295,1194
9043,3617,1069,424,77,70
9044,658,205,1502,1914,1780
9045,687,259,517,313,331
9046,74,284,412,206,233
9047,1093,130,4,9,15
9048,1218,493,241,589,466
9049,2782,48,0,6,12
9050,193,121,152,392,487
9051,320,351,154,415,488
9052,169,280,201,565,489
9053,121,93,924,391,170
9054,1280,554,233,104,43
9055,163,120,1750,787,908
9056,1073,1285,1495,6180,6062
9057,303,1094,1319,956,840
9058,6547,7972,2140,1383,1241
9059,543,791,625,468,423
9060,3598,1962,1731,1427,1258
9061,894,3797,6085,6783,6787
9062,29,333,2,3,3
9063,183,1345,311,1449,1539
9064,43,139,157,77,100
9065,4780,3778,1675,1463,1424
9066,744,334,1401,260,258
9067,1110,2082,1431,1508,1593
9068,329,135,129,248,221
9069,389,68,146,147,134
9070,325,1054,506,709,761
9071,31,1512,754,352,157
9072,60,18,6,1,1
9073,2196,1081,710,707,508
9074,1759,28,590,234,313
9075,2011,59,1310,451,614
9076,4276,1591,4438,3698,3692
9077,195,1362,699,1543,1406
9078,206,1273,333,2301,2045
9079,2302,916,2425,2495,2685
9080,1195,67,386,671,437
9081,35,5,0,3,4
9082,35,8,0,0,2
9083,666,142,24,3,8
9084,475,789,678,413,390
9085,401,726,31,56,41
9086,10,1340,823,203,190
9087,18,1188,1398,1386,1358
9088,140,2497,2149,2233,2223
9089,1058,34,1054,276,293
9090,655,31,1874,884,911
9091,474,1568,1595,1380,1356
9092,2960,3218,1373,1707,1559
9093,4616,4948,3517,2912,2732
9094,3,1830,2758,1556,1693
9095,491,694,458,178,167
9096,1155,1807,585,158,175
9097,1205,1025,323,103,141
9098,71,781,481,741,679
9099,180,300,287,299,279
9100,232,803,1708,1482,1323
9101,1032,527,55,6980,7156
9102,176,244,60,682,891
9103,501,1218,2178,1328,1432
9104,238,258,6,6,2
9105,381,1810,3254,3890,3903
9106,249,202,1,1,0
9107,4679,1768,6752,7094,7150
9108,5942,4660,7454,6339,6668
9109,3904,5780,6382,4185,4514
9110,630,125,412,400,354
9111,2398,2544,1677,1347,1605
9112,1292,58,8,15,16
9113,1186,1070,720,1492,1512
9114,2408,870,710,2157,1886
9115,871,1689,395,1293,1312
9116,1673,2279,232,166,180
9117,53,230,60,22,38
9118,19,62,2,6,7
9119,2387,161,67,109,89
9120,5999,3948,1145,1375,648
9121,3001,419,56,152,144
9122,52,1749,47,434,674
9123,5525,6781,5159,2642,2613
9124,32,2033,19,416,626
9125,65,925,387,385,307
9126,1014,1194,1511,1028,1074
9127,403,1638,2890,1626,1472
9128,1235,1825,964,959,926
9129,1074,1844,1333,1263,1184
9130,3160,1602,1770,1690,1671
9131,839,984,273,112,139
9132,342,205,45,30,56
9133,315,115,54,30,53
9134,4318,1941,2851,1143,925
9135,2756,1370,654,168,169
9136,2247,550,623,242,293
9137,156,812,386,244,221
9138,547,3339,3234,2305,2047
9139,271,566,1276,601,522
9140,0,0,0,0,0
9141,0,0,0,0,0
9142,702,427,1150,891,893
9143,714,7,3,7,8
9144,684,4,6,3,3
9145,646,4,12,3,6
9146,511,769,109,59,76
9147,41,363,605,664,569
9148,36,905,112,46,86
9149,3513,1785,810,408,233
9150,1091,101,270,278,410
9151,172,2894,312,157,93
9152,753,274,330,310,290
9153,721,563,978,228,182
9154,1629,600,518,684,432
9155,617,2445,1407,5232,5290
9156,5951,5354,4148,5566,5767
9157,344,3344,2880,5222,5198
9158,202,550,277,384,469
9159,1115,3458,1473,1047,1002
9160,63,524,49,21,15
9161,886,105,2,99,85
9162,2225,268,10,137,127
9163,445,1455,2625,1548,1917
9164,2876,2335,1972,2143,2267
9165,2749,4043,4452,3616,3671
9166,2534,3439,3295,4106,4162
9167,164,1259,73,344,318
9168,197,301,726,284,539
9169,68,1171,2160,1517,1495
9170,252,23,54,31,42
9171,56,90,178,180,110
9172,62,7,15,12,15
9173,250,902,2576,1995,2334
9174,200,1378,3454,2510,3094
9175,501,1520,1415,825,842
9176,756,255,2333,2529,2478
9177,670,330,474,485,642
9178,1239,201,755,728,1025
9179,175,286,512,111,136
9180,253,720,793,249,244
9181,1058,217,635,1412,1327
9182,5139,5657,6862,6804,7009
9183,1005,43,2431,2149,2207
9184,3382,3843,8997,8138,8253
9185,326,392,526,110,193
9186,2828,4596,3501,5280,5210
9187,268,206,257,60,106
9188,199,837,616,508,444
9189,147,99,266,110,88
9190,198,358,548,368,471
9191,912,635,327,251,189
9192,520,1416,506,746,738
9193,1683,1274,233,152,124
9194,1276,97,1489,1180,1194
9195,7143,6357,5066,6129,6474
9196,1020,53,1390,885,849
9197,539,296,252,432,475
9198,688,741,643,536,484
9199,487,85,70,127,141
9200,1615,3688,4212,5827,6178
9201,861,1074,1931,2131,1896
9202,993,984,972,1045,1079
9203,514,963,286,138,154
9204,93,207,36,22,30
9205,6390,5925,8084,7987,7817
9206,2109,233,1806,1765,1472
9207,2045,3093,3301,3324,3212
9208,2860,384,2423,1908,1768
9209,55,634,540,343,371
9210,78,249,336,582,650
9211,370,880,145,53,46
9212,1952,1933,1050,778,983
9213,2086,1242,57,3418,3640
9214,3534,1778,86,819,1103
9215,1591,4027,5961,6549,6357
9216,3186,5510,2676,2035,2164
9217,2061,4726,3911,2987,3221
9218,8340,5709,6032,4689,4803
9219,2491,839,630,1532,1430
9220,3304,1888,1379,2807,2819
9221,2046,2401,2149,2082,1717
9222,530,667,588,1311,1426
9223,2990,2134,3359,1472,1066
9224,27,5,129,61,40
9225,344,6,14,2,1
9226,6216,5627,2070,1027,1082
9227,4855,7011,7134,4533,4255
9228,1564,2371,3745,2876,2581
9229,1894,842,1439,1129,1111
9230,77,543,116,206,181
9231,6,163,91,174,172
9232,156,1322,859,412,439
9233,1598,633,430,360,448
9234,1045,1132,1174,1042,1091
9235,909,1050,1584,3773,3780
9236,117,1315,834,972,929
9237,1265,955,755,1034,986
9238,47,574,308,958,987
9239,2382,2093,3203,4088,3704
9240,1722,212,2302,1631,1771
9241,3592,445,3861,2908,3056
9242,1718,2977,7244,7966,8111
9243,2478,1385,2123,2512,2226
9244,1347,1758,2733,2797,2291
9245,2893,1318,2175,3149,3051
9246,6590,6128,5685,4359,4527
9247,2090,677,1286,1772,1592
9248,58,47,32,26,21
9249,26,31,93,445,500
9250,152,437,36,45,27
9251,514,1524,971,652,640
9252,4750,3516,1291,593,773
9253,324,3066,2229,759,932
9254,177,69,154,206,159
9255,462,95,54,426,425
9256,233,134,218,334,291
9257,328,773,787,986,1015
9258,82,2129,1631,2765,2517
9259,307,445,678,700,881
9260,0,0,3,2,1
9261,0,0,0,1,0
9262,1,0,0,0,0
9263,15,13,226,319,301
9264,12,16,608,938,810
9265,866,91,2856,1264,1088
9266,459,869,1239,808,937
9267,190,264,458,390,435
9268,152,280,161,143,172
9269,5,62,21,20,13
9270,1186,419,2658,1351,1238
9271,5,209,8,6,5
9272,746,1606,5369,3514,4354
9273,914,1269,309,125,106
9274,239,1746,518,219,157
9275,306,523,431,53,71
9276,87,1349,1968,355,471
9277,3927,2892,1440,1128,1099
9278,317,205,89,96,88
9279,2545,82,67,197,208
9280,164,931,1534,1807,1423
9281,371,673,599,234,288
9282,1610,1418,2223,722,886
9283,64,442,516,137,176
9284,297,29,3,4,3
9285,1070,327,640,800,692
9286,502,17,8,3,3
9287,684,376,247,435,436
9288,351,79,96,193,196
9289,956,3252,2795,2854,2716
9290,431,2779,429,133,115
9291,1042,4732,874,205,278
9292,1154,1168,388,52,57
9293,158,451,1419,494,488
9294,142,1049,2148,887,983
9295,320,287,273,269,385
9296,611,600,1727,2290,1562
9297,1797,469,2257,2668,2406
9298,479,4857,4701,5279,4314
9299,4360,3100,2732,1961,1939
9300,335,24,50,43,36
9301,1114,25,76,67,81
9302,4813,3783,1297,954,1228
9303,8,244,1025,640,717
9304,1347,2299,2951,2453,2705
9305,587,672,447,449,461
9306,803,1002,462,512,518
9307,820,987,694,571,483
9308,1597,2362,401,2001,2106
9309,1939,3246,408,881,797
9310,1166,1545,584,302,265
9311,210,484,123,50,77
9312,438,801,266,275,330
9313,153,366,122,115,143
9314,177,213,315,254,212
9315,1043,615,1153,550,554
9316,2397,2688,2221,1477,1535
9317,2,0,376,311,214
9318,1099,1640,1434,1188,1222
9319,1,0,378,240,178
9320,26,38,145,149,189
9321,1202,3470,781,533,491
9322,28,27,16,9,14
9323,2891,1991,2457,3066,3211
9324,2042,2418,3373,3271,3367
9325,1738,2403,1734,1489,1406
9326,4786,539,1862,1629,1449
9327,163,2324,1150,926,1096
9328,250,274,910,1220,707
9329,437,487,950,1198,911
9330,295,1007,454,465,518
9331,475,408,381,505,411
9332,882,576,24,273,382
9333,584,245,6,12,18
9334,2718,568,16,49,61
9335,68,101,158,284,290
9336,65,130,212,1011,1109
9337,116,114,155,489,464
9338,3980,3165,3099,3279,4236
9339,3854,7416,3416,6185,6253
9340,3905,4089,3116,2581,3226
9341,894,0,245,227,179
9342,1258,0,196,139,125
9343,789,39,294,292,285
9344,98,525,381,877,997
9345,481,1713,2508,2105,1916
9346,279,565,588,1110,1182
9347,294,569,429,370,368
9348,734,102,94,132,107
9349,1098,70,123,88,75
9350,1569,896,1661,814,883
9351,1959,861,268,77,76
9352,1311,713,277,82,73
9353,1931,1815,33,6,4
9354,339,826,39,19,14
9355,222,1688,1810,2304,2207
9356,5216,6091,5662,4713,4801
9357,330,104,905,1036,972
9358,202,170,683,738,797
9359,279,175,432,457,421
9360,262,91,76,87,59
9361,1022,578,3997,5634,5782
9362,608,655,1798,2512,2526
9363,432,1047,1562,2696,2600
9364,1357,883,1094,2067,1925
9365,1599,177,11,138,111
9366,430,2320,1573,1248,1372
9367,527,167,5,119,83
9368,204,130,137,17,12
9369,422,515,235,424,597
9370,179,457,249,44,33
9371,0,7,9,4,5
9372,3,2,0,1,3
9373,3777,2816,2575,1765,1681
9374,253,117,479,259,319
9375,563,249,824,431,530
9376,681,992,1392,1225,1216
9377,14,599,735,998,875
9378,3135,1959,597,638,638
9379,18,826,592,707,693
9380,589,317,849,752,670
9381,266,84,145,54,81
9382,393,2697,3550,4820,4399
9383,1,93,22,125,111
9384,334,1579,1542,1193,1074
9385,2,112,38,413,416
9386,25,143,86,15,24
9387,2,58,48,23,39
9388,143,142,325,885,775
9389,905,1310,745,769,575
9390,731,2163,767,463,479
9391,3407,3177,1434,845,783
9392,120,224,1010,581,907
9393,162,606,202,58,64
9394,102,1835,629,425,410
9395,3688,779,2154,1920,1380
9396,1909,22,81,45,57
9397,1313,168,82,53,56
9398,2402,504,538,408,329
9399,3614,2583,3123,1739,1475
9400,1004,939,586,537,485
9401,3978,4415,3988,3382,3162
9402,3401,660,1105,457,474
9403,1628,225,217,101,38
9404,391,249,414,250,247
9405,521,1003,890,2796,2441
9406,495,301,350,222,224
9407,1652,1721,2708,2356,2162
9408,6389,7056,1731,2638,2235
9409,1657,942,1358,2051,2059
9410,1883,2396,3106,2262,1919
9411,2207,3079,2943,2091,1957
9412,2611,1335,1725,1818,2308
9413,6012,5750,2018,2949,2604
9414,23,9,64,3,11
9415,716,112,15,15,15
9416,2135,2436,7892,5293,6153
9417,1971,1419,5909,3549,3411
9418,2969,2260,4416,1576,1439
9419,2118,583,2134,2341,2340
9420,1592,168,60,47,42
9421,1348,613,177,134,121
9422,176,269,149,570,506
9423,869,766,719,1230,1381
9424,1175,1900,5013,4535,4327
9425,3791,1662,737,862,836
9426,6096,1830,452,408,649
9427,3873,2065,189,383,533
9428,1252,800,2100,1631,1675
9429,1282,1119,2998,2492,2411
9430,2881,1554,5939,7105,7108
9431,6,511,19,17,21
9432,1005,541,55,12,26
9433,805,1009,66,181,237
9434,57,27,37,7,13
9435,55,111,218,286,300
9436,25,8,20,3,4
9437,748,506,504,326,278
9438,8647,6411,4592,3509,3687
9439,1381,201,51,24,34
9440,1588,2083,2899,2519,2309
9441,102,662,309,615,632
9442,37,1885,1061,1512,1545
9443,1549,699,241,321,297
9444,2996,3848,3794,3291,3440
9445,2917,1005,605,823,857
9446,390,1313,450,453,379
9447,180,635,448,186,137
9448,0,0,0,0,0
9449,27,2072,2222,1865,2116
9450,6,398,636,455,530
9451,2623,1842,1369,983,1030
9452,255,21,561,880,899
9453,8207,8008,8153,8175,8077
9454,479,49,774,876,1034
9455,1,1,5,1,0
9456,1,0,0,0,0
9457,0,1851,2232,2469,2692
9458,44,40,34,44,47
9459,362,92,319,882,784
9460,24,45,96,53,63
9461,324,149,79,99,59
9462,415,199,79,39,43
9463,236,421,92,39,35
9464,39,29,14,10,14
9465,15,7,15,32,30
9466,6,2,5,11,14
9467,3184,8059,7090,7552,7749
9468,2746,5621,3960,2569,2730
9469,3766,6030,5593,4546,4761
9470,150,1858,977,642,365
9471,3145,5644,4160,4518,4594
9472,72,987,687,570,428
9473,109,385,70,77,71
9474,67,179,7787,5904,6219
9475,426,299,16,36,14
9476,676,3081,2035,1792,1537
9477,636,3263,2059,2410,2147
9478,1201,857,827,825,698
9479,295,3013,4840,3965,4555
9480,177,5237,2755,1500,1692
9481,2056,177,1714,830,830
9482,4393,653,757,568,588
9483,432,1440,1074,1106,881
9484,829,891,724,317,486
9485,3305,1802,4753,6622,6625
9486,172,323,1655,1966,1417
9487,554,2327,5306,6142,5317
9488,827,2961,1644,1073,854
9489,4094,575,1650,3380,3742
9490,537,156,726,311,235
9491,106,123,53,66,97
9492,308,368,54,31,39
9493,163,211,48,26,31
9494,2757,181,652,343,298
9495,964,970,818,726,857
9496,2657,1209,1991,1238,1452
9497,364,189,307,359,414
9498,1280,458,501,677,682
9499,3781,3482,1660,1258,1181
9500,1306,331,374,439,350
9501,3,234,67,139,119
9502,10,344,116,284,321
9503,390,112,312,388,433
9504,19,44,15,46,36
9505,3981,731,1318,538,565
9506,244,90,197,894,850
9507,316,954,1047,2270,2438
9508,132,41,108,607,603
9509,40,225,86,38,39
9510,34,2378,204,60,59
9511,750,1616,2051,1710,1883
9512,4737,994,1165,821,1022
9513,1,2,0,0,0
9514,0,2,0,0,0
9515,734,87,1075,1222,1324
9516,55,71,764,881,914
9517,555,2498,1715,865,824
9518,1102,2139,706,824,1132
9519,1512,5869,4381,4660,5306
9520,979,2313,621,521,688
9521,1652,804,2485,4307,3732
9522,75,798,988,854,778
9523,35,477,324,387,366
9524,111,16,109,958,1041
9525,1155,591,11,7,5
9526,517,1418,862,241,239
9527,285,2128,3247,3524,3392
9528,259,145,12,31,43
9529,2832,59,7,17,22
9530,6219,2914,6470,5971,6111
9531,575,664,1984,2290,2250
9532,5,3,2,3,1
9533,1048,957,62,166,213
9534,515,482,32,73,106
9535,4615,5433,4088,2381,2034
9536,308,1661,1188,1229,1130
9537,1710,1862,2252,4781,4909
9538,33,743,401,533,521
9539,1368,1509,1628,1804,1741
9540,949,930,484,691,700
9541,2114,2577,3262,2877,2701
9542,1219,2381,1094,1615,1632
9543,3945,3549,3319,2706,2628
9544,843,1264,1,482,668
9545,5229,2782,4097,3795,3910
9546,81,267,6,11,14
9547,653,587,64,53,29
9548,1273,979,123,35,43
9549,1787,511,2530,2000,1793
9550,1566,1039,239,111,117
9551,871,425,519,398,442
9552,625,490,3546,3693,3572
9553,680,59,339,604,610
9554,461,265,303,476,323
9555,851,545,1391,1263,1489
9556,880,2235,2150,5155,5686
9557,4376,3741,3770,3935,4194
9558,3781,2905,3312,2997,3195
9559,4742,3179,3259,3165,3054
9560,6188,2850,7400,6250,6519
9561,237,1059,1632,1687,1937
9562,131,28,278,150,215
9563,1648,1418,4862,6384,5983
9564,20,276,36,42,52
9565,652,187,545,1087,950
9566,7417,8670,9095,9076,9089
9567,1330,2492,1854,1690,1390
9568,2039,2618,1112,742,585
9569,24,1,0,2,2
9570,20,0,0,0,0
9571,36,0,0,0,0
9572,426,527,45,30,27
9573,815,868,714,1511,1648
9574,520,1648,137,75,66
9575,699,334,257,285,320
9576,738,1006,1132,827,1028
9577,369,88,241,231,214
9578,1420,2274,2197,2220,2280
9579,1057,642,4834,4720,4434
9580,696,865,5136,4645,4612
9581,789,565,241,929,988
9582,454,855,110,911,1012
9583,690,24,95,407,458
9584,1245,808,982,1627,1530
9585,1470,459,175,536,688
9586,789,204,442,834,1106
9587,6834,4904,1814,1085,1190
9588,3638,1208,405,517,796
9589,2716,905,112,213,357
9590,290,142,5931,2774,3307
9591,1751,2420,42,183,159
9592,614,346,52,355,274
9593,154,7,369,225,283
9594,769,69,471,1228,892
9595,4711,3229,1863,1289,1479
9596,1766,692,1574,2950,2714
9597,1102,695,2362,2591,2403
9598,1420,1909,1600,3084,2923
9599,18,32,318,353,448
9600,2,44,1,2,1
9601,2,98,1,1,1
9602,125,40,78,49,52
9603,134,17,176,64,55
9604,143,148,67,60,71
9605,1289,3219,1960,1000,787
9606,449,64,50,219,169
9607,903,5022,3243,1250,1372
9608,75,745,626,478,434
9609,33,336,314,142,129
9610,2027,1815,1995,1935,2577
9611,7040,7063,7626,5480,6198
9612,273,1622,1699,1509,1393
9613,427,2436,2266,2422,2289
9614,232,137,120,21,26
9615,98,216,337,185,209
9616,109,37,206,573,537
9617,217,2056,2119,1880,997
9618,157,745,1418,1147,584
9619,817,1453,854,1325,1579
9620,656,436,129,153,121
9621,440,463,1065,1131,1159
9622,117,303,163,217,180
9623,56,132,8,100,79
9624,1058,43,97,55,59
9625,268,502,1608,1293,1293
9626,3535,1769,3534,1386,1515
9627,4618,2700,4781,4315,3769
9628,2927,1868,3860,2035,2007
9629,435,426,2637,2131,2286
9630,1613,1988,199,1157,985
9631,737,1363,3358,4113,3322
9632,89,66,143,71,172
9633,228,43,96,59,93
9634,2495,1572,2432,1488,1360
9635,1282,1058,661,1049,1004
9636,1478,2112,1273,542,490
9637,12,251,705,812,776
9638,2212,3684,251,163,117
9639,118,1110,142,127,86
9640,585,8050,8676,8114,8019
9641,27,38,36,105,121
9642,25,264,145,247,202
9643,106,1057,141,145,93
9644,333,565,104,155,112
9645,41,445,254,345,181
9646,692,436,84,179,139
9647,1141,777,2350,4133,3558
9648,788,447,1323,3607,3344
9649,571,1138,3919,5455,5168
9650,1893,788,1260,928,950
9651,117,677,865,1292,1223
9652,53,249,577,342,455
9653,102,1238,1045,700,840
9654,366,268,749,514,557
9655,28,390,58,52,55
9656,23,120,65,47,60
9657,144,625,785,378,356
9658,1328,188,107,65,68
9659,11,185,54,32,17
9660,6470,584,5697,4773,3853
9661,18,237,17,15,12
9662,248,1017,1688,1825,1684
9663,184,1538,98,76,73
9664,95,583,34,35,32
9665,275,706,273,111,88
9666,3240,154,146,47,41
9667,139,904,293,283,253
9668,2,259,610,689,456
9669,3,165,410,184,215
9670,917,252,1270,1009,1091
9671,2671,2307,2294,1939,1992
9672,3,396,1557,846,803
9673,4,142,2634,1435,1435
9674,491,4872,3248,4871,4388
9675,310,117,1,0,0
9676,209,62,0,0,0
9677,1517,7154,4488,4156,3887
9678,2564,1435,451,1395,1584
9679,823,831,306,867,990
9680,402,337,896,802,1140
9681,5881,5747,3816,7060,7177
9682,2218,1206,3251,3033,4136
9683,1359,1333,472,606,606
9684,1237,1950,741,814,667
9685,586,1373,764,942,831
9686,921,1875,1811,2586,2034
9687,1133,1007,890,720,681
9688,1184,1406,1570,1285,1269
9689,806,1638,949,2416,2398
9690,799,1336,2781,3799,3967
9691,638,1374,1278,2067,2117
9692,26,67,24,30,34
9693,10,8,216,121,86
9694,7,4,0,0,0
9695,1269,971,1719,1862,1890
9696,76,262,1219,555,672
9697,66,363,2254,1884,2116
9698,1223,1626,2518,2186,2782
9699,2378,1696,2272,2682,2974
9700,1510,2994,4146,5954,6190
9701,29,6,4,1,1
9702,879,942,657,976,877
9703,35,266,276,168,189
9704,147,109,89,100,105
9705,245,29,18,124,99
9706,191,75,127,133,116
9707,792,2283,6858,6076,5650
9708,717,651,321,2054,2842
9709,4104,4451,5638,5453,5197
9710,3586,957,3280,679,698
9711,2677,410,233,85,66
9712,1793,967,325,88,92
9713,1165,2857,1807,2071,2148
9714,12,549,1264,918,1149
9715,134,26,685,488,749
9716,978,583,851,1028,719
9717,570,1243,1445,1369,1381
9718,259,306,961,1072,1340
9719,4176,5736,2698,1968,2138
9720,1290,1065,953,540,644
9721,3920,2394,3647,2628,2371
9722,517,380,759,919,1002
9723,907,145,79,63,42
9724,1696,1813,2919,2118,1993
9725,1591,3368,3186,1983,1704
9726,36,37,466,2064,2052
9727,659,456,732,125,266
9728,1019,590,114,134,107
9729,755,691,19,142,189
9730,2,616,45,223,162
9731,1649,1254,1630,1199,1330
9732,2186,1326,963,751,991
9733,1788,552,430,253,378
9734,306,939,941,544,622
9735,1874,4367,2921,2764,2457
9736,200,1187,601,512,603
9737,2254,244,601,2424,2199
9738,4549,332,1099,3607,3420
9739,674,182,110,1728,1794
9740,103,46,195,169,181
9741,557,130,277,351,355
9742,153,47,216,192,195
9743,24,3814,1123,410,572
9744,8000,3882,1049,940,737
9745,13,3022,1194,631,943
9746,759,181,128,104,87
9747,27,55,458,540,519
9748,32,53,440,378,294
9749,1558,668,56,154,162
9750,1655,605,69,160,135
9751,2243,3199,4348,3505,4113
9752,1341,1565,848,742,738
9753,1033,3874,1573,1128,1229
9754,1626,1682,1155,658,667
9755,1380,140,45,42,22
9756,435,532,463,1226,1145
9757,6515,5189,5353,4911,4914
9758,1,20,7,7,7
9759,7164,7441,3778,3500,3620
9760,1,16,5,6,6
9761,266,1718,1361,1998,2139
9762,205,1176,1313,1097,1253
9763,4762,1355,2064,1670,1869
9764,1845,2029,2702,1405,1669
9765,3165,1791,3925,2161,2656
9766,1856,2852,3456,3137,3153
9767,1321,3356,3124,5192,5302
9768,1655,1228,1861,1593,1067
9769,270,165,1638,497,708
9770,98,175,388,362,354
9771,96,181,32,204,213
9772,577,113,321,253,252
9773,497,60,10,3,5
9774,735,190,33,197,189
9775,337,54,15,6,10
9776,2570,2384,2159,2523,2333
9777,423,1464,1190,729,772
9778,2632,1236,706,1394,1403
9779,122,92,0,0,0
9780,178,229,235,301,209
9781,103,138,275,293,195
9782,3418,31,1513,1623,1962
9783,4561,4023,2216,1519,1430
9784,14,15,42,8,15
9785,996,1075,1658,2101,2101
9786,3265,5821,5049,5016,5302
9787,806,594,1935,2645,2696
9788,17,117,887,1067,871
9789,39,14,33,26,37
9790,57,86,53,38,38
9791,55,1323,57,487,425
9792,1595,1870,67,452,402
9793,64,1703,1829,1162,1000
9794,429,134,813,1653,1607
9795,527,364,500,465,399
9796,37,102,223,201,211
9797,548,2622,5577,3872,3567
9798,1,396,33,38,79
9799,0,6,46,27,45
9800,185,155,197,99,111
9801,289,914,3253,1309,1150
9802,336,52,67,40,38
9803,329,791,3466,4129,3969
9804,397,825,3258,3963,4112
9805,1221,3244,4496,4015,4308
9806,113,119,51,1,1
9807,119,358,44,181,147
9808,36,151,10,40,38
9809,191,264,236,384,288
9810,212,367,317,674,496
9811,3953,5465,5603,7906,7675
9812,24,125,1,285,276
9813,22,534,1036,516,488
9814,658,325,3,666,673
9815,1612,25,9,6,5
9816,895,101,77,89,50
9817,1541,112,61,69,60
9818,5271,3835,3401,2914,2706
9819,6339,6908,6320,5343,5329
9820,5147,5662,6045,5733,5574
9821,4092,1576,35,11,7
9822,3273,398,2545,2973,2621
9823,4436,2898,46,17,18
9824,402,81,0,0,0
9825,231,91,0,0,0
9826,5627,7139,7572,7856,7907
9827,1041,2320,2217,1949,2110
9828,913,3265,4469,3940,3697
9829,921,3641,2742,2886,3193
9830,323,3313,3075,3125,3208
9831,1188,283,247,135,103
9832,357,235,149,76,54
9833,579,4143,738,723,527
9834,319,758,57,12,12
9835,30,23,109,23,19
9836,157,1283,277,249,196
9837,866,3937,4507,4084,4175
9838,512,2076,495,278,257
9839,79,62,45,21,35
9840,82,201,89,43,60
9841,319,338,155,140,93
9842,1171,78,653,517,687
9843,1356,264,988,848,1090
9844,175,148,611,427,444
9845,2974,3158,2059,1557,1548
9846,3884,1778,1821,4040,4423
9847,1837,1387,1281,716,755
9848,4,0,51,22,20
9849,3,2,34,26,27
9850,13,609,911,514,442
9851,136,37,38,51,40
9852,42,227,94,79,75
9853,41,43,459,286,248
9854,1037,742,524,323,243
9855,6210,5872,3710,3686,3752
9856,607,384,273,194,183
9857,199,103,12,13,14
9858,380,79,17,34,42
9859,501,151,1708,1900,1903
9860,62,7,7,7,5
9861,95,72,438,273,180
9862,39,7,10,5,3
9863,30,3,1,25,23
9864,100,2,7,2,0
9865,53,22,5,3,2
9866,949,1933,1015,2112,2497
9867,600,996,954,1452,1771
9868,2841,5257,4290,2803,3035
9869,7440,4704,5026,6313,6466
9870,785,1787,876,716,707
9871,691,1332,599,464,464
9872,304,783,951,1093,980
9873,450,65,153,269,492
9874,523,48,260,449,916
9875,186,1340,1350,1003,761
9876,1007,2606,1359,1318,1417
9877,220,890,902,693,761
9878,635,1010,1096,416,488
9879,430,1412,937,212,268
9880,857,907,874,2299,2417
9881,667,1238,1847,2279,1758
9882,832,2404,4692,3344,2930
9883,2260,3370,3218,3591,3460
9884,153,86,189,120,106
9885,186,61,285,182,102
9886,3759,1128,1244,565,467
9887,3826,1483,2184,3674,3065
9888,1473,1924,1342,2112,2030
9889,2281,1985,2030,2979,2316
9890,63,35,131,159,162
9891,86,3540,3574,2796,2101
9892,90,52,2,81,84
9893,368,927,31,11,9
9894,563,1286,55,35,31
9895,7417,3298,4372,4223,3816
9896,8570,4884,5099,4898,4940
9897,53,55,161,101,144
9898,1140,269,2907,1774,1610
9899,3821,3320,609,872,711
9900,3349,474,486,731,682
9901,2035,494,665,1064,1003
9902,4,28,143,134,42
9903,3105,2002,659,946,1014
9904,5,19,51,59,15
9905,1627,1692,363,206,198
9906,1072,1222,386,182,230
9907,1251,1545,1194,823,881
9908,637,405,2682,2585,2460
9909,322,678,2151,1505,1937
9910,232,5132,3023,2168,2955
9911,4238,3243,2367,2726,2224
9912,4280,4831,5799,6496,6764
9913,4495,3881,1719,1851,1528
9914,298,25,290,577,699
9915,754,1282,397,269,325
9916,799,206,5552,3403,3746
9917,620,228,302,365,418
9918,510,71,61,33,39
9919,883,157,150,141,144
9920,1561,869,2328,2299,1895
9921,826,329,1803,1805,1877
9922,2427,487,6056,4752,4994
9923,287,3494,354,209,167
9924,212,159,138,113,146
9925,8,1896,52,123,131
9926,6924,7602,6852,5576,5678
9927,49,589,420,439,508
9928,50,1443,2117,2163,2166
9929,2764,4272,3463,4198,3937
9930,998,33,547,29,25
9931,1840,26,162,75,71
9932,107,623,827,729,789
9933,142,954,1339,1426,1375
9934,1810,1673,519,982,910
9935,46,293,238,65,98
9936,465,613,1903,1240,800
9937,412,411,563,262,331
9938,195,450,61,77,91
9939,895,1337,179,306,263
9940,326,787,169,222,230
9941,72,405,366,272,306
9942,5759,2449,71,213,228
9943,79,456,478,341,352
9944,540,905,758,1051,1021
9945,2783,1614,337,1793,1631
9946,267,681,141,298,331
9947,257,389,243,65,129
9948,18,245,301,454,558
9949,12,348,486,695,790
9950,3987,5845,4602,2914,2620
9951,3492,341,1440,5565,5567
9952,5900,1467,2494,1913,1799
9953,10,11,12,23,36
9954,5752,6085,5045,3340,3321
9955,17,12,3,9,17
9956,852,853,92,1959,2110
9957,314,1132,372,105,119
9958,789,1153,182,273,272
9959,107,135,81,6,2
9960,569,4,157,37,46
9961,39,1,29,14,10
9962,24,158,398,209,226
9963,641,45,515,691,880
9964,67,99,368,155,164
9965,571,28,8,390,484
9966,0,17,3,1777,1843
9967,3,580,576,1060,1226
9968,149,18,31,319,311
9969,376,454,111,294,300
9970,142,39,52,283,308
9971,1465,1148,127,69,92
9972,4659,139,2392,1512,1838
9973,55,852,2283,1586,1462
9974,578,10,40,6,4
9975,68,15,30,3,3
9976,150,5809,2114,3312,2213
9977,560,446,548,675,612
9978,922,522,500,575,756
9979,474,451,651,643,601
9980,0,649,501,540,628
9981,2,205,39,104,118
9982,8,66,97,140,141
9983,0,43,0,0,0
9984,0,103,0,0,0
9985,2146,2130,2892,1347,1169
9986,3594,6563,6911,5476,5417
9987,3257,2248,1951,1624,1635
9988,343,186,928,578,431
9989,951,3493,380,640,458
9990,2193,4716,323,482,421
9991,2518,3923,4773,4536,4411
9992,1630,326,2107,1298,1310
9993,1779,526,1304,960,1081
9994,1254,3966,2951,1574,1762
9995,831,1867,2850,2064,1920
9996,428,1083,1134,1553,1639
9997,2822,4007,2267,1174,1136
9998,2243,1803,80,51,40
9999,1894,2429,341,861,748
10000,1141,1101,117,78,60
10001,6,57,0,4,3
10002,9,26,0,8,6
10003,7,28,22,12,11
10004,4,6,17,7,10
10005,958,1455,1741,1376,1394
10006,2,7,15,8,5
10007,405,802,440,532,467
10008,515,946,320,101,76
10009,1887,1453,3282,2709,2414
10010,419,38,127,83,64
10011,179,53,31,17,13
10012,5443,1276,2670,2470,2216
10013,447,1471,1315,1360,924
10014,3429,1141,1868,2059,2013
10015,817,868,1786,1765,1922
10016,621,1895,1290,2109,2347
10017,735,2392,4507,2677,3255
10018,422,4906,278,594,696
10019,640,242,219,543,578
10020,707,304,3900,2216,1804
10021,1450,310,210,426,462
10022,4582,6619,3435,4826,4188
10023,319,203,287,397,457
10024,958,231,159,335,291
10025,27,3354,1982,2116,2416
10026,171,115,329,496,458
10027,131,129,225,395,409
10028,3117,1501,1644,1155,1055
10029,346,1149,429,641,699
10030,60,683,378,273,188
10031,687,4571,1637,6198,5329
10032,50,278,145,1240,1243
10033,120,395,187,1733,1941
10034,699,1201,91,148,186
10035,1285,482,107,113,84
10036,341,385,72,46,38
10037,194,188,220,395,338
10038,31,109,17,25,31
10039,75,1,109,162,166
10040,39,3,26,15,11
10041,9,4,30,13,10
10042,2062,1003,1416,2115,2171
10043,1877,5209,2972,1955,1637
10044,7053,7269,8128,9070,9025
10045,2661,4569,4239,2760,2678
10046,291,290,2330,1377,1429
10047,119,42,326,887,825
10048,1836,2894,1888,1109,1166
10049,3650,517,1181,1229,1181
10050,1031,873,1497,1552,1291
10051,938,361,890,892,828
10052,98,804,585,310,249
10053,534,1041,534,1539,1557
10054,3076,1605,466,282,246
10055,1202,1418,1123,1522,2007
10056,102,45,554,228,393
10057,132,45,561,322,452
10058,2155,340,423,218,212
10059,713,135,104,25,28
10060,1389,2269,1854,1946,1777
10061,42,32,68,29,38
10062,48,35,66,93,115
10063,11,101,126,81,92
10064,6452,6863,3709,4148,3879
10065,5229,5718,6630,7423,7525
10066,4586,3854,3993,5116,5102
10067,1010,900,610,935,901
10068,2470,1621,1336,2518,2519
10069,2213,3398,1276,955,957
10070,1357,519,2,80,45
10071,1841,344,4,207,125
10072,7892,7211,8318,8022,7852
10073,4247,1614,2269,3150,3198
10074,203,640,181,170,193
10075,159,94,333,212,255
10076,6160,6474,5207,5896,6286
10077,777,1098,3080,2657,2604
10078,994,1948,4305,3804,3635
10079,2874,71,908,394,89
10080,1462,2989,3351,4007,4213
10081,1449,62,690,258,83
10082,928,261,865,734,679
10083,1074,102,2001,2044,1958
10084,403,59,417,358,361
10085,3964,1912,1676,1377,1659
10086,1365,1182,1251,1165,1240
10087,1503,1308,937,618,623
10088,173,513,1907,1375,1538
10089,623,53,69,82,84
10090,125,91,316,294,261
10091,991,137,25,3,12
10092,232,78,50,14,20
10093,436,70,2107,3494,3373
10094,402,229,302,234,207
10095,116,2005,167,199,141
10096,245,463,277,129,86
10097,488,1840,2129,5263,5600
10098,489,1238,1376,612,521
10099,1915,667,723,259,221
10100,1214,872,1629,1284,1521
10101,1289,769,105,91,17
10102,1029,1292,165,173,27
10103,1173,820,771,1951,1768
10104,2115,1652,1800,873,1025
10105,1665,1488,928,531,634
10106,6579,5021,1829,2728,2541
10107,449,2170,436,345,392
10108,1883,1814,1535,2165,2387
10109,439,163,0,0,0
10110,389,63,0,1,1
10111,293,307,247,1987,1612
10112,2468,3543,1601,1209,1272
10113,7946,1589,5232,3562,4052
10114,540,289,528,405,408
10115,2253,3144,1978,1237,1315
10116,1031,607,611,652,579
10117,1160,1127,727,1309,1280
10118,195,32,2,0,0
10119,71,694,846,500,458
10120,152,87,61,277,147
10121,3100,3015,3346,2876,2591
10122,6281,6145,5705,7589,7533
10123,6106,1813,2426,2087,1584
10124,651,4364,4162,3408,3554
10125,2924,3136,3183,3700,3280
10126,335,1876,1486,1392,1423
10127,209,516,469,506,493
10128,450,685,1274,845,725
10129,157,462,598,918,729
10130,5248,2391,685,652,702
10131,2438,1,1440,908,770
10132,877,0,446,158,131
10133,54,53,38,27,32
10134,188,15,95,62,86
10135,45,1408,727,671,683
10136,78,1100,204,1337,1118
10137,13,165,205,185,141
10138,26,150,175,109,86
10139,483,152,461,364,270
10140,318,1863,1108,803,689
10141,3796,1803,6757,6019,6458
10142,2558,2387,2162,636,867
10143,1556,2090,1196,1693,1746
10144,2129,2229,1289,519,584
10145,1007,2305,1234,998,1215
10146,3592,907,1258,987,992
10147,760,638,836,740,671
10148,465,223,742,662,563
10149,787,544,1410,994,988
10150,1906,218,929,645,656
10151,2381,672,1174,914,741
10152,1831,306,827,713,544
10153,1478,2039,454,362,288
10154,3448,5938,6537,5632,5756
10155,6784,6598,6104,5298,5298
10156,7295,7938,5809,5367,5426
10157,411,36,3,4,3
10158,1405,4047,8278,7205,7260
10159,608,121,1,5,4
10160,183,8,0,5,8
10161,249,510,389,425,438
10162,1278,272,111,222,153
10163,4652,338,74,108,118
10164,3743,817,515,422,497
10165,2667,503,1854,3770,3852
10166,68,219,365,431,378
10167,39,120,210,79,77
10168,1461,406,266,562,473
10169,3058,1785,845,638,552
10170,590,958,495,915,1477
10171,270,983,236,505,843
10172,985,156,333,251,233
10173,848,48,194,109,112
10174,1561,3447,4297,4213,4341
10175,523,186,539,397,673
10176,572,593,390,267,580
10177,2246,650,1628,1201,1285
10178,447,1015,1056,385,331
10179,601,234,53,111,129
10180,368,366,55,423,574
10181,310,34,129,127,159
10182,163,195,13,329,273
10183,560,376,650,460,460
10184,91,213,616,956,765
10185,181,258,747,542,471
10186,291,4001,1981,2419,1903
10187,1250,798,128,181,198
10188,2407,776,822,697,448
10189,2040,1096,775,630,673
10190,1023,215,98,128,112
10191,2558,173,91,67,69
10192,776,3147,2781,3104,3118
10193,2994,1143,3258,2992,2940
10194,2330,194,476,295,294
10195,3897,502,955,840,718
10196,780,129,642,633,592
10197,22,27,54,119,86
10198,509,61,74,69,82
10199,7389,5152,7912,7648,7945
10200,620,209,138,151,163
10201,286,178,1395,1098,1201
10202,3889,216,2790,2478,2400
10203,3032,3255,4777,4413,4604
10204,3309,321,2516,1109,1027
10205,1064,128,78,44,65
10206,2336,1674,5151,3595,3908
10207,1094,154,38,45,59
10208,4,39,10,53,99
10209,62,474,179,412,419
10210,159,1215,217,651,585
10211,34,706,102,50,47
10212,50,354,164,108,84
10213,1093,466,408,290,340
10214,497,296,285,173,216
10215,1,616,986,1427,1376
10216,83,40,40,16,25
10217,377,51,728,741,423
10218,225,54,548,586,272
10219,3468,4175,308,1505,1343
10220,3522,4866,6822,7025,7001
10221,5850,2961,1229,1567,1848
10222,5605,3172,670,870,1145
10223,2572,820,32,37,28
10224,86,600,1151,1174,1388
10225,1688,2423,44,24,21
10226,217,3043,3963,2808,2624
10227,490,2515,4309,3356,3146
10228,1807,3800,2163,1826,1998
10229,147,195,26,31,38
10230,1154,857,32,197,191
10231,218,396,189,389,415
10232,579,1216,96,268,191
10233,764,1742,3721,2703,2952
10234,1260,354,68,183,107
10235,108,163,13,367,344
10236,185,480,466,1272,1096
10237,84,239,280,227,283
10238,41,45,251,164,151
10239,24,4,12,42,46
10240,165,1,12,47,60
10241,107,877,722,383,451
10242,196,2845,798,417,465
10243,6936,1167,1616,1024,1102
10244,3309,30,46,29,41
10245,2717,5629,5280,6735,6729
10246,5468,83,42,34,47
10247,961,1596,1028,1417,1355
10248,154,365,106,1225,1039
10249,103,208,54,443,376
10250,159,484,117,996,933
10251,370,569,191,147,160
10252,260,839,197,2728,2688
10253,406,1954,2605,2000,1962
10254,384,2052,2265,1646,1707
10255,410,2461,1842,2453,2832
10256,638,757,1353,1366,1375
10257,2081,495,763,897,930
10258,1665,3243,4637,3545,3732
10259,205,568,39,647,520
10260,404,1123,27,126,100
10261,2207,3376,71,170,129
10262,5830,1218,957,1449,1478
10263,2219,1292,659,385,392
10264,1821,398,407,507,489
10265,21,46,167,32,36
10266,14,40,915,585,657
10267,2351,1338,29,191,132
10268,16,246,2122,1426,1539
10269,818,3702,2439,2265,2638
10270,22,278,1922,1974,2337
10271,119,116,219,131,161
10272,121,175,322,199,168
10273,23,227,124,78,93
10274,307,4980,2268,2272,2227
10275,1480,5334,1585,1544,1527
10276,361,2595,1935,681,483
10277,251,172,47,58,72
10278,558,671,241,306,356
10279,436,1611,648,581,537
10280,1240,65,535,386,319
10281,597,48,88,18,18
10282,276,57,53,8,6
10283,127,102,471,853,1157
10284,192,620,617,867,958
10285,589,288,389,532,549
10286,91,33,0,0,0
10287,3424,2346,3507,2484,3116
10288,149,39,0,0,0
10289,11,0,22,8,7
10290,6,76,134,69,76
10291,36,0,117,155,136
10292,52,525,70,294,198
10293,61,21,102,5,7
10294,147,287,461,784,864
10295,2290,1163,223,404,308
10296,4141,294,1180,1124,1114
10297,1480,354,262,415,291
10298,46,3432,1604,1008,1059
10299,1472,2811,2264,1716,1765
10300,107,1220,1262,794,830
10301,84,72,403,731,721
10302,44,57,82,107,93
10303,171,79,201,201,188
10304,1101,392,367,264,261
10305,395,1196,1732,834,845
10306,136,147,525,474,417
10307,123,759,1356,1425,1738
10308,335,119,676,951,1199
10309,637,2439,2572,3712,3267
10310,194,57,196,977,847
10311,136,267,1311,1193,1007
10312,318,29,228,683,651
10313,891,570,1066,724,680
10314,590,445,2427,3238,3668
10315,1128,1248,860,771,711
10316,308,194,1083,1213,1263
10317,1,3,17,2,6
10318,4,220,292,394,441
10319,468,156,601,536,594
10320,698,1176,352,380,438
10321,6,42,249,207,213
10322,1416,735,391,267,184
10323,966,11,175,1258,1285
10324,2016,594,301,178,110
10325,4,0,3,2,2
10326,25,0,18,14,16
10327,425,288,176,246,181
10328,1391,1855,780,1182,1452
10329,350,102,344,277,185
10330,224,137,143,47,35
10331,1054,3133,2324,2201,2306
10332,210,10,18,27,23
10333,137,12,27,74,63
10334,360,103,249,503,540
10335,19,1,44,32,37
10336,138,2,17,9,6
10337,362,1557,2697,2516,2655
10338,3129,3982,4304,3656,3824
10339,314,924,1603,2042,2260
10340,670,349,122,60,81
10341,3104,1439,2929,2384,2249
10342,208,110,198,99,131
10343,191,168,86,52,45
10344,850,46,26,40,65
10345,28,2,20,33,40
10346,288,31,7,46,76
10347,157,683,171,100,77
10348,90,95,106,248,219
10349,924,135,267,146,118
10350,50,2,20,16,30
10351,59,15,42,51,60
10352,552,528,490,418,475
10353,730,664,452,798,750
10354,1348,768,566,1103,1002
10355,327,586,606,693,715
10356,4003,4738,4927,3875,4096
10357,135,112,304,333,399
10358,1534,1460,1785,1674,1862
10359,910,859,2239,1055,868
10360,752,346,2355,956,826
10361,4117,5393,3750,3625,4017
10362,6366,6745,8002,7491,6687
10363,5631,4125,5638,5626,4902
10364,405,188,57,58,122
10365,491,268,30,42,80
10366,1490,791,1655,4099,4294
10367,387,610,758,727,801
10368,479,27,993,1046,1179
10369,309,11,358,491,577
10370,382,998,481,901,957
10371,585,724,182,68,50
10372,394,223,488,677,590
10373,23,38,342,213,222
10374,312,455,396,207,215
10375,10,15,196,160,150
10376,74,38,176,231,212
10377,26,32,161,141,132
10378,3,48,189,264,261
10379,880,922,1485,1118,987
10380,1480,1439,1816,1681,1565
10381,2487,2392,1229,2249,2055
10382,871,85,106,14,26
10383,2241,6118,4901,4968,4606
10384,2205,3063,1442,1879,2274
10385,3205,1018,356,201,149
10386,609,1878,652,342,227
10387,512,5325,1865,1957,2375
10388,1831,391,385,299,371
10389,500,25,278,171,146
10390,327,12,376,188,151
10391,1194,1676,1437,916,1032
10392,885,2013,1068,608,637
10393,1549,4210,4068,6071,5774
10394,1677,709,1481,922,939
10395,390,86,57,27,28
10396,382,16,12,6,5
10397,868,125,1242,2156,1964
10398,6540,9175,6492,6110,5500
10399,398,361,439,655,621
10400,1567,0,202,73,90
10401,76,20,125,86,70
10402,67,10,139,152,210
10403,792,2821,2345,1682,1573
10404,1435,1034,369,453,520
10405,2334,4324,1101,1001,1169
10406,2437,295,1294,1439,1272
10407,3164,973,332,103,103
10408,2738,200,282,123,107
10409,21,19,3,5,3
10410,2133,662,454,308,384
10411,49,2,23,5,10
10412,8191,2383,362,677,714
10413,105,187,182,692,633
10414,80,293,1811,836,850
10415,1,74,3,18,24
10416,4,60,6,11,18
10417,23,466,900,1077,948
10418,467,949,315,263,311
10419,1417,933,357,211,251
10420,2188,1398,1436,1522,1737
10421,254,2358,155,56,97
10422,169,231,76,50,71
10423,2567,51,1003,354,434
10424,2355,3626,2738,2817,3262
10425,569,621,1003,1403,1463
10426,1355,93,298,117,134
10427,28,76,65,21,28
10428,8,37,273,791,800
10429,34,133,141,278,320
10430,172,97,254,741,954
10431,135,168,275,310,261
10432,504,479,102,146,128
10433,900,707,701,205,233
10434,1332,2281,1520,3131,3707
10435,4190,1523,1751,1127,1191
10436,938,791,737,633,775
10437,1769,3976,4703,5058,4679
10438,719,1053,503,363,385
10439,1046,2229,636,242,301
10440,257,588,250,95,92
10441,179,342,960,692,558
10442,897,877,1269,803,815
10443,4476,1595,1572,1100,1239
10444,363,414,2939,2875,2972
10445,1553,1827,750,584,506
10446,578,69,14,38,27
10447,864,667,195,455,195
10448,264,546,381,309,322
10449,1089,417,451,323,321
10450,1355,2106,62,33,36
10451,532,516,5296,3948,3869
10452,300,65,75,125,136
10453,398,129,65,126,111
10454,2475,3512,312,275,326
10455,2210,1568,205,178,138
10456,3409,2667,1218,316,174
10457,783,1257,1002,209,124
10458,1038,1705,1287,3124,3154
10459,1093,988,854,178,115
10460,889,2111,1405,3032,2161
10461,723,1857,1533,1793,1683
10462,823,2549,1548,2707,2032
10463,1899,4256,5034,5775,5464
10464,147,63,33,51,76
10465,113,47,39,39,54
10466,212,193,196,207,204
10467,31,9,257,339,220
10468,217,44,788,362,279
10469,317,165,223,234,236
10470,233,132,219,322,297
10471,455,198,874,461,421
10472,35,51,12,20,12
10473,64,97,39,68,61
10474,1910,4895,3152,2503,2192
10475,11,34,468,216,185
10476,12,29,68,190,155
10477,145,46,39,120,155
10478,4,321,254,145,208
10479,161,322,253,132,193
10480,19,256,108,1421,1766
10481,816,4317,2344,2219,1982
10482,2126,292,1269,121,243
10483,962,411,167,998,943
10484,1962,1955,3364,3049,3006
10485,833,1239,1589,1856,1831
10486,1078,1169,1395,2135,2198
10487,18,73,233,371,320
10488,28,8,1,1,1
10489,39,82,156,99,128
10490,156,10,1,6,7
10491,151,9,0,5,5
10492,4096,6140,9140,9048,8990
10493,2028,2519,746,2009,2103
10494,2577,2012,769,1704,1712
10495,1081,776,2300,2924,3188
10496,80,461,185,241,159
10497,44,58,44,17,31
10498,954,26,24,3,9
10499,918,798,133,176,116
10500,548,548,164,261,145
10501,493,2922,2577,3110,3328
10502,353,612,470,225,223
10503,234,74,137,115,117
10504,41,374,392,323,335
10505,424,580,13,2,0
10506,703,577,2973,2196,2099
10507,259,499,12,2,1
10508,3027,818,967,1442,1430
10509,1084,884,1094,1502,1050
10510,635,1624,1881,1810,1348
10511,1238,1216,574,170,173
10512,734,359,709,219,338
10513,862,460,237,51,48
10514,2865,383,1915,1272,1369
10515,4497,576,2042,1415,1756
10516,5266,4915,4489,3820,3302
10517,68,98,403,349,347
10518,28,89,449,337,451
10519,429,147,840,748,648
10520,5009,3666,3663,3700,4103
10521,791,221,336,363,341
10522,1303,251,147,193,171
10523,359,5497,165,23,41
10524,4817,3327,776,768,897
10525,388,2776,146,17,35
10526,1923,634,565,421,580
10527,947,873,1064,929,1238
10528,7274,6751,7765,6037,6192
10529,888,413,473,231,151
10530,688,634,604,295,229
10531,5734,2859,5624,3976,3450
10532,745,234,331,175,216
10533,906,287,931,580,783
10534,6414,6930,4875,3818,4001
10535,553,613,531,499,352
10536,875,1469,833,985,821
10537,463,589,727,515,466
10538,209,77,161,48,59
10539,6582,5457,2030,2243,1492
10540,305,95,318,210,227
10541,294,701,1801,1289,1314
10542,257,144,521,918,939
10543,143,1304,1655,1903,2083
10544,419,26,553,1389,1305
10545,584,710,395,1196,978
10546,560,53,800,1451,1555
10547,308,579,643,388,406
10548,1302,1875,2020,1492,1313
10549,526,105,526,486,524
10550,52,2275,2133,1359,1261
10551,25,859,362,813,773
10552,1374,731,267,862,614
10553,99,253,514,733,711
10554,8,27,8,1,0
10555,19,35,2,0,0
10556,1612,1816,2774,3289,3336
10557,600,764,323,301,323
10558,1004,1334,653,758,847
10559,118,331,12,36,33
10560,785,3360,4094,4508,4658
10561,87,283,41,122,141
10562,988,745,282,220,228
10563,268,690,326,339,326
10564,104,490,400,330,271
10565,866,347,219,82,124
10566,815,687,223,119,193
10567,1326,2606,3905,3129,2933
10568,72,228,112,95,110
10569,392,329,240,480,422
10570,94,259,192,309,272
10571,319,856,721,1310,1379
10572,335,1469,910,722,776
10573,5302,2674,1447,1041,957
10574,7,648,206,281,230
10575,3,20,29,41,43
10576,771,1565,566,780,608
10577,302,249,504,586,593
10578,501,394,746,973,1045
10579,506,200,1393,1088,1170
10580,822,972,262,285,325
10581,95,31,692,334,440
10582,48,258,399,146,143
10583,568,174,328,38,42
10584,705,230,184,38,32
10585,275,227,490,139,161
10586,104,57,264,402,419
10587,1435,385,2249,2186,2167
10588,116,238,143,235,236
10589,96,894,286,421,605
10590,34,440,77,94,148
10591,354,2014,2122,2918,3041
10592,4658,254,1058,1206,1184
10593,607,4418,3610,3697,3342
10594,482,483,1517,1556,1449
10595,157,41,213,457,329
10596,323,65,105,290,200
10597,148,1,56,28,29
10598,965,596,48,53,45
10599,90,410,62,56,52
10600,168,1024,2349,2139,2155
10601,3836,549,562,660,674
10602,2331,3002,2173,2461,2698
10603,109,406,737,910,979
10604,98,1310,1221,1226,1379
10605,299,2645,4417,2507,2248
10606,96,1649,1441,1905,1615
10607,314,1064,205,421,384
10608,802,1336,1299,1021,1368
10609,635,836,212,207,191
10610,786,763,1064,916,877
10611,581,618,724,533,567
10612,767,1575,1996,1426,1548
10613,0,0,0,0,0
10614,561,7453,3903,4004,3273
10615,1,0,1,0,0
10616,1057,2076,4078,3214,3162
10617,2621,6581,4743,5357,5549
10618,2389,1437,2173,1041,784
10619,5,103,0,114,56
10620,91,192,3,94,50
10621,11,139,381,181,156
10622,8,168,1269,590,572
10623,15,769,0,2,2
10624,4427,4200,4013,3589,4010
10625,3672,5316,2385,2973,3295
10626,21,921,683,1289,1541
10627,28,680,640,774,874
10628,429,10,5,8,5
10629,2353,1938,13,12,9
10630,568,0,53,22,19
10631,649,3211,1698,1477,1304
10632,364,1772,1597,1519,1372
10633,667,1271,1067,966,866
10634,698,31,192,181,187
10635,123,469,1267,1981,2242
10636,44,53,91,100,93
10637,308,78,103,82,79
10638,144,138,164,256,221
10639,154,150,179,105,123
10640,770,1416,193,334,469
10641,216,72,834,224,189
10642,2752,2275,2020,806,709
10643,872,1691,1624,1145,1082
10644,499,878,162,2513,2110
10645,293,1199,1178,1567,1639
10646,671,72,659,1564,1627
10647,1719,2061,1785,1820,2065
10648,2294,4970,1438,3105,3636
10649,468,170,81,131,90
10650,117,4,21,10,11
10651,259,2,6,13,19
10652,112,5,12,337,436
10653,595,420,1828,1475,1347
10654,46,1,2,286,379
10655,1156,651,851,1249,1024
10656,3699,5050,2654,3337,2976
10657,1024,716,190,38,65
10658,850,3222,3153,3450,3844
10659,778,1036,1800,1859,2032
10660,2195,1101,1760,1418,1243
10661,468,694,195,372,291
10662,239,1893,417,973,968
10663,248,1049,893,784,644
10664,279,1647,1343,862,1056
10665,351,1235,1088,701,737
10666,7228,6080,2323,2183,1922
10667,539,77,284,260,288
10668,1726,3434,3937,3107,2906
10669,1366,1007,1878,1801,1605
10670,13,14,9,1,0
10671,17,2,10,5,1
10672,2539,2326,2739,2251,2334
10673,425,815,291,510,426
10674,240,11,704,1174,1198
10675,190,10,116,254,189
10676,52,576,67,165,113
10677,56,424,53,225,170
10678,669,594,3986,4053,4157
10679,49,277,4,29,27
10680,160,66,325,278,348
10681,243,563,533,645,571
10682,480,155,833,1766,1795
10683,6615,3120,1030,3822,3965
10684,6379,992,2460,3918,3677
10685,917,852,996,1273,1470
10686,414,295,887,395,413
10687,2358,196,626,249,283
10688,342,4120,840,868,615
10689,7346,6773,6460,6063,6169
10690,355,4591,1156,1185,900
10691,656,954,3526,3536,3771
10692,1708,44,1,65,73
10693,676,1085,3910,3740,3607
10694,20,74,137,33,39
10695,41,87,607,405,451
10696,230,146,132,38,38
10697,4,288,116,3314,3159
10698,1137,317,1724,1097,1107
10699,10,141,160,1172,1203
10700,134,862,169,214,242
10701,204,1821,395,494,572
10702,2128,1744,1454,2230,2555
10703,18,10,58,40,50
10704,31,96,129,86,38
10705,16,2,33,26,15
10706,18,1935,3007,2193,1836
10707,1019,442,1008,561,651
10708,10,628,295,928,1101
10709,376,18,17,0,0
10710,15,195,147,86,97
10711,29,50,37,0,0
10712,181,265,40,47,35
10713,144,338,299,238,232
10714,1105,258,8,7,7
10715,1658,400,490,472,556
10716,3042,4034,1689,5073,5716
10717,2380,359,1121,1504,1530
10718,654,840,441,1017,1037
10719,3373,1865,2007,1754,2340
10720,1455,767,64,138,134
10721,318,2667,2173,2088,2044
10722,2058,3407,1721,1376,1040
10723,644,3118,495,442,283
10724,2627,907,555,501,538
10725,1204,1019,553,233,255
10726,2360,855,875,595,712
10727,199,15,68,164,149
10728,417,55,121,283,275
10729,921,478,2719,2019,1900
10730,17,110,564,341,244
10731,89,151,666,938,779
10732,28,153,496,478,440
10733,22,87,212,151,150
10734,6694,377,1441,1284,1499
10735,26,211,127,126,89
10736,1016,271,4396,3412,2999
10737,2271,292,3417,2516,2106
10738,1901,1647,3538,3186,3053
10739,1640,2413,865,1967,1773
10740,1570,521,1225,1404,1346
10741,1853,288,827,1140,1331
10742,30,188,147,29,24
10743,35,25,277,62,65
10744,52,33,2,16,16
10745,1810,1846,344,395,400
10746,1307,1013,298,210,190
10747,1111,1847,209,186,161
10748,1908,1566,635,426,579
10749,615,1572,735,899,952
10750,1085,1985,1435,1033,974
10751,224,183,2102,2462,2304
10752,280,92,724,864,840
10753,351,2187,2737,2479,2488
10754,1307,40,83,140,176
10755,1403,173,224,218,262
10756,1053,88,113,192,230
10757,100,76,273,151,179
10758,74,22,534,647,727
10759,407,584,281,137,147
10760,395,131,560,413,362
10761,63,2156,514,833,812
10762,203,228,704,906,773
10763,461,153,477,458,627
10764,705,1876,463,382,224
10765,385,491,870,595,384
10766,136,72,13,0,1
10767,232,815,1190,1564,1676
10768,894,1727,1494,1298,884
10769,32,1,27,3,7
10770,18,0,47,11,14
10771,3802,956,337,392,373
10772,800,68,345,725,635
10773,687,99,15,6,6
10774,109,127,7,3,4
10775,157,1418,2376,1417,1275
10776,296,498,208,163,278
10777,300,858,175,142,283
10778,396,873,333,297,398
10779,153,281,266,242,365
10780,4806,5073,6171,5443,5387
10781,401,125,135,155,136
10782,179,8,42,30,31
10783,605,55,101,51,48
10784,60,200,542,1430,1463
10785,367,1323,1341,1429,1564
10786,70,464,896,1377,1459
10787,153,44,23,19,23
10788,117,586,67,18,13
10789,66,26,25,72,60
10790,289,979,359,415,371
10791,159,2245,3144,2720,1995
10792,7043,9049,6303,6372,7276
10793,484,2325,1956,2568,2591
10794,555,667,401,201,171
10795,454,1792,1287,755,595
10796,3822,1154,2707,3465,3699
10797,436,250,72,79,79
10798,410,175,91,43,39
10799,271,1110,1020,500,578
10800,1756,1357,643,2918,3555
10801,240,995,528,605,884
10802,917,32,420,654,688
10803,63,1520,255,109,118
10804,88,49,251,178,175
10805,1217,5179,6039,6086,5706
10806,107,2403,2143,2828,2952
10807,268,1127,1813,1408,1374
10808,1737,1495,801,606,452
10809,1634,1125,466,366,279
10810,2367,2441,872,1429,1550
10811,1279,1511,1557,1534,1626
10812,5414,6296,4566,5682,5659
10813,1810,698,464,628,650
10814,4048,2533,3326,1427,1552
10815,1056,89,29,70,40
10816,343,33,106,123,48
10817,1741,38,10,39,27
10818,3930,446,2157,3293,3304
10819,20,229,51,99,112
10820,1551,399,1495,1132,1034
10821,953,1206,1988,1807,1794
10822,496,728,1103,1154,1056
10823,199,192,790,782,726
10824,125,356,1766,1782,1915
10825,1284,60,744,617,577
10826,228,141,535,1029,1076
10827,923,178,473,699,674
10828,188,101,341,386,400
10829,758,4178,1035,2310,2284
10830,1085,3893,2660,5228,5416
10831,1397,3494,1505,2837,2531
10832,825,1211,617,1642,1503
10833,712,1126,845,823,728
10834,865,1305,352,902,773
10835,3556,198,406,489,556
10836,530,69,68,83,76
10837,360,39,53,38,43
10838,937,75,164,220,189
10839,7261,2730,2767,2157,2190
10840,233,54,120,155,155
10841,563,962,633,762,787
10842,1100,1435,3885,4929,4753
10843,342,407,529,498,534
10844,121,166,174,119,105
10845,475,3799,377,1030,872
10846,3590,2248,173,97,105
10847,481,33,258,420,403
10848,1277,3810,904,468,475
10849,659,76,1623,1404,1064
10850,928,2101,2549,1955,1892
10851,5493,4813,7877,8611,8732
10852,967,1352,1830,1595,1495
10853,407,151,12,35,19
10854,509,1619,797,918,731
10855,908,399,30,55,27
10856,2085,1879,1228,1809,1542
10857,1471,1917,2165,1821,1749
10858,2639,1988,1371,1855,1654
10859,3981,3335,342,292,386
10860,426,224,87,230,215
10861,3738,4252,3917,3468,4294
10862,1321,1766,702,958,964
10863,41,531,628,905,657
10864,441,32,39,41,51
10865,4267,1552,337,127,107
10866,2875,177,756,489,571
10867,1468,35,106,33,33
10868,821,652,2,28,19
10869,504,467,168,95,112
10870,448,199,139,51,72
10871,227,1081,969,1055,1047
10872,214,1311,1487,1663,1683
10873,556,2213,5212,2920,2588
10874,839,555,930,799,898
10875,445,204,995,1009,917
10876,218,113,39,248,283
10877,2280,2276,883,744,814
10878,194,739,1039,1164,1234
10879,274,411,660,1606,1701
10880,1343,206,408,1220,1324
10881,942,295,688,1792,1812
10882,1023,1865,1656,1105,1132
10883,3651,4041,4094,2291,1851
10884,1419,2799,1363,3141,3374
10885,1921,3307,2918,1565,1189
10886,45,187,187,74,93
10887,70,203,304,133,145
10888,4102,1155,548,1403,1715
10889,729,133,210,134,152
10890,1188,348,613,856,670
10891,3550,521,404,210,245
10892,76,12,4,14,14
10893,95,731,33,38,91
10894,1566,245,23,96,52
10895,57,18,54,52,78
10896,20,196,90,94,82
10897,143,871,66,869,882
10898,542,465,8,30,23
10899,12,3,0,2,1
10900,452,176,12,30,18
10901,13,355,219,149,83
10902,28,252,376,276,233
10903,250,79,761,767,757
10904,13,2,5,1,2
10905,492,78,74,18,24
10906,22,1,1,3,3
10907,3209,1768,2405,1147,1229
10908,3123,829,1999,752,781
10909,3730,1345,2685,1042,1049
10910,649,401,1132,1293,1085
10911,3564,5143,2128,909,994
10912,331,180,446,446,395
10913,2111,340,187,202,141
10914,4533,97,78,168,106
10915,4836,145,72,98,90
10916,470,3,109,33,42
10917,992,5,84,29,43
10918,137,1917,397,288,349
10919,5,6,34,27,27
10920,671,162,27,97,135
10921,10,3,111,96,107
10922,425,688,1496,686,741
10923,159,202,363,249,327
10924,598,1621,2644,2686,2382
10925,899,963,204,2153,2093
10926,438,114,209,275,320
10927,952,278,222,139,190
10928,350,247,274,54,51
10929,394,471,434,298,275
10930,2681,1252,2310,2028,2049
10931,172,4,143,118,122
10932,194,1093,304,243,244
10933,41,2,86,316,294
10934,1781,2938,6908,5505,5353
10935,1297,5306,863,921,734
10936,1682,5360,1422,1179,773
10937,563,6,74,128,171
10938,43,34,191,252,272
10939,40,189,148,157,75
10940,445,1798,1190,1092,919
10941,253,415,76,40,40
10942,2134,847,84,139,139
10943,900,1620,1694,1492,1451
10944,1206,775,632,700,647
10945,24,1267,134,39,24
10946,959,816,402,63,100
10947,492,676,1077,1563,1530
10948,1731,1871,3610,3848,3508
10949,2984,1281,1047,1140,940
10950,843,3044,3704,6969,6553
10951,954,1985,2277,1534,1499
10952,266,190,44,6,15
10953,163,212,60,333,342
10954,112,79,76,14,26
10955,0,0,0,0,0
10956,995,939,290,318,322
10957,0,0,0,0,0
10958,883,625,458,376,366
10959,802,75,1188,491,488
10960,2862,157,2367,1537,1837
10961,1727,4184,2998,2719,2324
10962,288,155,60,165,161
10963,333,137,64,282,250
10964,17,1577,566,598,949
10965,2604,3188,1037,1408,1134
10966,84,1123,575,667,806
10967,2666,2293,1422,2419,2377
10968,4111,5780,3251,4427,4451
10969,1008,1606,1203,554,512
10970,47,122,1554,2191,1940
10971,864,1028,1254,1528,1493
10972,806,54,93,314,419
10973,18,774,146,44,77
10974,9,1127,342,119,180
10975,865,768,55,12,10
10976,4011,1533,1893,2079,1800
10977,1625,1198,330,675,637
10978,1408,20,47,28,38
10979,529,991,465,182,145
10980,461,62,1099,593,526
10981,938,1105,828,643,501
10982,2643,205,735,477,509
10983,1725,1605,3711,2826,2914
10984,620,60,412,335,313
10985,960,834,1104,1151,1029
10986,2330,1394,654,507,357
10987,2045,1741,1016,687,432
10988,726,63,28,11,10
10989,1414,185,18,4,7
10990,1063,6842,736,854,607
10991,3542,2753,4484,4115,3992
10992,311,685,3338,5530,5304
10993,155,965,2487,6396,6424
10994,1470,331,202,176,143
10995,277,342,713,563,577
10996,266,69,241,244,217
10997,744,225,1867,1290,1362
10998,327,1413,2662,2361,2292
10999,252,151,1694,1610,1581
11000,2465,2389,6544,6557,6492
11001,841,1094,769,541,591
11002,784,3025,1199,786,865
11003,4,0,3,29,19
11004,3,0,0,12,4
11005,218,47,23,11,8
11006,212,64,197,611,569
11007,7517,3266,2304,2089,2100
11008,68,172,208,485,459
11009,5837,8049,841,1908,1817
11010,267,83,1101,1232,1198
11011,451,110,964,2113,2096
11012,1955,567,695,978,1114
11013,4981,4587,5357,4682,4745
11014,532,203,349,488,516
11015,284,528,690,589,508
11016,481,8,27,363,310
11017,438,709,434,539,480
11018,2268,456,354,310,337
11019,0,99,498,830,839
11020,4418,702,7521,7669,7610
11021,3580,3833,2719,2068,1847
11022,5145,5156,5677,4206,4143
11023,6127,6626,4875,4479,4333
11024,329,4,223,27,34
11025,374,229,282,2687,2785
11026,1083,6,180,66,89
11027,1,321,1060,965,1064
11028,3996,3513,3042,4266,4240
11029,16,987,3274,2564,2768
11030,0,13,2,1,1
11031,0,24,1,0,0
11032,43,75,3,0,0
11033,142,185,276,281,261
11034,1420,2635,1998,1655,1476
11035,387,548,361,272,253
11036,1819,263,128,150,205
11037,3265,1501,755,763,687
11038,1512,148,380,389,516
11039,1225,906,18,24,19
11040,1922,2418,2871,2258,2174
11041,588,164,8,13,13
11042,444,23,64,20,20
11043,58,194,223,291,240
11044,128,1032,839,611,570
11045,938,89,205,142,137
11046,1036,363,511,387,353
11047,5380,3959,1473,2233,2274
11048,1595,2097,810,1645,1926
11049,3176,4152,1654,2876,2621
11050,3008,1789,3213,3009,3061
11051,5,91,408,550,569
11052,1,46,374,497,476
11053,138,93,261,160,189
11054,14,47,13,6,7
11055,1524,1289,1259,1574,1407
11056,862,1320,1820,2296,2848
11057,93,252,1948,1245,1478
11058,129,359,2752,1538,1872
11059,1051,353,3214,3247,3365
11060,4903,1053,26,12,8
11061,1287,580,176,37,30
11062,1017,395,76,59,84
11063,612,612,154,214,181
11064,910,891,124,85,82
11065,839,543,1748,2045,1847
11066,991,706,2713,2205,2441
11067,174,115,297,245,309
11068,147,68,95,238,335
11069,562,381,112,531,308
11070,982,446,181,94,145
11071,25,27,119,101,176
11072,242,1050,291,167,201
11073,301,1036,484,339,265
11074,319,327,197,90,109
11075,741,219,2181,1333,1305
11076,342,214,1202,865,901
11077,2018,2612,1757,1650,1702
11078,833,207,210,251,234
11079,499,663,478,354,366
11080,608,207,143,137,102
11081,2874,1112,2734,7445,7430
11082,297,2091,205,132,102
11083,616,939,132,139,208
11084,959,210,545,957,965
11085,209,199,132,104,103
11086,1451,1127,179,70,97
11087,92,588,1164,677,695
11088,3327,3019,4451,3395,3871
11089,69,976,1195,859,860
11090,1044,539,2323,2484,2446
11091,534,175,196,498,398
11092,1281,190,409,803,541
11093,910,38,217,211,206
11094,4217,4624,4974,5541,5217
11095,291,269,44,13,20
11096,1910,1900,1651,1561,1256
11097,956,2041,1647,1877,2272
11098,3811,1565,1107,890,879
11099,532,1794,3587,3353,3396
11100,429,477,169,33,33
11101,1086,224,82,10,11
11102,581,2625,836,803,504
11103,2750,2973,1363,969,760
11104,1045,4298,2240,1723,1655
11105,1404,194,1083,549,729
11106,2420,2868,5535,5015,4315
11107,2811,61,1077,637,727
11108,1717,1929,3013,1873,1863
11109,535,185,132,233,251
11110,676,452,106,178,203
11111,567,826,1167,219,164
11112,1159,5219,4747,3610,3562
11113,270,1686,1173,163,115
11114,2136,355,1717,1597,1762
11115,1189,774,234,189,204
11116,2593,373,1898,1213,1153
11117,1510,103,494,1422,1219
11118,543,212,1072,1121,952
11119,1498,58,509,891,659
11120,969,566,1079,554,439
11121,1104,39,62,32,35
11122,277,6,22,12,13
11123,21,54,72,48,53
11124,2,35,22,11,13
11125,34,56,219,210,228
11126,12,894,1146,802,847
11127,47,175,1985,2499,1944
11128,91,154,1818,1816,2021
11129,688,346,1166,1860,1893
11130,141,105,1233,1929,1917
11131,92,103,670,1854,1894
11132,175,2564,702,1280,1674
11133,194,726,4490,6636,6802
11134,1437,1290,1826,2536,3185
11135,129,592,4306,3459,3885
11136,79,433,24,29,46
11137,38,227,28,6,9
11138,360,132,421,372,385
11139,562,296,1757,1091,866
11140,589,1340,1728,1004,890
11141,625,506,248,250,258
11142,1048,1628,694,647,967
11143,288,671,44,49,48
11144,2,23,406,161,155
11145,2388,2451,476,639,842
11146,2,16,206,114,118
11147,1023,281,243,230,272
11148,147,330,71,214,247
11149,218,651,158,429,511
11150,426,998,3581,2734,2501
11151,373,116,1888,1735,1557
11152,259,15,2931,1235,809
11153,67,0,4,2,3
11154,18,229,66,38,44
11155,69,1,3,3,5
11156,699,367,429,146,175
11157,146,1782,1351,1620,1588
11158,5918,4102,3351,4851,4699
11159,1494,693,301,488,539
11160,1240,411,230,216,222
11161,989,784,1004,702,716
11162,41,18,282,176,234
11163,45,442,388,292,302
11164,58,33,181,216,172
11165,205,218,675,1094,1342
11166,3518,3866,2351,2287,2201
11167,188,127,870,890,1199
11168,160,258,166,140,139
11169,233,317,386,180,215
11170,300,550,319,302,352
11171,485,219,107,43,30
11172,1415,1380,1172,625,493
11173,1065,226,114,82,54
11174,1332,3000,2880,1766,1528
11175,4063,6057,4141,5202,5123
11176,1127,1720,1081,1590,1487
11177,330,455,59,35,29
11178,769,832,684,747,659
11179,249,1034,789,822,731
11180,587,1314,240,563,393
11181,1075,1594,229,697,523
11182,2794,1300,1208,2209,1986
11183,69,112,509,410,430
11184,1237,1566,2516,2093,2075
11185,258,211,359,309,328
11186,420,1046,1181,733,689
11187,1680,3675,2716,2248,2431
11188,590,2464,2626,1640,1342
11189,493,252,33,33,49
11190,554,992,99,73,123
11191,10,105,972,659,521
11192,555,253,297,296,380
11193,538,1398,2197,2144,1981
11194,702,282,189,216,298
11195,5713,4276,1763,1867,1908
11196,2026,1597,521,597,429
11197,3328,2580,1490,663,508
11198,2804,981,822,561,506
11199,12,201,42,49,53
11200,5,49,4,25,20
11201,7078,8366,7908,7862,7877
11202,2731,1891,1953,1912,1691
11203,6270,3900,3194,2853,2467
11204,38,14,89,171,136
11205,24,0,12,13,11
11206,30,0,2,3,4
11207,1538,589,83,68,61
11208,616,491,81,70,56
11209,406,1465,1692,1660,1466
11210,834,2500,494,1413,1082
11211,753,637,851,520,519
11212,580,1506,407,242,239
11213,174,19,386,923,1052
11214,116,121,511,776,821
11215,64,196,1505,1733,1904
11216,1046,897,89,2,6
11217,154,842,20,95,82
11218,146,1076,17,1,1
11219,75,249,214,2563,2414
11220,7180,948,506,205,243
11221,98,732,256,2704,2432
11222,24,261,1,0,0
11223,9,478,128,58,79
11224,1307,1056,329,136,183
11225,14,54,350,214,168
11226,58,90,923,639,472
11227,305,504,377,971,1330
11228,403,625,711,764,652
11229,2101,3697,4729,3174,3064
11230,232,2475,90,15,19
11231,1335,169,264,248,268
11232,1314,282,881,713,829
11233,2461,736,1800,1131,1022
11234,1221,1189,808,970,1176
11235,1238,554,1290,1368,1287
11236,1400,488,663,781,846
11237,267,91,1121,1575,1590
11238,1832,4135,4457,4304,4399
11239,158,111,3282,4252,4680
11240,4805,844,39,35,27
11241,289,2072,57,64,36
11242,335,8302,7728,7564,7551
11243,118,1445,228,350,420
11244,479,758,130,364,354
11245,196,1431,93,212,198
11246,654,350,653,377,373
11247,1076,1498,977,782,821
11248,401,459,400,153,158
11249,145,40,5,11,15
11250,86,76,25,23,26
11251,152,54,101,115,122
11252,2022,5006,3254,3978,3893
11253,47,29,52,108,104
11254,47,6,28,15,15
11255,43,237,259,367,351
11256,6,11,124,50,32
11257,14,8,90,42,34
11258,56,4,109,194,211
11259,15,25,95,328,319
11260,4626,349,269,822,1073
11261,1344,675,308,278,410
11262,1350,880,279,570,424
11263,435,1301,1911,1947,1957
11264,3612,4409,3238,5588,5237
11265,1752,1020,447,350,425
11266,1092,745,289,134,142
11267,729,788,357,640,682
11268,1214,1263,1326,1858,1820
11269,6866,2367,1886,2205,2156
11270,128,194,72,33,54
11271,165,389,94,40,58
11272,3578,3866,126,236,145
11273,542,409,129,472,551
11274,3105,715,174,350,374
11275,378,642,66,155,175
11276,4253,209,861,783,916
11277,4,56,120,60,47
11278,378,120,111,36,32
11279,1004,3767,4303,3912,4102
11280,2140,249,228,1177,1033
11281,2901,2960,902,414,371
11282,5573,1567,579,290,358
11283,4778,4601,2553,2352,2207
11284,3143,2200,1029,629,680
11285,56,152,402,658,529
11286,928,1084,486,563,543
11287,117,64,48,75,58
11288,1803,2178,116,156,170
11289,2712,39,619,858,1074
11290,2815,1926,3726,4689,4856
11291,548,1186,1069,1246,1159
11292,3558,1593,5029,6058,5587
11293,2738,1242,4309,4223,4661
11294,2113,2063,522,597,846
11295,1599,2855,1825,1752,1938
11296,1037,1501,302,374,527
11297,217,12,24,105,105
11298,3184,1153,855,4328,4722
11299,47,1,33,212,201
11300,2336,323,112,100,96
11301,248,380,60,76,41
11302,671,281,40,53,29
11303,1200,1219,3967,3560,4097
11304,797,730,755,431,366
11305,963,1424,1940,1419,1209
11306,248,137,50,45,44
11307,394,482,135,132,127
11308,736,1417,1747,1026,943
11309,1156,1561,442,300,269
11310,7673,3097,726,215,168
11311,835,1587,2160,2832,2819
11312,293,41,190,42,49
11313,69,40,248,1425,1222
11314,119,18,196,49,56
11315,135,307,1324,842,823
11316,33,51,103,78,56
11317,41,105,195,131,94
11318,1963,1271,1867,2062,1878
11319,1899,1586,1478,2570,2595
11320,2652,1312,2272,2458,2764
11321,3697,2757,2691,2151,2878
11322,3641,3580,1930,968,1074
11323,1731,1842,907,642,691
11324,3467,1117,1934,3617,2306
11325,1008,628,3368,3464,3421
11326,6,14,20,21,32
11327,6422,5700,5960,4516,4766
11328,570,806,1139,1267,1339
11329,332,607,1241,1227,1169
11330,4695,4386,4512,4183,4617
11331,944,3441,2020,1200,1548
11332,749,2915,3297,2446,2889
11333,1092,891,3817,3449,3703
11334,407,341,836,653,599
11335,186,380,297,719,575
11336,1503,2449,979,224,311
11337,793,104,494,144,175
11338,1302,462,1111,620,701
11339,303,500,1137,1076,1138
11340,437,696,678,776,762
11341,285,708,956,943,875
11342,14,6,68,158,210
11343,15,15,126,157,193
11344,3429,1590,1493,845,1257
11345,618,39,1428,1146,1063
11346,409,187,19,40,19
11347,257,108,406,961,960
11348,402,488,890,647,897
11349,96,574,465,229,309
11350,724,195,1540,1753,1913
11351,1957,2565,1308,1439,1579
11352,1085,1717,455,359,358
11353,3251,4855,1167,684,800
11354,584,34,87,96,94
11355,861,73,94,138,138
11356,1623,819,1133,1817,1613
11357,582,860,1431,786,864
11358,308,714,1296,1505,1509
11359,796,655,840,667,703
11360,1,8,1,3,6
11361,6,31,230,310,156
11362,1,117,1,1,2
11363,684,4346,5477,4969,4482
11364,739,5,0,112,73
11365,1686,3,1,126,78
11366,180,234,53,15,12
11367,281,17,143,84,83
11368,241,81,35,15,9
11369,219,81,154,41,53
11370,1772,2819,968,1578,1517
11371,641,1065,1572,1299,917
11372,4556,4246,1075,877,710
11373,6510,4228,479,573,406
11374,3637,2502,1033,1776,1482
11375,1336,1403,139,424,282
11376,1554,254,152,252,199
11377,2330,926,4336,3444,3433
11378,91,194,19,16,3
11379,171,27,9,13,4
11380,40,52,111,34,12
11381,743,842,1984,3514,3088
11382,110,1870,1060,702,944
11383,419,1487,244,339,220
11384,53,108,433,222,249
11385,7895,7877,6154,7498,7203
11386,96,334,908,576,660
11387,161,94,1677,1232,1013
11388,200,56,1352,1036,848
11389,193,2664,3142,2245,2472
11390,372,218,284,137,114
11391,562,998,591,643,603
11392,1041,170,879,231,202
11393,531,93,317,447,431
11394,37,25,8,5,4
11395,129,43,2,1,0
11396,2089,1894,2424,2868,2490
11397,1414,470,1891,1776,1533
11398,2630,3832,6739,6218,6105
11399,1,2,11,9,6
11400,114,52,25,9,8
11401,97,420,39,13,20
11402,714,240,614,515,528
11403,297,642,543,523,544
11404,619,243,1535,815,955
11405,684,4,10,0,0
11406,206,77,0,0,0
11407,2277,4,0,1,1
11408,4046,402,145,47,82
11409,40,491,148,312,274
11410,62,250,172,154,148
11411,1093,1418,1880,1703,1466
11412,368,1813,599,576,502
11413,269,784,132,174,159
11414,306,169,162,228,186
11415,800,29,423,167,145
11416,312,136,208,283,248
11417,1181,265,389,552,471
11418,203,127,319,364,342
11419,347,1521,974,796,724
11420,2197,1014,617,765,765
11421,4393,302,322,461,511
11422,3948,3399,4057,3429,3602
11423,514,357,609,576,506
11424,1130,1867,410,475,459
11425,498,251,551,318,284
11426,2678,2121,1457,1520,1320
11427,1983,1300,706,839,773
11428,3171,2505,2442,3643,3528
11429,4313,4873,3406,3192,3388
11430,52,344,355,446,434
11431,65,186,470,689,676
11432,69,3228,2159,1880,2327
11433,2800,3312,827,1692,1467
11434,283,4521,433,219,194
11435,152,736,161,264,136
11436,19,283,554,569,375
11437,11,266,748,782,446
11438,655,4371,1674,567,677
11439,662,2327,1659,790,860
11440,978,3374,2588,2390,2432
11441,176,499,1136,1806,2486
11442,225,45,1805,1484,1708
11443,1079,22,497,1059,1055
11444,713,768,393,1174,919
11445,607,183,424,611,408
11446,900,832,311,504,484
11447,134,384,153,528,622
11448,628,720,918,4087,3694
11449,57,126,78,142,170
11450,1258,978,1034,2773,3201
11451,1838,489,942,1015,910
11452,1657,627,626,458,383
11453,79,2325,1721,637,974
11454,416,273,11,35,27
11455,124,287,10,17,12
11456,1106,1487,750,1561,1428
11457,1258,2,52,1231,1314
11458,863,12,50,2002,2104
11459,1081,426,9,4,3
11460,550,1950,4822,2027,2285
11461,755,690,1,4,2
11462,969,382,388,229,265
11463,2674,858,682,326,339
11464,407,1301,624,531,430
11465,1235,1786,87,12,12
11466,903,3248,1826,1737,1721
11467,2529,2136,78,33,19
11468,244,405,510,574,552
11469,479,655,644,624,536
11470,384,550,1030,1229,1259
11471,1351,1464,625,985,978
11472,2421,2173,1289,2003,2101
11473,6433,6553,6706,6176,5650
11474,787,38,145,47,41
11475,580,288,170,115,101
11476,611,194,22,161,197
11477,814,966,263,198,163
11478,2735,3968,2519,1973,1501
11479,504,1261,758,594,519
11480,438,469,31,55,101
11481,891,200,55,44,76
11482,337,1798,390,265,361
11483,302,404,779,616,443
11484,280,319,1022,507,393
11485,416,277,412,950,792
11486,253,670,572,893,927
11487,3091,960,674,490,479
11488,1076,544,1120,1393,1447
11489,249,274,40,198,219
11490,202,230,25,102,97
11491,289,443,14,97,81
11492,543,634,249,315,284
11493,327,229,31,88,126
11494,532,625,549,450,393
11495,9,2688,1199,1109,844
11496,33,8,5,19,17
11497,979,5274,1037,801,893
11498,303,665,778,808,577
11499,73,65,570,762,456
11500,560,95,203,305,320
11501,201,801,772,409,341
11502,428,1090,1306,955,983
11503,182,1550,1654,782,681
11504,121,1462,843,596,651
11505,656,519,727,805,788
11506,135,908,648,390,410
11507,1743,1524,368,539,491
11508,6410,2228,466,857,741
11509,2797,3323,2778,2792,2965
11510,2351,1922,4286,6612,6886
11511,1247,1091,915,360,561
11512,871,1941,531,380,602
11513,4478,6749,6711,5663,5510
11514,760,2112,1550,2061,1785
11515,490,760,904,1188,1066
11516,366,1000,476,272,270
11517,8547,6000,5188,5085,4944
11518,424,871,413,383,416
11519,1597,361,191,55,56
11520,2679,336,167,71,77
11521,720,1106,610,481,484
11522,290,490,77,17,27
11523,562,322,16,28,35
11524,374,645,7,19,17
11525,1182,207,1881,1543,1629
11526,386,78,647,585,688
11527,417,256,501,365,412
11528,1368,258,2134,1008,1270
11529,1035,159,1677,358,491
11530,1961,1574,1254,2593,2705
11531,3094,4407,2825,2070,1920
11532,1076,2617,2728,1423,996
11533,900,1510,1622,1047,840
11534,134,4,29,5,5
11535,484,673,87,21,15
11536,230,11,153,905,1041
11537,445,684,92,332,317
11538,579,981,2063,1722,1485
11539,1087,886,528,1000,1077
11540,83,17,1223,650,573
11541,1725,764,953,639,556
11542,124,13,1398,1051,1128
11543,39,47,3,11,6
11544,88,109,10,19,13
11545,934,1993,5730,6443,6588
11546,366,529,59,19,17
11547,1343,2671,684,315,357
11548,624,841,609,247,343
11549,357,143,3,4,4
11550,0,1,0,0,0
11551,1,3,1,2,2
11552,17,27,6,1,2
11553,2845,111,230,194,228
11554,1195,1548,656,834,772
11555,764,1351,490,205,213
11556,962,930,734,610,719
11557,1756,1385,608,226,278
11558,316,366,815,2085,2020
11559,461,411,817,1374,1347
11560,1797,625,1724,1715,1802
11561,875,3926,3307,3507,2790
11562,1018,3603,3133,2870,2530
11563,609,1087,1090,1135,1053
11564,655,495,78,45,41
11565,88,440,116,58,52
11566,119,357,93,188,137
11567,5161,5442,6388,6012,6140
11568,13,124,65,97,91
11569,28,521,438,528,504
11570,1366,3001,1787,787,832
11571,458,2886,1581,144,144
11572,6439,2615,3857,1163,1136
11573,621,747,1403,1586,1847
11574,3293,326,737,816,1014
11575,202,171,410,340,390
11576,168,1330,165,291,318
11577,133,2498,1248,743,842
11578,2685,1074,26,43,52
11579,2745,736,1313,3305,3107
11580,668,690,1165,655,673
11581,2456,1822,1122,817,864
11582,1309,3932,1566,1353,1385
11583,341,679,955,2650,2702
11584,624,955,1119,935,1042
11585,756,446,271,50,43
11586,852,615,734,310,287
11587,454,518,437,529,548
11588,992,3333,454,328,264
11589,482,440,892,532,520
11590,1432,436,1051,294,272
11591,177,895,1546,1679,1115
11592,998,255,858,826,854
11593,558,226,252,267,315
11594,1061,120,15,318,282
11595,1589,1232,1945,1688,1814
11596,1292,35,2,98,100
11597,73,325,53,122,107
11598,106,268,118,67,64
11599,437,389,26,112,55
11600,206,337,700,605,641
11601,170,434,1208,903,1077
11602,559,363,1400,953,1165
11603,112,25,85,109,137
11604,170,22,285,464,576
11605,4194,1255,858,777,698
11606,6872,3091,4240,5218,5390
11607,5190,2552,3201,4585,5368
11608,4292,1545,1080,1887,2367
11609,59,102,1797,774,625
11610,89,76,321,206,177
11611,265,19,55,49,54
11612,454,2147,1891,1145,1110
11613,4380,3998,3263,3070,2411
11614,1978,5881,5998,5031,4778
11615,2145,3411,5738,7261,7083
11616,2423,997,407,201,126
11617,1474,2393,703,792,630
11618,2284,2490,1607,1663,1293
11619,1556,2909,1805,2076,1504
11620,3018,5679,6211,7176,7160
11621,1595,1260,2220,1740,1718
11622,2176,1726,1431,1287,1080
11623,2064,2834,1231,1776,1694
11624,4,5,422,227,235
11625,2,10,592,530,537
11626,392,89,425,636,671
11627,1299,371,953,2918,3058
11628,2347,558,2069,2933,2961
11629,5106,2902,1254,2277,2238
11630,1223,1158,849,265,266
11631,846,958,734,463,422
11632,1522,1144,656,203,212
11633,199,477,1454,1689,1426
11634,132,245,415,831,849
11635,139,393,240,406,403
11636,485,950,296,178,163
11637,386,155,2606,1580,1815
11638,1291,1497,533,831,970
11639,121,452,268,159,189
11640,1488,756,3637,3902,4063
11641,147,76,363,212,207
11642,1522,2922,3855,3288,3297
11643,75,279,4,4,2
11644,67,95,7,6,2
11645,3150,1422,1964,1131,1187
11646,1771,1244,1198,820,809
11647,1447,2039,1372,1589,1463
11648,117,2,14,9,2
11649,272,74,280,190,206
11650,84,1,26,11,5
11651,978,2643,2695,3735,4092
11652,1244,154,417,290,321
11653,389,512,15,8,11
11654,1410,1616,623,156,256
11655,1098,25,245,379,352
11656,420,634,614,2001,2003
11657,25,182,288,68,98
11658,2,67,47,5,13
11659,534,1388,2306,2286,2291
11660,529,1115,1405,714,663
11661,49,619,171,235,237
11662,65,553,196,170,155
11663,1435,763,554,218,179
11664,1637,1295,226,803,854
11665,772,1428,415,359,303
11666,1086,5717,4703,4347,4431
11667,1290,1137,428,1115,906
11668,1463,458,583,2090,1645
11669,4697,5231,6747,6238,6241
11670,1365,478,864,1175,1353
11671,2548,446,1745,2106,2643
11672,2063,264,797,1058,694
11673,2755,372,1600,1237,1244
11674,144,285,487,387,557
11675,242,1901,1057,794,709
11676,993,262,77,511,515
11677,852,347,1484,640,782
11678,250,595,328,217,168
11679,143,70,83,70,75
11680,79,0,13,44,47
11681,547,412,43,49,28
11682,330,62,8,6,6
11683,427,95,21,14,20
11684,717,1099,1895,954,1197
11685,2659,906,3522,3634,3592
11686,415,683,712,381,477
11687,1167,3149,2236,3269,2795
11688,378,2110,3328,3739,3487
11689,681,2414,7257,8168,7793
11690,639,121,1858,2152,2125
11691,208,101,941,551,577
11692,899,1788,2773,1670,1547
11693,2030,320,1137,147,130
11694,206,1186,128,120,186
11695,143,189,124,44,29
11696,437,3300,401,335,290
11697,82,994,115,65,59
11698,162,1774,58,37,35
11699,262,1022,2346,2148,2243
11700,344,2106,3521,3775,4363
11701,484,1042,1515,1076,1263
11702,178,1169,675,489,672
11703,1480,1195,120,154,120
11704,1476,2837,380,355,559
11705,493,2647,2497,1721,1627
11706,871,1032,273,1011,1323
11707,1353,3530,5630,4532,4569
11708,132,67,656,1194,1580
11709,1060,1196,163,679,720
11710,270,2458,1140,961,1317
11711,74,592,25,102,159
11712,660,1641,90,56,55
11713,102,110,26,132,159
11714,19,53,54,55,81
11715,290,1006,766,657,769
11716,9,194,98,107,134
11717,392,646,1738,2247,2139
11718,554,1109,3134,3336,3238
11719,751,8541,8697,8476,8559
11720,2455,4964,1146,471,674
11721,1363,2965,1485,2352,2385
11722,1219,3320,1250,942,653
11723,3280,2769,2644,4787,5216
11724,1763,3455,5386,6421,6528
11725,752,3528,6293,6070,6156
11726,2087,421,1221,781,723
11727,638,2055,1565,1167,1093
11728,292,441,3212,2037,1926
11729,22,27,304,640,527
11730,726,711,57,198,282
11731,13,47,36,131,153
11732,2798,4287,813,1517,1725
11733,285,984,6176,5312,5230
11734,415,3245,85,57,29
11735,117,614,249,345,301
11736,150,218,117,97,121
11737,104,212,177,150,188
11738,1526,1508,2036,1529,1726
11739,2382,2075,987,1925,2178
11740,1536,1537,435,1355,1706
11741,4183,2942,3452,4249,3969
11742,2340,1924,2171,2105,2407
11743,4298,2304,2388,2362,2154
11744,144,1181,1069,1764,1611
11745,730,206,16,625,736
11746,121,452,1853,2610,2474
11747,805,3019,3498,2988,2883
11748,375,1926,1067,1847,1521
11749,3627,2866,1191,1515,1376
11750,1393,1379,994,1606,1884
11751,1523,1778,1628,1853,1882
11752,392,74,59,35,40
11753,3418,1779,1802,1180,1080
11754,4933,4462,6038,4573,4264
11755,1888,1692,1764,1112,1129
11756,647,670,1028,591,501
11757,782,436,293,498,536
11758,1664,621,651,653,695
11759,501,1443,861,2773,3027
11760,254,276,600,427,496
11761,1434,1237,4724,3593,3731
11762,961,583,386,383,184
11763,253,46,235,169,227
11764,666,83,357,279,373
11765,279,1594,332,763,813
11766,1850,1320,1521,1564,1964
11767,273,436,76,292,334
11768,5221,1690,1547,2900,2762
11769,3930,2802,1758,1527,1680
11770,4070,3676,1978,2356,2460
11771,1385,85,19,11,7
11772,1986,2596,4531,3975,3971
11773,96,1374,79,42,126
11774,71,2126,1122,1658,1895
11775,16,679,1822,730,739
11776,7909,1671,1735,1277,1234
11777,138,116,100,44,54
11778,2429,792,347,382,388
11779,107,278,183,55,82
11780,542,534,523,292,229
11781,477,250,137,70,62
11782,571,2987,1060,588,381
11783,3745,4260,2825,2141,1614
11784,960,2337,1515,664,989
11785,6308,5992,4655,3722,2845
11786,366,162,866,762,819
11787,615,602,1820,1624,1648
11788,3650,5539,3916,2409,2373
11789,1673,2892,975,486,589
11790,1399,134,231,383,276
11791,1683,96,231,605,786
11792,1739,328,613,582,647
11793,232,98,1138,772,903
11794,168,83,260,213,265
11795,6401,3325,3764,5236,5250
11796,2033,6191,4741,4890,4023
11797,4990,2433,4367,5121,4242
11798,2522,959,4652,5948,5998
11799,2785,760,4001,3914,3630
11800,364,433,3293,2662,2345
11801,1709,779,341,465,449
11802,953,226,779,98,116
11803,31,3312,2738,480,528
11804,314,341,20,90,108
11805,219,141,11,29,41
11806,249,623,1581,1426,1728
11807,216,4,25,39,52
11808,815,1351,1217,1258,1211
11809,188,4,14,28,37
11810,73,2046,2724,1560,1355
11811,293,77,233,318,465
11812,55,126,189,483,359
11813,396,152,185,82,65
11814,2050,3815,2500,3842,3948
11815,381,320,343,170,148
11816,17,43,1,5,3
11817,28,80,5,10,5
11818,3599,2955,2768,1374,1070
11819,51,192,280,186,164
11820,19,226,175,262,284
11821,9,103,157,70,57
11822,1905,4888,3011,4582,4852
11823,1315,279,1722,1387,1637
11824,1868,156,347,380,462
11825,1143,780,53,25,21
11826,410,19,187,71,63
11827,296,12,105,168,183
11828,407,990,620,694,631
11829,797,89,70,120,132
11830,268,67,299,490,570
11831,982,399,149,156,97
11832,53,312,81,74,93
11833,1098,426,131,184,192
11834,4220,2697,2808,1174,1062
11835,508,3596,2235,612,514
11836,519,2426,3658,4392,4085
11837,1878,1002,528,182,219
11838,6049,938,355,1500,1324
11839,87,290,17,9,5
11840,44,34,27,45,32
11841,1012,284,410,957,1151
11842,1705,237,468,1118,1283
11843,98,10,375,231,230
11844,35,15,159,57,64
11845,646,728,195,94,99
11846,6551,4665,6764,5886,5308
11847,1513,2081,1910,1491,1452
11848,198,2152,2913,4342,3896
11849,177,555,2011,578,596
11850,6988,8246,9003,8918,8919
11851,96,539,2724,1394,1416
11852,852,1718,967,1093,1046
11853,2404,5168,6072,5005,4821
11854,1541,2514,2094,1983,1887
11855,1663,3176,1605,432,497
11856,755,84,555,304,560
11857,38,34,182,340,466
11858,884,517,12,21,23
11859,2878,519,412,455,426
11860,683,286,16,62,51
11861,907,2334,13,71,83
11862,1053,3228,3518,2262,2081
11863,2173,2594,37,373,409
11864,8,1,20,19,10
11865,255,211,135,262,184
11866,1,3,13,4,2
11867,497,60,287,274,271
11868,6118,2580,2687,2607,2849
11869,475,124,624,819,733
11870,0,0,1,0,0
11871,257,982,175,95,105
11872,2,1,6,2,3
11873,2203,1071,1527,2921,2873
11874,1174,1276,1376,1066,1246
11875,3576,6229,5831,4479,4666
11876,204,39,2,13,16
11877,1408,2845,1062,1184,1465
11878,143,210,2,39,49
11879,1164,664,1532,874,823
11880,473,7502,7561,7238,7094
11881,443,1266,1063,561,532
11882,7250,5863,5933,5371,5142
11883,1697,1144,1269,452,432
11884,2745,1874,2836,2466,2400
11885,1581,3143,2483,2077,1937
11886,3396,4155,4348,3462,3681
11887,881,2459,1905,1697,1559
11888,47,1,0,256,207
11889,44,3,0,50,59
11890,485,323,121,59,64
11891,65,935,605,625,627
11892,1915,1371,903,671,740
11893,995,85,385,296,572
11894,1212,1519,440,300,312
11895,172,102,168,187,182
11896,125,342,136,213,226
11897,981,861,924,534,500
11898,1200,1123,1039,816,769
11899,750,1454,1871,3632,3920
11900,15,51,124,53,53
11901,3,22,72,55,48
11902,10,247,634,538,479
11903,594,827,2071,2311,2078
11904,1028,1268,1449,1417,1469
11905,1565,1768,1138,985,1089
11906,8,74,560,341,412
11907,756,1163,836,987,1131
11908,19,586,1261,1332,1276
11909,674,34,2,3,9
11910,766,5,1,2,5
11911,713,5,161,261,208
11912,143,18,38,51,59
11913,367,583,541,496,428
11914,190,9,152,149,142
11915,245,118,160,424,266
11916,626,268,133,261,267
11917,40,95,10,31,21
11918,22,10,126,36,44
11919,19,7,42,46,67
11920,87,676,1295,631,494
11921,1806,5964,5818,5585,5218
11922,1589,3822,3115,2781,2608
11923,4290,3631,4072,4502,4444
11924,710,568,240,91,89
11925,1295,1413,396,205,196
11926,1247,510,1381,858,980
11927,64,6,66,51,54
11928,619,146,292,72,69
11929,65,6,245,154,150
11930,43,450,292,346,243
11931,556,1881,59,70,69
11932,45,637,59,45,49
11933,15,168,1296,951,886
11934,27,8,80,82,69
11935,20,6,49,46,32
11936,55,18,43,193,157
11937,73,158,174,691,557
11938,5637,8860,7439,8851,8900
11939,310,253,586,456,445
11940,263,173,492,194,256
11941,189,373,566,227,257
11942,113,245,568,758,678
11943,294,196,38,33,40
11944,1678,1265,330,190,198
11945,1539,547,304,199,149
11946,2234,2219,1140,749,605
11947,1991,919,3355,3089,3546
11948,34,193,229,295,290
11949,312,1083,444,1072,1235
11950,39,895,314,379,339
11951,3886,4534,1118,3028,2358
11952,1748,1315,734,811,941
11953,5950,4332,492,1758,1653
11954,492,222,85,73,104
11955,1164,1007,156,178,259
11956,2753,4544,2495,2476,1933
11957,1215,148,186,38,38
11958,457,217,78,28,41
11959,37,68,704,1674,1704
11960,1306,739,2272,1921,2139
11961,359,612,366,296,234
11962,435,182,227,237,208
11963,142,182,253,151,150
11964,141,101,305,229,212
11965,2511,6274,7044,5414,4554
11966,484,3149,213,1410,1429
11967,129,277,378,1139,1095
11968,55,323,443,2348,3013
11969,61,1,2,0,0
11970,48,1,5,0,0
11971,6699,2386,2608,2896,3126
11972,42,1,6,35,28
11973,1792,1793,2740,2415,2456
11974,7414,5030,7081,6582,6976
11975,944,736,679,318,327
11976,3517,711,217,223,209
11977,1208,1999,560,243,254
11978,1552,4285,1903,4992,5286
11979,532,1444,1199,558,585
11980,416,482,145,32,37
11981,2641,5540,8037,7516,7850
11982,3162,2784,670,679,552
11983,3159,2291,669,809,610
11984,21,589,544,520,549
11985,54,847,391,218,168
11986,544,859,270,85,73
11987,703,863,1342,1006,1068
11988,980,1443,1266,1149,1262
11989,353,1258,168,109,142
11990,157,236,674,813,866
11991,187,325,75,47,41
11992,263,164,1247,1065,903
11993,310,24,201,439,300
11994,1447,932,160,100,143
11995,50,1,0,3,1
11996,550,662,296,231,210
11997,1205,1182,224,156,141
11998,6273,1811,1176,1040,1125
11999,183,347,388,260,351
12000,770,268,1517,2024,2069
12001,151,14,8,57,88
12002,236,1491,422,256,258
12003,164,609,149,62,85
12004,126,433,147,123,123
12005,5398,2569,5176,4059,4934
12006,36,26,327,108,124
12007,295,4,255,90,73
12008,8,26,2,10,8
12009,24,108,15,62,48
12010,361,50,15,52,37
12011,395,98,14,193,144
12012,416,375,120,239,173
12013,1194,417,42,413,437
12014,1305,559,348,180,114
12015,155,2243,2164,2412,2109
12016,2806,4187,1856,2823,2787
12017,2851,4432,3533,3258,3568
12018,34,812,37,19,27
12019,89,1251,98,49,61
12020,27,3716,1912,5799,5861
12021,33,81,785,559,807
12022,1090,149,1687,770,1047
12023,1128,3543,1640,1316,1252
12024,2248,1614,458,256,215
12025,918,968,293,91,68
12026,82,55,58,23,38
12027,346,953,16,18,16
12028,372,171,8,6,3
12029,4,66,340,131,107
12030,2,1513,1335,276,224
12031,641,102,157,117,82
12032,991,143,1567,1861,1729
12033,406,948,654,1081,1018
12034,415,47,1032,833,741
12035,392,3732,1641,3942,4424
12036,4327,2690,3370,3996,3876
12037,2136,5822,2510,4757,5011
12038,200,71,20,7,6
12039,4457,2161,1745,1470,1675
12040,5408,4161,7852,5160,5237
12041,446,0,1,5,6
12042,906,3,9,15,17
12043,570,701,286,171,172
12044,159,320,291,149,148
12045,346,6021,5901,5321,5016
12046,316,375,574,398,462
12047,223,249,324,654,679
12048,232,183,579,815,912
12049,1114,6187,7277,7285,7131
12050,832,1007,1728,883,1016
12051,108,204,252,321,355
12052,768,399,59,96,137
12053,6,58,80,23,28
12054,11,456,73,29,32
12055,10,140,189,1372,1564
12056,488,1341,1569,1674,1737
12057,4704,1351,1163,854,812
12058,588,519,977,2356,2237
12059,2341,1095,230,797,940
12060,751,4435,2732,3283,3099
12061,573,1050,294,972,909
12062,233,778,1217,481,568
12063,1007,996,1187,839,599
12064,7784,3631,6994,5457,5430
12065,578,465,1108,1887,2067
12066,476,636,1862,1586,1399
12067,686,958,1311,1228,1094
12068,387,1318,1071,1110,1144
12069,147,1311,892,872,833
12070,101,947,1167,1914,1716
12071,1573,797,196,82,98
12072,1126,699,1467,1216,1214
12073,1812,800,191,71,85
12074,281,1450,337,168,217
12075,203,818,395,154,201
12076,448,3643,3592,2605,2639
12077,651,108,131,117,118
12078,861,1325,999,1564,1380
12079,438,145,89,68,71
12080,143,453,247,360,347
12081,19,1050,592,618,405
12082,18,1282,348,645,633
12083,24,21,32,53,84
12084,59,408,53,91,127
12085,475,768,1153,1983,2233
12086,1974,3305,5053,3392,3290
12087,2094,2644,183,687,647
12088,1575,1458,284,1225,1286
12089,618,144,50,18,17
12090,4,101,35,16,20
12091,315,268,89,27,36
12092,723,524,269,191,301
12093,1512,2800,1514,561,782
12094,1480,2501,1687,1578,2327
12095,97,1002,685,256,231
12096,33,708,1120,260,258
12097,118,1670,868,846,1042
12098,117,229,544,353,377
12099,120,401,841,764,727
12100,387,149,819,532,570
12101,253,564,868,442,353
12102,160,75,519,408,567
12103,134,128,601,453,533
12104,31,5,8,5,5
12105,7,35,61,50,41
12106,1,7,504,591,694
12107,207,161,9,4,2
12108,152,82,7,0,5
12109,532,153,11,2,3
12110,654,98,47,19,20
12111,3,126,27,288,270
12112,1220,1698,1521,1365,1388
12113,298,654,1766,1532,1490
12114,1741,86,184,233,198
12115,224,303,77,96,93
12116,9,15,1,1,0
12117,11,6,3,2,1
12118,6242,7115,4489,4345,3913
12119,73,1,23,22,22
12120,71,0,29,19,14
12121,61,14,27,17,15
12122,1984,3,804,377,492
12123,1264,2753,792,600,579
12124,1585,3210,2200,3004,3272
12125,498,1293,416,1225,1205
12126,3354,6276,8699,8761,8764
12127,53,816,943,665,685
12128,282,1027,935,1642,1304
12129,476,1282,1479,153,238
12130,2991,6544,3423,4455,4192
12131,3963,1547,5698,4944,4911
12132,346,1152,512,293,329
12133,1819,1862,2462,2493,2239
12134,174,160,66,26,20
12135,826,171,198,270,252
12136,60,162,483,1057,1074
12137,393,2305,1068,1192,1078
12138,266,479,338,231,215
12139,1362,1565,746,722,641
12140,322,1100,1154,630,474
12141,21,53,234,260,308
12142,63,29,60,55,69
12143,1627,377,281,158,145
12144,954,303,236,1047,1155
12145,2142,4054,535,204,285
12146,1523,1488,5118,4081,4813
12147,1266,1370,2890,2445,1952
12148,5096,5427,4715,4021,4574
12149,489,5219,2772,1873,2814
12150,212,457,108,171,172
12151,1920,3878,840,502,564
12152,1280,590,246,2247,2843
12153,801,488,957,332,246
12154,677,196,329,582,490
12155,14,983,2601,2145,2425
12156,590,1125,191,318,231
12157,17,674,72,193,164
12158,213,2504,1696,2206,2275
12159,86,246,93,15,43
12160,1441,220,109,26,68
12161,4531,3288,3535,2831,3719
12162,6170,4034,3845,3477,4178
12163,4951,4271,3092,2495,2278
12164,169,273,589,502,530
12165,399,479,909,1466,1379
12166,120,256,6,30,47
12167,2349,6459,7845,7215,7139
12168,1224,3962,5966,4529,4439
12169,1251,3394,4923,5570,5179
12170,345,499,52,83,71
12171,1154,1677,164,342,246
12172,3398,2260,2659,3061,2961
12173,5636,4854,3903,3522,3849
12174,1675,4924,5397,4293,4425
12175,605,2670,726,538,674
12176,106,354,223,115,101
12177,288,729,1,43,41
12178,925,612,0,8,9
12179,173,354,60,17,9
12180,353,11,106,566,414
12181,327,22,90,34,23
12182,1294,914,1520,789,710
12183,1003,501,913,2016,2261
12184,2137,325,954,970,898
12185,523,987,1165,855,706
12186,358,1890,2248,999,780
12187,216,1129,1482,1556,1770
12188,3613,169,530,198,262
12189,2939,137,490,180,243
12190,2803,967,911,795,875
12191,153,39,8,5,5
12192,2172,3260,5267,4958,5035
12193,422,363,103,492,381
12194,2213,5164,273,117,128
12195,4059,110,323,47,39
12196,642,135,745,54,33
12197,30,18,45,93,106
12198,45,3,6,32,38
12199,51,1,2,9,10
12200,77,0,8,4,2
12201,123,0,12,3,3
12202,218,905,240,250,279
12203,1,10,1,0,0
12204,1437,2474,2594,3038,2639
12205,3,4,1,2,2
12206,2051,8508,3272,4631,4652
12207,4638,1275,2127,3017,2059
12208,4789,890,3826,4115,3146
12209,333,31,89,375,421
12210,0,740,317,229,250
12211,0,16,18,156,173
12212,380,1274,537,440,461
12213,616,1382,179,573,366
12214,4411,2011,6641,5401,6181
12215,138,32,534,309,197
12216,537,24,1496,1045,781
12217,4246,1639,958,561,348
12218,172,882,211,500,528
12219,274,173,303,385,432
12220,82,326,239,494,468
12221,37,68,4962,3791,3521
12222,80,67,6725,7078,6719
12223,178,1912,801,684,607
12224,908,2527,3711,3927,3967
12225,1473,2661,3331,3657,3828
12226,5419,4711,4243,3285,3453
12227,1231,634,460,626,707
12228,4658,2280,598,261,236
12229,1364,1119,964,1090,1011
12230,233,297,110,79,99
12231,5294,6343,4466,4255,3985
12232,120,158,104,73,97
12233,126,6,95,112,80
12234,674,39,74,55,37
12235,318,496,1630,1370,1037
12236,31,2,24,25,19
12237,155,532,360,756,761
12238,47,106,1122,704,777
12239,641,1384,320,585,607
12240,1841,5496,621,543,705
12241,6732,285,728,1290,1259
12242,61,228,9,6,8
12243,32,149,9,3,5
12244,42,612,362,519,569
12245,131,186,4,9,8
12246,136,29,2,7,11
12247,701,32,22,25,30
12248,69,4,2,1,1
12249,63,14,3,6,6
12250,124,1,3,0,0
12251,418,579,1203,1579,1672
12252,368,441,37,14,21
12253,886,551,150,53,78
12254,828,3327,1719,2168,2045
12255,1352,7542,7338,5898,5993
12256,1601,8093,7447,6969,7056
12257,2431,3133,3741,2560,2720
12258,74,58,674,2528,2612
12259,116,169,666,2232,2131
12260,300,1388,772,1090,1185
12261,5312,1350,223,443,439
12262,90,150,51,17,17
12263,163,628,19,17,8
12264,151,1079,12,15,13
12265,3652,3485,127,389,335
12266,877,938,962,681,750
12267,5854,6143,4204,4826,4416
12268,363,982,598,1267,1348
12269,2329,4603,148,130,133
12270,434,3387,206,272,270
12271,373,3985,2406,2697,2415
12272,31,25,25,19,14
12273,53,1233,193,382,300
12274,230,489,619,379,334
12275,1097,642,367,475,482
12276,354,1098,1229,784,838
12277,223,574,289,338,340
12278,610,726,2306,1342,1359
12279,466,240,2610,1655,1618
12280,329,1726,1450,1361,1337
12281,290,2265,752,833,581
12282,1198,302,677,537,597
12283,198,947,509,580,361
12284,46,56,273,160,127
12285,177,169,106,167,206
12286,340,1656,642,638,605
12287,66,211,37,8,15
12288,207,124,36,26,38
12289,17,163,66,32,47
12290,10,27,2,5,4
12291,179,260,180,149,112
12292,4355,2868,3367,1494,1999
12293,287,1952,1312,828,925
12294,1082,3333,4033,4712,4815
12295,413,82,376,232,152
12296,2009,5228,5740,6288,6840
12297,2825,7544,7692,5703,6137
12298,2784,3112,6022,4093,4668
12299,1289,1424,522,403,533
12300,6426,3898,256,131,244
12301,1430,1613,1127,860,906
12302,343,1608,2032,1630,1667
12303,296,905,644,545,512
12304,2696,1497,3969,3103,3340
12305,737,44,824,845,564
12306,43,76,470,304,378
12307,40,33,27,34,39
12308,402,146,6,9,3
12309,448,1704,2337,2276,1773
12310,260,513,6,5,1
12311,1035,1593,3556,1842,2197
12312,63,127,125,60,38
12313,117,102,259,153,174
12314,793,881,435,697,869
12315,1499,406,282,143,150
12316,1444,990,830,2221,2172
12317,1163,1459,772,1708,1876
12318,1538,2127,1458,3575,3932
12319,3315,5718,3676,3145,2936
12320,2370,3757,2730,1847,1962
12321,1902,2422,2189,2504,2539
12322,2383,3804,4453,3665,4152
12323,158,486,1132,560,638
12324,30,200,686,577,427
12325,22,294,680,508,316
12326,2023,3189,4233,3873,4166
12327,9,108,264,204,172
12328,30,346,961,617,487
12329,408,4768,3835,3154,3585
12330,270,8,129,158,116
12331,259,7,29,71,48
12332,102,2783,3562,2767,3018
12333,117,1221,1960,1295,1443
12334,296,2896,4555,2091,2327
12335,2445,1518,2471,1916,1522
12336,276,18,141,81,101
12337,523,25,889,1355,1339
12338,1201,304,31,3,0
12339,1442,606,1235,2219,2061
12340,878,480,2,0,0
12341,1999,545,677,430,441
12342,1725,874,1457,1521,1909
12343,1957,628,782,605,626
12344,739,724,825,604,490
12345,35,30,1283,219,249
12346,550,900,789,628,487
12347,6214,1216,1271,1289,1444
12348,188,123,173,578,508
12349,1005,45,275,690,625
12350,240,376,234,111,83
12351,671,80,256,374,309
12352,377,667,569,261,215
12353,826,407,1061,666,904
12354,8784,8798,8883,8640,8557
12355,364,186,449,191,255
12356,89,120,69,110,108
12357,48,111,14,7,6
12358,603,731,590,582,606
12359,635,1279,320,473,515
12360,626,815,530,447,357
12361,1523,2650,443,217,162
12362,1731,1514,4115,3500,3510
12363,2137,4661,3083,5243,5760
12364,4646,1993,2119,4557,4827
12365,139,586,8,7,2
12366,207,7,139,7,6
12367,52,449,10,3,3
12368,636,1332,495,1079,1163
12369,1433,1798,2338,1510,1436
12370,1262,2304,2313,2293,2348
12371,388,447,89,52,44
12372,462,753,366,280,253
12373,246,999,1161,864,809
12374,674,3818,2702,2774,3202
12375,3339,3307,2351,2301,2330
12376,2185,2121,1270,1413,941
12377,1804,225,2496,2599,2470
12378,5649,3826,3529,3883,3549
12379,1624,347,2317,2473,2267
12380,4083,680,2703,2552,2302
12381,3139,1856,2912,2360,2548
12382,3850,2129,2616,3126,3036
12383,1581,3539,5223,4838,4828
12384,309,7020,6670,7779,7613
12385,277,1889,1905,2970,2741
12386,27,57,89,77,61
12387,2173,207,1618,1254,1103
12388,1121,2752,3103,3086,2472
12389,671,59,2341,1518,1669
12390,483,33,165,123,163
12391,930,1864,333,131,210
12392,313,4119,282,112,87
12393,2299,2737,1565,2186,2020
12394,77,2798,155,89,83
12395,158,894,320,268,271
12396,1855,985,1452,1211,1364
12397,321,988,1077,933,829
12398,110,220,354,429,363
12399,447,272,737,571,558
12400,109,379,886,709,690
12401,314,742,1129,671,738
12402,175,378,367,361,402
12403,349,351,440,401,412
12404,18,13,293,105,88
12405,6146,3908,3032,1792,1755
12406,25,49,888,331,296
12407,1133,2551,1453,1778,1658
12408,3753,2799,4556,2564,2390
12409,1852,2666,2249,2297,2557
12410,588,78,29,21,41
12411,178,278,514,555,544
12412,497,1402,91,179,111
12413,427,70,280,656,750
12414,464,1665,168,589,571
12415,858,147,630,840,962
12416,10,12,3,22,27
12417,6,15,2,18,29
12418,71,45,226,215,143
12419,3930,5115,2667,4895,4790
12420,914,1410,2194,1570,1438
12421,413,1780,2405,1974,1889
12422,5458,114,230,135,134
12423,430,812,506,81,130
12424,109,286,643,202,217
12425,1212,3102,1683,219,129
12426,223,4,47,57,55
12427,848,2892,5552,5537,5123
12428,864,1310,126,21,25
12429,1160,3329,4869,4572,4358
12430,1415,606,147,11,22
12431,2,8,7,5,4
12432,2,201,706,348,478
12433,599,1471,4122,3240,3319
12434,1625,2790,1445,1470,1370
12435,4466,3044,3456,4353,4379
12436,2941,2025,3689,5005,5059
12437,7221,5481,5065,5363,5563
12438,195,15,36,20,13
12439,169,5,93,117,86
12440,63,632,34,33,53
12441,75,1381,60,172,239
12442,24,866,301,340,340
12443,2071,530,1993,2096,1981
12444,608,326,586,2386,2526
12445,1169,2151,1684,1013,927
12446,3187,259,20,39,36
12447,1578,506,28,83,59
12448,315,52,144,20,14
12449,3221,219,1857,2454,2348
12450,4122,566,1781,2073,2640
12451,2070,795,1471,1084,1338
12452,1448,1021,1770,1213,1285
12453,1500,1609,1780,877,891
12454,3675,4741,5538,6106,6351
12455,24,274,2144,3510,3668
12456,0,283,1470,886,769
12457,3556,1767,1205,758,862
12458,101,188,23,92,71
12459,751,222,670,540,387
12460,205,221,6,25,22
12461,548,82,321,835,908
12462,33,36,489,215,231
12463,10,10,226,88,82
12464,38,125,164,220,190
12465,114,57,114,133,134
12466,2001,644,1369,1684,2635
12467,1660,3541,1913,1440,1535
12468,6657,5892,1449,1410,1546
12469,1042,3317,594,709,699
12470,479,496,68,92,65
12471,83,654,117,56,72
12472,58,822,116,192,147
12473,402,1132,19,33,37
12474,1893,1222,3109,1933,1684
12475,185,2011,15,25,26
12476,309,145,178,66,66
12477,184,2,351,2430,1993
12478,717,335,404,192,164
12479,2359,1151,572,500,411
12480,1597,127,82,118,131
12481,1063,164,128,138,154
12482,1574,470,41,56,43
12483,521,2602,3213,3654,3655
12484,1203,944,62,79,58
12485,296,4,49,101,133
12486,32,11,4,14,21
12487,44,1225,434,304,358
12488,269,1401,516,1459,1477
12489,240,828,493,1662,1507
12490,1327,1023,1266,1479,1422
12491,208,78,30,14,20
12492,38,70,158,138,137
12493,52,88,45,20,32
12494,5817,4625,5186,4667,4313
12495,218,1286,733,1121,1191
12496,1438,1102,3583,3286,2972
12497,257,146,871,457,357
12498,101,429,499,384,311
12499,61,127,472,720,647
12500,387,127,878,585,802
12501,13,2,116,94,113
12502,828,5039,4771,4066,3637
12503,451,423,5,2,2
12504,416,1164,9,17,9
12505,1272,3785,2323,474,708
12506,14,52,201,109,84
12507,1684,794,401,742,731
12508,13,72,618,503,424
12509,248,111,655,880,688
12510,95,158,310,205,155
12511,4,104,19,26,17
12512,87,808,1596,1898,2208
12513,303,497,326,305,362
12514,4195,4329,5097,5968,6160
12515,778,259,37,13,12
12516,1323,387,319,278,297
12517,453,135,29,16,15
12518,2345,4085,1167,987,930
12519,1475,1141,276,514,699
12520,2306,1408,3157,2799,2304
12521,769,6,236,98,103
12522,350,66,56,844,823
12523,306,1200,16,1069,1177
12524,1189,295,161,3309,2891
12525,1564,564,286,1193,987
12526,1448,2415,1304,788,716
12527,1143,603,1129,748,676
12528,740,1373,2894,2463,2929
12529,3919,1747,2455,1572,1638
12530,206,81,206,132,92
12531,726,222,404,202,135
12532,647,905,135,2655,2749
12533,3768,5261,1126,426,448
12534,2044,789,657,682,885
12535,4231,5392,1173,399,486
12536,487,404,52,365,477
12537,373,316,371,416,632
12538,2614,1009,57,521,700
12539,3,9,14,17,18
12540,3,29,10,26,14
12541,305,5,7,3,2
12542,316,1374,310,321,336
12543,248,856,201,172,186
12544,346,1965,1070,2244,2058
12545,1425,793,2895,2860,1791
12546,2416,219,1087,1390,1495
12547,3362,288,1636,1270,986
12548,834,378,276,739,801
12549,382,20,40,95,114
12550,834,36,55,175,216
12551,1123,695,5397,4412,4165
12552,2084,2943,8458,7958,7809
12553,3247,1319,6226,5200,4946
12554,685,450,371,347,350
12555,2354,1014,322,296,334
12556,261,100,603,1231,1101
12557,82,185,67,87,55
12558,53,639,116,106,87
12559,80,86,1394,790,705
12560,1306,3130,3352,3584,2708
12561,1112,2950,2568,3577,3476
12562,1119,2211,2522,3132,2846
12563,1,60,186,92,75
12564,1,81,131,106,104
12565,906,464,1919,1918,1499
12566,632,419,285,270,258
12567,620,219,373,423,442
12568,1210,1068,421,469,494
12569,479,254,476,439,416
12570,2010,132,396,333,295
12571,1539,412,1530,1006,1018
12572,649,1108,4615,2767,2632
12573,335,446,667,1340,1659
12574,1002,2722,1050,1218,1186
12575,2148,562,621,1350,1299
12576,4176,449,237,986,1085
12577,876,231,1273,1280,1396
12578,596,587,1274,1490,1625
12579,396,87,202,256,233
12580,8,126,367,312,336
12581,2733,1396,28,25,61
12582,5367,8004,8077,7691,7664
12583,2211,660,5,4,13
12584,2794,325,2489,2537,2167
12585,424,601,1057,225,258
12586,4123,3522,1695,804,618
12587,722,68,29,97,72
12588,300,280,1217,165,121
12589,301,280,43,167,153
12590,17,109,237,22,39
12591,76,259,395,505,327
12592,76,678,465,1169,1115
12593,3246,1181,1345,3284,3351
12594,5815,1966,1637,3387,3626
12595,5477,5418,5376,2852,2878
12596,226,199,324,546,349
12597,182,89,825,757,624
12598,59,182,450,282,266
12599,2221,2536,1275,862,847
12600,1549,2276,1444,893,864
12601,1486,3353,2416,1670,1782
12602,1250,4109,3375,4822,4510
12603,3309,3859,5630,7086,6865
12604,1111,1205,3140,2974,2923
12605,243,1178,506,341,428
12606,378,1788,310,29,56
12607,1644,1263,227,10,26
12608,88,530,254,482,359
12609,65,92,216,293,252
12610,1034,875,1772,766,724
12611,70,121,1,4,3
12612,0,0,0,0,0
12613,983,1706,834,652,626
12614,485,3150,2959,2251,2119
12615,324,316,30,74,100
12616,280,258,14,42,81
12617,1255,545,251,684,689
12618,16,252,201,815,1019
12619,11,105,237,814,880
12620,503,5,121,22,11
12621,1546,2527,576,1249,1714
12622,534,7,66,17,11
12623,400,2232,517,268,433
12624,292,176,566,374,542
12625,291,223,93,294,339
12626,1082,3584,3070,1220,1461
12627,2,79,250,687,620
12628,8,882,718,1120,1074
12629,2267,2653,417,640,659
12630,948,121,168,180,137
12631,1299,58,150,111,77
12632,2178,1,44,53,35
12633,12,51,13,28,45
12634,11,2,30,29,23
12635,857,944,1168,830,936
12636,4018,3814,6854,5998,5955
12637,1318,623,1170,777,856
12638,495,200,84,22,21
12639,328,297,329,123,142
12640,1066,2130,1515,3731,3801
12641,4032,145,229,132,171
12642,998,144,651,412,462
12643,1071,4070,2816,3485,3031
12644,380,871,1245,782,705
12645,587,347,239,458,621
12646,234,186,91,133,198
12647,4203,3463,3324,1588,1761
12648,3399,4177,5627,2799,2871
12649,7178,8125,5000,6398,6833
12650,146,379,1528,732,749
12651,132,920,1342,618,599
12652,113,405,1271,622,540
12653,2736,994,1283,894,817
12654,1474,1603,456,637,508
12655,2860,3015,1283,1610,1434
12656,1462,421,91,120,137
12657,466,306,102,83,110
12658,633,1825,2047,2796,2987
12659,90,155,1176,1080,892
12660,107,87,1906,1497,1263
12661,817,2556,1394,350,316
12662,557,588,248,67,127
12663,2180,1731,1100,201,311
12664,408,580,136,38,72
12665,2031,975,1518,562,791
12666,1642,189,152,444,430
12667,1346,64,32,99,107
12668,1099,289,2729,1955,1965
12669,325,3008,218,416,300
12670,409,683,123,280,191
12671,559,1738,1013,1595,1273
12672,44,486,1386,864,673
12673,50,457,146,209,207
12674,4055,954,547,328,415
12675,1329,1194,263,163,213
12676,1068,934,992,862,1149
12677,348,757,29,32,35
12678,150,29,31,67,65
12679,166,49,188,109,85
12680,36,195,1279,1179,969
12681,190,3166,6361,5109,4789
12682,19,169,1027,850,721
12683,155,138,251,181,155
12684,354,599,344,210,182
12685,107,1230,992,610,595
12686,22,7,2,6,13
12687,2,16,972,523,628
12688,4,4,2,5,12
12689,1658,2294,4480,4321,3788
12690,2501,1116,212,197,193
12691,1364,1849,737,693,665
12692,551,24,34,17,17
12693,3792,8995,8804,8844,8645
12694,475,30,46,21,21
12695,120,85,43,8,11
12696,21,83,76,1411,1321
12697,55,211,6,0,0
12698,5,468,37,16,27
12699,8,268,59,19,36
12700,419,3143,6055,6193,6493
12701,341,458,323,160,177
12702,1073,959,234,145,144
12703,457,1071,2192,1395,1235
12704,2435,5310,3622,3098,2972
12705,5459,1361,3863,3416,3514
12706,2100,1873,2589,2160,1981
12707,2,75,41,27,43
12708,83,344,399,201,245
12709,833,583,492,788,798
12710,102,716,85,128,109
12711,286,2010,3448,2123,2481
12712,109,436,96,206,164
12713,254,1926,1749,1331,1393
12714,89,1277,664,916,912
12715,24,43,5,451,467
12716,478,4662,3475,3077,3719
12717,3955,2240,2053,1775,2006
12718,934,3247,5482,4779,4889
12719,3712,1931,5647,5063,5352
12720,49,369,847,952,988
12721,86,597,1366,1311,1381
12722,1102,3398,3942,4178,3436
12723,857,1589,2013,3625,3656
12724,891,2113,4164,5513,4297
12725,1971,672,708,586,664
12726,2579,1437,2079,1765,1888
12727,3577,6380,3994,3787,3677
12728,5288,5317,3514,2671,2486
12729,397,2246,5080,4326,4098
12730,144,1838,1280,986,1097
12731,3804,2384,2174,1611,2034
12732,1748,2634,1840,1697,1618
12733,1625,1195,1006,850,1053
12734,545,1461,300,828,720
12735,40,545,301,600,558
12736,65,1526,3228,2497,2437
12737,1643,1827,1382,1785,1669
12738,2158,1478,919,780,782
12739,5905,2622,3560,2505,2367
12740,1436,536,276,1716,1942
12741,655,1162,344,776,465
12742,910,4208,2516,2733,1741
12743,629,1106,2833,1876,1812
12744,876,777,2050,1760,1793
12745,818,511,2482,2221,2319
12746,576,2160,1243,871,927
12747,82,49,11,13,8
12748,120,219,32,46,11
12749,44,232,186,103,105
12750,4730,2437,1877,2717,2286
12751,3484,582,499,700,743
12752,1063,1031,491,298,236
12753,124,144,0,37,43
12754,45,88,0,31,33
12755,7011,3186,1250,1704,1011
12756,2348,42,1,1,1
12757,4038,252,3,1,1
12758,790,1238,388,939,1291
12759,896,1538,709,1294,1564
12760,1361,629,2794,1993,1993
12761,188,23,337,321,256
12762,82,329,2593,2253,1950
12763,820,16,120,119,86
12764,2441,690,189,46,56
12765,1698,919,336,58,74
12766,2151,2457,1315,1210,1063
12767,88,1159,632,724,692
12768,962,599,1173,1152,1230
12769,160,1099,385,410,369
12770,1122,703,229,85,118
12771,1205,121,355,871,860
12772,6,3,224,133,115
12773,985,412,921,909,738
12774,170,158,661,596,433
12775,160,134,642,488,411
12776,1120,448,381,640,513
12777,1914,393,630,396,403
12778,675,398,161,218,179
12779,91,110,341,372,347
12780,172,94,348,329,306
12781,2397,67,288,469,454
12782,815,1584,1466,702,850
12783,5521,3525,1420,1195,1064
12784,1391,4027,2730,1729,1923
12785,3485,3586,2281,1196,819
12786,5662,4117,2805,1295,1044
12787,4063,1618,3314,3013,2899
12788,486,559,391,225,403
12789,212,3753,4585,4263,3922
12790,137,975,429,232,282
12791,1210,1867,141,1122,1220
12792,36,945,381,2983,2587
12793,1788,45,76,44,40
12794,922,3051,4310,4291,4776
12795,1970,4010,1357,4692,4816
12796,4992,5513,2463,5263,5428
12797,838,3203,1114,6222,5972
12798,3261,6477,3648,5035,4706
12799,213,1142,1177,1017,1124
12800,1507,737,195,153,142
12801,630,573,46,46,52
12802,830,788,5708,6321,6277
12803,328,269,402,590,549
12804,388,458,315,1974,2013
12805,811,626,413,1208,1038
12806,1067,1531,3104,2505,2756
12807,311,953,3199,2377,2072
12808,2553,2058,5710,4913,5397
12809,1511,2203,883,1598,1588
12810,1159,2909,2137,2317,2024
12811,2647,5308,3058,1661,1808
12812,680,407,492,113,169
12813,290,885,435,93,133
12814,578,326,1690,3712,3743
12815,2877,475,105,71,94
12816,767,318,114,363,271
12817,1765,859,919,478,510
12818,1273,586,409,840,898
12819,733,572,686,707,763
12820,2436,1102,2876,3143,3199
12821,971,711,1857,1812,2025
12822,10,2,8,4,5
12823,105,7,4,12,12
12824,701,52,715,886,946
12825,1686,883,2903,1531,1572
12826,745,175,442,605,649
12827,364,270,18,26,39
12828,746,2440,7,4,7
12829,810,775,30,42,58
12830,4576,4645,921,521,688
12831,2097,2865,1676,748,830
12832,2004,2869,732,435,578
12833,1429,516,3048,1951,1386
12834,2800,431,1080,1705,1224
12835,1882,306,611,751,525
12836,248,823,800,675,554
12837,238,3874,3653,2668,2987
12838,2153,789,656,498,378
12839,110,3209,4975,3352,2921
12840,119,767,882,3626,3895
12841,613,788,956,2936,3277
12842,1888,958,1185,1508,1831
12843,1089,567,734,1450,1684
12844,1628,5014,6137,6479,5983
12845,209,224,207,397,522
12846,0,4,4,9,9
12847,1,29,27,59,73
12848,318,120,87,238,294
12849,434,332,212,479,616
12850,614,136,39,32,39
12851,1656,832,2146,2727,2327
12852,2346,1064,674,782,734
12853,1287,1011,997,952,694
12854,921,1349,44,79,104
12855,315,293,1696,1518,1533
12856,62,1287,41,48,55
12857,1731,1910,2651,4877,4661
12858,2096,646,357,380,392
12859,2791,1128,740,868,798
12860,437,2456,5441,4359,4788
12861,744,3487,4548,4152,4804
12862,1027,1774,5723,5609,4838
12863,610,846,174,347,277
12864,47,371,76,141,93
12865,44,0,3,6,6
12866,268,177,568,847,996
12867,1593,2467,4346,3908,3734
12868,2564,1359,2911,2497,2303
12869,4,746,24,418,612
12870,4,281,12,833,930
12871,737,558,135,194,245
12872,672,505,7,173,192
12873,547,306,319,36,54
12874,840,444,5,32,62
12875,27,337,46,47,55
12876,1063,636,44,180,154
12877,27,15,130,138,152
12878,1151,1260,103,1882,1901
12879,4548,1358,1710,1000,1000
12880,1937,984,292,474,594
12881,219,140,37,47,28
12882,272,491,31,44,25
12883,306,302,25,24,22
12884,468,719,575,453,476
12885,3618,3944,4081,2675,2634
12886,528,1172,1573,1040,1035
12887,3117,1608,729,1307,1337
12888,2961,2143,1647,1087,1021
12889,3773,1579,1253,826,860
12890,447,5,81,96,141
12891,7254,4517,6504,5643,5548
12892,235,10,61,143,184
12893,551,5586,7333,7072,6410
12894,1712,3390,7170,6025,5393
12895,403,4392,5836,5490,5414
12896,2962,512,432,913,860
12897,765,3223,1654,1427,1378
12898,2783,631,931,2151,1992
12899,187,182,904,417,431
12900,930,1534,936,821,624
12901,1983,887,1198,995,794
12902,421,207,672,1007,898
12903,1358,296,344,476,476
12904,1287,101,206,33,29
12905,733,2633,1458,2224,2334
12906,103,193,81,75,114
12907,171,137,289,132,170
12908,12,8,236,193,322
12909,409,1091,3013,2716,2719
12910,9,2,193,215,307
12911,812,326,451,285,344
12912,1378,576,500,295,341
12913,6746,5454,1131,1670,1607
12914,7,5,13,37,38
12915,38,1,50,50,60
12916,0,5,42,37,45
12917,885,354,296,173,142
12918,571,2087,467,394,322
12919,445,87,296,485,409
12920,0,29,1279,1375,1276
12921,522,566,828,880,1122
12922,1,31,1398,1356,1147
12923,3910,6690,3035,3863,3865
12924,4287,872,2553,1968,2231
12925,6491,1218,3551,3052,3214
12926,1,8,19,4,4
12927,56,1345,853,1588,1471
12928,48,1143,2087,2999,2867
12929,1362,3544,3068,2339,2132
12930,3654,1538,987,765,828
12931,1163,4740,5330,4581,4598
12932,17,174,195,98,97
12933,1434,108,575,355,267
12934,5655,4061,4642,4792,4923
12935,2807,4207,5716,4325,4487
12936,1573,704,112,51,25
12937,2766,1655,460,673,446
12938,2892,85,1018,274,293
12939,4179,2642,365,661,1346
12940,3015,344,771,743,697
12941,5780,7644,6565,6049,5805
12942,391,115,116,125,118
12943,163,72,72,96,83
12944,1,262,98,18,18
12945,49,447,324,758,854
12946,0,521,111,13,16
12947,4804,5234,7617,6080,5750
12948,1457,3144,5134,4277,4083
12949,158,15,32,51,58
12950,1910,1874,434,316,263
12951,79,654,266,392,328
12952,85,548,113,152,130
12953,700,3130,7390,6571,6305
12954,125,47,34,331,334
12955,139,48,36,303,339
12956,3140,4519,3358,4393,4625
12957,2363,2951,3774,1518,1988
12958,3008,1544,1999,1009,1267
12959,625,719,446,1418,1452
12960,464,619,265,975,943
12961,3193,1987,5285,6250,7036
12962,0,1,2,16,17
12963,0,0,18,101,118
12964,0,2,13,10,17
12965,1165,2316,2205,1424,1231
12966,521,590,202,61,99
12967,342,1031,2815,1882,1588
12968,344,128,246,154,185
12969,14,408,63,26,36
12970,289,221,64,27,48
12971,758,1252,236,269,186
12972,438,198,366,836,790
12973,111,262,77,800,642
12974,288,175,136,78,56
12975,4734,6761,5623,5880,5872
12976,126,77,78,79,72
12977,1453,1377,2361,2201,2185
12978,37,700,463,431,493
12979,86,86,200,401,478
12980,1011,318,651,720,749
12981,1791,586,616,783,909
12982,948,936,2031,1415,1586
12983,21,48,15,106,102
12984,16,90,48,217,195
12985,1145,1237,338,623,656
12986,696,163,800,762,851
12987,1255,2687,2165,1739,1775
12988,1828,483,1077,1158,1102
12989,545,105,229,325,204
12990,873,101,343,89,104
12991,745,90,322,90,102
12992,1,47,0,0,0
12993,132,251,0,0,0
12994,0,12,0,0,0
12995,715,40,241,177,257
12996,4972,114,372,269,351
12997,3068,3228,2322,4811,4781
12998,900,239,44,28,27
12999,17,663,127,80,85
13000,849,262,469,405,374
13001,145,232,370,261,202
13002,155,820,460,250,218
13003,114,686,700,368,299
13004,1340,2060,1299,1158,1076
13005,1036,2488,714,567,582
13006,3352,2719,3154,2068,1954
13007,1557,115,459,238,212
13008,213,128,129,77,66
13009,193,255,557,1407,1460
13010,1298,444,1381,1420,1448
13011,287,311,987,1057,996
13012,1177,337,1862,1386,1576
13013,377,775,231,206,165
13014,448,754,105,126,131
13015,291,532,64,128,149
13016,2526,2278,2303,1917,1920
13017,2102,1726,1745,2041,2230
13018,6252,8385,4778,3931,4040
13019,424,1986,1150,919,883
13020,836,2421,1748,2247,2142
13021,643,4041,2654,2632,2462
13022,94,44,65,165,135
13023,101,20,55,83,55
13024,367,410,269,115,89
13025,671,625,320,269,321
13026,1029,268,130,185,249
13027,879,356,125,141,158
13028,2875,2907,1132,1258,1181
13029,4929,4730,4753,5691,5736
13030,1569,1210,413,511,593
13031,1343,1145,1368,1550,1594
13032,3025,4530,95,30,14
13033,421,635,31,13,10
13034,75,379,13,33,33
13035,60,579,9,18,13
13036,2656,814,1208,1024,1202
13037,176,20,212,469,593
13038,161,2358,2231,2079,1741
13039,236,709,829,835,771
13040,1501,2334,2850,3185,3072
13041,70,25,11,22,20
13042,1178,1644,2071,2495,2156
13043,321,2835,1488,506,775
13044,106,1442,1650,546,878
13045,1890,2523,3160,2963,2928
13046,37,2,3,6,5
13047,503,32,2754,3679,4189
13048,53,2,2,2,2
13049,4164,596,1326,2246,2359
13050,2204,3534,2537,2123,2449
13051,744,571,523,854,1006
13052,4850,4775,5579,5649,5406
13053,521,1273,1403,1636,1166
13054,346,2652,1116,1422,1045
13055,755,382,37,218,286
13056,807,869,3303,3058,3062
13057,1291,513,78,450,527
13058,385,587,1214,1253,1169
13059,400,1328,903,960,974
13060,716,549,1302,1966,2073
13061,111,181,195,36,59
13062,435,545,192,189,164
13063,144,58,125,60,129
13064,193,129,215,909,860
13065,808,2883,1303,919,908
13066,277,46,42,903,773
13067,5819,6802,6765,6778,6780
13068,138,303,1066,1465,1459
13069,214,292,392,921,914
13070,1389,32,759,202,267
13071,1124,797,1623,999,864
13072,1739,249,2836,980,1184
13073,1072,572,2306,1429,1633
13074,191,509,1540,907,1051
13075,731,167,2050,1892,2018
13076,560,239,130,41,37
13077,66,352,631,512,460
13078,275,1144,226,118,91
13079,75,348,275,294,321
13080,32,115,117,190,203
13081,6307,1966,1687,1416,1297
13082,124,8,0,1,1
13083,87,13,2,2,4
13084,140,692,169,101,142
13085,2071,1001,1292,1154,1208
13086,1414,481,823,1075,1007
13087,3208,4571,5392,6008,5803
13088,1382,2541,1150,831,751
13089,2109,1425,1242,938,928
13090,1994,2781,2210,1596,1578
13091,0,76,434,298,245
13092,1,168,556,396,330
13093,3273,1907,6040,4568,4845
13094,382,2316,3532,3144,2257
13095,125,353,52,162,179
13096,144,727,42,103,105
13097,641,818,692,1434,1124
13098,1145,3592,4738,3822,4021
13099,1471,1850,2367,4469,4017
13100,953,2009,2203,2880,2936
13101,479,1110,1053,1553,1422
13102,690,813,461,1398,1448
13103,16,85,54,37,42
13104,14,11,83,66,57
13105,3454,1461,390,1588,1537
13106,531,610,400,562,525
13107,1362,528,205,49,76
13108,708,539,189,46,59
13109,869,322,191,496,513
13110,3249,275,4134,4566,4559
13111,2356,2352,1481,1657,1627
13112,534,170,57,820,682
13113,755,681,607,348,357
13114,1056,496,84,709,809
13115,1276,3385,4214,4101,4708
13116,3929,5783,2648,2532,2491
13117,896,2362,3457,2684,3089
13118,1386,484,992,427,370
13119,982,323,1787,816,635
13120,2778,2074,2327,2540,2245
13121,209,992,749,177,232
13122,409,879,1249,2438,2629
13123,508,158,822,204,263
13124,30,0,2,3,2
13125,0,0,22,34,18
13126,1,2,40,39,20
13127,1908,3102,7342,6594,6585
13128,432,762,2045,1720,1636
13129,2876,2759,3673,4223,4156
13130,73,1841,737,2803,2903
13131,303,583,548,276,213
13132,918,1037,1504,1743,1721
13133,1246,2381,180,269,282
13134,141,1459,987,799,746
13135,2648,1242,379,413,444
13136,3172,754,1467,1002,993
13137,20,183,0,1,1
13138,5002,6158,5573,4014,3765
13139,4180,3455,5589,5883,5890
13140,82,41,3,0,0
13141,24,45,0,0,0
13142,153,884,367,381,307
13143,106,926,498,545,411
13144,820,1578,3297,2746,2412
13145,688,110,376,863,630
13146,712,667,677,1821,2338
13147,1218,174,387,1365,929
13148,2421,6435,5890,3968,4140
13149,728,185,839,934,576
13150,656,60,570,553,371
13151,1172,2813,1812,2549,2594
13152,2290,2242,391,198,174
13153,1874,2063,424,204,250
13154,671,663,862,516,594
13155,2255,549,1751,1037,1328
13156,2607,386,3110,1665,1682
13157,327,764,294,1958,1822
13158,756,807,592,678,724
13159,14,238,356,154,160
13160,36,320,219,387,200
13161,2521,535,303,242,266
13162,234,527,575,414,236
13163,5,392,355,574,548
13164,1,834,275,680,566
13165,1274,2177,2745,2514,2491
13166,5259,2789,6817,6208,5960
13167,86,329,121,51,56
13168,78,55,71,21,25
13169,44,12,47,359,486
13170,182,1015,1186,882,970
13171,38,37,70,344,392
13172,352,79,1159,1485,1638
13173,456,498,190,79,111
13174,227,48,498,344,404
13175,6,18,86,94,86
13176,10,72,408,210,165
13177,16,768,123,135,124
13178,1915,334,243,489,503
13179,39,326,31,12,18
13180,639,198,776,580,595
13181,487,15,83,18,7
13182,266,5,67,20,11
13183,878,296,319,26,7
13184,69,593,28,102,90
13185,372,1082,2612,2741,2991
13186,90,242,22,148,149
13187,231,348,152,67,113
13188,1127,5327,598,154,240
13189,767,223,526,130,136
13190,1012,203,143,45,44
13191,122,415,55,413,533
13192,243,389,65,43,52
13193,449,211,134,410,359
13194,444,252,318,429,376
13195,1002,929,262,490,445
13196,3192,1981,1437,886,1293
13197,519,1395,1293,640,660
13198,2597,2018,227,147,156
13199,2806,1868,998,1263,1170
13200,4915,4153,4497,4296,4063
13201,2490,1510,518,1031,1046
13202,2353,350,862,1136,1203
13203,697,1085,3977,2758,3052
13204,894,302,900,881,1005
13205,395,1274,1350,1713,1614
13206,3638,2389,856,2908,2789
13207,790,275,200,505,460
13208,1710,1166,884,652,304
13209,338,1343,2043,1095,1856
13210,2049,1007,254,88,42
13211,893,4590,2824,2548,2215
13212,4563,4727,4131,3195,2568
13213,1527,6118,3114,2363,2337
13214,4,86,2,5,5
13215,12,39,9,11,21
13216,866,54,1,12,6
13217,1191,424,129,167,155
13218,160,8,1,0,0
13219,255,7,43,26,30
13220,220,180,414,623,530
13221,180,131,308,828,769
13222,1144,386,521,352,317
13223,23,24,143,233,128
13224,22,9,196,152,85
13225,694,347,400,134,163
13226,7204,1782,1512,1385,1343
13227,2843,1303,1217,851,1034
13228,3040,1228,565,394,494
13229,967,1133,2118,2871,3060
13230,5566,1044,3719,2464,2357
13231,568,595,1269,1050,1024
13232,480,2585,364,535,318
13233,1276,2905,4070,1860,1535
13234,927,1013,1562,1743,1384
13235,1289,486,196,193,240
13236,57,373,132,150,146
13237,97,174,8,2,4
13238,73,674,210,89,129
13239,153,795,734,91,105
13240,1375,227,57,37,36
13241,3463,1523,921,903,709
13242,661,8,21,412,391
13243,998,1764,151,426,359
13244,308,850,262,515,367
13245,1273,2883,281,123,188
13246,230,438,132,75,121
13247,3262,1642,2804,4660,4554
13248,2662,1916,2351,3124,2965
13249,3116,8123,7540,7155,6717
13250,639,1688,1239,2283,2380
13251,650,1850,2469,4346,4340
13252,1570,440,1427,1241,1280
13253,16,187,4,1,4
13254,2362,1050,808,912,967
13255,9,121,4,3,1
13256,2725,3381,7062,7205,7354
13257,1346,1943,4041,4507,4639
13258,5891,5831,5827,6968,6859
13259,611,1422,2227,2453,2442
13260,83,72,77,31,35
13261,140,83,52,26,25
13262,1167,310,2427,2942,2737
13263,795,392,452,568,511
13264,2564,180,157,166,149
13265,397,396,130,287,312
13266,453,723,138,182,211
13267,259,159,1129,854,759
13268,614,447,645,446,585
13269,315,966,1344,702,815
13270,526,1121,651,415,584
13271,1769,5830,2631,5133,5110
13272,554,4293,3950,5065,5233
13273,355,3773,3771,4124,4048
13274,289,446,241,330,284
13275,1670,1768,1560,1526,1360
13276,298,411,397,579,521
13277,265,70,1576,1106,1085
13278,96,49,569,304,320
13279,4143,3224,1992,2228,2124
13280,3602,2296,770,487,357
13281,4606,4220,772,528,428
13282,3068,5290,4247,5822,5602
13283,383,523,324,287,439
13284,308,969,1324,1544,1769
13285,4553,3443,486,1497,1652
13286,1855,230,2706,1956,2013
13287,917,202,1524,768,736
13288,1535,2415,2465,2446,2064
13289,239,660,343,239,123
13290,944,769,156,205,127
13291,550,222,389,139,186
13292,168,151,113,41,40
13293,199,164,125,51,46
13294,775,605,134,80,166
13295,1387,1615,966,1747,1989
13296,374,547,1245,1118,953
13297,208,429,1030,901,758
13298,2179,4205,1331,1169,1089
13299,399,2751,3056,2286,1878
13300,99,112,13,52,57
13301,240,511,500,167,209
13302,191,1165,2017,1804,1974
13303,670,246,223,119,123
13304,1628,1824,1889,2368,2656
13305,478,380,427,342,311
13306,425,394,312,253,208
13307,1451,969,357,194,168
13308,28,130,945,583,585
13309,6,56,104,69,52
13310,3791,3118,1390,1254,1520
13311,84,215,1321,1714,1314
13312,141,115,1306,1646,1463
13313,729,2668,3214,2982,3407
13314,2696,5787,5015,5369,5562
13315,3702,3384,5915,5812,6369
13316,54,366,167,302,342
13317,64,330,90,188,224
13318,479,1222,1813,2789,2773
13319,102,93,91,218,150
13320,204,551,707,1563,938
13321,261,810,1384,1270,1745
13322,1393,2280,647,632,707
13323,1267,531,1308,2195,2109
13324,1940,364,805,597,653
13325,3428,2332,121,236,253
13326,54,62,185,478,487
13327,44,62,122,246,232
13328,1254,996,344,416,358
13329,260,1072,1617,1042,781
13330,494,496,1543,1246,1109
13331,267,237,951,408,381
13332,932,149,508,129,213
13333,700,549,407,58,92
13334,10,2,0,1,0
13335,227,1494,562,616,713
13336,93,0,1,2,2
13337,909,4582,4910,3814,3609
13338,28,20,4,4,4
13339,11,28,3,2,1
13340,16,35,9,5,7
13341,9,27,10,12,8
13342,6253,5901,7809,6921,6733
13343,398,97,205,113,107
13344,361,360,211,127,108
13345,576,496,294,467,406
13346,1164,1471,653,498,328
13347,1727,1308,941,416,418
13348,1780,1599,440,332,217
13349,266,2005,2847,1924,1863
13350,218,1023,774,551,578
13351,322,654,270,257,273
13352,1229,4108,88,115,143
13353,1591,1360,320,268,257
13354,1950,2313,739,344,393
13355,1338,2556,2281,3100,2951
13356,408,2108,121,43,33
13357,271,1108,154,48,47
13358,237,17,52,19,23
13359,26,117,240,459,498
13360,11,84,150,209,199
13361,2069,2738,2621,3763,3599
13362,47,11,60,102,115
13363,165,79,347,489,576
13364,82,500,240,426,444
13365,960,1146,698,837,730
13366,58,303,316,496,505
13367,56,310,159,252,242
13368,1403,32,69,14,26
13369,1069,1228,229,303,288
13370,671,764,654,510,687
13371,235,427,930,705,643
13372,129,440,1284,1394,1265
13373,608,197,790,802,871
13374,779,525,1205,819,902
13375,880,834,523,406,505
13376,258,42,776,2765,2630
13377,1705,1895,2220,1912,1633
13378,150,149,589,2549,2677
13379,164,2314,1138,465,351
13380,367,627,789,481,529
13381,131,148,186,115,93
13382,386,268,8,11,16
13383,464,52,946,692,695
13384,318,22,24,81,89
13385,41,56,144,1,2
13386,23,45,114,7,6
13387,253,564,393,860,902
13388,889,496,180,311,321
13389,338,928,580,309,262
13390,553,784,248,255,228
13391,739,3441,4242,3098,3075
13392,1168,1293,2494,2232,2176
13393,1649,1516,3438,2853,3251
13394,2391,2498,1939,1556,1460
13395,330,465,307,272,295
13396,355,139,151,167,203
13397,454,1384,53,29,42
13398,637,244,15,16,17
13399,540,773,800,843,823
13400,883,1785,275,283,273
13401,1871,3976,5315,4346,4606
13402,1622,2105,225,322,307
13403,190,29,628,1220,1128
13404,33,27,104,79,79
13405,93,34,475,211,277
13406,2992,2609,1350,945,1698
13407,1455,2838,903,782,1098
13408,6619,8292,2382,2478,2366
13409,278,711,1931,1771,1386
13410,152,899,162,375,382
13411,126,122,50,140,118
13412,1393,856,251,434,537
13413,857,1492,1416,1554,1258
13414,2184,1486,742,1001,1176
13415,173,459,113,73,80
13416,95,864,201,126,135
13417,1201,333,2163,2507,2261
13418,1195,2435,3609,2963,3154
13419,6933,5066,3309,5555,5399
13420,2546,4859,4636,4725,5418
13421,278,114,208,179,205
13422,2076,2440,3263,2797,2810
13423,186,151,122,595,609
13424,1028,120,17,11,7
13425,98,274,124,117,155
13426,595,186,80,69,52
13427,2174,1321,487,670,556
13428,490,489,417,518,400
13429,1825,1509,3559,3492,4145
13430,1135,2398,1070,830,828
13431,1313,4738,1649,1093,1114
13432,4012,2845,1548,1853,1937
13433,3960,1078,100,56,60
13434,2665,1328,2053,1226,690
13435,3855,3116,2617,3412,3269
13436,1825,1569,1134,773,639
13437,696,286,230,207,171
13438,6865,6167,6594,5726,5633
13439,188,750,106,62,73
13440,167,452,106,105,116
13441,1090,1146,241,181,247
13442,66,416,38,45,35
13443,48,263,54,66,47
13444,6225,484,1119,930,652
13445,3799,1295,283,416,184
13446,1497,1250,1092,1326,1280
13447,1919,2162,248,1123,784
13448,39,245,68,6,7
13449,587,224,113,49,34
13450,54,70,151,334,281
13451,118,360,455,244,207
13452,444,935,856,729,579
13453,349,353,367,236,236
13454,18,180,442,897,1051
13455,1731,1430,424,614,588
13456,467,396,699,612,597
13457,2722,519,589,328,251
13458,2173,421,888,549,478
13459,1535,77,1221,997,780
13460,4639,2095,736,199,158
13461,857,1455,840,913,1065
13462,1,64,286,54,32
13463,88,62,84,123,173
13464,24,30,42,43,61
13465,231,278,1720,1416,1493
13466,3,5,54,139,124
13467,9,5,86,216,208
13468,1681,3440,5234,4862,5119
13469,2617,914,924,1251,1243
13470,162,303,131,173,171
13471,5798,1704,4922,4432,4248
13472,7126,7703,5026,3100,4855
13473,834,1477,1552,1194,1283
13474,1406,1615,883,759,745
13475,1318,488,817,527,465
13476,347,2775,1292,1044,1103
13477,151,481,451,442,409
13478,2270,1173,839,618,597
13479,163,58,299,195,200
13480,318,69,206,108,106
13481,140,525,1811,2659,2940
13482,167,400,1870,1217,1512
13483,792,384,1342,979,1016
13484,3703,6867,6160,6081,6291
13485,2365,6802,6546,6730,6708
13486,3265,5920,6320,5877,6168
13487,2118,866,285,1135,1452
13488,2284,7086,5917,5645,5695
13489,1752,1221,542,1332,1717
13490,44,280,290,725,725
13491,27,384,175,466,471
13492,85,532,1125,1078,1164
13493,3266,244,2747,2496,1981
13494,746,1402,128,89,147
13495,971,313,290,242,343
13496,421,234,27,9,10
13497,136,124,492,553,518
13498,498,196,52,19,14
13499,0,67,8,97,107
13500,6,159,26,193,197
13501,3046,128,154,239,278
13502,398,728,299,157,119
13503,484,596,906,1381,1258
13504,137,8,26,21,18
13505,90,133,34,55,46
13506,234,322,23,72,62
13507,38,359,115,155,150
13508,223,78,151,110,100
13509,592,187,237,156,152
13510,817,2138,719,2267,2160
13511,49,40,301,292,305
13512,884,899,522,593,646
13513,283,32,140,355,288
13514,200,565,747,560,542
13515,116,509,598,467,428
13516,749,644,631,599,623
13517,106,72,1272,1917,1916
13518,119,31,1418,2304,2133
13519,404,405,796,1546,1794
13520,752,1244,273,527,714
13521,754,2416,220,270,464
13522,1702,1971,4907,5837,5882
13523,573,2480,236,223,447
13524,221,1352,549,379,673
13525,3950,5028,5612,5620,5663
13526,157,1960,710,488,413
13527,60,453,375,494,489
13528,3794,325,425,685,721
13529,566,218,729,403,495
13530,5780,344,191,176,159
13531,801,1242,353,246,238
13532,1036,672,56,20,23
13533,736,586,22,88,79
13534,1060,758,44,159,172
13535,587,3384,242,567,603
13536,1297,250,41,27,30
13537,284,348,72,58,61
13538,275,81,83,26,34
13539,7,213,147,19,23
13540,3,52,61,36,28
13541,431,6727,2530,1911,1794
13542,896,4307,2281,2081,1793
13543,4424,4906,2470,1807,1790
13544,142,598,360,430,390
13545,35,434,551,695,671
13546,471,330,962,1040,1182
13547,1054,5255,5334,4398,4235
13548,371,2106,3367,2550,2365
13549,6415,4954,4149,2924,2836
13550,1745,444,723,1081,1080
13551,1138,148,402,760,655
13552,915,303,485,735,629
13553,317,1186,272,209,150
13554,1736,753,1439,639,496
13555,224,845,1702,1769,1805
13556,4453,3573,4872,6560,6718
13557,4146,1901,3106,3607,3541
13558,1808,713,2661,4424,4466
13559,4737,5933,5968,5499,4977
13560,1567,740,1955,1220,1112
13561,529,622,1743,1391,1231
13562,661,520,78,63,57
13563,2,30,0,2,1
13564,6,49,7,5,6
13565,181,73,137,235,267
13566,1,94,134,161,169
13567,1,46,540,398,415
13568,120,369,347,219,254
13569,559,140,206,564,648
13570,562,187,372,782,794
13571,1276,754,748,118,135
13572,472,788,743,292,258
13573,4939,6405,2905,7134,7258
13574,2161,191,115,78,97
13575,18,143,44,24,14
13576,57,319,112,39,33
13577,2279,2664,2291,1726,1599
13578,5180,4919,500,345,375
13579,548,2273,931,1243,1102
13580,536,1665,1763,4326,4140
13581,6055,2387,7385,5622,5347
13582,1131,1328,195,78,56
13583,611,497,38,11,12
13584,30,212,585,51,71
13585,77,299,732,528,790
13586,17,127,19,11,13
13587,10,112,41,20,25
13588,3350,1902,1287,830,682
13589,58,20,7,32,33
13590,26,35,172,144,150
13591,729,45,205,118,252
13592,2321,142,154,397,353
13593,1215,473,421,266,267
13594,28,34,125,145,149
13595,2627,3468,790,2813,3094
13596,4593,3099,2890,1689,1938
13597,5543,4621,2009,5238,5058
13598,655,447,214,32,20
13599,611,162,91,26,22
13600,1789,1429,1946,3560,3839
13601,1603,1028,1200,972,673
13602,2664,2675,4557,5241,4944
13603,3249,1134,1403,1304,880
13604,5304,641,7731,5875,5933
13605,2050,1527,2577,3859,3927
13606,1375,1107,1779,2211,2352
13607,5065,850,665,717,578
13608,3713,1505,367,514,437
13609,3955,6363,5214,5423,5117
13610,43,131,355,96,125
13611,381,79,559,130,178
13612,0,80,222,409,445
13613,2055,3371,6613,6600,6444
13614,1374,2414,2336,1788,1987
13615,896,1649,1430,1780,1973
13616,0,247,101,77,71
13617,293,262,74,65,48
13618,0,29,87,68,66
13619,780,589,207,45,57
13620,357,589,762,398,404
13621,751,583,439,145,185
13622,1678,1828,1680,2949,2852
13623,3926,2063,2413,5670,5651
13624,326,1947,1253,1063,1081
13625,4132,7387,1154,469,368
13626,34,511,191,109,130
13627,31,1064,460,241,298
13628,798,238,815,843,937
13629,713,641,858,731,689
13630,1054,1561,617,2615,2668
13631,146,49,2,1,1
13632,676,1044,1916,1824,1910
13633,1614,2513,1990,1541,1284
13634,483,77,39,53,49
13635,2977,4228,2415,2247,1927
13636,361,110,96,123,71
13637,12,15,28,20,40
13638,178,373,41,26,57
13639,10,35,150,142,143
13640,56,343,60,36,43
13641,2840,4470,2196,2274,1809
13642,54,318,73,47,46
13643,1151,48,772,575,450
13644,807,1791,1214,957,715
13645,1093,2,954,786,708
13646,105,562,1690,2167,2103
13647,1531,676,2578,2395,1824
13648,424,615,527,707,568
13649,274,31,4,7,7
13650,60,44,49,47,47
13651,102,88,92,70,67
13652,3859,641,1699,3044,2892
13653,2713,347,465,1661,1678
13654,1897,3130,2176,2378,2053
13655,1029,1330,632,511,524
13656,126,635,580,506,419
13657,118,979,1027,571,488
13658,1741,4086,8,51,42
13659,527,849,3,8,10
13660,538,709,622,153,196
13661,735,1618,230,321,288
13662,5222,1483,1089,1944,1520
13663,479,808,91,183,198
13664,22,2,29,63,69
13665,43,518,198,173,205
13666,851,873,344,325,321
13667,2073,722,2356,4306,4587
13668,257,164,110,126,152
13669,214,316,79,131,134
13670,4335,4934,3744,3081,2841
13671,7160,8026,6791,5458,5640
13672,22,199,2618,2153,1725
13673,166,1402,238,131,130
13674,2965,1855,519,170,182
13675,271,1888,514,345,345
13676,105,29,831,3707,3663
13677,147,34,1291,4056,4034
13678,2453,1748,4469,3864,4128
13679,1880,200,2397,2019,1612
13680,224,154,804,471,425
13681,509,146,1700,1615,1491
13682,1319,81,142,58,78
13683,25,56,581,428,393
13684,27,35,353,202,185
13685,748,2101,1790,1694,1781
13686,22,161,429,364,470
13687,57,313,921,756,878
13688,190,106,185,103,129
13689,155,41,387,218,251
13690,325,87,376,205,223
13691,799,1148,702,352,418
13692,765,642,832,747,788
13693,2827,2887,638,593,640
13694,53,341,1505,1194,1060
13695,60,58,321,450,357
13696,43,97,806,1020,852
13697,181,480,562,156,166
13698,7607,4641,6630,7807,7784
13699,208,364,358,156,185
13700,2984,864,2081,1673,1886
13701,2357,1981,3507,2579,2863
13702,3758,3483,4253,3877,3733
13703,67,15,97,208,192
13704,64,34,87,99,60
13705,1063,1063,52,85,46
13706,1557,122,135,182,127
13707,3066,2272,2206,1203,1197
13708,25,50,1508,914,765
13709,1575,1653,2888,3033,3485
13710,690,2322,2122,1997,1940
13711,270,1530,2783,3154,3375
13712,5407,5711,5726,5700,6017
13713,4517,219,1722,813,791
13714,665,681,1024,731,609
13715,483,743,1091,1151,1078
13716,70,753,236,517,455
13717,28,38,110,142,131
13718,88,283,240,206,243
13719,52,257,237,198,223
13720,282,222,883,663,794
13721,11,279,1235,1485,1300
13722,5,163,0,2,2
13723,75,46,7,6,5
13724,27,1107,705,1020,1004
13725,16,972,2257,1394,1519
13726,1952,348,735,396,533
13727,287,3440,1537,1071,937
13728,866,3323,3528,2459,2410
13729,340,1483,1025,814,722
13730,995,222,157,381,348
13731,386,1035,81,30,31
13732,292,574,62,20,16
13733,77,748,735,319,349
13734,226,1234,547,233,295
13735,2571,2983,2769,2520,2444
13736,378,268,242,185,158
13737,961,1039,403,423,309
13738,329,757,318,909,574
13739,188,1379,185,262,210
13740,165,1904,347,355,275
13741,107,558,2460,892,991
13742,121,569,378,285,225
13743,171,1158,579,478,472
13744,297,2439,726,529,547
13745,172,207,288,223,189
13746,93,102,136,138,121
13747,47,254,152,178,143
13748,88,114,314,318,314
13749,66,188,332,413,378
13750,564,465,377,353,345
13751,184,22,24,55,50
13752,1119,4977,2832,2134,3003
13753,85,37,16,30,24
13754,11,212,126,121,159
13755,332,856,1465,2813,3094
13756,332,130,103,149,259
13757,2612,956,133,2380,2333
13758,199,387,119,735,725
13759,3485,1036,1486,802,722
13760,1542,3505,498,548,601
13761,3776,1117,986,1136,1400
13762,1659,950,363,676,735
13763,765,371,302,518,503
13764,56,25,466,520,501
13765,49,3,799,1048,919
13766,355,3583,4666,4912,4867
13767,343,959,3600,2483,2563
13768,863,1300,5102,3752,3855
13769,24,8,383,481,383
13770,29,13,447,1102,1112
13771,97,317,436,557,419
13772,9,107,143,202,132
13773,13,76,332,90,71
13774,182,45,98,47,39
13775,1983,1490,1508,1320,1421
13776,670,1473,2295,2708,2634
13777,175,938,906,1030,939
13778,875,1168,3804,2207,2644
13779,162,66,3874,2346,2241
13780,285,114,2871,2155,1725
13781,3330,4593,3125,2628,2664
13782,1172,598,2902,1889,1898
13783,1134,1077,2504,1703,1638
13784,345,81,230,253,256
13785,231,2535,912,353,276
13786,523,4176,3045,1796,1581
13787,53,10,54,79,82
13788,1444,2850,2984,2476,2458
13789,56,44,49,107,125
13790,84,18,993,583,535
13791,123,34,23,51,48
13792,676,194,15,44,37
13793,1496,230,714,975,872
13794,1581,80,215,356,347
13795,1125,403,739,928,811
13796,628,623,1043,1340,1400
13797,531,255,452,386,390
13798,2106,1300,1027,1081,1033
13799,150,13,166,80,108
13800,12,0,68,41,51
13801,44,2,58,60,71
13802,9,179,10,53,49
13803,30,533,136,300,312
13804,946,271,561,233,218
13805,91,422,691,864,732
13806,117,336,789,752,578
13807,4246,5,114,94,78
13808,393,537,19,2,1
13809,109,522,141,47,68
13810,108,314,13,5,1
13811,53,477,7,2,2
13812,15,160,621,479,496
13813,233,802,4007,3968,4045
13814,3,32,101,221,193
13815,10,23,25,55,51
13816,740,462,58,105,91
13817,963,1880,1394,1642,1717
13818,1249,1991,1619,1623,1673
13819,3042,2979,3997,4293,4719
13820,1518,1281,1271,2414,2267
13821,717,648,466,862,756
13822,1325,455,1694,1626,1571
13823,1634,2300,3041,2271,2246
13824,1404,2553,1376,2918,2796
13825,1535,2654,841,3199,3232
13826,507,1573,225,307,384
13827,2646,347,1535,630,725
13828,449,740,367,389,454
13829,3906,2472,669,705,581
13830,739,106,283,655,546
13831,630,51,106,273,258
13832,114,0,6,7,9
13833,7161,7620,6813,7076,6991
13834,114,40,5,17,24
13835,118,272,180,181,204
13836,1999,348,82,690,696
13837,5086,3285,5640,6369,6382
13838,317,848,371,612,573
13839,3083,3218,2485,1820,2271
13840,178,898,279,507,443
13841,151,9,125,166,128
13842,290,1920,109,27,11
13843,525,135,112,26,16
13844,712,940,926,1017,1196
13845,400,307,696,902,1098
13846,7331,5211,4952,2722,3540
13847,245,113,1,1,1
13848,8404,5984,2700,2170,2288
13849,486,245,4,4,6
13850,230,14,875,553,535
13851,3445,1501,4281,2246,2013
13852,2635,1657,1609,1828,2028
13853,1165,355,2531,2789,2510
13854,1462,903,1132,1233,1336
13855,900,3216,1596,908,973
13856,854,391,280,396,286
13857,1416,1446,1685,1771,1414
13858,1890,1880,2483,2672,2696
13859,496,104,245,99,75
13860,5095,3773,1572,2077,2017
13861,1268,198,246,105,74
13862,30,879,129,83,106
13863,306,241,112,97,118
13864,25,88,277,133,128
13865,136,4,11,38,45
13866,298,42,386,246,235
13867,219,12,89,164,190
13868,309,784,2679,3939,4245
13869,3382,4024,4802,5519,5563
13870,665,1054,2354,4079,4330
13871,1149,1979,159,94,120
13872,85,1592,839,1022,1190
13873,318,81,2648,1511,1328
13874,2721,1968,1995,2207,2142
13875,1930,1627,1153,1130,1280
13876,1535,728,1238,1186,1214
13877,207,50,5,1,0
13878,313,59,2,1,0
13879,433,491,278,130,106
13880,249,350,531,285,309
13881,298,95,230,203,234
13882,383,392,588,427,407
13883,24,1249,376,538,605
13884,37,19,44,55,38
13885,54,69,60,83,64
13886,159,93,306,309,330
13887,4528,1864,3709,3232,3240
13888,90,785,1507,3014,3310
13889,900,2166,3183,2859,2913
13890,415,1795,3350,3133,3252
13891,1363,1748,2178,1877,1834
13892,81,124,61,27,53
13893,20,38,23,9,13
13894,793,233,652,697,586
13895,97,144,22,15,9
13896,138,43,24,15,5
13897,198,35,29,31,32
13898,28,235,30,10,10
13899,39,53,17,10,3
13900,58,299,64,107,85
13901,268,80,323,42,38
13902,149,30,210,61,65
13903,491,18,73,1915,2095
13904,540,2196,3065,2251,2228
13905,1152,1793,2866,3259,3187
13906,691,1644,3117,2934,2932
13907,137,74,17,5,5
13908,138,6,5,44,38
13909,82,1,4,16,16
13910,3324,1743,3372,3620,4409
13911,29,432,10,1,1
13912,2664,1546,1745,2758,2923
13913,830,493,2,536,719
13914,47,46,971,500,635
13915,27,38,2,113,153
13916,955,73,727,1050,606
13917,504,37,4,0,3
13918,2178,2170,272,364,448
13919,1246,1978,487,193,215
13920,907,518,1166,857,742
13921,1043,1952,252,181,266
13922,185,76,10,32,27
13923,4,146,113,32,33
13924,4,923,790,824,525
13925,2260,371,529,213,220
13926,1914,463,860,534,437
13927,5185,5892,4719,3880,3221
13928,1537,1660,1371,1364,1403
13929,21,30,2,8,5
13930,36,6,1,1,3
13931,1937,70,906,706,757
13932,3887,2933,470,1121,959
13933,2973,1435,122,293,241
13934,1124,549,597,790,663
13935,69,90,40,30,30
13936,30,0,0,0,0
13937,837,529,190,178,182
13938,830,1627,154,255,246
13939,840,503,953,1077,977
13940,4891,3263,450,1549,1484
13941,8,132,127,553,708
13942,2,240,162,369,431
13943,2770,865,1890,2004,1745
13944,2767,1363,490,746,748
13945,1312,6021,1753,1948,1817
13946,1915,159,559,167,193
13947,1618,3421,3030,4162,4056
13948,907,37,1055,362,378
13949,767,582,2982,5497,5746
13950,4886,430,2787,1428,1378
13951,1226,4035,2228,1253,1266
13952,56,1,154,71,66
13953,140,25,101,413,471
13954,39,3,105,79,65
13955,207,1982,2914,1881,1728
13956,855,2165,1376,607,415
13957,2207,1800,3247,4906,5224
13958,315,78,0,0,1
13959,233,270,18,1,2
13960,239,565,31,32,31
13961,762,805,1104,509,514
13962,1648,75,171,163,165
13963,714,396,238,1108,1055
13964,263,2045,104,12,34
13965,8857,9089,9121,9066,9135
13966,379,1474,113,17,40
13967,111,403,177,87,65
13968,163,48,29,127,115
13969,148,12,13,64,59
13970,974,5062,3812,6388,5551
13971,1983,2686,3858,5284,4865
13972,1237,5413,4551,4755,4391
13973,2341,7277,3904,6724,5948
13974,2073,1325,45,119,104
13975,673,2303,786,654,654
13976,728,1219,1328,1072,1017
13977,499,774,710,727,707
13978,345,1097,1172,1210,1042
13979,4495,5305,7546,7230,7331
13980,6085,3123,4354,5004,4624
13981,4847,5653,6618,6103,6308
13982,3327,2800,1125,2078,2866
13983,2792,2573,825,3762,5020
13984,3504,1307,1097,1832,2493
13985,131,90,276,88,77
13986,247,130,324,85,72
13987,959,588,1658,1810,1888
13988,672,615,196,83,61
13989,488,957,855,980,951
13990,2356,3629,3113,2784,3438
13991,391,393,47,48,57
13992,751,524,65,67,92
13993,513,786,1183,1089,1226
13994,1735,1815,821,584,559
13995,1805,139,1069,760,598
13996,1390,196,880,599,471
13997,1797,4100,3356,1521,2365
13998,6607,4811,2553,489,997
13999,1161,2731,1554,2858,2967
14000,2988,5293,3363,2519,2486
14001,1969,568,77,163,123
14002,6027,1309,91,196,132
14003,2883,226,3,2,2
14004,125,80,20,13,12
14005,50,87,6,3,6
14006,1299,1916,1807,1048,1086
14007,1481,2502,2099,1509,1597
14008,1717,3107,5569,5350,5065
14009,116,375,1731,1932,2733
14010,275,90,601,1469,1869
14011,707,205,1070,3414,3632
14012,1,13,23,7,8
14013,2826,3096,280,761,533
14014,1,17,3,3,5
14015,1365,622,1039,702,788
14016,5235,255,355,579,721
14017,1795,707,1000,1094,1268
14018,3453,1452,1209,1065,972
14019,358,602,316,370,341
14020,1342,929,1070,640,418
14021,1360,902,1283,758,742
14022,1221,1571,539,192,217
14023,996,252,222,1404,1366
14024,133,1432,112,206,283
14025,607,1117,83,70,57
14026,1265,1002,269,174,144
14027,143,256,92,44,58
14028,436,399,315,184,222
14029,1716,212,147,71,75
14030,1202,1021,523,306,283
14031,1596,1142,683,213,167
14032,5061,2750,2577,2585,2248
14033,801,5,288,198,235
14034,560,5018,3866,1881,2526
14035,1221,13,243,74,72
14036,246,1172,1066,1200,1215
14037,295,938,2083,1944,1976
14038,2495,2682,1960,3003,2915
14039,381,471,1529,2354,1936
14040,230,1375,919,1104,883
14041,418,2797,1355,1117,957
14042,78,204,995,1333,1155
14043,54,216,538,895,726
14044,6709,7433,7591,8017,8019
14045,380,669,521,1165,1117
14046,388,366,276,195,174
14047,675,275,524,179,181
14048,3343,4975,3421,4845,4371
14049,2723,1359,2313,1404,1334
14050,780,496,1080,624,609
14051,16,2,8,12,27
14052,29,1,12,10,47
14053,1996,1011,5226,2651,3317
14054,1738,145,38,6,5
14055,5932,6620,5128,2696,2310
14056,3481,1709,3646,5900,5840
14057,772,151,225,326,399
14058,822,134,1158,1999,2024
14059,2576,313,407,542,632
14060,816,1906,1203,1892,1992
14061,309,720,233,200,155
14062,754,928,245,242,272
14063,969,1095,453,389,381
14064,52,4,59,299,305
14065,106,1,13,542,675
14066,2546,886,740,599,560
14067,2836,691,1733,1235,1292
14068,5277,1822,4310,4827,4983
14069,539,380,98,315,434
14070,626,403,164,332,501
14071,4569,4147,4314,4084,4203
14072,7,47,243,191,164
14073,16,60,140,45,68
14074,62,68,106,164,121
14075,2567,412,342,430,481
14076,51,1693,315,184,164
14077,59,358,62,54,47
14078,288,134,301,314,277
14079,126,96,179,211,175
14080,135,440,213,85,98
14081,536,393,272,275,205
14082,306,384,215,280,218
14083,1289,3427,3179,3362,2167
14084,888,727,196,1017,1175
14085,471,29,215,724,927
14086,524,27,112,1225,1108
14087,2430,1441,3072,4849,4994
14088,2052,2220,4489,4786,4910
14089,1464,2445,2655,2799,2812
14090,1,0,0,1,0
14091,0,0,1,1,0
14092,0,0,2,3,10
14093,28,394,323,1511,2060
14094,3115,2358,6229,5948,6184
14095,30,859,246,874,1060
14096,3,11,13,14,15
14097,5926,8434,5856,3223,2651
14098,308,205,37,27,38
14099,3982,1860,1227,922,900
14100,100,199,89,149,150
14101,261,185,132,382,321
14102,383,536,622,482,491
14103,1496,1357,285,252,323
14104,1182,1333,303,194,327
14105,834,364,553,267,192
14106,298,523,133,111,117
14107,1316,1897,4312,2453,2284
14108,2070,1533,2245,2890,3006
14109,38,245,1166,1233,1453
14110,823,592,789,1914,1869
14111,3028,3269,3588,4238,4476
14112,1562,943,761,1551,1362
14113,1634,1173,1329,1665,1615
14114,248,168,43,41,69
14115,168,67,32,36,62
14116,270,1470,2509,2665,2179
14117,598,867,538,1398,1608
14118,257,560,1117,910,979
14119,503,1059,1137,1116,885
14120,41,188,621,684,859
14121,34,347,297,378,446
14122,629,310,267,332,376
14123,469,100,275,597,795
14124,908,2833,4175,3944,3881
14125,5377,104,304,335,403
14126,456,881,581,591,606
14127,599,1448,717,462,466
14128,407,917,782,858,841
14129,4572,3892,4568,2898,3443
14130,1221,659,2076,1968,1759
14131,2147,1273,3355,2308,2559
14132,33,260,288,163,155
14133,1565,2174,990,398,774
14134,42,249,111,72,73
14135,607,256,1110,435,431
14136,52,228,5,60,75
14137,22,159,4,22,24
14138,618,279,216,963,1002
14139,8,4,1,11,11
14140,4,6,1,21,26
14141,872,248,129,398,390
14142,479,101,59,410,372
14143,694,450,426,737,674
14144,1144,742,1058,544,516
14145,121,246,153,132,80
14146,35,40,49,62,41
14147,1151,353,1,0,0
14148,3,39,0,2,0
14149,1,32,0,0,0
14150,184,777,572,206,266
14151,183,410,172,98,134
14152,589,621,1293,1406,1450
14153,967,1017,1926,2209,2175
14154,1373,622,1116,1347,1284
14155,897,1144,1562,2908,2936
14156,1064,1252,2049,2459,2372
14157,847,790,1798,1233,1076
14158,321,927,1566,955,818
14159,535,141,561,364,341
14160,759,167,477,302,274
14161,6291,5020,6284,5488,5463
14162,617,174,120,30,27
14163,2033,915,170,39,28
14164,1122,93,126,76,53
14165,1042,42,50,19,13
14166,580,24,291,153,80
14167,483,713,376,301,317
14168,724,1104,409,264,191
14169,526,197,206,138,147
14170,957,265,673,470,522
14171,1790,3019,1532,3325,3240
14172,190,178,179,259,184
14173,147,145,162,1432,1135
14174,5998,6834,7110,7397,7486
14175,6444,8108,6301,5790,5479
14176,5455,7182,4023,4641,4230
14177,998,153,437,153,163
14178,1697,630,3647,4519,4913
14179,909,219,357,111,127
14180,492,335,133,55,51
14181,584,510,171,73,68
14182,1155,2808,1623,1400,1098
14183,900,77,64,64,66
14184,601,118,225,100,72
14185,1156,385,1529,527,357
14186,190,16,61,42,44
14187,32,9,7,1,3
14188,32,30,4,6,5
14189,470,1078,2658,4200,4057
14190,153,250,706,1098,1114
14191,340,555,1599,1437,1530
14192,1337,1857,680,1633,1685
14193,302,284,438,1488,1312
14194,236,231,821,751,709
14195,9,161,29,30,30
14196,5,99,152,228,246
14197,861,779,188,506,507
14198,25,28,4,117,350
14199,62,46,20,697,1321
14200,4816,5638,7221,7320,6709
14201,413,1601,254,1043,1243
14202,437,2490,722,592,494
14203,803,5248,818,2320,2483
14204,6112,1377,3858,3726,4279
14205,1051,432,931,768,810
14206,1463,688,1355,782,819
14207,50,124,81,13,26
14208,25,176,102,15,25
14209,528,354,1018,1042,906
14210,4699,2592,4029,1918,3417
14211,305,1108,1267,701,659
14212,439,414,1572,921,1449
14213,1001,87,83,51,19
14214,731,145,113,55,28
14215,1588,1279,2640,1423,1425
14216,2872,666,2650,1320,1150
14217,1136,654,1806,2091,1818
14218,411,790,264,311,247
14219,4002,8221,2301,2286,1820
14220,4721,3910,4970,6145,6148
14221,6077,5747,5586,4700,4433
14222,1348,1401,2180,784,811
14223,2625,2091,3142,1175,1156
14224,3104,5480,4515,4372,4102
14225,107,249,80,195,185
14226,573,1666,19,122,105
14227,31,107,371,75,78
14228,202,654,96,41,64
14229,40,350,142,93,80
14230,434,640,115,108,145
14231,323,894,1556,852,776
14232,214,711,3231,2962,2973
14233,63,1465,1316,1877,2164
14234,1126,1238,927,898,788
14235,1,11,61,18,19
14236,7,0,10,2,4
14237,62,325,76,115,109
14238,79,38,97,128,143
14239,630,906,1088,2045,1998
14240,5842,1310,4333,6737,6671
14241,2283,2011,608,938,1244
14242,2485,2943,340,556,820
14243,94,61,6,4,6
14244,114,28,22,42,55
14245,83,24,43,77,68
14246,633,335,433,375,381
14247,412,358,227,176,92
14248,785,790,479,564,381
14249,4,9,2,9,19
14250,14,3,2,4,7
14251,54,176,413,236,210
14252,48,341,37,17,19
14253,0,0,0,0,0
14254,55,620,373,407,359
14255,3081,1415,2557,1664,1782
14256,730,1670,2044,1304,1568
14257,450,1617,3637,2533,2837
14258,166,172,53,43,36
14259,13,105,233,143,207
14260,51,97,260,181,326
14261,1357,197,8,3,3
14262,4859,5093,4472,3656,3191
14263,787,396,18,12,12
14264,7,9,109,89,64
14265,727,1114,251,95,107
14266,8,5,14,30,23
14267,19,502,337,377,325
14268,44,646,805,696,620
14269,5940,2129,4488,5270,5352
14270,2476,1626,1396,1998,2281
14271,6482,7778,8437,7680,7945
14272,1133,3885,4297,5370,4200
14273,216,518,131,43,46
14274,174,35,6,5,5
14275,178,24,8,5,6
14276,4907,2766,4510,4386,4339
14277,655,657,1333,2136,2027
14278,623,1484,2471,3453,3193
14279,8715,1672,642,471,911
14280,1018,1078,702,1277,1448
14281,1101,1161,773,536,1087
14282,3,0,1,1,1
14283,1115,248,10,5,7
14284,3,0,0,0,0
14285,158,1497,940,980,953
14286,5107,1364,2543,2174,1755
14287,3711,1024,1216,4117,4288
14288,605,2639,1761,1348,1346
14289,7197,7853,6314,7816,7941
14290,587,975,1299,1095,1192
14291,621,323,354,317,412
14292,2670,596,2518,2793,3098
14293,472,317,169,160,206
14294,756,2592,2785,1597,1447
14295,898,650,1053,1065,1001
14296,3056,460,2295,2045,1813
14297,1375,106,56,28,22
14298,2098,5196,2272,1504,1615
14299,1497,211,86,86,67
14300,396,1116,267,225,140
14301,186,704,259,106,93
14302,268,833,136,54,41
14303,37,595,1185,854,816
14304,27,263,1382,1335,1108
14305,7547,2058,1203,1274,1119
14306,525,1055,1272,825,1071
14307,96,79,412,345,248
14308,134,221,688,623,438
14309,285,156,208,188,201
14310,1223,1269,490,3127,3388
14311,152,209,362,299,313
14312,1674,336,1251,2835,2609
14313,318,168,683,1370,1181
14314,2408,455,1215,976,855
14315,769,467,314,158,162
14316,315,681,495,298,314
14317,1023,542,240,63,102
14318,780,33,81,16,17
14319,408,41,1154,1658,1695
14320,561,1078,3601,1333,1482
14321,455,450,230,124,103
14322,375,489,442,797,774
14323,520,1315,278,145,131
14324,2075,117,485,100,103
14325,2069,1416,1214,273,291
14326,0,42,182,118,118
14327,23,515,1111,330,257
14328,732,23,33,44,22
14329,44,25,2,1,0
14330,932,1118,487,157,141
14331,53,132,312,134,129
14332,107,259,722,600,656
14333,88,4,4,8,5
14334,61,16,7,16,8
14335,314,293,125,166,164
14336,3243,5729,6068,5160,5244
14337,991,274,150,547,543
14338,677,251,50,130,149
14339,812,258,2368,1469,1208
14340,2226,263,2369,1574,1217
14341,1152,534,4385,3173,2624
14342,261,1498,1572,1380,1557
14343,788,501,1240,1264,1172
14344,354,497,3050,2222,2267
14345,129,125,244,187,186
14346,68,42,4,1,1
14347,64,109,1,2,1
14348,4,437,108,48,43
14349,6,983,98,74,66
14350,2298,814,1289,1158,1052
14351,2012,1401,640,2516,2572
14352,1496,4269,4758,5902,5575
14353,1130,1562,966,2327,2315
14354,613,540,597,524,533
14355,454,500,51,146,221
14356,360,190,20,89,128
14357,713,879,3606,1733,1617
14358,30,124,118,130,103
14359,40,87,0,5,9
14360,184,1017,490,403,451
14361,157,235,503,600,706
14362,391,904,1689,1930,1726
14363,1,8,113,85,89
14364,6688,7100,8487,8611,8789
14365,0,0,46,43,48
14366,635,360,498,989,874
14367,410,766,213,356,277
14368,532,197,36,86,69
14369,1417,3,797,1849,1917
14370,106,3,443,1167,1201
14371,184,4356,2003,1181,1529
14372,485,640,79,10,15
14373,539,557,804,799,755
14374,1004,876,149,40,54
14375,1004,173,394,375,392
14376,2199,2653,3316,2513,2391
14377,1779,281,975,723,697
14378,9,156,285,136,172
14379,1326,731,665,1018,1110
14380,10,132,164,89,122
14381,466,563,63,61,45
14382,53,138,14,8,5
14383,37,908,655,478,295
14384,1,438,795,2015,1818
14385,815,1416,763,1011,959
14386,667,460,455,880,828
14387,79,221,798,602,628
14388,1158,193,999,897,926
14389,2693,1631,1587,1314,1280
14390,156,168,19,8,10
14391,190,70,34,521,519
14392,270,173,128,81,93
14393,98,27,60,90,78
14394,175,22,100,107,85
14395,1774,2246,882,2000,1747
14396,112,136,98,130,122
14397,438,51,88,97,99
14398,210,1014,359,992,732
14399,24,1017,915,427,432
14400,45,671,710,384,372
14401,3013,2877,1948,2111,1542
14402,168,13,525,466,470
14403,205,3,726,265,318
14404,82,242,401,2023,2253
14405,290,2634,191,1804,1538
14406,4460,2109,1495,3179,3373
14407,1273,2072,382,2325,2405
14408,612,513,1443,2557,2365
14409,273,243,714,1874,1644
14410,286,373,1864,1585,1727
14411,728,201,34,22,12
14412,841,227,286,117,136
14413,2658,466,527,636,712
14414,158,729,52,35,62
14415,27,7,29,34,52
14416,77,163,929,1044,1139
14417,5037,6621,5601,7735,7842
14418,2183,3464,3282,3420,3530
14419,5761,8748,8561,8482,8524
14420,1778,1666,1341,702,547
14421,1356,213,834,673,907
14422,1163,285,691,668,651
14423,8694,5342,4682,6029,6181
14424,802,1143,1004,644,732
14425,743,1289,472,272,331
14426,865,340,1617,1361,1454
14427,1779,2782,1832,1950,1960
14428,1516,426,1391,1304,1278
14429,1589,1290,653,1310,1297
14430,4170,682,1414,2749,2804
14431,1472,5952,6647,6071,5615
14432,67,1275,389,306,262
14433,85,24,32,57,83
14434,183,221,12,38,49
14435,23,0,15,79,61
14436,8,0,95,74,68
14437,48,364,203,63,49
14438,862,1148,1644,2259,2282
14439,1108,219,704,692,1019
14440,654,161,655,711,900
14441,1603,328,3,763,752
14442,356,1208,563,221,266
14443,395,330,2,266,313
14444,437,12,223,414,286
14445,584,24,112,166,125
14446,7210,301,513,426,343
14447,96,1592,1055,876,892
14448,58,455,618,442,412
14449,884,576,1167,951,828
14450,65,1180,380,393,417
14451,4542,4025,1322,545,692
14452,784,1477,1290,1195,1176
14453,258,5,8,43,28
14454,148,253,7,3,23
14455,170,9,7,61,30
14456,164,715,33,30,14
14457,638,518,767,486,559
14458,1182,1717,2147,1847,1831
14459,268,46,98,37,30
14460,14,41,5,25,27
14461,206,492,592,1002,1037
14462,853,612,314,633,604
14463,3866,5253,1985,2942,4129
14464,776,1104,287,260,317
14465,613,851,440,1650,1775
14466,1733,2753,2143,1402,1325
14467,1183,2882,1349,1141,1065
14468,1106,1817,998,879,905
14469,1309,334,340,541,559
14470,562,483,1044,999,1080
14471,3276,1977,186,4159,4186
14472,1842,908,207,997,1118
14473,376,106,531,266,200
14474,126,422,341,258,347
14475,3897,6,40,669,503
14476,249,1419,713,512,415
14477,66,26,59,60,65
14478,1496,1822,977,936,769
14479,123,157,369,316,355
14480,3623,7525,5749,4708,4680
14481,3061,2804,3566,4152,3862
14482,3096,3688,2778,2668,2696
14483,4550,6550,3529,3168,3019
14484,1232,1378,31,22,35
14485,3726,1200,2431,2029,1485
14486,946,1434,4909,2169,1715
14487,5033,4662,6427,7313,6965
14488,2371,2640,6756,4558,4119
14489,87,163,0,1,0
14490,24,159,1,0,0
14491,87,216,30,324,299
14492,354,658,666,749,832
14493,25,787,805,533,557
14494,13,953,2207,1186,1284
14495,7,15,178,83,76
14496,1181,14,648,932,1030
14497,22,44,188,66,63
14498,6612,3266,2360,4090,4570
14499,1380,870,1250,2186,2145
14500,527,282,726,1214,1360
14501,215,1503,2532,2219,1964
14502,106,950,1128,1395,1253
14503,408,933,1777,3541,3241
14504,5137,7318,4486,6337,5941
14505,140,575,171,129,134
14506,635,263,432,300,348
14507,13,653,473,292,283
14508,8252,6162,3933,3210,3544
14509,65,469,98,15,19
14510,95,1805,4238,2406,2594
14511,2426,1551,1566,1434,1418
14512,256,4894,2352,2249,2162
14513,1820,1411,1023,1003,1074
14514,5255,917,548,556,557
14515,1021,823,60,120,81
14516,504,0,172,80,82
14517,5891,7197,4423,3557,3212
14518,560,1,332,289,274
14519,2283,177,790,227,230
14520,166,1286,2232,571,503
14521,176,583,600,511,544
14522,1120,819,480,512,656
14523,2173,1370,1473,2163,2228
14524,2437,3500,733,764,1044
14525,2040,2352,2111,1331,1352
14526,3058,3907,2961,2578,2445
14527,2019,5247,4937,4582,4553
14528,99,11,32,12,9
14529,590,10,137,58,31
14530,134,44,645,685,545
14531,218,2184,2588,2678,2298
14532,3084,1136,1577,1245,1166
14533,310,1408,1427,1178,1236
14534,385,937,698,2549,2292
14535,541,479,317,210,256
14536,607,238,410,1077,1138
14537,800,53,1058,650,743
14538,2894,4149,3545,1611,1893
14539,1225,48,1751,808,917
14540,464,753,1859,1891,1613
14541,22,141,526,358,358
14542,79,675,869,284,328
14543,456,176,495,567,515
14544,19,274,896,1169,1175
14545,562,545,53,9,9
14546,502,601,584,520,425
14547,52,31,28,7,7
14548,270,348,131,167,195
14549,3499,724,57,41,65
14550,315,665,43,18,41
14551,1036,5557,486,264,203
14552,496,450,200,141,193
14553,82,1055,94,108,60
14554,238,18,41,42,29
14555,182,80,40,24,27
14556,142,25,10,6,5
14557,363,128,11,9,6
14558,1011,1250,3366,2632,2761
14559,2920,1888,3108,2933,2516
14560,1134,1106,1765,1824,1603
14561,117,1754,337,259,251
14562,596,2793,286,123,136
14563,720,1501,2499,2155,2462
14564,99,210,84,163,135
14565,13,128,59,81,85
14566,14,223,40,67,47
14567,1260,373,1534,2917,2525
14568,14,52,315,74,92
14569,231,38,137,70,89
14570,3733,1748,443,718,694
14571,3930,5970,1771,2114,1932
14572,4892,5013,3695,3001,3546
14573,259,1202,1759,897,545
14574,215,721,49,26,39
14575,258,516,87,35,45
14576,665,169,341,123,262
14577,18,264,107,60,93
14578,8,106,42,58,42
14579,3,18,16,41,61
14580,20,164,102,36,39
14581,0,4,11,46,79
14582,131,408,58,538,548
14583,22,0,5,57,47
14584,23,0,11,65,53
14585,46,215,388,139,134
14586,940,1195,326,426,299
14587,32,134,398,144,160
14588,538,347,363,567,586
14589,346,597,983,655,730
14590,363,724,428,475,469
14591,95,510,377,275,317
14592,0,95,162,74,63
14593,0,1149,437,456,554
14594,257,125,67,24,27
14595,164,124,809,542,533
14596,289,134,161,64,82
14597,2500,2526,885,502,561
14598,214,317,229,74,82
14599,488,250,147,68,74
14600,1561,2985,1445,908,795
14601,4,677,247,578,572
14602,3324,891,468,333,385
14603,278,601,94,530,600
14604,1330,828,258,31,15
14605,206,575,42,12,6
14606,7,46,8,145,151
14607,1398,1708,723,586,498
14608,5,44,21,198,192
14609,752,362,869,905,796
14610,547,97,470,3139,3683
14611,920,262,1543,1364,1167
14612,1527,474,73,18,3
14613,1507,807,1008,745,597
14614,225,667,2240,2125,1747
14615,25,55,21,130,115
14616,18,20,7,104,88
14617,123,235,510,205,204
14618,1262,1166,439,81,119
14619,65,396,2001,412,862
14620,62,1727,113,11,4
14621,71,106,305,118,150
14622,0,3,4,5,7
14623,0,27,11,12,13
14624,755,1123,845,826,750
14625,1166,361,798,639,481
14626,1149,839,787,954,743
14627,1924,1684,2084,8390,8554
14628,2323,4597,3648,3774,3733
14629,613,215,286,266,295
14630,190,1066,1639,3569,3280
14631,2109,293,249,374,390
14632,554,859,1165,2260,2558
14633,11,4,278,74,66
14634,7,6,128,46,46
14635,7549,3111,2186,2123,1876
14636,3436,648,1249,1409,1395
14637,99,451,54,123,95
14638,388,447,120,190,119
14639,988,1601,3117,2371,2130
14640,71,24,157,110,136
14641,100,11,74,58,65
14642,0,1,2,1,1
14643,1025,337,799,725,841
14644,0,3,2,0,0
14645,1013,1334,87,106,117
14646,836,43,257,122,147
14647,1218,45,155,143,189
14648,62,455,1076,690,616
14649,1419,595,2813,3018,2618
14650,1098,213,1218,736,701
14651,4946,1481,301,373,343
14652,1717,2532,1830,5306,4779
14653,1822,1270,45,57,58
14654,11,6474,1792,2886,2930
14655,6,54,17,122,199
14656,507,155,30,113,159
14657,2548,3075,2506,1226,1192
14658,1047,5685,6495,6045,5502
14659,420,2390,2193,1301,1243
14660,331,32,389,873,804
14661,200,48,191,154,109
14662,473,417,472,307,225
14663,276,699,118,68,115
14664,6578,7457,7350,5985,5815
14665,248,1115,131,59,76
14666,305,249,276,231,299
14667,550,127,436,305,425
14668,536,140,327,245,298
14669,218,282,2096,918,729
14670,1487,1143,1016,1044,1026
14671,170,1419,1045,715,779
14672,465,55,258,110,87
14673,892,50,167,115,117
14674,2455,734,946,2391,2342
14675,779,662,567,725,874
14676,821,547,838,339,478
14677,1543,738,1358,557,799
14678,1126,1585,673,568,641
14679,1340,1150,3685,2741,2746
14680,1492,5157,409,344,333
14681,58,154,1589,1328,1294
14682,144,264,762,763,730
14683,2041,1230,4570,3835,3760
14684,126,8,5,2,4
14685,203,16,12,11,16
14686,3454,366,2542,1813,1983
14687,195,1174,2,40,26
14688,180,1235,12,184,102
14689,4393,1400,1002,1002,1158
14690,1201,334,360,742,476
14691,1086,547,459,1466,904
14692,1870,834,814,1094,1311
14693,4101,2554,555,610,672
14694,5573,3025,1516,1443,1607
14695,2728,2168,1039,604,734
14696,114,40,140,67,70
14697,153,159,2360,2238,2443
14698,8825,7284,7036,9122,9092
14699,2045,2455,1135,457,320
14700,2224,1088,194,398,532
14701,1944,1498,413,407,340
14702,303,74,30,17,6
14703,34,2,91,112,112
14704,44,3,58,64,31
14705,407,1228,1633,1025,823
14706,647,1420,2007,1581,1336
14707,618,835,2052,3339,3488
14708,3085,2003,122,122,92
14709,138,960,1932,927,1083
14710,1163,227,127,181,127
14711,1217,2467,1360,1023,907
14712,2131,2913,2270,1135,1236
14713,542,1539,792,558,554
14714,704,1712,117,424,307
14715,275,1459,1262,1417,1219
14716,659,1561,244,404,288
14717,3966,5262,2693,1928,1523
14718,1318,386,366,2824,2803
14719,665,1876,256,991,987
14720,1311,1761,1053,803,765
14721,3040,2425,2593,6299,6106
14722,1496,894,572,547,517
14723,3685,4610,6079,6209,6733
14724,4055,3517,6508,5054,5464
14725,2386,2970,3768,3193,3416
14726,5435,2553,5865,5438,5269
14727,2455,213,1824,4977,5091
14728,2017,2823,2104,1843,1868
14729,497,1886,2123,842,887
14730,437,1172,1622,499,748
14731,220,1011,744,358,352
14732,115,180,304,443,470
14733,7370,8252,3236,3572,3134
14734,110,443,854,1302,1170
14735,446,489,1649,1374,1438
14736,121,245,266,295,268
14737,73,1228,115,384,487
14738,606,455,210,350,346
14739,112,294,426,159,155
14740,31,37,352,236,226
14741,336,15,8,7,7
14742,164,43,867,591,517
14743,41,24,0,4,2
14744,374,848,1067,637,768
14745,716,401,173,424,308
14746,622,1364,752,475,475
14747,94,24,186,134,144
14748,405,19,321,163,218
14749,100,149,143,60,80
14750,49,90,59,134,142
14751,128,278,549,609,742
14752,321,279,93,226,223
14753,109,3,2,0,0
14754,442,888,382,263,233
14755,96,1,0,1,0
14756,1130,98,27,14,10
14757,2188,55,29,12,11
14758,1594,628,2335,2593,2461
14759,16,45,2,41,61
14760,287,394,109,133,158
14761,49,210,991,522,647
14762,23,71,0,0,1
14763,21,7,77,8,13
14764,6,2,25,21,22
14765,501,211,68,115,116
14766,1812,244,535,1036,1216
14767,2547,2618,2678,4355,3090
14768,57,24,105,176,110
14769,139,181,90,202,138
14770,123,66,30,30,17
14771,4100,2385,2514,3024,2840
14772,1341,247,116,71,86
14773,1033,379,471,391,386
14774,62,336,951,642,545
14775,220,215,318,100,106
14776,41,212,352,164,186
14777,270,119,64,77,48
14778,89,117,125,180,237
14779,187,198,155,54,40
14780,383,1538,4500,5178,4781
14781,40,173,1586,1365,1569
14782,257,965,81,165,61
14783,6912,818,2294,977,1057
14784,2071,1173,2740,1940,2241
14785,1725,536,2078,1639,1938
14786,1369,786,934,1428,1262
14787,1428,1270,1453,1125,1043
14788,3660,1534,1799,2669,3150
14789,144,1804,1062,643,496
14790,165,514,468,492,472
14791,197,805,551,429,382
14792,327,550,1039,1534,1615
14793,92,138,2,1,0
14794,385,1188,526,256,221
14795,303,221,343,1114,1201
14796,5366,5608,6952,6570,6507
14797,313,322,184,711,747
14798,1777,2641,2940,3147,3476
14799,1806,1769,2321,2367,2425
14800,295,565,162,50,36
14801,186,69,8,20,21
14802,97,4,4,3,5
14803,4663,6403,6187,6727,7012
14804,47,685,2589,1609,1753
14805,3178,2541,2100,2283,2269
14806,53,283,1318,1158,1173
14807,26,20,73,214,212
14808,10,26,47,116,113
14809,488,1950,853,1024,1091
14810,279,1539,320,606,554
14811,1949,1025,581,1397,1325
14812,170,341,632,352,340
14813,1298,2188,1647,3735,4116
14814,2598,1949,1152,1628,1709
14815,699,534,534,1657,1849
14816,873,3228,2061,1833,1919
14817,762,1948,1530,1031,1051
14818,1606,4352,4960,4591,4601
14819,721,224,100,28,14
14820,411,264,139,61,44
14821,725,573,59,11,4
14822,96,442,314,358,287
14823,48,177,77,120,88
14824,4141,793,1047,1445,1536
14825,746,1026,1464,1643,1412
14826,667,1186,438,3024,2933
14827,1280,576,2784,3604,3702
14828,21,7,18,17,17
14829,74,5,12,2,3
14830,26,12,4,7,8
14831,389,2707,1934,2098,1546
14832,421,741,1278,1455,1134
14833,1630,747,1356,3053,2420
14834,152,234,530,612,453
14835,331,516,890,660,704
14836,84,43,706,403,441
14837,95,49,82,121,127
14838,6,24,60,61,58
14839,29,42,86,56,52
14840,1328,243,120,78,93
14841,62,330,76,35,35
14842,99,556,145,60,51
14843,3444,921,47,43,38
14844,2024,1627,2148,2188,2302
14845,3687,2207,88,87,80
14846,53,63,74,572,587
14847,1900,1998,1233,2175,2039
14848,71,76,77,500,517
14849,3950,1069,3141,4095,3824
14850,3807,1002,2506,2305,2445
14851,6777,3755,1124,1099,1164
14852,2,352,77,111,116
14853,156,584,327,479,488
14854,2,147,10,6,4
14855,472,1404,621,254,323
14856,164,427,198,85,100
14857,100,160,44,145,107
14858,1518,1379,394,424,345
14859,3804,1496,280,265,186
14860,715,689,1341,1435,1386
14861,1162,769,197,214,161
14862,1113,892,139,164,139
14863,2574,4241,4409,2787,3131
14864,702,1155,96,130,90
14865,178,632,105,433,321
14866,152,1748,1536,1718,1590
14867,1152,396,476,344,255
14868,89,8,72,126,134
14869,274,21,100,160,145
14870,967,1078,406,880,664
14871,5628,906,246,425,304
14872,677,826,1360,1354,1549
14873,129,333,94,48,42
14874,200,661,281,183,198
14875,253,180,108,220,226
14876,3124,1602,2567,5172,5219
14877,3803,2530,2342,2505,2398
14878,6348,3000,2650,2555,2455
14879,1397,3418,882,639,360
14880,619,794,1252,637,348
14881,825,736,2519,1889,1779
14882,1138,1595,1316,1009,860
14883,4614,1010,7,22,8
14884,949,608,11,27,20
14885,710,824,206,200,250
14886,66,405,180,34,43
14887,160,133,415,500,561
14888,245,503,170,285,339
14889,119,101,134,296,321
14890,100,109,947,505,584
14891,56,94,665,624,500
14892,77,65,297,421,498
14893,77,103,15,6,6
14894,415,133,59,1042,981
14895,1041,307,14,1112,1145
14896,1641,1335,676,981,986
14897,761,357,121,85,93
14898,264,173,664,226,294
14899,1145,538,629,622,685
14900,7,302,93,26,19
14901,14,177,62,18,14
14902,6191,2012,997,202,198
14903,176,781,2730,2313,2897
14904,1951,221,258,195,252
14905,1815,765,1507,2040,1807
14906,99,562,801,552,462
14907,84,1246,2238,2020,2009
14908,2684,1174,1483,795,646
14909,23,252,108,103,88
14910,33,21,75,47,40
14911,84,5,242,225,273
14912,754,64,1178,965,1077
14913,6804,5826,2076,1981,1471
14914,2091,3083,2035,1582,1645
14915,829,3419,2764,2116,2153
14916,664,3638,2968,2531,2731
14917,4669,6198,8026,7991,7628
14918,1285,750,455,596,501
14919,1280,1440,2259,533,702
14920,759,48,151,84,98
14921,490,5286,3971,3327,2673
14922,944,2507,3633,2009,2205
14923,143,71,135,84,98
14924,825,309,736,268,218
14925,210,820,1427,376,298
14926,296,3384,5979,4437,4629
14927,23,111,38,24,19
14928,0,13,15,19,13
14929,8,13,144,306,214
14930,241,479,723,1373,1138
14931,167,177,260,425,360
14932,1598,312,460,982,783
14933,1443,199,453,474,451
14934,1569,1372,756,273,312
14935,314,105,82,591,664
14936,123,70,197,988,993
14937,1475,1907,3087,2837,3185
14938,76,51,177,662,804
14939,38,208,181,145,134
14940,21,102,155,105,106
14941,134,202,229,158,176
14942,62,108,375,497,422
14943,72,99,24,37,32
14944,83,251,93,114,144
14945,131,154,239,392,279
14946,170,3938,3309,2385,2083
14947,120,81,168,65,121
14948,2062,123,331,455,624
14949,148,1131,1141,811,754
14950,225,51,360,483,643
14951,978,2429,79,385,413
14952,37,197,140,404,425
14953,784,1081,772,1027,981
14954,3525,3065,909,529,517
14955,560,179,478,1621,1566
14956,528,216,611,537,562
14957,241,1,16,5,2
14958,210,0,5,1,2
14959,268,66,9,3,4
14960,23,76,1,27,29
14961,625,137,0,30,47
14962,13,47,26,31,26
14963,21,61,16,10,10
14964,9,0,136,97,67
14965,8,2,22,11,11
14966,1026,786,305,525,340
14967,624,514,1510,1467,1721
14968,1944,698,741,935,706
14969,53,19,63,71,82
14970,58,136,190,77,57
14971,201,220,16,15,14
14972,2822,1579,1809,1008,949
14973,5298,1335,3446,2115,2374
14974,2758,1803,5796,6216,5939
14975,250,51,44,27,35
14976,377,30,29,22,18
14977,213,90,1814,1951,1744
14978,2376,1636,379,895,890
14979,1050,3172,1454,2347,2439
14980,1156,1875,162,522,395
14981,630,10,221,175,218
14982,20,16,90,84,67
14983,82,374,117,115,88
14984,2660,3835,638,800,717
14985,2398,1551,230,769,787
14986,1756,2416,4743,4164,4096
14987,1065,1222,1051,854,961
14988,505,2462,4452,4760,5024
14989,1688,969,1695,1438,1566
14990,145,57,299,383,340
14991,187,18,108,126,119
14992,70,19,980,1274,2027
14993,1801,1517,4086,7721,7738
14994,138,26,345,185,198
14995,128,13,298,163,206
14996,16,82,4,9,9
14997,5,20,3,13,15
14998,104,313,806,1343,1291
14999,200,353,443,339,348
15000,114,826,734,240,268
15001,106,351,157,259,234
15002,5,40,194,391,361
15003,3,36,293,669,653
15004,612,1138,953,754,607
15005,161,1122,888,585,511
15006,2245,4152,1809,1429,1505
15007,281,1534,1400,657,468
15008,418,41,235,286,366
15009,1356,192,106,191,210
15010,1468,24,158,309,236
15011,636,75,66,28,20
15012,496,243,81,19,10
15013,401,92,372,299,180
15014,326,101,1197,481,597
15015,60,80,52,7,10
15016,634,313,1474,690,759
15017,17,48,126,264,346
15018,5,42,201,98,120
15019,10,201,221,1189,1095
15020,1,16,50,62,34
15021,623,199,411,1877,1807
15022,12,98,137,39,48
15023,541,522,561,487,537
15024,283,385,304,235,246
15025,549,2555,2123,2029,1788
15026,1203,309,79,24,15
15027,336,784,712,811,846
15028,830,896,1521,1008,1004
15029,1898,3280,1979,1718,1617
15030,1413,43,209,107,122
15031,1109,27,429,198,313
15032,239,147,17,74,64
15033,960,391,27,200,177
15034,264,199,110,167,165
15035,904,1530,927,702,720
15036,78,216,41,48,44
15037,1259,2379,1070,1163,961
15038,751,432,55,71,46
15039,3,148,73,294,332
15040,1,222,324,239,271
15041,118,29,229,486,475
15042,98,49,388,218,236
15043,38,27,251,180,182
15044,54,114,153,20,26
15045,98,391,434,115,117
15046,248,263,1839,1894,2037
15047,955,1256,1133,818,784
15048,4060,565,601,504,355
15049,662,411,375,318,234
15050,369,1773,22,30,24
15051,269,166,4,11,9
15052,327,61,9,62,62
15053,149,111,5,18,16
15054,75,102,135,179,170
15055,55,101,6,11,10
15056,844,72,646,312,543
15057,3868,148,680,551,863
15058,1635,1674,958,2056,2309
15059,621,77,31,9,10
15060,0,0,0,0,0
15061,163,254,115,42,44
15062,1128,2058,3156,2268,2203
15063,1561,1764,2693,1937,1898
15064,1585,1290,1600,2215,2023
15065,1068,1697,1539,1445,1574
15066,418,364,389,439,556
15067,688,1043,1447,1525,1929
15068,1521,136,1167,845,1174
15069,1286,422,154,294,202
15070,2235,1464,239,277,206
15071,1021,699,462,896,739
15072,473,349,202,302,249
15073,1516,2075,1565,1943,1910
15074,804,293,404,231,374
15075,1499,2594,1797,2936,3074
15076,712,182,396,267,376
15077,200,886,96,29,12
15078,224,891,44,13,2
15079,1448,415,1313,1086,1188
15080,1,11,4,1,1
15081,20,130,18,23,12
15082,10,30,11,1,1
15083,496,62,166,162,130
15084,1483,438,804,635,646
15085,1818,1041,374,181,149
15086,1512,309,1268,630,627
15087,1618,627,2808,1932,1934
15088,8035,3589,2851,1882,2341
15089,338,13,82,242,179
15090,1441,1898,195,566,499
15091,2550,1531,5026,4520,4835
15092,1,3,4,2,2
15093,0,17,0,0,0
15094,4,8,11,70,54
15095,662,67,16,3,6
15096,831,227,453,524,503
15097,576,29,21,3,8
15098,861,221,43,45,38
15099,206,103,53,124,152
15100,285,62,26,14,12
15101,751,1050,1015,420,294
15102,588,1326,1341,1075,1377
15103,1272,3518,1349,433,324
15104,78,301,354,539,548
15105,105,487,452,491,501
15106,78,195,487,474,430
15107,0,50,69,75,47
15108,702,1644,171,574,585
15109,13,26,17,21,16
15110,70,505,386,281,228
15111,1213,701,1008,497,481
15112,56,476,304,168,157
15113,158,1546,382,316,311
15114,461,558,731,312,393
15115,131,851,811,646,601
15116,81,20,46,67,45
15117,322,14,18,38,26
15118,130,167,173,156,174
15119,30,6,7,5,17
15120,7,5,9,25,27
15121,8,21,1,1,1
15122,540,2299,1344,1985,2424
15123,321,2359,1112,1885,2155
15124,7278,2812,2143,1765,1609
15125,740,995,96,73,59
15126,361,257,151,77,56
15127,901,1518,2073,2908,2979
15128,5,2,0,0,0
15129,14,2,1,0,0
15130,124,354,130,217,228
15131,241,629,332,121,241
15132,557,1723,872,946,1062
15133,1057,737,418,380,408
15134,19,88,84,80,39
15135,385,28,45,46,29
15136,104,413,49,31,27
15137,207,558,1839,718,866
15138,2218,682,3707,1491,1173
15139,475,1794,2764,3355,3394
15140,282,830,405,338,446
15141,1156,145,94,40,30
15142,112,391,117,55,32
15143,4853,6776,7329,6720,6171
15144,122,110,40,40,42
15145,108,1173,443,166,269
15146,609,6543,8300,8373,8364
15147,51,20,1653,911,726
15148,75,92,478,428,479
15149,258,3230,845,1072,952
15150,3,543,65,32,44
15151,257,1038,68,23,36
15152,120,438,134,55,55
15153,2538,1772,4026,6184,6357
15154,142,314,117,62,58
15155,6375,1733,2389,1336,1564
15156,1045,1435,493,1140,1361
15157,1636,4295,462,1067,1236
15158,196,665,488,372,410
15159,194,348,337,199,195
15160,5834,2919,2752,1953,2564
15161,329,1538,1746,1294,1296
15162,105,124,444,447,377
15163,3249,3757,2152,1640,1513
15164,3,0,0,0,0
15165,0,0,0,0,0
15166,4869,1826,688,392,369
15167,730,817,97,181,156
15168,3770,581,632,252,259
15169,378,243,42,94,84
15170,3708,3191,1755,1828,1555
15171,4746,4364,8630,8777,8709
15172,2698,3194,742,1003,968
15173,166,387,53,45,15
15174,8,61,412,157,207
15175,3,26,35,39,19
15176,125,473,287,86,49
15177,877,540,675,611,738
15178,37,221,164,65,45
15179,9,223,126,220,214
15180,64,231,161,199,197
15181,3684,1654,3431,2268,2113
15182,32,187,345,409,381
15183,9,1,133,105,119
15184,13,7,569,518,484
15185,2395,1182,354,27,24
15186,5010,3531,3372,2465,2505
15187,3548,1031,189,21,19
15188,49,32,16,12,16
15189,44,9,18,16,22
15190,8696,2714,2898,2313,2354
15191,58,66,60,8,14
15192,331,262,185,138,142
15193,3765,2566,6169,6352,6298
15194,401,135,207,144,159
15195,8,1892,393,552,407
15196,6,73,118,88,98
15197,8039,7666,6287,4848,5362
15198,3505,3186,3105,3948,3841
15199,2602,3404,2676,2219,2204
15200,266,527,723,1074,1110
15201,158,438,462,863,970
15202,2213,335,176,235,247
15203,1894,336,64,87,143
15204,17,1241,2247,1553,1397
15205,19,273,64,50,57
15206,1528,6461,8708,7778,7529
15207,380,19,313,110,95
15208,835,35,302,156,103
15209,2833,755,1713,975,983
15210,443,23,347,175,119
15211,721,15,54,70,47
15212,378,4391,4691,4611,4091
15213,240,486,777,504,385
15214,1186,228,414,322,225
15215,528,513,292,1089,1230
15216,392,1185,387,822,888
15217,166,295,742,763,774
15218,261,115,339,400,297
15219,200,283,401,403,351
15220,1436,307,666,1036,1227
15221,689,190,89,180,162
15222,1440,904,598,276,259
15223,195,59,63,50,50
15224,5473,5235,6457,6032,5285
15225,5572,3665,4984,3078,3388
15226,2673,917,1440,821,893
15227,638,386,177,153,138
15228,892,648,379,362,298
15229,573,458,59,76,73
15230,132,155,404,178,205
15231,83,73,175,172,145
15232,92,6,84,168,149
15233,796,554,570,427,343
15234,1857,547,391,200,166
15235,854,2534,1184,2160,2025
15236,497,4002,787,1012,820
15237,777,2469,345,397,349
15238,1354,4231,7090,6399,6570
15239,563,511,1213,968,722
15240,1799,5640,6219,5658,5869
15241,1440,89,1008,942,832
15242,940,226,425,473,504
15243,962,807,1367,911,946
15244,621,268,442,403,429
15245,23,20,112,101,135
15246,14,13,100,91,211
15247,1527,751,254,332,722
15248,349,278,142,132,86
15249,1932,2137,2672,2835,2674
15250,829,920,111,46,36
15251,1362,105,34,9,15
15252,2640,356,1058,1155,1888
15253,708,107,55,23,28
15254,42,91,87,365,464
15255,6087,1974,1259,3819,4235
15256,966,1953,644,433,588
15257,140,40,203,233,234
15258,291,293,202,363,367
15259,900,1,536,1761,2110
15260,2673,2517,4257,4145,4492
15261,425,1292,1620,999,967
15262,47,95,479,631,570
15263,453,137,921,762,721
15264,710,846,543,392,382
15265,608,164,372,184,294
15266,783,952,1391,1499,1397
15267,1048,610,957,661,674
15268,1390,528,1,0,0
15269,847,968,652,1360,1421
15270,648,1718,4141,3295,3226
15271,83,1154,1206,1539,1517
15272,363,419,7,73,62
15273,382,333,284,252,314
15274,19,185,591,244,339
15275,0,584,596,1097,1013
15276,8188,1045,503,855,1110
15277,19,5,14,6,3
15278,505,233,317,360,400
15279,86,539,36,40,38
15280,162,1458,289,566,618
15281,7,1234,889,893,1080
15282,99,386,772,573,584
15283,9,5,52,34,21
15284,2640,4047,1925,2992,3132
15285,122,21,117,216,188
15286,1182,1028,1587,1276,1260
15287,357,468,1509,1677,1906
15288,0,24,63,20,13
15289,1979,426,486,743,863
15290,2116,2634,766,559,744
15291,101,746,191,136,86
15292,2295,329,2137,2718,2370
15293,220,141,350,205,163
15294,84,39,15,32,63
15295,152,1423,2439,5065,4941
15296,71,349,337,247,214
15297,2087,1532,1558,3640,3674
15298,1084,2237,289,314,322
15299,2052,531,19,70,67
15300,30,572,942,493,375
15301,90,450,125,139,144
15302,3041,1486,2770,2892,3102
15303,61,851,432,720,731
15304,261,66,9,3,8
15305,410,1846,2579,2082,2311
15306,646,1555,920,1283,1056
15307,2490,1224,1383,1974,1416
15308,161,40,191,274,293
15309,979,549,117,59,69
15310,55,527,1579,2156,2049
15311,79,179,19,6,8
15312,1027,4718,76,420,435
15313,35,48,367,223,158
15314,3021,2592,1747,1914,1950
15315,12,444,253,399,379
15316,132,195,793,1205,1406
15317,867,133,4445,2217,2519
15318,234,135,595,731,764
15319,10,50,10,8,7
15320,1498,855,582,403,367
15321,176,1411,359,154,194
15322,1333,3168,5915,7728,7511
15323,27,24,25,4,6
15324,455,389,2789,2281,2108
15325,30,8,19,63,61
15326,2960,431,796,1188,1160
15327,391,1223,15,5,6
15328,226,30,48,54,65
15329,1898,278,1397,2030,1969
15330,2106,159,646,365,415
15331,168,97,211,141,165
15332,241,1141,417,427,447
15333,1120,1687,1609,2433,2056
15334,446,146,1153,893,1029
15335,133,60,24,119,92
15336,836,858,1540,961,947
15337,156,236,2263,1426,1684
15338,29,12,136,34,33
15339,4276,764,2878,2952,2237
15340,1726,2080,3212,4297,3956
15341,6168,5466,5205,7317,7220
15342,917,1293,557,2156,1962
15343,49,992,367,527,542
15344,203,650,616,303,305
15345,361,44,47,14,19
15346,15,529,30,23,16
15347,1067,173,928,813,698
15348,196,165,93,91,102
15349,202,414,1782,2721,2645
15350,519,1032,205,325,543
15351,210,559,414,475,428
15352,40,232,274,200,191
15353,6,455,5,3,2
15354,327,1250,1092,1863,1941
15355,22,4,11,3,6
15356,1386,4111,2368,2310,2198
15357,397,401,506,492,533
15358,438,289,69,52,54
15359,411,782,278,448,372
15360,129,127,577,257,235
15361,1668,212,179,111,158
15362,29,117,102,2750,2715
15363,541,1161,1189,1020,1046
15364,1529,1479,178,272,125
15365,1618,779,315,556,589
15366,713,1159,1960,1476,1413
15367,37,508,2209,1454,1064
15368,191,78,30,8,11
15369,14,53,59,44,25
15370,1718,2181,940,1255,1298
15371,1575,41,2797,2609,2860
15372,45,29,39,32,80
15373,2786,450,431,532,511
15374,56,1,17,52,53
15375,11,671,70,501,338
15376,144,327,249,505,414
15377,1483,568,697,501,541
15378,2682,2177,1869,1320,1418
15379,328,144,610,550,525
15380,33,85,172,189,209
15381,74,67,2,4,6
15382,297,108,226,205,206
15383,452,539,2030,3020,2969
15384,1022,2042,955,743,777
15385,803,229,78,218,169
15386,3472,1837,2802,4245,4325
15387,11,2658,756,534,686
15388,30,344,116,145,108
15389,21,24,21,16,19
15390,2241,288,1191,870,961
15391,392,20,257,424,352
15392,26,129,99,62,83
15393,3032,11,292,172,193
15394,206,253,3363,4679,3863
15395,0,7,16,14,20
15396,291,1825,806,1639,1519
15397,2426,257,230,471,541
15398,646,509,929,436,367
15399,175,60,137,67,57
15400,170,135,211,414,533
15401,314,1331,627,342,517
15402,1980,836,1521,1283,1465
15403,358,6,0,2,2
15404,892,122,140,104,84
15405,168,602,212,207,183
15406,1164,180,2256,2528,2271
15407,901,617,577,286,310
15408,233,670,924,1001,944
15409,130,570,205,151,157
15410,85,11,20,14,9
15411,11,1,21,13,11
15412,896,875,967,798,586
15413,102,685,145,56,87
15414,1520,1507,3576,1625,1470
15415,92,1327,359,440,471
15416,24,864,1548,1501,1266
15417,3142,5771,3260,3107,2862
15418,17,23,206,63,80
15419,3520,5918,2297,1219,1254
15420,96,38,7,377,494
15421,62,332,300,2022,1658
15422,476,1391,1803,2393,2324
15423,1521,755,815,348,329
15424,834,2035,601,347,397
15425,854,349,497,383,332
15426,1831,190,451,1483,1568
15427,300,76,14,5,11
15428,238,112,125,56,50
15429,269,674,127,316,256
15430,4289,7031,6755,6062,6449
15431,1006,602,64,119,80
15432,969,444,39,165,175
15433,9,3,19,7,6
15434,466,1145,1309,1213,1341
15435,465,416,541,412,480
15436,824,485,511,512,575
15437,1177,755,164,508,519
15438,4689,7603,5228,6922,6804
15439,514,134,816,686,654
15440,29,130,218,51,87
15441,44,25,83,137,127
15442,3061,1271,3438,2969,2900
15443,29,10,0,0,1
15444,636,1639,51,18,15
15445,324,3650,2145,1746,1622
15446,4442,4551,982,838,810
15447,179,455,149,86,92
15448,5658,3795,2258,6638,7140
15449,825,44,529,981,1031
15450,70,721,70,120,102
15451,169,2263,186,315,275
15452,1267,1489,445,521,587
15453,915,369,1164,1492,1243
15454,1,76,110,112,105
15455,786,603,2608,1385,1896
15456,1037,1019,1636,1208,1024
15457,475,1222,964,892,880
15458,27,4,27,5,11
15459,315,251,385,363,350
15460,417,492,2004,2153,2187
15461,600,302,2864,2913,3782
15462,104,638,457,704,589
15463,1317,3845,4157,3816,3387
15464,320,19,11,3,1
15465,492,19,172,68,97
15466,817,1869,1424,195,281
15467,416,517,937,614,722
15468,11,0,0,0,0
15469,351,1148,174,79,24
15470,1170,2161,2673,2234,2319
15471,3,29,28,25,35
15472,936,918,429,248,274
15473,911,834,1212,874,840
15474,49,213,15,37,45
15475,649,109,59,131,206
15476,701,305,1060,683,1028
15477,636,1445,548,541,454
15478,463,177,116,53,66
15479,692,455,192,84,85
15480,47,41,20,28,27
15481,918,1630,157,83,71
15482,0,0,0,0,0
15483,1302,1179,1505,1100,712
15484,49,8,2,13,4
15485,3295,5623,3650,3453,3526
15486,68,872,1339,387,555
15487,142,254,809,446,467
15488,8852,8618,8858,8447,8475
15489,259,636,219,136,127
15490,2178,2781,3616,3334,3100
15491,3897,2373,1989,1988,2010
15492,379,612,2438,2202,2299
15493,93,467,236,138,128
15494,249,168,433,283,201
15495,1150,322,169,451,535
15496,40,425,854,610,589
15497,3772,1700,1598,1709,1888
15498,71,13,189,6,3
15499,392,1550,655,731,679
15500,1384,415,293,170,182
15501,43,6,5,7,8
15502,1373,1077,4505,5804,5399
15503,140,133,930,437,600
15504,553,389,3969,3074,3278
15505,69,750,2821,3323,2961
15506,759,1025,745,1495,1603
15507,924,24,24,21,47
15508,34,121,408,404,687
15509,223,4,1,1,0
15510,271,587,578,1734,1915
15511,20,30,46,264,337
15512,169,3,291,149,136
15513,7575,163,907,533,466
15514,32,31,598,301,295
15515,2237,1807,4023,1890,1968
15516,683,860,864,799,937
15517,178,1,76,109,116
15518,42,220,17,28,15
15519,114,114,285,1530,1716
15520,2991,1551,1784,1574,1546
15521,14,165,36,28,34
15522,5199,5989,6354,6626,6076
15523,1024,1053,2103,876,915
15524,859,449,780,564,380
15525,1730,87,2226,1551,1587
15526,13,9,153,218,172
15527,239,77,421,2115,2080
15528,20,109,206,154,141
15529,210,529,411,238,351
15530,264,310,1045,798,634
15531,1373,1332,1516,1302,1114
15532,64,251,40,102,125
15533,736,167,340,474,362
15534,6777,5268,4409,3327,3531
15535,199,213,93,419,417
15536,2444,82,480,169,189
15537,211,46,74,29,22
15538,343,301,521,825,926
15539,124,506,1653,895,756
15540,128,79,423,571,608
15541,15,203,282,394,495
15542,112,30,398,77,98
15543,24,219,110,18,38
15544,596,5396,3674,5285,4868
15545,51,193,28,16,9
15546,2644,524,382,541,428
15547,656,971,1570,1700,1931
15548,115,168,97,177,131
15549,2572,488,11,9,12
15550,1005,472,528,508,373
15551,11,145,1646,1690,1331
15552,221,640,67,51,56
15553,966,445,121,143,86
15554,207,382,308,354,260
15555,27,182,1694,1092,1105
15556,410,257,100,188,134
15557,120,394,649,351,399
15558,1202,460,3026,3216,3347
15559,115,496,913,587,800
15560,472,1755,369,466,442
15561,148,2149,192,397,207
15562,134,104,99,143,176
15563,56,1798,630,310,375
15564,1411,274,1204,528,657
15565,972,1173,9,2,2
15566,603,1301,223,528,654
15567,48,30,35,8,11
15568,612,787,435,980,1005
15569,826,478,676,120,108
15570,500,116,351,1186,1418
15571,83,198,787,367,482
15572,4321,3693,3248,4441,4804
15573,126,111,659,251,271
15574,27,96,798,752,604
15575,73,762,149,32,30
15576,662,67,13,593,942
15577,59,51,413,263,275
15578,14,33,285,115,139
15579,774,652,34,286,231
15580,1710,6933,6833,7153,7214
15581,5050,2012,2480,1756,2246
15582,34,26,4,0,0
15583,143,455,566,506,439
15584,398,793,441,385,328
15585,81,575,906,1305,1274
15586,7235,7010,1628,2729,2322
15587,1208,1113,2238,1887,2100
15588,866,1033,337,199,210
15589,1269,1820,1068,745,661
15590,1,34,84,45,42
15591,362,1026,755,989,1025
15592,371,863,1061,2274,1455
15593,396,120,433,562,435
15594,214,1439,912,1192,811
15595,119,64,37,6,7
15596,462,885,806,616,760
15597,10,102,407,199,209
15598,19,39,38,35,41
15599,229,251,54,83,110
15600,5143,6120,2982,3397,3311
15601,1163,623,252,55,98
15602,2143,202,17,45,52
15603,610,975,1475,1908,1773
15604,183,76,1226,1303,1370
15605,1356,777,322,858,705
15606,529,1138,727,976,1107
15607,722,1100,1243,1291,928
15608,412,460,369,341,491
15609,206,330,2262,2262,2271
15610,550,68,882,935,884
15611,327,284,330,317,374
15612,785,296,807,857,798
15613,1242,278,254,828,671
15614,175,3116,2555,2095,2145
15615,119,423,95,48,31
15616,3649,2464,2434,1648,1440
15617,391,38,3266,3626,3515
15618,2284,707,594,762,462
15619,11,74,8,23,26
15620,100,308,1059,809,946
15621,36,31,122,228,227
15622,1562,1441,101,316,328
15623,21,80,63,46,42
15624,4,71,269,137,127
15625,2509,373,225,160,66
15626,197,2223,1934,625,853
15627,86,114,299,257,198
15628,105,43,343,261,180
15629,504,40,61,13,24
15630,712,514,48,239,344
15631,328,104,106,74,81
15632,3991,899,5669,4974,6004
15633,28,1457,2569,2104,2188
15634,177,1,73,40,40
15635,71,142,13,56,60
15636,159,519,56,1033,1150
15637,432,200,12,11,20
15638,151,240,213,42,47
15639,155,102,740,341,250
15640,2791,415,176,232,231
15641,744,1184,1720,981,999
15642,276,1151,1187,1005,1117
15643,1244,0,79,36,38
15644,106,1245,939,656,608
15645,2447,6386,5781,4113,4212
15646,1135,1058,2645,1226,1391
15647,157,72,1128,1137,1275
15648,473,971,717,435,561
15649,42,324,14,11,9
15650,241,536,1596,1956,1823
15651,1484,260,445,331,611
15652,148,110,1185,780,769
15653,8074,8406,8784,8541,8565
15654,658,619,193,77,79
15655,63,905,344,401,384
15656,24,12,0,0,0
15657,2664,1462,137,555,517
15658,462,953,1231,1423,1464
15659,1943,1115,1475,1309,1663
15660,439,154,1037,861,621
15661,36,13,22,32,34
15662,497,120,175,115,80
15663,5104,5483,5326,5771,5195
15664,2,115,1181,1255,1239
15665,1217,330,333,426,351
15666,79,637,1662,1649,1511
15667,1658,1377,203,684,586
15668,23,61,88,37,36
15669,937,483,1275,2005,2152
15670,909,171,482,793,759
15671,2822,3880,1529,2517,2180
15672,40,43,72,11,19
15673,7,20,3,5,14
15674,90,529,157,164,117
15675,2350,861,1180,1552,1552
15676,617,1595,1993,2041,1690
15677,1815,450,122,82,60
15678,2570,1234,581,430,529
15679,0,284,1061,611,544
15680,43,237,39,56,60
15681,3468,1730,5022,4631,4462
15682,1908,2040,222,28,35
15683,397,1367,1287,298,390
15684,216,322,755,439,584
15685,145,1721,662,962,594
15686,917,312,333,333,297
15687,259,471,958,344,200
15688,425,248,68,159,133
15689,81,1,0,18,21
15690,3445,78,1079,464,515
15691,253,412,2206,2443,2716
15692,946,2551,2866,1403,1128
15693,1205,225,701,2440,2615
15694,98,80,89,127,111
15695,86,235,55,33,29
15696,948,3151,2055,1843,1685
15697,49,652,442,885,913
15698,518,645,593,377,447
15699,577,55,237,363,264
15700,1123,826,553,860,643
15701,2,444,380,363,256
15702,78,40,67,16,24
15703,124,693,1550,3716,3388
15704,530,739,209,178,215
15705,233,489,933,827,848
15706,4,0,24,47,31
15707,2188,800,1661,828,811
15708,660,561,293,458,465
15709,31,256,125,37,53
15710,3,16,35,11,14
15711,8452,6570,1069,999,1127
15712,714,2380,2308,1788,1554
15713,1195,1121,930,1258,1036
15714,2556,1503,965,636,552
15715,174,45,95,91,113
15716,64,61,9,13,10
15717,934,1673,1338,784,762
15718,87,879,476,306,289
15719,726,564,190,833,609
15720,830,1647,2102,2016,2111
15721,174,61,229,25,17
15722,1022,331,591,438,495
15723,1,52,175,108,132
15724,1237,2304,2080,1682,1310
15725,3153,1732,1411,711,1169
15726,306,1288,1167,899,882
15727,1135,510,1921,783,689
15728,499,55,5,640,705
15729,2984,2750,1167,1309,1297
15730,1038,25,476,399,544
15731,17,353,44,84,47
15732,958,199,243,175,171
15733,98,283,442,264,282
15734,36,36,87,165,146
15735,2770,5484,5573,4685,4373
15736,611,203,580,276,300
15737,595,189,421,257,216
15738,419,92,27,27,39
15739,26,93,72,189,181
15740,103,88,55,43,24
15741,359,314,259,324,322
15742,118,827,78,12,22
15743,156,159,733,568,503
15744,73,20,14,14,6
15745,1326,119,366,513,576
15746,2815,1281,930,1258,1183
15747,374,122,183,137,122
15748,179,1,109,46,50
15749,822,281,2614,2065,1957
15750,427,28,434,250,259
15751,1066,1325,1470,2556,2421
15752,274,113,585,620,682
15753,63,1808,600,862,723
15754,735,312,1683,1085,1233
15755,696,1061,400,181,140
15756,742,2027,2616,2251,2120
15757,1723,2087,877,698,560
15758,149,1285,1887,1594,1534
15759,3083,503,948,1285,1206
15760,1442,1004,6049,6037,5921
15761,4694,731,564,468,555
15762,3227,2789,1678,436,394
15763,181,213,206,344,383
15764,602,429,20,26,33
15765,18,55,4,23,33
15766,4979,1876,8113,7196,7170
15767,585,789,513,861,941
15768,315,274,322,386,316
15769,521,27,167,81,79
15770,69,238,0,0,0
15771,1063,2042,1541,1125,1172
15772,90,1657,521,1878,2100
15773,279,83,251,665,587
15774,1512,1397,1298,927,919
15775,1536,198,209,312,221
15776,41,239,270,72,65
15777,84,290,43,7,5
15778,108,17,62,102,108
15779,693,283,98,102,70
15780,729,1031,730,946,909
15781,627,273,196,101,156
15782,30,81,223,185,182
15783,355,890,1094,1011,1351
15784,359,1393,10,67,80
15785,604,86,192,221,248
15786,58,392,657,269,543
15787,73,42,159,172,189
15788,659,87,502,1169,1154
15789,1834,1207,4606,3213,3180
15790,169,1444,662,226,192
15791,2077,2375,1047,921,751
15792,646,1368,295,230,166
15793,350,2564,1204,1111,697
15794,82,1,14,14,2
15795,967,237,445,1444,1575
15796,2279,396,154,103,52
15797,216,1228,830,1047,1132
15798,860,376,652,2343,1897
15799,268,320,304,65,76
15800,1674,3618,4745,4480,4625
15801,34,201,162,114,119
15802,259,1096,207,117,197
15803,39,10,28,5,4
15804,1207,2918,1248,3727,3667
15805,106,4,4,8,10
15806,6656,6677,4710,3772,3734
15807,422,54,254,62,63
15808,947,1870,2165,1286,1049
15809,419,767,1132,1182,1245
15810,297,359,123,64,38
15811,154,2,67,76,70
15812,738,1794,1986,1624,1730
15813,67,290,90,54,40
15814,74,20,13,39,35
15815,238,292,796,313,342
15816,606,15,340,413,537
15817,1507,85,546,485,588
15818,4545,3413,4686,3541,3754
15819,1428,2472,1781,2147,1623
15820,743,187,31,35,23
15821,265,92,353,409,454
15822,1770,541,21,16,25
15823,74,63,18,11,11
15824,13,62,12,17,19
15825,2800,3245,1029,1361,1236
15826,693,21,45,24,36
15827,3216,76,135,46,34
15828,259,1459,122,90,89
15829,16,23,498,239,290
15830,1193,2525,610,339,263
15831,273,161,146,118,131
15832,556,1219,952,833,789
15833,406,113,173,36,50
15834,25,0,2,2,1
15835,457,815,1313,1846,1550
15836,1410,2397,1843,2758,2805
15837,909,738,2956,3190,3076
15838,18,176,733,288,234
15839,4907,6574,5183,5299,4933
15840,98,712,297,54,71
15841,783,5438,6541,5451,5843
15842,4147,1938,1708,1189,1713
15843,2542,40,0,10,13
15844,96,405,230,80,105
15845,871,2081,1855,1822,2154
15846,300,13,710,582,460
15847,323,121,77,13,24
15848,81,37,283,384,411
15849,65,611,101,389,494
15850,2363,1035,3007,1793,1667
15851,32,82,6,783,811
15852,1903,1862,2616,2859,2598
15853,613,196,365,261,205
15854,139,556,583,331,539
15855,323,256,249,460,366
15856,24,6,20,63,86
15857,430,607,905,506,592
15858,2682,6171,3306,2065,2255
15859,206,918,247,320,331
15860,1669,3813,2408,2036,2242
15861,163,332,116,19,38
15862,455,2,496,540,408
15863,5,361,447,458,447
15864,494,107,1219,487,576
15865,4071,4943,4949,3696,3653
15866,46,214,4,2,2
15867,15,18,13,16,29
15868,203,60,139,56,63
15869,3601,1883,4685,5101,5007
15870,145,168,418,205,225
15871,2201,685,1431,4013,3956
15872,265,93,87,157,134
15873,24,3,17,2,3
15874,1799,1546,727,1207,1341
15875,837,38,23,20,15
15876,271,362,311,224,191
15877,1571,133,336,424,462
15878,0,0,1,0,0
15879,74,3,129,177,135
15880,540,176,48,25,22
15881,598,851,28,16,25
15882,475,268,604,722,588
15883,605,585,389,116,208
15884,406,209,399,390,489
15885,391,1147,972,495,553
15886,51,389,515,471,412
15887,2521,767,1726,1758,1767
15888,89,264,58,35,34
15889,39,90,29,357,329
15890,351,1849,1585,1712,1604
15891,454,1359,1134,1119,1103
15892,26,49,95,533,418
15893,1001,1109,932,958,937
15894,2243,2296,3096,2852,3085
15895,1877,1121,1341,2034,2106
15896,177,123,441,347,286
15897,6051,1890,2028,2004,1859
15898,864,1035,644,356,397
15899,114,497,468,66,114
15900,3,3,9,2,2
15901,4,3,0,0,0
15902,20,3,20,24,32
15903,289,300,74,103,102
15904,8,348,35,213,256
15905,1070,212,0,0,0
15906,405,21,1283,1973,2094
15907,177,105,477,229,248
15908,454,180,77,83,114
15909,690,2008,878,680,592
15910,4727,4553,320,180,162
15911,35,2,165,260,199
15912,519,74,107,67,40
15913,258,25,14,15,12
15914,384,191,59,249,96
15915,425,274,18,43,25
15916,744,1165,666,425,294
15917,1194,682,1216,2698,2649
15918,623,60,63,16,28
15919,160,103,295,438,366
15920,845,5985,776,141,167
15921,566,3936,2786,2263,2052
15922,97,325,288,828,747
15923,913,896,1605,1267,1280
15924,3,232,70,89,88
15925,29,170,0,10,16
15926,305,207,219,96,67
15927,603,169,55,46,87
15928,495,270,3749,3374,2636
15929,138,122,14,34,40
15930,20,25,284,65,66
15931,777,31,106,132,157
15932,1370,736,329,107,129
15933,496,578,419,221,204
15934,82,79,43,25,38
15935,198,1167,1229,1067,806
15936,188,63,53,2,2
15937,5715,5305,4147,2638,2608
15938,615,2227,328,187,120
15939,844,32,438,883,479
15940,49,6,24,51,58
15941,260,8,76,193,178
15942,52,2,63,479,473
15943,5630,520,48,38,65
15944,329,306,609,1791,1901
15945,34,122,53,63,46
15946,661,880,180,239,167
15947,1039,2170,110,62,39
15948,4353,3872,3275,2786,2942
15949,166,261,392,268,252
15950,125,742,72,142,113
15951,2374,1681,2544,3690,3556
15952,46,82,38,42,39
15953,293,526,579,2246,2045
15954,881,301,55,33,47
15955,76,8,35,20,11
15956,6302,6342,5751,5636,5674
15957,1098,48,16,17,34
15958,52,276,37,138,111
15959,1151,1277,889,410,307
15960,769,973,3300,2905,3108
15961,130,162,30,26,23
15962,2359,779,3199,2173,1939
15963,117,486,105,29,57
15964,720,1355,2107,2361,2225
15965,1615,2072,2472,1955,1742
15966,501,184,1500,613,758
15967,7,2,1,11,15
15968,45,43,29,14,17
15969,59,15,0,0,0
15970,266,77,406,351,317
15971,3035,357,50,52,48
15972,1857,1381,1,122,200
15973,359,894,672,382,337
15974,1475,453,79,26,21
15975,374,143,28,33,16
15976,155,502,257,378,402
15977,2556,3222,653,655,728
15978,4763,7661,8555,7929,8129
15979,25,10,11,6,6
15980,2914,3387,2263,1562,1669
15981,123,746,1389,1464,1305
15982,85,66,410,449,456
15983,103,49,56,150,157
15984,331,3666,2508,3362,3827
15985,144,1336,524,1352,1232
15986,1167,3193,2476,2231,2621
15987,92,304,65,43,76
15988,204,103,519,554,545
15989,20,100,6,2,3
15990,74,149,3,2,1
15991,1596,768,306,294,285
15992,300,68,384,244,142
15993,1255,995,5796,3793,3756
15994,373,607,268,160,127
15995,1591,4437,4051,3483,3457
15996,59,0,57,74,78
15997,93,22,1,61,74
15998,305,315,61,42,40
15999,4972,4485,1981,1334,1421
16000,114,319,155,139,109
16001,53,199,54,28,14
16002,438,141,415,1174,880
16003,1634,1885,1800,2550,2079
16004,36,38,80,50,37
16005,1821,5962,5672,7356,7259
16006,197,182,979,166,172
16007,5635,8499,8198,7845,7396
16008,82,105,33,14,14
16009,2925,1142,738,571,641
16010,129,17,137,54,87
16011,798,300,3179,3153,2732
16012,390,325,109,351,400
16013,522,149,84,13,14
16014,542,1198,2139,2011,2008
16015,37,41,101,45,68
16016,445,144,257,137,94
16017,1362,600,195,939,1071
16018,377,108,234,90,96
16019,5,16,183,265,184
16020,0,0,0,0,0
16021,139,16,99,114,104
16022,892,219,362,496,428
16023,3057,769,2177,1850,1687
16024,1102,3309,426,318,306
16025,278,163,2015,1707,2602
16026,12,302,306,559,296
16027,192,739,77,69,44
16028,96,633,285,151,191
16029,1964,126,119,12,20
16030,1771,1687,1004,482,671
16031,328,361,89,33,92
16032,845,1288,1774,1532,1619
16033,5093,5992,2547,2501,2226
16034,107,144,30,34,20
16035,584,1296,1132,805,917
16036,1256,1231,1459,707,679
16037,105,872,239,199,243
16038,34,9,5,4,4
16039,1141,893,667,691,728
16040,59,299,15,17,19
16041,1575,3062,4998,4056,3903
16042,130,56,264,334,184
16043,388,759,2594,2329,2173
16044,1300,779,2383,2096,2487
16045,1473,412,232,253,267
16046,1261,2258,49,22,40
16047,2492,2047,32,132,123
16048,921,946,60,200,153
16049,784,465,323,231,214
16050,146,164,116,103,118
16051,2224,2127,3180,3233,3606
16052,177,24,55,119,102
16053,137,407,483,342,331
16054,142,10,5,68,63
16055,242,36,168,108,79
16056,93,762,1178,712,640
16057,248,262,188,351,332
16058,2452,1259,1721,1438,1483
16059,349,190,966,740,805
16060,74,42,740,299,227
16061,771,770,3747,2770,2954
16062,729,140,72,65,44
16063,2274,347,270,377,334
16064,43,21,383,107,163
16065,2305,1452,856,2407,2321
16066,282,409,143,255,214
16067,4,225,880,464,517
16068,378,180,615,652,601
16069,0,0,0,1,0
16070,1413,29,804,249,352
16071,438,263,57,49,45
16072,2997,4070,2251,1368,1659
16073,115,112,65,1529,2293
16074,0,0,0,0,0
16075,130,13,52,826,859
16076,185,450,124,468,577
16077,431,1342,264,766,880
16078,510,1761,2116,1008,715
16079,171,283,205,37,47
16080,539,554,426,200,128
16081,1171,463,571,1408,1417
16082,78,163,1112,624,861
16083,21,2653,1973,1507,1502
16084,223,64,107,58,34
16085,387,534,39,30,52
16086,50,1365,27,156,85
16087,4586,2388,974,600,772
16088,34,42,23,6,7
16089,158,108,224,526,455
16090,618,509,0,7,11
16091,880,436,505,1041,1185
16092,380,217,3,4,1
16093,298,557,272,211,189
16094,200,128,1,0,0
16095,4793,6018,6649,6580,6816
16096,126,675,236,158,134
16097,205,1244,1150,1145,993
16098,1343,1347,550,491,464
16099,23,41,9,51,106
16100,181,801,12,6,4
16101,2218,6576,7343,6259,5767
16102,877,853,1648,1395,1304
16103,1805,184,142,255,318
16104,740,642,51,40,9
16105,30,57,31,40,41
16106,2115,848,54,26,40
16107,65,33,36,24,23
16108,40,2213,2251,1915,2030
16109,644,517,152,664,790
16110,471,169,222,82,86
16111,185,185,492,643,586
16112,483,4095,2719,3434,3411
16113,2051,1506,1517,3143,2894
16114,920,35,2,0,0
16115,20,516,176,64,43
16116,131,658,794,651,633
16117,19,272,458,195,269
16118,2282,110,682,313,256
16119,124,649,484,327,311
16120,930,1111,4565,4300,4236
16121,237,52,826,606,549
16122,16,437,635,485,627
16123,3056,901,1239,1221,1290
16124,321,1036,656,679,387
16125,230,477,895,836,711
16126,1730,1018,1686,1635,1551
16127,325,168,73,37,49
16128,39,1343,509,510,506
16129,183,428,40,13,12
16130,966,268,96,22,15
16131,1520,2640,913,178,216
16132,2860,7024,5542,4697,5172
16133,333,3815,2549,2347,2383
16134,2636,399,486,285,345
16135,2788,1536,354,1132,1272
16136,123,116,102,167,139
16137,5,886,1219,1735,1823
16138,1757,627,1739,1184,1146
16139,215,206,74,188,143
16140,25,471,300,855,876
16141,2,1865,272,122,43
16142,12,139,35,141,137
16143,400,3497,7982,7769,7837
16144,353,158,286,220,154
16145,81,87,86,135,100
16146,484,747,162,696,568
16147,3,33,48,148,157
16148,1962,2023,448,1996,2728
16149,352,51,72,12,18
16150,34,200,206,129,108
16151,996,641,288,249,283
16152,128,698,61,23,19
16153,1133,1797,2272,2390,2379
16154,269,75,324,306,299
16155,49,919,324,263,298
16156,98,135,195,210,230
16157,3356,2183,2050,2321,2484
16158,326,134,904,385,540
16159,494,22,435,141,85
16160,2277,543,734,67,42
16161,936,44,22,377,348
16162,522,442,200,563,643
16163,3702,3623,1548,1811,1660
16164,1135,2664,1974,771,719
16165,1206,609,421,1251,1436
16166,25,21,18,8,5
16167,467,1329,708,535,466
16168,2814,1400,4771,4326,3789
16169,4544,4549,3982,3238,3432
16170,529,844,699,300,315
16171,546,1197,274,381,234
16172,32,349,62,519,391
16173,1092,691,298,675,640
16174,428,574,1142,2171,2195
16175,3862,6537,2267,1338,1188
16176,1379,1139,1109,864,909
16177,316,59,39,12,12
16178,58,505,39,15,24
16179,299,353,137,47,62
16180,1444,625,145,290,240
16181,8,1,8,6,4
16182,571,590,324,95,122
16183,62,233,42,34,10
16184,53,25,46,4,4
16185,1027,93,57,227,304
16186,125,2531,603,440,523
16187,920,251,450,187,125
16188,50,51,446,165,152
16189,169,544,884,722,843
16190,1448,40,229,319,329
16191,514,392,118,96,113
16192,1999,1624,1414,416,462
16193,2571,11,87,15,21
16194,1649,1453,2206,1765,1390
16195,973,721,2072,2344,2603
16196,59,59,53,24,23
16197,2117,263,286,357,444
16198,104,31,37,26,11
16199,304,564,262,319,291
16200,182,390,200,193,134
16201,261,4,14,196,164
16202,197,287,3409,2305,2744
16203,262,64,619,465,440
16204,13,71,7,20,18
16205,611,3,26,32,36
16206,1172,1535,864,1367,1238
16207,195,5193,3812,3167,3421
16208,155,31,463,1716,1859
16209,23,98,233,211,271
16210,768,140,143,169,156
16211,248,472,365,176,219
16212,338,2,40,58,56
16213,1852,4539,462,548,597
16214,483,316,564,363,412
16215,1022,539,159,309,279
16216,110,534,78,340,331
16217,97,34,77,66,58
16218,101,159,10,3,2
16219,5803,4073,1600,1270,1381
16220,3256,437,296,1183,1258
16221,154,151,319,292,268
16222,173,2025,369,451,314
16223,691,770,16,7,4
16224,373,39,382,486,620
16225,154,297,1157,756,718
16226,57,1408,784,1706,1660
16227,165,251,501,853,783
16228,206,238,314,236,293
16229,2416,1936,1157,771,777
16230,56,64,199,359,403
16231,47,200,181,164,186
16232,1035,2284,4902,3822,3756
16233,69,162,275,332,371
16234,685,114,977,154,186
16235,385,744,2535,2521,2689
16236,28,168,373,263,214
16237,91,141,829,777,872
16238,138,483,622,614,603
16239,1357,2002,489,689,564
16240,3676,3335,851,584,570
16241,173,493,381,89,120
16242,486,92,64,83,68
16243,635,971,1405,860,1039
16244,235,120,2,9,12
16245,291,1092,2308,4916,5715
16246,2270,305,2494,1444,1326
16247,346,877,453,403,467
16248,198,240,95,55,52
16249,24,11,19,14,34
16250,6,2,3,2,2
16251,22,2,19,10,6
16252,292,1639,96,120,91
16253,559,1713,1620,1246,1879
16254,229,568,765,926,927
16255,38,214,10,44,48
16256,46,38,32,33,36
16257,131,418,344,361,324
16258,1,178,311,276,348
16259,2,213,106,38,21
16260,2667,1518,2047,1127,1029
16261,1542,1,3467,2612,2833
16262,155,396,63,30,21
16263,5336,334,129,60,60
16264,317,3714,445,549,354
16265,816,1062,4658,3108,3659
16266,465,305,91,23,19
16267,4803,2822,2524,2212,2331
16268,1871,1748,1155,2550,2373
16269,50,41,34,76,69
16270,759,366,337,162,178
16271,3266,2149,1185,1461,1661
16272,1051,58,175,120,112
16273,694,923,1791,1074,1307
16274,2078,3222,2554,2004,1961
16275,305,9,417,293,314
16276,855,1222,264,221,236
16277,779,599,1245,805,692
16278,754,2418,4170,3867,3741
16279,198,227,519,226,176
16280,5488,3044,1828,2373,2337
16281,3928,7400,4133,3715,3032
16282,950,1111,3023,1793,1740
16283,948,1783,344,425,277
16284,5783,330,117,555,539
16285,5428,2899,2379,4696,4839
16286,1080,841,764,1981,2205
16287,2722,1856,1329,882,814
16288,1176,924,236,381,294
16289,207,139,658,509,546
16290,1352,2011,1091,1157,1238
16291,381,788,2431,1332,1261
16292,0,3,26,40,48
16293,471,1027,900,709,537
16294,1,0,3,0,0
16295,93,327,803,1179,1061
16296,1641,6,12,3,12
16297,39,50,14,38,21
16298,24,97,48,77,49
16299,4431,3599,1267,1324,1091
16300,22,1,23,8,8
16301,592,686,252,97,78
16302,5475,4273,2849,2259,2078
16303,1,85,298,61,41
16304,22,693,655,550,497
16305,1221,484,808,744,658
16306,0,0,2,0,0
16307,2409,1500,1175,884,1063
16308,2327,3766,3784,3813,3708
16309,14,40,6,31,25
16310,332,2116,165,201,307
16311,171,168,177,107,106
16312,1522,5788,5745,5798,5967
16313,435,311,863,480,378
16314,48,247,19,6,9
16315,39,95,65,274,231
16316,4563,2794,1733,296,324
16317,471,627,489,491,261
16318,682,1653,1160,1197,1235
16319,4,13,321,63,93
16320,3089,1756,1722,1166,1168
16321,567,13,43,106,87
16322,1139,2474,2683,1514,1422
16323,56,140,776,578,428
16324,95,19,0,0,0
16325,1277,2475,814,653,716
16326,165,933,684,1440,1432
16327,1711,1569,899,1530,1403
16328,1042,1392,147,676,680
16329,3036,1787,5089,2415,2342
16330,138,147,139,417,326
16331,7221,6427,3897,5853,6164
16332,3190,2151,858,849,612
16333,1170,1182,2288,1704,1548
16334,1613,3336,358,567,719
16335,97,52,17,13,30
16336,64,55,399,491,274
16337,191,332,181,477,537
16338,699,98,360,231,275
16339,89,203,255,299,276
16340,10,90,0,0,0
16341,653,606,2318,2094,2537
16342,1213,3599,4248,5527,5060
16343,2860,462,2396,1585,1819
16344,256,519,615,565,762
16345,5078,6219,3002,4028,4518
16346,20,2,24,14,17
16347,8,6,4,3,2
16348,342,1320,1092,523,347
16349,2676,465,542,515,501
16350,2478,3090,734,990,717
16351,3933,2795,2780,2052,1831
16352,878,1139,489,926,822
16353,1438,1650,440,666,625
16354,2,123,44,34,46
16355,5742,1528,2083,1977,1947
16356,451,489,124,100,73
16357,412,727,748,1444,1287
16358,108,16,607,826,393
16359,839,2416,73,59,113
16360,767,293,3,20,24
16361,532,236,1449,1068,1142
16362,5285,6458,5785,3170,3448
16363,52,259,300,62,54
16364,273,16,46,8,12
16365,458,1960,2035,3282,3133
16366,748,207,1842,1541,1392
16367,1631,572,366,586,745
16368,463,181,973,336,335
16369,313,1231,1743,2078,2026
16370,1080,433,548,406,511
16371,1406,60,783,921,1274
16372,2354,2178,1942,3134,3042
16373,224,481,156,244,286
16374,176,4059,5439,3437,3653
16375,376,2867,3483,3400,3508
16376,33,520,1335,435,322
16377,38,140,546,394,338
16378,1355,3932,2958,3112,3721
16379,143,101,975,454,498
16380,34,1986,2612,2748,2382
16381,452,1147,964,1046,1149
16382,5138,4861,5971,5695,5419
16383,448,605,951,742,735
16384,407,1064,1587,1713,1781
16385,101,33,73,94,104
16386,10,56,130,152,199
16387,140,1188,208,104,89
16388,111,1141,308,333,412
16389,264,49,4,122,119
16390,635,9,317,61,67
16391,3458,892,5041,4865,4949
16392,3960,1894,4621,4501,4567
16393,51,40,47,136,169
16394,775,1550,33,66,69
16395,742,5347,3260,2296,2361
16396,1,59,340,336,282
16397,3355,214,832,503,555
16398,102,60,1,1,2
16399,329,240,428,294,316
16400,7,266,89,26,38
16401,4646,6470,323,576,571
16402,165,841,1422,920,737
16403,51,119,481,812,938
16404,422,20,36,28,14
16405,101,11,40,12,8
16406,197,114,30,19,18
16407,195,394,685,427,333
16408,243,526,500,299,231
16409,2,0,1,1,1
16410,91,61,8,115,100
16411,240,234,193,125,106
16412,355,286,136,336,310
16413,3058,2110,2325,2219,2214
16414,84,55,217,510,572
16415,2289,451,355,685,609
16416,126,23,1,1,0
16417,18,7,2,6,4
16418,5019,3944,722,666,593
16419,585,1348,931,852,1024
16420,2280,1825,1390,1044,1184
16421,17,9,298,373,338
16422,542,768,53,21,21
16423,195,1352,225,202,301
16424,84,176,118,181,224
16425,8,724,7,3,3
16426,38,83,23,7,29
16427,825,102,2125,1565,1171
16428,1368,1601,200,2743,3334
16429,2224,814,2161,1012,1245
16430,1579,318,1442,868,908
16431,2973,1040,4014,3990,4356
16432,8,153,116,142,143
16433,92,458,415,451,470
16434,805,828,764,1977,2295
16435,115,112,88,149,92
16436,686,978,2821,2609,2886
16437,189,31,275,500,548
16438,452,61,48,38,20
16439,19,1026,630,507,479
16440,79,72,43,110,95
16441,598,3865,3680,4777,4298
16442,1450,1226,911,721,995
16443,761,366,592,460,626
16444,650,1905,167,988,1223
16445,6,24,36,41,34
16446,1518,4030,5684,4397,4501
16447,372,258,517,753,764
16448,75,772,800,283,291
16449,692,682,564,802,673
16450,703,651,763,688,825
16451,858,947,733,1058,1109
16452,401,619,394,84,138
16453,1024,40,246,221,203
16454,8,33,129,48,72
16455,731,915,354,392,369
16456,75,214,314,652,608
16457,326,568,274,187,209
16458,263,2,11,182,149
16459,1495,438,1091,1256,1056
16460,434,49,245,260,188
16461,1006,2304,1260,1195,1210
16462,706,1230,1487,988,1150
16463,22,76,137,68,109
16464,233,927,186,106,74
16465,18,296,214,576,628
16466,1729,1928,355,602,638
16467,494,85,257,179,166
16468,122,721,58,282,282
16469,39,236,239,129,110
16470,139,86,56,73,61
16471,57,228,39,13,7
16472,1933,302,3,18,40
16473,1584,112,338,484,298
16474,5237,1540,3635,2828,3051
16475,731,1090,590,1719,1755
16476,378,393,95,108,126
16477,310,3323,7129,6090,6144
16478,856,365,194,86,60
16479,316,794,105,65,39
16480,4479,1361,2458,3993,4082
16481,3979,403,195,543,400
16482,1024,98,250,198,230
16483,1232,173,344,187,189
16484,187,46,279,161,156
16485,366,282,73,52,57
16486,261,202,374,280,240
16487,692,132,368,200,195
16488,872,1863,717,350,290
16489,233,147,311,322,278
16490,512,122,607,438,451
16491,627,301,907,525,527
16492,312,16,52,184,208
16493,1384,596,878,572,854
16494,966,314,2683,2475,2173
16495,165,71,154,93,74
16496,275,117,124,342,255
16497,461,419,179,194,128
16498,758,1013,773,1309,1595
16499,118,167,336,830,941
16500,311,14,102,161,148
16501,75,35,63,100,69
16502,318,1132,462,245,294
16503,72,248,263,186,186
16504,875,427,12,67,38
16505,1982,450,572,974,950
16506,132,131,4,5,7
16507,8,15,249,91,143
16508,4979,5418,6216,6200,5983
16509,22,3,110,54,90
16510,1008,1289,319,245,239
16511,2926,2443,811,930,696
16512,3182,3779,2019,2531,2533
16513,326,1363,276,100,93
16514,84,110,362,242,288
16515,278,540,60,731,751
16516,1436,1961,1642,1429,844
16517,237,516,25,423,422
16518,1660,4525,4262,4228,3699
16519,801,1713,350,295,271
16520,1368,27,101,144,219
16521,1,559,940,1259,973
16522,3051,3392,1905,2683,2511
16523,1275,2207,1801,241,458
16524,1,498,222,42,38
16525,1430,307,487,1155,1209
16526,32,4,0,2,2
16527,4427,1802,1414,1099,1050
16528,147,42,24,81,85
16529,15,73,44,211,116
16530,908,740,841,2149,2269
16531,85,3720,1093,769,777
16532,6175,2933,1048,1228,1126
16533,8,207,102,393,318
16534,3996,487,228,128,117
16535,85,7,5,2,1
16536,175,356,29,22,14
16537,1973,894,417,423,345
16538,77,63,341,210,212
16539,1416,1127,1588,1802,1862
16540,917,1695,596,160,164
16541,0,0,0,0,0
16542,514,773,75,259,388
16543,15,8,1,10,12
16544,57,127,482,332,273
16545,791,833,2341,1352,1482
16546,1183,1526,1246,1658,1548
16547,344,2102,1145,730,630
16548,2578,1521,5470,4382,4351
16549,1874,1038,2175,2439,3233
16550,139,17,87,5,6
16551,15,281,432,542,572
16552,63,2630,62,78,63
16553,48,270,12,12,10
16554,1,1035,16,19,12
16555,3436,804,717,548,477
16556,408,568,59,144,124
16557,155,414,671,675,720
16558,608,217,0,111,105
16559,964,794,1791,2168,2180
16560,890,16,67,324,309
16561,365,959,878,3327,4084
16562,519,303,341,274,297
16563,1976,2220,2206,2436,2151
16564,2605,1816,1033,784,747
16565,546,215,910,450,372
16566,14,17,13,72,85
16567,82,635,823,462,764
16568,290,170,2169,842,731
16569,1823,1245,192,158,194
16570,141,299,70,136,58
16571,269,519,125,156,136
16572,226,214,55,32,28
16573,339,162,1573,1073,1146
16574,1393,2162,3002,1809,1737
16575,202,52,314,550,611
16576,182,378,295,183,91
16577,2200,1612,1939,1211,1086
16578,447,4267,1013,1176,1620
16579,1314,1460,468,476,531
16580,196,485,180,222,181
16581,1390,442,81,29,34
16582,218,155,197,120,141
16583,1244,443,5,47,49
16584,1480,2486,1514,1497,1545
16585,606,612,624,470,530
16586,519,53,5,8,11
16587,104,606,1356,907,1078
16588,185,534,0,0,0
16589,20,40,14,6,7
16590,380,722,65,24,35
16591,7818,5051,5781,5335,5930
16592,322,1488,504,1273,1312
16593,203,1140,2267,1862,1823
16594,1223,258,27,126,122
16595,4,137,596,226,284
16596,4484,589,2823,1807,2602
16597,175,1888,208,266,212
16598,4714,3785,4099,3994,3789
16599,679,136,215,176,148
16600,251,1304,722,998,870
16601,17,10,24,6,13
16602,40,239,230,149,156
16603,469,327,44,22,27
16604,436,830,244,157,118
16605,415,929,1048,652,506
16606,166,1842,2462,3006,2769
16607,12,116,46,34,35
16608,505,326,361,90,119
16609,1001,2,1880,1354,1283
16610,2146,3704,1362,706,551
16611,2,49,26,26,19
16612,472,22,102,330,360
16613,1063,207,2,120,118
16614,18,29,25,22,21
16615,298,22,31,16,10
16616,162,121,126,811,844
16617,1159,148,375,452,525
16618,4127,5111,3846,3188,2302
16619,1534,1247,146,230,161
16620,514,109,60,52,29
16621,919,1947,2625,2815,2810
16622,1644,1396,371,188,163
16623,16,34,1,79,70
16624,4605,4875,5280,8311,8647
16625,861,1754,2365,1315,1246
16626,70,283,630,634,562
16627,1322,1991,3996,4471,4393
16628,964,704,3764,4129,3978
16629,5,3,4,1,2
16630,232,663,564,782,945
16631,385,980,2418,3523,4152
16632,2419,887,1577,1078,989
16633,2366,2715,194,57,53
16634,113,1004,455,369,272
16635,252,605,573,489,412
16636,336,427,545,519,516
16637,68,399,300,112,87
16638,442,816,234,318,440
16639,244,592,459,622,540
16640,69,550,355,790,358
16641,522,49,440,107,214
16642,5,18,46,76,66
16643,17,167,177,75,71
16644,235,127,13,2,3
16645,2181,1536,2091,1581,1705
16646,6461,3406,4422,8181,8173
16647,6191,5443,4696,4123,4446
16648,1466,1526,3200,3169,2876
16649,1115,1414,350,390,406
16650,377,25,228,143,123
16651,366,44,149,129,145
16652,1515,1232,3314,2790,2590
16653,744,1107,605,1512,1605
16654,838,816,195,685,1119
16655,562,390,710,1647,1386
16656,769,202,133,515,811
16657,253,240,145,53,56
16658,165,309,76,52,63
16659,913,890,3480,2343,2594
16660,5170,4115,3774,3918,3530
16661,6927,7655,3752,2601,2526
16662,3926,3567,3389,3384,3252
16663,284,547,700,1054,1417
16664,334,29,60,7,6
16665,1253,156,80,3,1
16666,1324,365,2267,723,983
16667,1214,457,1790,1513,1725
16668,2267,270,1880,691,928
16669,574,306,239,920,1041
16670,107,14,146,366,498
16671,564,171,210,137,173
16672,2437,7,1015,992,772
16673,72,1576,190,434,444
16674,103,2,365,317,316
16675,1168,2234,1743,2569,3077
16676,218,260,2704,681,521
16677,305,203,2000,915,713
16678,1787,3716,1728,3662,3401
16679,639,151,100,88,122
16680,2104,974,547,569,841
16681,5008,2840,1937,1277,1153
16682,59,303,1342,863,858
16683,168,1101,1585,1638,1433
16684,163,139,149,280,436
16685,262,245,346,365,561
16686,5939,7039,6938,7766,7555
16687,240,50,9,5,7
16688,396,229,40,41,40
16689,784,178,184,251,390
16690,1216,469,1284,1335,1388
16691,344,484,137,72,47
16692,465,1095,55,43,35
16693,319,3458,4322,6741,6918
16694,163,1504,3383,3467,3203
16695,276,4325,3935,3515,3381
16696,285,4868,2799,2552,2335
16697,633,1226,1165,1147,1019
16698,1141,2099,394,440,459
16699,2,297,47,120,137
16700,688,1515,2040,1473,1580
16701,2,326,25,80,88
16702,716,92,431,582,423
16703,209,119,712,799,643
16704,107,1465,171,55,117
16705,325,74,54,86,139
16706,695,10,45,65,87
16707,6251,9156,8852,9140,9144
16708,259,1731,615,519,486
16709,45,1045,1086,1058,1027
16710,399,254,210,190,203
16711,2651,1654,1865,2160,2011
16712,5827,4366,2049,1965,1370
16713,3728,2840,2468,1957,1517
16714,0,860,245,213,143
16715,276,39,844,563,329
16716,1355,3476,4752,3522,3480
16717,617,664,1031,946,1195
16718,6999,6071,5913,7760,7435
16719,210,804,1044,1148,1484
16720,362,3664,1065,605,674
16721,1053,1999,768,529,580
16722,578,6591,2062,601,510
16723,100,743,864,928,677
16724,267,34,74,193,166
16725,182,51,18,13,34
16726,658,461,290,76,94
16727,283,869,86,21,30
16728,939,505,3170,2704,2965
16729,196,146,214,228,411
16730,424,142,857,1001,946
16731,1538,746,1259,1278,1943
16732,161,1372,3251,1628,1521
16733,953,4095,3443,1000,1020
16734,252,2007,1450,901,829
16735,128,61,1469,978,812
16736,76,625,35,65,83
16737,116,66,76,283,225
16738,3378,1976,2243,2415,2404
16739,2428,230,1704,1218,1304
16740,1875,1415,167,672,691
16741,112,303,100,360,349
16742,7514,2877,1815,1713,1672
16743,128,182,266,511,499
16744,2389,178,840,492,650
16745,2006,272,1364,861,1004
16746,435,473,1057,867,799
16747,157,20,28,1,1
16748,3890,1584,1742,2438,2672
16749,235,18,38,0,0
16750,35,208,500,330,320
16751,6261,3296,5447,3461,3481
16752,83,316,1418,1027,950
16753,1942,160,148,1041,996
16754,2528,733,2013,1220,1221
16755,119,144,14,1,4
16756,3580,44,1062,291,336
16757,6503,7390,4861,8373,8423
16758,141,62,103,25,34
16759,2040,785,457,700,899
16760,1093,753,496,762,729
16761,1044,262,418,445,527
16762,973,2,99,75,80
16763,945,9,98,105,104
16764,2933,1439,1112,1049,1060
16765,1893,1737,928,978,729
16766,624,1916,714,334,279
16767,1407,1867,394,93,82
16768,3536,2237,3137,3740,3372
16769,386,834,1041,3568,3591
16770,563,606,1734,1388,1207
16771,724,3,96,2368,2631
16772,449,92,35,109,101
16773,157,2,14,638,620
16774,36,46,532,1515,1743
16775,1214,593,85,172,88
16776,24,35,238,237,138
16777,3643,2235,96,2296,2354
16778,4299,6773,6780,5881,5828
16779,3224,1582,3441,2298,2113
16780,1555,2676,1577,1696,2745
16781,1866,308,681,1000,1428
16782,882,918,2113,1892,1994
16783,116,3978,7025,7378,7639
16784,836,1090,995,568,609
16785,86,1828,2059,1393,1522
16786,199,7,77,12,20
16787,320,20,220,107,131
16788,80,13,75,27,33
16789,56,108,332,1004,804
16790,21,77,167,284,306
16791,27,368,331,413,359
16792,666,813,206,278,297
16793,351,239,1150,1480,1853
16794,522,890,199,298,277
16795,4053,2910,472,904,1199
16796,94,559,239,248,211
16797,23,430,198,192,206
16798,8,297,115,39,44
16799,2,199,436,86,62
16800,88,179,597,407,462
16801,2986,5178,6346,6757,6859
16802,5482,4861,2839,2709,2659
16803,8957,8817,8022,7950,8041
16804,148,552,4,81,92
16805,878,81,1749,1428,1405
16806,526,1426,2657,2223,2143
16807,2437,988,4218,5100,5341
16808,4485,6448,7001,7069,6473
16809,1077,350,2740,3129,3346
16810,2358,2866,2585,5723,6176
16811,2141,3641,2435,4718,5272
16812,741,1136,1268,4110,4229
16813,511,944,1567,1836,2138
16814,323,566,1687,1693,1579
16815,2708,4602,326,123,131
16816,2236,1864,1397,1691,1756
16817,1435,3204,337,649,683
16818,1762,644,853,1735,2422
16819,654,2602,2537,2544,2483
16820,520,2328,689,644,619
16821,94,3992,2435,1767,2392
16822,2467,3028,1866,2419,1962
16823,1472,6038,970,1200,1064
16824,629,435,467,121,181
16825,196,48,77,116,91
16826,188,57,94,48,48
16827,93,61,79,35,30
16828,5589,7332,4480,4759,4728
16829,713,96,452,383,351
16830,1205,156,308,276,275
16831,548,1455,747,710,599
16832,3028,6453,2480,3163,2909
16833,273,1162,534,746,510
16834,315,99,12,76,49
16835,1294,67,17,91,65
16836,37,654,626,1485,1734
16837,810,478,1012,913,1047
16838,339,1517,1672,1995,1994
16839,14,383,331,500,665
16840,185,663,534,294,346
16841,2355,417,458,1198,1149
16842,212,913,308,189,229
16843,2641,5318,7060,6855,7124
16844,2249,1676,4410,4439,4119
16845,2855,2815,4861,4587,4336
16846,103,573,381,477,484
16847,67,603,341,403,376
16848,907,160,906,1211,1277
16849,937,667,5690,5749,5428
16850,222,97,1875,2355,2031
16851,859,357,3999,4237,3566
16852,1315,1901,698,476,438
16853,1197,954,391,684,643
16854,2304,682,661,845,771
16855,226,59,598,709,607
16856,432,35,7,116,100
16857,157,107,8,2241,1714
16858,883,212,87,224,212
16859,548,388,49,9,11
16860,705,558,99,49,68
16861,3077,5455,5029,4759,4589
16862,2349,502,355,602,667
16863,2172,847,653,794,963
16864,371,5,81,224,127
16865,124,493,818,939,892
16866,198,7,57,159,90
16867,40,520,1836,1963,1633
16868,7140,3062,3893,2833,3056
16869,17,891,1813,1313,1549
16870,174,1675,1271,3044,3179
16871,2500,5336,3364,3896,4060
16872,723,2260,1789,1121,1235
16873,85,55,184,349,505
16874,121,20,208,114,192
16875,320,366,327,158,281
16876,289,1145,268,767,957
16877,1767,1935,3519,3304,3003
16878,963,1269,532,2415,2801
16879,43,154,22,112,118
16880,25,28,20,31,32
16881,75,34,35,75,63
16882,1205,991,1293,1218,1056
16883,855,423,1147,1512,1333
16884,1340,1659,1032,593,788
16885,336,237,175,180,126
16886,152,164,844,1442,1442
16887,141,765,2926,4312,3957
16888,6596,3717,1364,899,925
16889,2886,2508,4051,2966,3233
16890,1594,1363,2452,4013,4194
16891,3955,2825,1894,1628,1498
16892,3390,3122,2640,2848,2897
16893,4840,3559,5767,5814,5656
16894,36,477,395,347,371
16895,384,1108,846,921,879
16896,95,889,768,1531,1313
16897,5,14,91,53,46
16898,14,15,0,0,0
16899,1,15,0,0,0
16900,630,1418,2159,5605,5743
16901,116,47,361,110,104
16902,461,103,700,189,185
16903,179,144,1050,818,847
16904,90,188,1268,835,873
16905,647,163,1061,814,864
16906,539,1062,1289,634,381
16907,60,155,318,178,96
16908,126,43,166,81,65
16909,150,400,410,288,304
16910,88,213,551,314,331
16911,108,920,1000,587,591
16912,1387,1250,894,707,826
16913,3210,1401,1518,2640,2656
16914,453,1118,1262,573,834
16915,4459,1855,4687,2151,1617
16916,1414,4473,6200,4984,4187
16917,827,4834,3933,4461,4372
16918,808,59,202,154,126
16919,1732,378,1024,2848,2534
16920,2515,88,218,166,163
16921,25,1631,1424,1400,1065
16922,52,3098,1693,1846,1374
16923,2733,8086,6270,6398,6840
16924,5121,5395,6711,4718,5052
16925,1631,1199,341,120,105
16926,4382,2592,263,90,67
16927,824,1285,251,142,167
16928,328,910,327,274,259
16929,4994,1359,2486,1319,1205
16930,556,1494,1058,1042,1232
16931,661,763,14,79,57
16932,2807,1379,912,877,954
16933,14,163,379,211,194
16934,544,175,1308,1391,1336
16935,2,92,565,321,338
16936,278,64,174,328,258
16937,140,68,83,17,17
16938,14,171,375,104,101
16939,178,1163,2469,1408,1520
16940,181,1117,2484,2042,2217
16941,1880,1235,2368,2038,2084
16942,2284,349,2563,1868,1655
16943,3042,3563,4025,2543,2123
16944,1408,403,2165,1534,1391
16945,210,511,25,16,26
16946,2957,1406,1098,963,544
16947,478,753,140,73,104
16948,74,617,486,213,354
16949,78,2570,1555,1558,1561
16950,140,3634,1299,2012,1578
16951,6588,4005,5019,4890,4889
16952,3318,3508,3582,4044,3882
16953,308,1384,1129,749,873
16954,5387,4129,3462,3998,4381
16955,1840,1179,3845,4885,4954
16956,2908,3392,5296,6539,6967
16957,97,247,391,1542,1766
16958,30,303,163,146,144
16959,24,41,34,27,29
16960,357,81,59,55,51
16961,261,77,35,945,781
16962,370,394,158,81,73
16963,1211,2500,1894,719,857
16964,1515,1488,1072,1596,1494
16965,1699,1889,586,256,313
16966,44,2,25,5,4
16967,75,392,123,112,104
16968,20,2,41,8,9
16969,53,156,1218,645,462
16970,404,750,237,119,139
16971,582,253,616,525,536
16972,934,761,616,539,543
16973,3811,1884,1765,1283,1197
16974,2009,2422,352,161,159
16975,979,661,863,1350,1382
16976,1693,6146,5178,5345,5662
16977,1493,2070,2796,3397,3430
16978,1127,789,1164,1352,1406
16979,546,302,318,336,311
16980,368,230,149,234,200
16981,2538,401,1219,1039,1187
16982,1274,3247,789,1271,1225
16983,1524,415,995,995,1096
16984,1361,301,2228,1475,1592
16985,1158,168,1945,1356,1493
16986,3567,982,1888,1378,1477
16987,1358,3494,2495,3079,3258
16988,1138,2300,3400,418,362
16989,1535,954,166,377,465
16990,1176,670,659,1408,1516
16991,49,407,517,171,142
16992,35,136,202,127,92
16993,2675,800,2580,2990,2762
16994,4234,5730,5774,5873,5765
16995,2919,1287,3541,3102,3135
16996,22,17,20,21,10
16997,1194,1519,1055,410,334
16998,849,2317,1448,279,283
16999,1057,1399,365,414,367
17000,859,938,222,305,326
17001,5747,1804,1326,1250,1388
17002,443,9,191,90,90
17003,356,1300,542,323,477
17004,288,35,232,163,141
17005,2705,882,1124,1159,1061
17006,2054,331,2056,2848,2651
17007,5589,1956,1739,2357,2401
17008,1806,2673,1358,1002,780
17009,686,227,380,383,520
17010,511,622,1385,1051,852
17011,703,683,917,1730,1211
17012,2567,1619,1054,2126,2287
17013,350,2868,1534,948,674
17014,2223,1068,2098,1461,1308
17015,6313,5206,5802,5644,5402
17016,1670,814,1057,820,793
17017,623,472,469,384,367
17018,674,530,1543,1242,1252
17019,577,1374,1248,1206,1084
17020,18,500,569,20,12
17021,12,358,485,176,168
17022,30,2338,608,131,76
17023,3319,595,1296,731,898
17024,3821,614,1659,1170,1158
17025,2298,6114,2704,1668,1611
17026,576,1236,659,555,475
17027,291,51,740,651,511
17028,475,81,454,484,419
17029,253,216,114,70,89
17030,388,390,255,1399,1339
17031,183,201,107,30,46
17032,949,484,1105,818,771
17033,1243,641,810,586,579
17034,3917,886,1763,3374,3611
17035,951,1280,3658,3036,3234
17036,336,736,268,513,459
17037,274,711,3734,2493,2709
17038,61,129,944,2256,2479
17039,164,377,2765,4576,4877
17040,1562,1006,2963,2438,2251
17041,1759,2760,3469,3421,3978
17042,189,42,0,0,0
17043,3015,538,153,91,80
17044,2035,1698,559,495,399
17045,123,96,191,178,187
17046,180,82,137,193,203
17047,1972,3419,2985,2491,2280
17048,1883,2967,1873,1729,1409
17049,8284,7968,8387,8083,8059
17050,38,313,34,29,25
17051,46,629,29,31,28
17052,6183,3263,833,2639,2676
17053,1351,1022,1059,1293,1235
17054,533,288,1484,1459,1728
17055,806,329,1346,1961,1898
17056,80,777,430,473,305
17057,820,2295,938,1427,1492
17058,715,246,322,177,134
17059,358,8,273,99,99
17060,208,460,134,128,129
17061,787,1186,469,996,834
17062,290,6123,4404,3133,2832
17063,165,3306,798,1385,1092
17064,3019,2468,451,674,527
17065,571,310,92,104,68
17066,4825,6447,4922,3923,3678
17067,910,468,323,372,268
17068,440,2045,4777,3900,4343
17069,414,2143,3438,2506,2473
17070,423,204,115,112,117
17071,1206,721,1379,2248,2325
17072,1132,517,594,707,807
17073,1296,2357,7399,6290,6281
17074,1183,2158,1572,2830,2589
17075,3034,4035,4348,3707,3580
17076,1414,1200,1542,2318,2143
17077,749,252,397,156,155
17078,502,494,621,316,401
17079,677,68,106,197,183
17080,650,118,14,34,27
17081,153,29,231,148,159
17082,308,69,271,109,106
17083,275,140,40,42,48
17084,1662,895,46,73,70
17085,1076,1024,51,41,28
17086,4405,7162,4655,5057,5211
17087,397,423,435,372,333
17088,145,781,1265,1070,1118
17089,855,895,433,278,336
17090,690,90,380,414,367
17091,2,70,71,93,93
17092,3199,2010,1451,1945,2023
17093,2036,1598,1109,1003,1070
17094,2158,3013,994,868,953
17095,809,624,1227,1170,1257
17096,4747,3071,2981,1474,1519
17097,308,447,668,613,634
17098,6109,3965,2805,2818,2651
17099,67,636,857,1139,1110
17100,20,763,1053,1218,1199
17101,1765,4069,2151,2484,2535
17102,1673,257,1161,2016,2094
17103,1024,375,1151,1228,1387
17104,5815,3509,2496,1780,2062
17105,946,313,506,324,335
17106,4663,1912,1590,2608,2673
17107,170,460,141,1771,1749
17108,274,36,160,37,23
17109,564,42,208,70,26
17110,31,200,436,303,307
17111,67,489,741,1761,1819
17112,475,955,719,585,545
17113,1311,1875,2814,2050,2170
17114,7224,7719,5276,4013,4463
17115,614,711,1173,1654,1513
17116,1640,3199,1614,2896,2939
17117,128,522,638,1696,1681
17118,231,716,1018,2543,2559
17119,26,176,7,25,29
17120,67,204,80,217,206
17121,6427,332,998,715,698
17122,219,1425,1427,1433,1193
17123,1311,1492,793,530,698
17124,324,1913,1357,871,1069
17125,2076,1985,313,1183,1583
17126,622,2509,2495,2131,1964
17127,370,426,299,707,953
17128,74,2284,1419,2162,2309
17129,161,626,3334,3113,3388
17130,782,1213,4634,3237,3429
17131,100,136,835,953,834
17132,255,296,681,812,780
17133,2163,1341,536,940,1138
17134,264,131,61,8,33
17135,203,184,74,26,50
17136,5307,2544,2782,2570,2738
17137,77,51,33,380,466
17138,238,398,314,153,173
17139,8376,5847,4409,4621,4905
17140,369,1450,1483,2958,2532
17141,1550,1646,1830,1190,1368
17142,613,800,566,711,787
17143,4,381,1312,1673,1519
17144,5465,8216,5402,4470,5183
17145,2320,3644,4892,3794,3690
17146,5016,5539,4406,3554,3739
17147,1,1,35,17,25
17148,97,312,100,290,289
17149,863,185,624,1230,953
17150,104,32,126,47,50
17151,500,143,143,110,117
17152,574,278,179,95,143
17153,831,546,110,65,87
17154,626,498,940,677,695
17155,278,2338,996,623,564
17156,292,1262,1490,1884,2102
17157,744,1794,346,171,144
17158,199,438,1678,968,938
17159,604,1802,1931,1291,1223
17160,2515,1693,2406,3990,3583
17161,163,291,57,241,219
17162,12,17,91,65,66
17163,13,15,68,118,128
17164,135,167,1558,1596,1600
17165,181,624,940,2240,1958
17166,5414,260,980,1096,1350
17167,1354,684,1346,3432,3096
17168,792,456,245,1067,1004
17169,1625,1004,663,1698,1806
17170,272,1167,428,592,539
17171,478,989,704,486,547
17172,588,1569,2181,1984,1738
17173,319,416,337,1268,1295
17174,1151,732,522,649,389
17175,2452,984,792,179,114
17176,66,397,3,8,14
17177,1911,2089,775,1625,1809
17178,1816,2739,1720,3308,3017
17179,1866,583,52,164,160
17180,93,13,81,145,158
17181,960,471,53,146,144
17182,242,909,448,295,199
17183,223,699,430,121,85
17184,3874,1016,3351,2559,3007
17185,1670,1542,3231,3071,2949
17186,3990,249,470,51,99
17187,3589,1144,649,60,127
17188,820,1306,1151,1193,1208
17189,15,898,543,849,888
17190,12,1618,754,610,579
17191,177,78,384,300,317
17192,872,181,2096,2396,2660
17193,1960,1134,163,374,460
17194,641,310,615,685,764
17195,2759,1175,790,699,908
17196,2455,3005,7668,7711,7448
17197,1341,329,647,202,185
17198,8,52,23,3,2
17199,9,32,31,3,3
17200,185,1484,1105,998,1016
17201,3231,104,1351,673,600
17202,340,157,44,114,140
17203,2018,1143,1213,1774,1893
17204,2246,96,235,796,750
17205,3647,138,145,577,577
17206,44,288,120,289,327
17207,223,90,186,91,86
17208,91,131,10,363,379
17209,655,607,163,126,191
17210,250,632,122,97,126
17211,629,2478,1595,4964,4707
17212,111,13,23,10,11
17213,109,23,15,5,7
17214,677,295,267,140,122
17215,7108,2743,6456,6478,6427
17216,1928,3007,442,325,257
17217,2310,1110,600,624,512
17218,255,6,7,25,42
17219,2921,59,1480,476,434
17220,4003,184,1672,759,714
17221,1864,668,1911,827,1115
17222,1136,2745,1356,831,852
17223,4130,495,1394,462,706
17224,3537,1983,880,1607,1749
17225,22,529,1954,3884,3792
17226,1139,405,579,1719,1587
17227,328,338,516,440,473
17228,61,97,345,365,361
17229,540,149,140,15,20
17230,59,768,168,391,431
17231,1040,4228,2543,3754,3879
17232,20,238,125,310,340
17233,3361,3736,3664,3861,3065
17234,4639,4122,2098,2201,1855
17235,3950,8657,5427,5701,5912
17236,38,67,35,34,41
17237,4229,65,40,47,30
17238,15,55,52,65,76
17239,517,2335,1889,1377,1518
17240,1088,504,637,322,267
17241,712,1208,1380,570,482
17242,1742,95,786,611,669
17243,1541,416,3187,3213,3244
17244,3717,6654,2420,4090,3530
17245,72,304,352,295,252
17246,578,359,690,425,288
17247,72,691,410,253,317
17248,4255,5274,7154,7375,6980
17249,2353,1102,4913,3092,3188
17250,581,573,2309,1350,1357
17251,5444,4195,2701,2333,2499
17252,1531,3141,46,18,6
17253,2063,3101,230,81,52
17254,329,69,95,112,92
17255,208,99,79,78,75
17256,2220,1774,1592,264,350
17257,45,157,3,1,1
17258,2198,2371,1146,821,996
17259,8107,8454,8070,8467,8132
17260,305,1944,4139,3635,4079
17261,1230,951,1045,2163,2200
17262,1647,644,509,1966,2189
17263,725,917,240,252,179
17264,509,672,2994,2564,2975
17265,4430,875,436,478,387
17266,305,454,285,122,141
17267,612,919,187,69,83
17268,824,700,151,85,81
17269,1565,1743,1654,2197,2369
17270,2953,2191,435,256,303
17271,901,1871,2335,2262,2604
17272,1,181,1639,1710,1811
17273,7,166,1274,725,502
17274,3290,529,744,412,264
17275,2066,2225,323,632,317
17276,1981,715,173,442,313
17277,1257,1811,289,713,652
17278,12,6086,513,2151,1570
17279,1527,378,79,1508,1375
17280,11,321,37,1690,1538
17281,899,1649,468,575,490
17282,408,647,221,1126,1212
17283,533,1486,344,546,566
17284,1211,860,1826,2303,2423
17285,5969,1271,2101,3334,3207
17286,1047,1686,6026,7212,7174
17287,1995,666,67,21,15
17288,1185,1498,1347,1572,1566
17289,1651,862,49,26,13
17290,498,973,223,225,154
17291,620,789,114,147,98
17292,565,1097,729,943,991
17293,2224,25,284,87,71
17294,75,29,619,344,288
17295,62,3339,1527,1226,1152
17296,2225,1626,11,236,101
17297,24,2336,842,972,752
17298,18,1435,6,128,45
17299,83,39,7,1,1
17300,93,120,126,60,53
17301,31,99,279,174,226
17302,919,1544,917,633,785
17303,4353,4931,6317,6159,6025
17304,26,67,331,239,241
17305,55,75,1302,939,1387
17306,3968,3630,925,1254,1312
17307,3554,3179,3810,2999,3272
17308,3114,562,1,6,2
17309,747,467,9,15,8
17310,885,467,1158,1041,770
17311,805,1177,444,690,690
17312,248,138,167,818,997
17313,911,450,434,639,582
17314,244,1553,1931,1075,906
17315,269,1473,875,764,755
17316,2202,7121,8134,8437,8393
17317,3131,1223,1116,1618,2135
17318,424,243,3910,2570,2764
17319,6022,6667,7111,6928,6321
17320,885,1811,1288,1055,1023
17321,1250,622,522,508,416
17322,1089,726,498,553,414
17323,1980,617,1808,1103,853
17324,429,226,470,363,519
17325,2218,1454,1325,1038,1090
17326,6595,7731,6097,6941,6804
17327,125,128,81,266,259
17328,277,162,202,430,382
17329,8,197,371,179,176
17330,4599,778,1619,2778,2527
17331,275,403,535,56,42
17332,2318,2604,246,383,473
17333,588,2465,674,326,479
17334,1669,2651,1749,1767,1612
17335,6141,3497,5478,4404,4108
17336,2984,1079,1985,1395,1330
17337,2139,1058,2286,5990,5622
17338,1692,7135,5073,3514,4287
17339,1798,1802,765,1526,2104
17340,1265,3584,1146,3992,4346
17341,3883,2881,3175,4025,3990
17342,3662,910,250,1062,1198
17343,3290,1448,228,1069,1181
17344,289,89,335,871,940
17345,404,119,393,989,1138
17346,722,766,731,1924,1719
17347,57,1072,3503,3511,3716
17348,2179,1497,3013,2725,3091
17349,255,577,1159,964,1271
17350,1790,916,2260,1965,2273
17351,586,235,515,1004,936
17352,42,754,157,191,126
17353,1516,996,349,221,131
17354,567,2197,1070,1178,953
17355,146,723,124,97,54
17356,2367,402,117,141,127
17357,2915,960,884,767,600
17358,5222,1750,1252,1914,2223
17359,30,309,170,55,67
17360,304,115,223,34,35
17361,36,190,278,41,35
17362,404,310,215,264,317
17363,605,197,391,668,619
17364,886,315,779,399,355
17365,2253,2152,1573,1309,1523
17366,1429,2168,4816,4466,4697
17367,774,1693,2605,2903,2697
17368,446,160,111,140,139
17369,567,518,371,77,122
17370,138,306,419,46,81
17371,3650,1285,2498,4313,4195
17372,4183,1709,1331,2626,2572
17373,6656,2892,3559,2640,2825
17374,1538,1378,489,299,239
17375,464,451,127,98,69
17376,8172,8388,8660,8910,8811
17377,482,820,4370,3058,3192
17378,1428,658,1332,1420,1506
17379,397,287,964,877,890
17380,1138,329,379,182,228
17381,386,622,894,451,446
17382,388,112,77,43,62
17383,335,303,1160,991,1114
17384,108,91,303,295,309
17385,246,2162,4309,3969,3749
17386,1947,2903,4647,4399,4501
17387,3345,4361,1490,1268,848
17388,2687,3198,1279,1046,892
17389,296,712,601,280,238
17390,927,345,1815,1085,1196
17391,158,954,465,161,149
17392,90,22,37,23,22
17393,44,44,329,219,187
17394,314,242,193,148,135
17395,791,326,5025,3630,3399
17396,1131,290,581,306,245
17397,222,499,954,493,394
17398,964,73,940,769,552
17399,1212,74,516,513,397
17400,5230,2839,4721,3757,3281
17401,139,500,757,428,578
17402,2268,2810,1402,1540,1969
17403,176,769,2868,2784,3013
17404,7048,4514,4643,7333,6983
17405,1583,2015,2420,1852,1917
17406,120,1799,1023,686,887
17407,247,301,89,48,53
17408,318,643,82,70,80
17409,609,1062,581,384,287
17410,204,7,101,98,77
17411,4502,3750,2704,2709,2935
17412,637,18,220,243,201
17413,1,2,1,1,2
17414,5011,8024,7228,6124,6064
17415,2,1,1,1,1
17416,141,240,169,63,58
17417,252,216,301,293,250
17418,132,57,33,21,23
17419,0,245,16,7,12
17420,0,153,2,0,2
17421,1747,1951,1136,3141,2490
17422,856,3849,1348,914,841
17423,5887,3283,2932,839,774
17424,1130,1417,2839,2792,2817
17425,380,602,105,172,126
17426,47,602,123,173,138
17427,84,316,1175,480,431
17428,1609,1653,1968,2159,2005
17429,2136,2949,1925,2340,2167
17430,3804,7433,6741,5394,4946
17431,101,40,72,128,185
17432,1407,1220,2838,2378,2267
17433,171,167,186,355,482
17434,281,1403,521,759,592
17435,256,364,3489,3365,3190
17436,4322,4649,4307,4083,4347
17437,7,111,86,103,82
17438,129,420,164,81,122
17439,16,194,117,117,110
17440,6105,2715,2976,2751,2372
17441,2424,3615,1986,2305,2196
17442,1438,2644,2038,2062,1763
17443,136,30,7,12,10
17444,11,173,11,3,4
17445,7,51,31,10,11
17446,10,1311,1484,709,287
17447,2,461,8,16,13
17448,150,1069,3,5,3
17449,3653,2697,2330,4348,3854
17450,6044,6730,8345,7177,7094
17451,5389,4497,2405,5512,4479
17452,71,74,0,0,1
17453,119,151,11,71,72
17454,467,286,6,136,165
17455,194,14,149,216,197
17456,58,10,52,54,67
17457,23,151,2,3,2
17458,5158,1095,2384,1861,1644
17459,4575,1697,665,664,934
17460,2245,1063,641,621,863
17461,5030,5390,6595,8106,8217
17462,3339,3638,3633,5160,5102
17463,3628,4976,6174,6068,6419
17464,1595,2475,739,1111,825
17465,2874,2023,408,2276,2143
17466,526,101,443,428,304
17467,1391,2024,1433,1410,1252
17468,3283,1752,846,1148,991
17469,2070,1091,1125,1021,884
17470,559,995,4143,1263,1188
17471,617,615,285,335,361
17472,143,290,1081,543,629
17473,195,1546,679,520,483
17474,5773,874,844,901,908
17475,329,381,393,568,552
17476,34,505,932,982,1005
17477,94,102,257,150,217
17478,2119,505,857,1315,1432
17479,469,76,66,28,56
17480,4655,657,1617,1248,993
17481,4,94,203,90,103
17482,1767,69,2,65,52
17483,3051,198,5,72,126
17484,2897,383,13,24,24
17485,37,27,13,935,1088
17486,141,175,27,68,68
17487,45,21,16,42,43
17488,362,225,295,185,155
17489,76,14,344,381,335
17490,129,166,147,121,102
17491,1395,351,2828,1366,1639
17492,1109,232,1208,1351,1429
17493,1632,1031,529,515,516
17494,238,1511,376,383,421
17495,2362,4,675,375,319
17496,303,7,668,470,411
17497,8,680,156,89,126
17498,220,109,2173,2513,2432
17499,725,414,184,171,165
17500,1265,86,598,1169,995
17501,645,183,509,717,587
17502,1478,1386,1223,1283,1342
17503,44,51,21,57,54
17504,30,29,7,12,11
17505,162,29,209,149,199
17506,174,3,2,10,6
17507,5551,1259,1938,1086,1453
17508,1693,514,332,410,521
17509,1080,1088,1368,1021,988
17510,2592,1495,1083,1428,1280
17511,1184,877,2831,752,804
17512,370,758,307,1931,2354
17513,1215,1621,22,4,7
17514,76,300,25,8,10
17515,8,35,52,68,88
17516,820,331,103,59,37
17517,6,313,321,246,278
17518,408,149,170,214,170
17519,23,99,63,10,10
17520,85,90,55,31,18
17521,847,2140,1637,2484,2955
17522,100,1580,2793,3460,2947
17523,49,146,82,56,46
17524,252,13,0,43,46
17525,273,8,0,72,68
17526,147,519,204,54,48
17527,962,336,752,606,757
17528,3647,3460,3737,1903,1886
17529,583,172,622,439,584
17530,670,1390,1584,2527,2303
17531,6393,8113,6498,6874,5738
17532,1563,1559,463,1487,1245
17533,2504,4610,4491,6879,6188
17534,167,352,344,98,49
17535,1092,279,483,222,124
17536,451,255,551,849,825
17537,1243,451,295,151,206
17538,244,202,458,157,224
17539,1866,33,11,42,40
17540,88,96,54,91,94
17541,206,166,326,324,330
17542,72,127,721,22,32
17543,0,0,68,2,0
17544,0,122,13,1,3
17545,5,87,776,780,692
17546,4276,2661,3701,2236,2530
17547,13,247,1350,1190,1062
17548,2012,2499,1508,828,967
17549,575,304,1410,991,947
17550,746,204,587,334,292
17551,4253,3913,5480,6362,5738
17552,127,735,985,1859,1523
17553,37,310,124,247,178
17554,350,5,84,171,142
17555,1916,27,59,104,81
17556,106,2403,315,1296,1051
17557,232,115,708,488,471
17558,442,141,397,468,376
17559,274,956,3322,1709,1405
17560,403,1330,941,1972,1976
17561,3687,3843,971,1852,1934
17562,1979,1632,1946,2544,2091
17563,38,33,136,473,604
17564,378,891,1011,1357,1338
17565,37,128,96,345,443
17566,157,65,629,646,624
17567,928,1912,1492,2496,2536
17568,426,220,2344,2245,2382
17569,650,766,1008,104,168
17570,551,443,448,72,101
17571,595,3361,1776,987,996
17572,501,3496,1706,1694,1922
17573,2,700,111,1080,1328
17574,792,305,886,977,1061
17575,142,85,43,15,22
17576,84,100,62,22,30
17577,121,127,60,25,11
17578,218,3836,926,197,169
17579,159,2404,506,119,101
17580,1169,3010,1050,2202,2278
17581,305,66,1375,2008,1984
17582,285,43,129,49,102
17583,312,151,269,89,168
17584,245,385,176,3148,3142
17585,433,826,363,515,506
17586,1347,2236,2682,3373,3109
17587,523,1029,588,493,535
17588,315,42,1005,989,973
17589,527,18,239,924,938
17590,369,218,334,155,177
17591,21,37,4,17,16
17592,20,87,13,40,35
17593,1042,440,164,945,1052
17594,1378,1218,315,1259,1171
17595,3547,2412,574,712,682
17596,3,3,433,227,240
17597,8,222,641,285,354
17598,1,8,66,895,891
17599,408,215,1797,1459,1592
17600,322,704,1015,415,399
17601,2643,209,737,302,320
17602,3922,4469,3674,3381,3114
17603,97,18,1314,1417,1487
17604,633,362,365,420,339
17605,425,187,298,378,450
17606,505,139,129,592,576
17607,109,82,114,28,35
17608,115,421,2324,2781,2644
17609,101,787,69,198,256
17610,82,295,109,199,272
17611,3539,1824,1387,1169,1037
17612,3151,1900,2856,3441,3580
17613,5241,2337,3153,3540,3929
17614,581,554,484,1376,1329
17615,601,215,209,176,262
17616,522,335,71,60,76
17617,27,645,1478,1606,1451
17618,1175,1492,966,763,851
17619,38,847,805,816,953
17620,914,1169,1338,814,838
17621,308,176,261,112,159
17622,261,370,403,382,423
17623,1694,663,1006,1209,883
17624,1579,11,291,158,192
17625,3173,33,583,253,323
17626,277,136,28,36,24
17627,101,185,23,42,33
17628,116,611,152,113,85
17629,292,127,121,244,243
17630,216,47,69,146,127
17631,426,939,861,1109,1002
17632,39,220,442,548,437
17633,46,224,591,928,810
17634,2428,838,1090,1119,1140
17635,218,33,854,483,572
17636,657,485,1596,1032,844
17637,1649,82,278,145,210
17638,1315,1070,792,711,1002
17639,383,249,747,414,465
17640,1375,457,399,319,478
17641,777,26,84,423,441
17642,3818,4956,4534,4384,4040
17643,2146,38,269,41,81
17644,59,31,2,0,3
17645,202,433,149,43,57
17646,6712,126,5005,4064,4878
17647,26,42,151,23,40
17648,1,4,20,23,25
17649,3,8,12,14,11
17650,434,459,1391,1454,900
17651,289,49,319,591,575
17652,132,49,464,605,728
17653,4652,4421,1880,1674,1277
17654,778,828,3098,2735,2589
17655,466,447,951,820,580
17656,1085,4457,2812,2644,2466
17657,2156,3991,4414,3501,3187
17658,5117,4563,5344,4948,5156
17659,428,268,588,350,309
17660,94,63,35,163,138
17661,19,11,116,122,114
17662,121,121,42,51,64
17663,41,41,55,42,81
17664,37,72,82,77,111
17665,195,85,574,800,643
17666,491,140,358,376,369
17667,276,187,1056,1015,999
17668,1625,571,963,917,940
17669,1895,2064,1125,1563,1646
17670,421,276,648,593,507
17671,1967,305,73,101,147
17672,2584,2340,2776,3777,3489
17673,811,473,155,271,340
17674,1170,626,3215,1729,1727
17675,1613,430,836,709,691
17676,845,1138,610,291,322
17677,4694,2669,1521,543,572
17678,1252,3679,2843,3404,2966
17679,2503,3151,876,306,366
17680,317,367,96,556,581
17681,402,680,3868,2787,2688
17682,4074,2798,301,1497,1740
17683,1542,2974,570,1228,1609
17684,1483,4662,1387,2108,2395
17685,2138,3193,1334,1395,1367
17686,3883,2148,3053,4616,4187
17687,1254,113,28,19,17
17688,2633,212,47,48,54
17689,167,474,127,112,133
17690,56,121,73,19,27
17691,56,284,34,14,20
17692,8,71,23,20,21
17693,0,15,75,46,48
17694,50,37,11,12,13
17695,3592,1729,5284,4270,3959
17696,4244,3672,181,180,286
17697,4185,1589,184,76,48
17698,2459,4787,4501,4445,4401
17699,919,4390,6852,6313,6559
17700,2092,4207,3789,4378,4297
17701,1670,740,348,419,380
17702,865,774,239,228,208
17703,3148,1224,2204,1366,1067
17704,2920,647,409,451,479
17705,2958,839,274,326,344
17706,3009,715,905,1452,1422
17707,5205,6904,5779,5252,5282
17708,4289,4454,5961,5962,6063
17709,5496,6073,6183,5955,6163
17710,159,181,910,257,297
17711,7,458,913,540,567
17712,5,58,105,55,73
17713,653,1244,370,754,806
17714,112,293,488,409,418
17715,206,26,0,0,0
17716,921,243,50,211,187
17717,1280,339,61,174,130
17718,1495,927,1695,2115,2145
17719,120,1692,1473,1050,839
17720,868,368,556,610,745
17721,82,2894,307,438,423
17722,26,757,322,116,104
17723,23,1440,449,149,136
17724,472,725,1748,1367,1450
17725,1,0,4,2,1
17726,2,0,2,2,1
17727,10,0,0,0,0
17728,1051,1547,2202,1794,1398
17729,708,1427,412,530,470
17730,1067,2230,1773,1085,750
17731,452,17,33,696,810
17732,646,45,11,59,46
17733,503,15,30,108,109
17734,5368,3416,3591,4283,4123
17735,3691,2759,2383,1717,1867
17736,3110,3857,4641,2994,3099
17737,868,1412,557,893,785
17738,280,384,420,473,379
17739,269,535,393,654,549
17740,1377,1018,455,723,713
17741,240,343,148,97,132
17742,154,93,8,5,5
17743,7,145,11,14,11
17744,25,207,843,113,139
17745,74,452,390,36,55
17746,2905,3528,3950,3335,3047
17747,6522,2631,87,283,337
17748,2406,2238,231,691,763
17749,17,36,89,98,97
17750,50,42,45,79,67
17751,16,38,27,28,23
17752,2968,220,1748,1345,854
17753,942,676,1338,1300,1318
17754,789,1443,1559,1305,916
17755,160,1373,403,129,116
17756,74,950,2262,1131,1132
17757,58,766,901,419,362
17758,537,927,1801,2247,2309
17759,70,51,4,3,2
17760,106,82,281,1011,1048
17761,41,30,51,10,6
17762,97,48,23,1,0
17763,5890,2343,4496,2679,3208
17764,482,1625,425,1778,1584
17765,583,31,9,47,48
17766,1028,22,5,21,22
17767,138,42,18,17,12
17768,644,983,486,499,489
17769,20,275,55,65,71
17770,294,559,247,183,218
17771,459,844,874,653,751
17772,1088,2218,2256,1337,1267
17773,43,75,135,339,410
17774,48,73,198,352,425
17775,165,340,650,2113,2483
17776,49,499,186,177,201
17777,359,1022,1134,1464,1703
17778,15,257,122,101,93
17779,32,4,27,73,83
17780,280,86,136,188,142
17781,77,19,44,50,35
17782,80,216,175,209,227
17783,97,268,109,106,134
17784,6198,2604,484,364,491
17785,4189,791,186,239,179
17786,2159,749,181,168,120
17787,2265,1627,1286,1106,985
17788,33,2491,1855,2062,3242
17789,33,703,492,775,597
17790,2408,253,332,453,389
17791,5,2,24,16,19
17792,1,0,10,11,13
17793,6608,1820,678,1301,1139
17794,538,225,389,491,405
17795,7,197,189,47,48
17796,5,263,65,25,30
17797,1033,2126,4815,2090,2171
17798,2809,1237,398,663,461
17799,2730,136,264,112,157
17800,683,142,45,52,46
17801,2032,511,122,134,143
17802,970,149,69,82,82
17803,191,67,77,97,111
17804,1,7,0,4,1
17805,0,4,0,4,2
17806,1123,298,576,440,498
17807,2712,1431,4179,3894,3646
17808,3447,230,360,166,243
17809,0,77,57,18,27
17810,0,423,123,148,141
17811,68,580,136,32,55
17812,163,537,216,497,479
17813,443,238,368,242,310
17814,406,304,435,272,291
17815,708,77,14,45,55
17816,2613,4196,7,19,18
17817,575,41,558,451,564
17818,34,253,184,24,37
17819,42,220,375,101,110
17820,356,557,82,187,187
17821,11,14,1,5,4
17822,104,3,25,19,11
17823,20,7,28,23,18
17824,2355,3869,970,2028,1821
17825,1574,2832,2904,2673,2392
17826,453,2330,117,397,345
17827,1753,43,147,262,270
17828,846,40,205,255,266
17829,2071,2743,269,350,322
17830,1005,1447,1340,1691,1736
17831,2823,2098,792,986,1055
17832,1974,3062,1576,1345,1256
17833,706,34,1138,1446,1271
17834,394,30,1999,1924,1796
17835,927,334,2136,3354,3950
17836,1390,2831,1686,1817,1512
17837,4576,982,283,194,304
17838,1018,980,236,240,398
17839,358,95,464,258,262
17840,741,357,684,690,719
17841,605,202,1485,3675,4196
17842,628,534,1435,1678,1180
17843,715,950,22,103,41
17844,109,206,8,18,10
17845,811,2413,573,1867,2016
17846,297,1053,692,1598,1390
17847,3098,1036,225,901,867
17848,2539,634,956,1049,1332
17849,2074,2944,1300,1741,1918
17850,1852,1108,1468,1673,1873
17851,2,129,71,68,59
17852,161,10,203,177,199
17853,142,99,313,166,176
17854,1921,677,380,577,463
17855,3292,115,865,992,854
17856,1097,45,1023,768,752
17857,3769,1654,3273,3527,3125
17858,2805,1414,3923,3914,4393
17859,2142,2209,4615,4132,4849
17860,2318,1465,1591,1091,1369
17861,4266,3241,2628,3147,3278
17862,1680,1562,2193,979,1388
17863,5559,113,0,57,48
17864,2114,808,122,156,154
17865,2359,264,14,157,121
17866,27,816,2280,2634,2809
17867,64,38,1391,1122,1112
17868,180,127,1363,1839,2027
17869,6881,8395,9138,8784,8698
17870,3438,5026,5150,5384,4899
17871,3128,5057,4414,4598,4139
17872,150,318,4117,2893,2028
17873,167,84,137,41,39
17874,155,27,2,0,0
17875,148,48,28,113,128
17876,267,125,22,8,12
17877,81,48,9,14,15
17878,405,2,50,57,67
17879,55,8,206,69,87
17880,259,33,381,299,187
17881,838,1704,1438,782,905
17882,176,16,66,48,78
17883,16,0,511,298,357
17884,1398,2252,2102,2855,2737
17885,1463,3971,8147,8517,8513
17886,1388,1787,2512,3397,3578
17887,202,57,3,13,12
17888,320,164,21,18,16
17889,172,6,5,7,13
17890,163,859,83,84,38
17891,61,104,36,36,13
17892,767,4080,2026,2742,2786
17893,1840,2999,275,254,242
17894,2474,3072,316,306,286
17895,3478,4471,4346,6149,6184
17896,323,60,163,2879,3067
17897,180,105,145,62,70
17898,122,33,52,15,15
17899,25,97,128,64,68
17900,456,205,761,606,737
17901,82,288,480,143,147
17902,6319,4755,5479,5463,5356
17903,1776,1120,5657,5638,5629
17904,2931,1015,4449,4924,4719
17905,10,10,7,5,3
17906,17,6,2,4,1
17907,6625,7149,7481,7068,7105
17908,87,1939,1338,501,507
17909,1626,1267,1537,4012,3344
17910,113,600,1187,909,1045
17911,1107,3322,2996,4088,3820
17912,5374,5241,5518,6090,6422
17913,513,3511,4483,5193,4892
17914,1284,698,945,1527,1673
17915,1106,495,893,690,699
17916,503,634,740,264,263
17917,787,573,2031,1644,1815
17918,100,707,762,538,609
17919,1,12,6,12,9
17920,467,3333,7336,7090,6822
17921,37,318,527,545,510
17922,626,4584,7994,7469,7321
17923,71,99,94,96,110
17924,5292,1231,1313,1685,1929
17925,155,199,355,214,229
17926,2897,6101,4986,7125,7094
17927,366,966,394,265,307
17928,722,2479,461,397,437
17929,658,1,13,20,17
17930,3566,1801,3264,586,325
17931,730,16,32,59,55
17932,25,8,2,17,17
17933,16,6,1,3,2
17934,16,12,50,38,43
17935,2122,2109,449,406,402
17936,4761,6082,4794,5505,5338
17937,3954,2289,777,703,635
17938,2411,249,1706,1205,926
17939,602,8,121,61,97
17940,2038,56,498,244,321
17941,536,620,596,966,1168
17942,862,600,355,653,561
17943,89,19,263,234,367
17944,1032,291,116,205,141
17945,408,259,166,128,108
17946,197,5222,1881,1619,1441
17947,284,160,124,135,150
17948,4595,859,521,167,178
17949,286,137,146,2098,2113
17950,30,10,32,101,90
17951,110,6,53,95,107
17952,32,950,1306,899,1197
17953,2034,1444,268,419,342
17954,370,1992,2889,1686,1796
17955,490,1648,222,241,183
17956,5439,5196,742,543,645
17957,4442,4006,265,178,213
17958,2135,932,169,87,100
17959,4478,2348,3297,2451,3390
17960,359,220,835,921,693
17961,611,144,261,460,407
17962,7,1,95,155,180
17963,285,163,41,63,24
17964,1648,230,77,127,85
17965,45,31,138,111,253
17966,3255,8632,7684,7563,7296
17967,138,993,504,430,405
17968,655,1077,4233,3568,3037
17969,945,1084,2276,1357,1238
17970,2744,634,2670,1575,1438
17971,1661,1709,3109,2658,3112
17972,2482,6047,7251,5998,6375
17973,443,2510,3395,3279,3360
17974,1336,738,1340,1874,1323
17975,2434,883,2216,3244,2046
17976,1009,900,1669,1509,1029
17977,99,152,125,18,27
17978,33,76,130,168,199
17979,43,31,83,116,79
17980,61,161,172,367,258
17981,35,88,67,97,76
17982,1941,777,2105,3519,3559
17983,4912,2903,4166,6139,5416
17984,5169,5109,7956,7665,7451
17985,6254,5285,7530,8086,8042
17986,269,379,2047,1269,1353
17987,776,1,426,274,206
17988,802,1,626,449,303
17989,1272,3662,266,1109,1041
17990,1641,187,775,396,512
17991,564,246,6,17,16
17992,164,10,129,25,27
17993,3462,201,648,516,435
17994,784,50,29,21,35
17995,25,85,274,353,270
17996,34,1023,865,423,322
17997,196,355,544,213,190
17998,913,417,158,48,80
17999,1549,273,1554,710,715
18000,404,488,69,20,31
18001,180,885,666,1073,1056
18002,448,30,45,54,49
18003,545,56,50,53,39
18004,7,0,1,0,0
18005,4,1,2,0,1
18006,245,871,382,1072,1100
18007,539,765,158,121,116
18008,671,1180,247,231,242
18009,1377,6729,3308,2490,2799
18010,3317,573,2252,3800,3870
18011,1126,714,1192,1878,1817
18012,2618,1652,1229,2481,2308
18013,24,188,27,14,14
18014,5,37,205,84,72
18015,58,98,0,0,0
18016,1770,2441,1809,3628,3891
18017,581,1464,430,538,454
18018,2075,2787,1517,1711,1299
18019,540,714,792,5217,5102
18020,406,266,318,3976,4043
18021,6638,7132,6084,5824,5926
18022,1051,311,748,1615,1742
18023,625,69,134,100,56
18024,195,18,23,456,622
18025,3612,2615,164,178,181
18026,1958,3797,599,495,539
18027,1831,3862,2672,2896,2940
18028,33,88,10,2,2
18029,1517,617,943,1366,740
18030,37,40,3,2,2
18031,955,3904,2846,2237,2498
18032,2205,5694,4084,3398,4282
18033,1395,1030,688,1041,901
18034,144,678,480,725,526
18035,306,2229,1170,1127,838
18036,1242,1147,1020,470,428
18037,1257,1840,2165,1009,922
18038,754,1084,557,306,361
18039,1138,932,802,401,393
18040,3457,3530,763,1132,1338
18041,1820,3308,837,1269,1313
18042,2905,6887,4100,3672,3547
18043,18,12,50,30,30
18044,2571,2462,729,658,664
18045,611,310,431,129,135
18046,135,124,345,260,226
18047,417,591,285,982,884
18048,246,211,765,478,412
18049,1690,2844,1505,54,65
18050,112,342,438,32,39
18051,356,1031,1953,3147,2726
18052,79,298,124,106,89
18053,71,378,308,334,297
18054,1108,1617,398,226,341
18055,258,754,614,379,344
18056,2589,367,1187,321,387
18057,853,248,968,59,73
18058,186,230,188,123,91
18059,2534,369,1564,1112,1036
18060,328,69,281,138,124
18061,999,1711,2509,2588,2636
18062,797,801,1309,1190,1434
18063,749,1441,1911,2115,2084
18064,451,1362,210,587,390
18065,4234,5679,316,833,618
18066,900,324,2685,2741,2806
18067,221,28,244,95,92
18068,112,23,237,140,144
18069,107,203,210,607,526
18070,414,3124,4768,6566,7002
18071,1436,2805,3225,3177,2244
18072,359,2531,1381,1738,1241
18073,462,166,178,291,426
18074,798,152,228,1516,1602
18075,357,117,350,112,144
18076,830,83,9,13,11
18077,168,329,2565,1913,1995
18078,1195,266,50,11,9
18079,11,109,91,41,39
18080,1958,2461,432,383,256
18081,31,344,142,53,50
18082,109,131,477,339,383
18083,480,46,1963,1607,1854
18084,221,209,865,605,635
18085,195,1080,312,292,169
18086,361,453,3,74,33
18087,119,750,11,56,30
18088,171,27,12,113,105
18089,63,12,11,170,182
18090,1380,3682,3082,2358,2218
18091,2,86,206,103,68
18092,1,71,45,27,18
18093,4519,4535,6156,3050,3359
18094,486,96,284,501,478
18095,6548,1551,1986,3415,3680
18096,3005,1795,1015,2915,3110
18097,40,262,201,33,24
18098,17,226,579,672,731
18099,8,62,238,752,794
18100,2783,1713,3422,2018,2362
18101,94,322,181,83,79
18102,2538,1337,2479,1272,1661
18103,167,1652,28,5,13
18104,1244,362,0,0,0
18105,153,220,1,0,0
18106,3292,1585,955,1603,1737
18107,580,406,332,456,396
18108,1793,561,523,979,973
18109,1851,205,1851,1494,1626
18110,1318,132,922,755,751
18111,1078,4716,3287,4616,4675
18112,204,120,37,170,113
18113,292,722,177,370,268
18114,894,664,387,1256,1093
18115,2319,6544,870,385,272
18116,480,53,25,130,120
18117,1465,137,80,613,587
18118,23,537,53,58,86
18119,20,202,17,31,43
18120,542,1315,1535,3409,4202
18121,429,1262,1077,523,543
18122,2116,250,215,212,188
18123,2609,774,1956,2118,2287
18124,44,174,121,258,196
18125,679,272,1002,722,509
18126,42,176,181,125,104
18127,0,194,247,28,37
18128,30,2,212,47,57
18129,218,577,296,45,43
18130,3476,283,342,897,709
18131,3172,265,630,681,554
18132,5402,5504,4590,4482,4083
18133,218,229,275,85,180
18134,1007,200,310,102,132
18135,523,95,141,70,96
18136,908,550,158,171,138
18137,691,225,1417,813,981
18138,919,232,204,260,213
18139,6,0,1,0,0
18140,15,1,1,6,4
18141,1714,516,2221,1100,1040
18142,17,192,54,64,78
18143,21,95,1662,1654,1720
18144,2229,447,95,4475,4838
18145,149,181,176,159,91
18146,138,119,12,24,24
18147,92,142,63,183,147
18148,3432,1018,3107,2094,2013
18149,592,269,909,1697,1660
18150,540,717,2879,2495,2366
18151,4013,532,73,83,63
18152,624,254,16,16,13
18153,1853,617,3257,4734,5107
18154,3901,1055,1309,396,653
18155,7528,6266,6588,7158,6968
18156,4077,288,406,130,251
18157,18,48,81,163,181
18158,243,419,146,58,78
18159,51,24,40,216,106
18160,2510,3187,2160,2372,2436
18161,5844,4153,5142,3272,3254
18162,4817,4998,3709,5458,5809
18163,348,205,745,1362,1268
18164,433,627,295,2564,2248
18165,553,462,89,425,500
18166,1379,4008,3112,2882,2431
18167,1953,6001,8368,8543,8521
18168,841,1451,799,730,658
18169,2943,619,30,1866,1619
18170,890,20,836,719,747
18171,202,24,27,187,204
18172,37,17,291,167,183
18173,1711,1262,917,4026,4145
18174,19,71,577,452,529
18175,132,265,418,218,229
18176,1683,2148,1253,1832,1779
18177,317,401,542,275,290
18178,4113,8990,4399,7277,7368
18179,1788,891,278,268,360
18180,1731,1458,439,635,540
18181,76,674,396,826,1135
18182,127,677,67,1128,1334
18183,1382,416,39,335,440
18184,766,2303,4175,4324,4104
18185,8890,5451,4191,2785,2539
18186,469,837,1655,1694,1606
18187,1770,1706,74,752,750
18188,1146,888,819,544,392
18189,777,586,32,465,425
18190,1590,463,1421,1912,2127
18191,9,276,244,258,260
18192,6,102,55,64,66
18193,305,60,301,150,175
18194,231,22,17,2,3
18195,611,34,21,2,3
18196,539,648,1344,1663,1511
18197,1067,146,354,178,149
18198,1495,176,253,159,142
18199,26,1965,2098,2003,1598
18200,2676,1279,1420,2094,1982
18201,40,806,723,726,504
18202,366,1500,2065,825,1157
18203,311,221,708,1386,1499
18204,328,87,248,988,1095
18205,1260,2907,1296,728,695
18206,1216,2513,1519,3229,3229
18207,2961,4160,2003,1233,1249
18208,19,3,115,79,93
18209,33,7,199,100,112
18210,46,14,71,107,98
18211,2781,1070,1040,1330,1211
18212,335,3046,4307,2662,2642
18213,765,1471,2769,2312,2063
18214,32,65,163,152,131
18215,28,57,56,30,22
18216,9,95,40,21,20
18217,637,305,1247,1073,1293
18218,841,257,288,348,319
18219,159,84,470,189,238
18220,814,102,39,18,12
18221,593,115,63,34,24
18222,953,1582,310,563,521
18223,3711,5914,1355,2813,2775
18224,144,424,1774,919,875
18225,129,316,2074,2297,2145
18226,225,15,180,80,93
18227,90,25,106,41,46
18228,134,38,300,149,170
18229,34,1,44,3,2
18230,27,10,133,138,155
18231,79,205,216,45,60
18232,0,0,9,2,1
18233,0,0,5,0,0
18234,270,819,660,338,347
18235,1215,831,2417,1952,2049
18236,46,44,26,31,35
18237,30,60,90,77,90
18238,983,154,308,329,327
18239,1095,1,106,209,224
18240,316,2,239,399,456
18241,64,191,1020,2334,2996
18242,62,233,416,564,695
18243,134,892,314,376,467
18244,1286,899,983,554,537
18245,509,2798,2984,5345,4798
18246,369,1597,1424,917,928
18247,277,43,1569,2143,2471
18248,154,143,7,2,4
18249,409,13,6,1,5
18250,736,481,1574,936,871
18251,264,584,1342,887,800
18252,269,1242,3081,1975,2113
18253,327,425,640,1063,1051
18254,1669,1821,636,285,372
18255,165,593,297,165,146
18256,211,276,552,684,635
18257,624,9,135,99,74
18258,566,2,80,44,23
18259,927,986,342,548,556
18260,474,1677,434,489,419
18261,930,1935,2600,3157,3044
18262,232,318,37,99,131
18263,151,453,28,83,118
18264,1205,2681,3929,3590,3061
18265,1760,918,2541,1689,1421
18266,360,1185,776,592,548
18267,884,315,406,545,503
18268,6715,1901,6319,6512,6638
18269,428,109,13,1,1
18270,94,23,4,0,0
18271,85,408,383,224,233
18272,1452,636,1278,963,1105
18273,63,818,485,508,577
18274,104,64,30,14,19
18275,15,156,73,58,84
18276,21,88,36,87,55
18277,401,331,699,769,677
18278,2438,1997,2424,1546,1500
18279,270,139,240,239,233
18280,2,3,4,2,0
18281,214,326,28,124,117
18282,709,65,14,16,14
18283,685,250,336,179,199
18284,5084,3613,1063,2399,2020
18285,814,399,568,194,211
18286,77,146,994,2024,1989
18287,75,129,614,2015,1980
18288,1917,287,560,1843,1904
18289,3387,2008,1163,775,974
18290,4991,2518,1554,2114,2359
18291,4246,2745,1297,2437,2642
18292,4,20,20,28,30
18293,4,11,8,16,13
18294,205,10,67,62,57
18295,323,1004,309,324,272
18296,1074,2769,949,1534,1715
18297,4746,2772,8242,8192,7983
18298,609,653,932,3868,4165
18299,132,471,1435,466,447
18300,86,157,672,80,96
18301,1917,527,2137,2522,2477
18302,3293,1602,736,793,749
18303,4293,833,1234,1627,1504
18304,17,15,52,69,62
18305,13,30,260,214,248
18306,17,43,40,107,92
18307,748,3190,237,69,60
18308,938,37,115,12,11
18309,575,39,120,16,14
18310,146,23,26,10,20
18311,1296,19,325,314,247
18312,317,45,557,423,285
18313,1622,2958,3694,3252,3097
18314,4497,605,725,483,390
18315,4308,2351,1525,1763,1811
18316,2478,2350,423,579,550
18317,2453,1999,613,550,463
18318,934,2004,3157,2526,2117
18319,77,7,2,2,2
18320,6616,6862,6647,6236,6336
18321,214,51,27,37,42
18322,5057,4919,3027,2043,1998
18323,74,2,15,32,59
18324,101,1,103,143,239
18325,6,49,11,21,17
18326,494,554,258,154,160
18327,1,40,28,117,80
18328,2071,656,2150,2399,2272
18329,1441,2427,982,1112,1029
18330,2542,1153,724,1182,1178
18331,3024,5522,4557,4049,3983
18332,2525,6716,4462,5675,5475
18333,2303,3852,2333,3024,2888
18334,2651,857,604,376,537
18335,678,557,831,527,678
18336,4418,3818,731,393,656
18337,254,884,738,519,450
18338,317,0,359,87,171
18339,271,997,1011,1113,1168
18340,384,664,714,1561,1600
18341,286,356,409,887,893
18342,3835,5629,4984,7446,7504
18343,0,0,2,3,2
18344,61,13,8,8,8
18345,156,238,98,776,716
18346,1795,3426,6840,7041,6730
18347,1378,1231,2279,2539,2541
18348,980,2293,3428,4286,4098
18349,231,290,331,539,721
18350,10,61,309,126,159
18351,2877,853,198,842,886
18352,515,50,10,0,1
18353,327,13,82,61,42
18354,25,21,85,55,85
18355,1943,309,2162,1552,1640
18356,126,367,752,644,678
18357,180,284,786,523,444
18358,108,60,12,280,301
18359,100,52,12,381,480
18360,55,69,94,82,99
18361,835,2276,7073,6123,5846
18362,985,734,143,230,166
18363,753,412,392,880,526
18364,318,0,24,5,6
18365,34,5,49,150,88
18366,35,0,33,2,2
18367,68,54,31,6,4
18368,4859,1382,2599,1974,2615
18369,33,67,32,13,7
18370,2285,1417,47,8,6
18371,4550,5758,5327,4732,4679
18372,5773,3559,60,9,5
18373,126,227,72,398,511
18374,335,292,518,542,591
18375,402,238,762,374,376
18376,637,300,626,960,775
18377,500,508,3006,1557,1328
18378,3192,2436,1393,5799,6208
18379,2387,1954,787,381,322
18380,1046,20,27,167,110
18381,422,25,20,94,54
18382,2908,2712,865,185,194
18383,216,527,343,114,130
18384,184,17,316,765,753
18385,64,164,310,247,299
18386,107,103,73,81,75
18387,228,111,149,116,129
18388,412,449,25,42,45
18389,343,224,23,55,53
18390,1113,1845,1396,1163,972
18391,1207,2234,963,2104,2330
18392,27,2613,2283,2154,1939
18393,1613,3938,1645,2852,3049
18394,139,354,36,1,1
18395,157,64,103,400,469
18396,561,46,6,2,3
18397,422,131,55,19,25
18398,50,151,294,1152,1321
18399,3,4,68,21,20
18400,270,356,24,1,1
18401,1021,212,108,363,372
18402,39,561,336,16,15
18403,4525,1739,1896,1481,1593
18404,549,1153,1002,559,406
18405,1318,1502,1377,990,790
18406,1624,2068,1036,508,476
18407,3793,2012,4185,2328,1860
18408,1750,2346,2595,874,748
18409,3,79,10,6,5
18410,6,71,8,4,6
18411,5762,6324,4523,5600,5274
18412,335,1085,3314,3189,3108
18413,2102,678,946,935,952
18414,418,1775,1581,1712,1522
18415,175,120,81,60,54
18416,788,1622,586,1431,1250
18417,65,134,1069,1099,789
18418,80,108,104,137,137
18419,75,193,197,326,308
18420,291,756,1771,929,918
18421,746,2922,1810,2317,2297
18422,5580,178,273,140,87
18423,1467,110,341,85,61
18424,123,523,912,1061,1100
18425,176,421,390,943,974
18426,197,854,387,1557,1577
18427,365,114,10,75,48
18428,5386,6252,4743,5682,5771
18429,605,50,3,105,60
18430,2339,1572,1672,3918,3509
18431,122,487,1446,799,909
18432,115,558,865,472,664
18433,4884,760,93,68,52
18434,1873,2549,1733,801,930
18435,5592,282,113,71,50
18436,86,441,275,296,267
18437,21,296,143,248,246
18438,929,1028,662,564,543
18439,40,69,231,813,672
18440,5724,3422,7760,4342,5143
18441,43,51,131,365,299
18442,224,1392,1574,640,742
18443,593,607,499,282,298
18444,387,605,725,1485,1118
18445,0,2,4,3,3
18446,18,99,77,76,60
18447,4,6,50,33,30
18448,97,34,57,849,698
18449,37,92,43,34,36
18450,64,85,38,29,27
18451,686,504,1995,932,1115
18452,2662,3652,4013,3556,3530
18453,729,1016,2389,1736,1543
18454,4507,5267,2664,1318,1601
18455,219,16,1477,639,469
18456,106,18,253,201,173
18457,307,161,121,254,291
18458,47,277,328,702,725
18459,523,807,122,310,333
18460,75,185,87,104,119
18461,3829,221,113,159,182
18462,74,1139,469,406,408
18463,471,2308,1950,3146,3412
18464,1188,2697,2653,3139,3185
18465,482,972,624,1498,1620
18466,68,22,52,52,122
18467,812,100,15,11,28
18468,111,21,45,124,207
18469,41,7,99,37,50
18470,1015,181,154,89,125
18471,28,6,145,1492,1539
18472,1290,381,819,434,433
18473,104,526,1454,665,765
18474,0,44,0,0,0
18475,1141,420,1133,56,75
18476,25,533,15,11,19
18477,14,255,1,4,5
18478,470,71,2,1,1
18479,4049,3910,3832,3530,3666
18480,25,203,2356,453,763
18481,2,53,147,256,236
18482,17,16,192,145,190
18483,45,61,251,378,420
18484,3486,1821,2092,2086,2048
18485,855,1969,1417,1031,795
18486,3406,1174,1096,1046,1064
18487,31,23,801,3595,3647
18488,8196,4236,2149,4442,4305
18489,32,58,887,1341,1481
18490,3478,1030,163,2621,2598
18491,1074,653,248,502,618
18492,2203,1317,1190,660,757
18493,16,222,110,173,200
18494,30,4,9,4,4
18495,57,16,60,9,5
18496,7850,7944,8653,7471,7045
18497,70,16,495,2758,2534
18498,94,23,610,1643,1907
18499,2994,831,297,434,409
18500,4677,2218,1048,999,990
18501,3732,2828,5995,5745,6027
18502,30,66,53,33,29
18503,130,22,66,37,34
18504,51,128,228,47,54
18505,123,26,573,302,339
18506,3493,442,274,1540,1907
18507,789,5794,7343,4477,4172
18508,1645,987,1534,1109,1144
18509,1855,2371,2668,1972,2151
18510,1639,1928,2982,2489,2512
18511,198,413,115,851,876
18512,114,75,87,222,217
18513,209,141,59,119,129
18514,102,18,8,3,4
18515,322,424,190,68,50
18516,19,10,1,0,0
18517,2284,3303,2113,2246,2459
18518,89,747,1575,1185,1112
18519,39,78,89,54,54
18520,783,5036,7824,6887,6893
18521,832,3649,939,1337,1078
18522,1071,2136,387,579,482
18523,1166,1155,742,887,1014
18524,250,22,47,9,10
18525,557,38,61,18,18
18526,1507,332,320,258,242
18527,2867,1006,1692,1890,1758
18528,1132,502,85,80,73
18529,2721,2265,1024,446,580
18530,323,504,472,193,266
18531,216,402,2028,3244,3193
18532,1871,990,571,1159,1210
18533,4555,261,221,439,495
18534,288,709,319,110,82
18535,559,1361,1963,1341,1417
18536,639,171,416,241,240
18537,793,152,367,198,193
18538,43,2818,188,29,26
18539,106,1777,174,28,36
18540,1515,1048,1831,453,559
18541,426,1549,50,72,114
18542,6,404,38,8,4
18543,5,177,26,5,3
18544,52,675,71,369,252
18545,3211,120,1953,1051,662
18546,73,725,97,919,641
18547,1515,265,191,353,288
18548,297,531,6,318,296
18549,207,1098,15,905,775
18550,71,539,977,558,464
18551,122,229,548,826,669
18552,39,180,304,139,104
18553,352,402,81,43,56
18554,1455,1917,2190,5591,5622
18555,594,2384,54,31,58
18556,817,1772,451,225,236
18557,887,597,242,174,118
18558,1554,2780,1079,941,577
18559,277,1762,607,866,929
18560,307,79,576,968,857
18561,832,176,381,616,723
18562,265,683,504,392,386
18563,151,293,833,785,847
18564,529,33,69,65,57
18565,1128,262,416,415,184
18566,627,975,2028,2981,2861
18567,1132,641,1022,983,548
18568,94,358,2,15,11
18569,594,2027,195,358,208
18570,34,96,2,12,6
18571,10,7,9,98,88
18572,9,2,346,15,37
18573,166,1456,4,32,32
18574,139,190,586,424,482
18575,226,898,827,352,352
18576,176,290,386,383,698
18577,33,78,79,207,171
18578,14,116,69,175,145
18579,67,63,60,127,114
18580,296,2721,1256,2398,2837
18581,3226,350,463,644,653
18582,352,889,340,611,648
18583,4390,4266,4494,3595,3520
18584,378,719,634,217,100
18585,413,759,1155,311,185
18586,189,1941,1594,1159,1255
18587,283,1135,90,134,180
18588,137,760,116,161,238
18589,171,1,118,197,195
18590,175,6,28,54,58
18591,3284,7432,5448,4003,3977
18592,2590,3587,4439,3693,3759
18593,1629,3362,866,1304,1202
18594,1654,180,2861,2419,1806
18595,1518,559,1087,1408,1531
18596,4063,5562,3306,1848,2164
18597,4139,1307,1447,1678,1862
18598,1093,47,414,397,399
18599,24,179,91,30,46
18600,1608,169,1007,597,587
18601,1086,89,295,1321,1890
18602,861,8,606,440,443
18603,333,20,1146,855,851
18604,0,0,1,0,0
18605,73,54,336,199,216
18606,0,0,1,0,0
18607,45,76,445,510,620
18608,937,746,1204,1458,1391
18609,923,2876,3167,1347,1529
18610,3359,1250,3221,2137,2328
18611,2247,1606,4383,3293,3317
18612,1018,5549,6367,5766,6002
18613,4773,5814,6078,6638,6636
18614,177,1221,81,33,34
18615,75,467,2329,3259,3013
18616,368,350,196,159,162
18617,300,260,281,210,261
18618,94,98,181,148,191
18619,858,3550,1706,1691,1549
18620,2999,5300,1943,2086,1894
18621,1443,2913,1385,1194,1219
18622,635,4552,1940,2569,2825
18623,751,1747,1762,2255,2351
18624,574,2471,2159,2154,2430
18625,2495,470,400,3903,3497
18626,1891,995,437,2635,2487
18627,615,1149,1299,1413,1345
18628,172,457,797,1015,805
18629,1726,6193,95,238,245
18630,418,758,52,132,134
18631,2163,870,249,1239,1362
18632,491,1864,2893,2421,2407
18633,318,1200,437,2617,2625
18634,6448,2253,1205,949,965
18635,1015,1158,463,439,504
18636,2242,2328,3628,3529,3312
18637,1,192,38,25,29
18638,0,46,37,18,20
18639,70,30,1049,139,91
18640,300,833,1206,885,778
18641,3387,2046,2592,1752,1677
18642,499,325,556,386,316
18643,5096,3015,4202,4796,5080
18644,2155,2224,4160,3866,4168
18645,455,923,1100,1214,1159
18646,9,54,2,65,74
18647,1119,62,411,143,112
18648,1326,114,3449,3657,3626
18649,652,279,1344,1890,2238
18650,1595,295,592,322,185
18651,307,368,929,652,471
18652,392,44,6,84,113
18653,123,40,6,70,137
18654,297,31,272,358,396
18655,500,536,1096,1000,1016
18656,483,154,1592,1185,1151
18657,910,79,1508,2514,2090
18658,5,135,154,196,204
18659,4724,146,71,94,91
18660,125,247,99,66,64
18661,352,3,361,473,392
18662,114,2,223,519,707
18663,208,51,3,3,2
18664,1694,1286,474,247,201
18665,953,393,448,361,401
18666,801,486,212,857,1067
18667,119,288,2845,3326,2755
18668,3779,57,3792,3078,2806
18669,115,50,1041,2863,2654
18670,15,437,77,31,31
18671,65,291,19,13,16
18672,117,26,7,5,7
18673,1617,347,678,716,712
18674,720,762,1005,1485,1286
18675,2032,407,565,503,457
18676,830,833,1488,1761,1682
18677,108,340,46,154,218
18678,2792,658,64,254,326
18679,1358,1219,277,127,91
18680,3,12,2,0,0
18681,94,118,53,37,24
18682,244,143,246,699,941
18683,397,4109,50,57,29
18684,297,282,110,125,83
18685,1103,6396,5610,5119,4127
18686,784,2725,424,1510,1374
18687,3945,2903,2734,2988,2736
18688,1400,873,2938,2381,2422
18689,773,416,2080,2209,2215
18690,541,313,1396,614,611
18691,2451,2520,1051,1213,1259
18692,572,285,1206,1637,1723
18693,2025,315,2290,2215,2182
18694,812,819,1299,1033,1104
18695,2865,706,1198,1564,2273
18696,1034,1013,1389,890,992
18697,49,6,24,31,22
18698,349,2819,218,107,106
18699,38,46,47,34,17
18700,4442,731,1407,1352,1386
18701,4785,567,1557,1202,1291
18702,7506,7661,5457,4175,4524
18703,195,767,106,1179,1688
18704,305,1156,151,1716,2490
18705,1917,1139,2130,1458,1570
18706,50,269,446,270,361
18707,44,58,115,123,181
18708,12,80,131,109,124
18709,151,911,809,1349,1284
18710,30,330,170,777,828
18711,54,313,850,587,537
18712,3156,5247,5014,4779,5141
18713,305,1994,1558,1355,1381
18714,401,2015,2234,2180,2219
18715,79,36,388,287,348
18716,3844,4316,3006,2493,2261
18717,292,16,415,312,278
18718,67,155,79,70,97
18719,65,152,114,125,237
18720,35,46,743,2951,2821
18721,113,202,209,231,253
18722,2113,1104,540,432,341
18723,12,548,305,252,212
18724,24,69,64,29,31
18725,53,109,122,50,55
18726,2437,3010,2147,1397,1407
18727,56,628,1335,1375,1263
18728,2056,2448,99,80,61
18729,1582,456,153,597,706
18730,251,65,155,44,40
18731,1152,1708,2815,4333,3582
18732,1125,4057,1988,2662,2105
18733,332,724,610,603,533
18734,923,711,627,1145,1109
18735,1524,974,556,1310,1340
18736,16,326,181,182,117
18737,5,3,46,8,8
18738,29,179,32,8,9
18739,5327,6478,7046,3788,3781
18740,3251,4179,4048,2197,2357
18741,3260,857,277,1090,971
18742,1863,37,97,35,33
18743,111,284,646,444,534
18744,285,52,176,36,62
18745,528,25,411,561,684
18746,1964,1532,2632,1672,1860
18747,455,255,477,507,481
18748,304,1080,111,84,77
18749,3851,3659,3382,2483,2436
18750,361,689,95,30,28
18751,5216,4148,3123,6080,6009
18752,944,2288,2583,1002,958
18753,1976,3358,3355,2307,2275
18754,560,214,204,396,380
18755,426,700,455,344,346
18756,432,170,148,95,97
18757,159,913,1004,811,831
18758,106,540,1384,2569,2654
18759,265,379,353,496,537
18760,395,19,104,1995,2079
18761,64,4489,3083,2046,1827
18762,85,19,87,2185,2060
18763,3330,2215,2349,1506,1464
18764,5029,5036,6716,6721,6508
18765,201,69,9,8,15
18766,264,892,1088,784,923
18767,95,307,1132,334,433
18768,1576,928,606,559,657
18769,624,1774,571,271,338
18770,892,61,2250,292,595
18771,1079,27,930,195,407
18772,384,210,122,105,129
18773,912,438,1477,925,776
18774,662,589,234,134,179
18775,204,1602,2995,1581,1124
18776,220,237,37,257,281
18777,119,82,3,88,80
18778,764,72,325,197,187
18779,125,41,79,28,37
18780,2794,60,16,7,6
18781,50,124,969,695,636
18782,46,3414,2142,2289,2138
18783,2641,100,1100,860,890
18784,2681,4807,5520,6359,5929
18785,8052,9136,9183,9196,9186
18786,3,26,18,83,61
18787,2993,3994,1237,1512,1229
18788,892,745,430,454,352
18789,1428,302,437,637,676
18790,1524,303,90,373,602
18791,1727,625,126,338,538
18792,2546,399,6474,5185,6370
18793,52,48,4,3,1
18794,1806,319,307,50,42
18795,66,36,10,15,11
18796,323,3143,335,307,442
18797,2074,4890,2008,1566,1769
18798,448,1954,862,698,979
18799,63,7,524,35,46
18800,149,25,16,17,29
18801,33,19,16,9,17
18802,4840,2002,457,967,1254
18803,326,103,503,910,798
18804,1709,85,60,122,114
18805,1331,2354,1191,489,459
18806,1522,767,1095,1272,985
18807,60,6,37,85,76
18808,59,211,373,206,260
18809,109,230,199,119,155
18810,7294,8675,4361,7178,6875
18811,39,6,68,178,170
18812,52,5,131,207,188
18813,313,570,66,283,320
18814,993,41,1746,2817,2791
18815,7967,36,2021,2003,1866
18816,34,100,1704,1345,1235
18817,901,1730,1536,552,390
18818,10,13,1219,1968,2303
18819,28,14,799,322,209
18820,3084,8270,5423,6900,6469
18821,774,160,584,212,263
18822,3696,263,907,691,746
18823,5950,5065,5046,5138,4646
18824,5718,6964,7517,7125,6244
18825,6068,5815,6448,7703,8196
18826,3053,2754,5930,6087,5980
18827,2069,3905,6088,5513,5564
18828,2052,3698,5574,5362,5247
18829,93,27,286,122,131
18830,62,46,92,64,77
18831,95,15,61,62,59
18832,111,11,758,402,323
18833,107,33,1287,967,751
18834,3172,2361,746,1086,953
18835,1655,539,709,1351,1638
18836,2700,2116,3210,4803,4672
18837,3563,4544,6164,4621,5108
18838,4344,4269,2776,1365,1697
18839,243,1237,1264,963,784
18840,181,2389,1279,598,490
18841,12,62,399,53,72
18842,5,34,445,45,68
18843,4814,6340,4439,2892,3161
18844,311,60,6,1052,984
18845,39,32,8,590,474
18846,4130,276,838,2297,2146
18847,230,41,13,2,2
18848,1196,77,31,11,8
18849,4680,7707,3547,4477,3221
18850,157,35,21,336,375
18851,58,25,13,982,696
18852,227,238,494,149,147
18853,13,66,203,337,242
18854,101,946,574,470,363
18855,11,68,425,584,388
18856,5635,4203,1469,1225,1285
18857,2978,1844,2082,2162,2108
18858,3694,2724,1419,1341,1482
18859,499,1419,450,574,404
18860,2376,1921,1226,1282,938
18861,913,702,1229,851,892
18862,331,7,0,8,3
18863,434,234,1921,1568,1433
18864,504,9,326,194,199
18865,393,448,213,4145,4322
18866,553,116,191,118,134
18867,334,394,428,322,349
18868,89,565,1064,817,998
18869,536,388,331,1923,1792
18870,147,128,235,1565,1942
18871,1440,955,122,75,95
18872,181,420,73,207,166
18873,274,256,152,36,49
18874,1786,382,1757,1834,1752
18875,1787,165,887,633,530
18876,876,85,186,158,133
18877,46,312,98,111,129
18878,574,399,68,106,101
18879,703,1159,1128,725,629
18880,768,2198,2720,2031,2214
18881,4453,5242,2798,1895,1883
18882,2208,3002,1645,1537,1582
18883,5,11,14,7,8
18884,217,179,71,35,26
18885,250,286,125,39,36
18886,1731,198,9,6,6
18887,1462,162,8,2,2
18888,910,90,79,244,212
18889,2227,323,316,143,145
18890,2227,2162,1028,349,375
18891,2104,1303,1153,619,617
18892,627,60,800,874,1035
18893,275,947,479,967,972
18894,392,1023,284,504,346
18895,2,0,23,3,5
18896,12,0,10,1,2
18897,76,123,7,2,2
18898,45,188,77,18,10
18899,149,217,250,111,139
18900,48,297,50,23,4
18901,2570,4250,1883,2975,2713
18902,3137,4473,2751,3041,2713
18903,4348,5374,3929,4615,4321
18904,29,86,140,216,183
18905,71,179,618,829,671
18906,212,60,359,168,249
18907,47,133,51,11,10
18908,46,19,11,13,20
18909,258,1971,875,2415,2361
18910,642,1268,395,681,551
18911,756,916,784,1008,981
18912,1673,931,827,760,660
18913,541,513,168,203,240
18914,368,7,31,78,84
18915,703,4,31,357,309
18916,1513,758,131,3996,4411
18917,6200,4269,686,663,532
18918,943,358,205,483,359
18919,25,5,4,14,26
18920,5136,158,393,989,1104
18921,7530,483,1463,2059,2047
18922,250,6,30,24,12
18923,108,3,44,36,19
18924,1562,7515,7090,5978,6600
18925,274,209,1586,1588,1288
18926,148,301,3066,3435,3201
18927,1835,4533,3752,2443,2538
18928,104,33,115,40,26
18929,25,20,36,19,14
18930,30,881,1023,1019,951
18931,259,4600,2202,625,789
18932,69,1694,1964,709,738
18933,1352,1059,959,186,270
18934,6124,5044,4416,4537,4311
18935,47,82,333,607,477
18936,37,48,277,468,389
18937,0,1043,553,1958,2226
18938,1,965,359,1489,1678
18939,609,592,261,1360,1296
18940,36,2427,12,11,9
18941,12,785,20,38,16
18942,90,918,1397,970,1284
18943,1780,4656,6448,5443,5520
18944,2192,2319,2951,1549,2216
18945,2373,2862,3802,2992,3589
18946,1618,423,733,508,361
18947,1613,268,718,424,295
18948,3,314,507,252,296
18949,95,547,605,5028,5007
18950,1381,1988,1182,4320,4619
18951,77,1216,2381,1778,1810
18952,77,1242,815,213,193
18953,33,22,70,12,13
18954,675,112,144,22,22
18955,2115,936,489,293,389
18956,1479,536,489,818,736
18957,2050,533,760,1045,1007
18958,3155,2066,3060,1464,1617
18959,81,31,1096,721,826
18960,179,1015,1527,678,763
18961,3112,2731,783,206,288
18962,7137,3422,734,146,257
18963,4088,1153,824,767,808
18964,129,36,10,13,8
18965,70,127,28,23,23
18966,84,134,258,510,520
18967,20,46,10,5,6
18968,5870,7223,6534,6886,7013
18969,3,7,2,0,0
18970,235,871,76,51,62
18971,157,5,5,2,3
18972,176,90,250,128,143
18973,888,137,55,28,21
18974,956,423,57,28,22
18975,344,47,74,119,128
18976,350,423,268,321,246
18977,100,204,405,384,326
18978,132,274,248,363,250
18979,1376,583,614,234,356
18980,928,438,47,27,36
18981,1685,589,39,37,43
18982,218,26,24,42,43
18983,193,58,227,66,76
18984,188,48,33,135,133
18985,236,164,334,1153,1232
18986,84,163,289,124,117
18987,268,153,857,230,203
18988,204,2947,380,236,195
18989,342,4867,1653,1266,918
18990,1477,3576,1806,2255,2302
18991,413,63,69,62,81
18992,36,52,68,54,61
18993,650,694,684,801,1065
18994,447,1161,881,504,429
18995,497,1526,3777,1132,950
18996,263,1376,2666,2173,2494
18997,637,932,800,472,334
18998,1055,554,492,279,223
18999,4236,3452,3311,3285,3626
19000,1303,2592,3505,3789,3843
19001,1714,453,1550,695,691
19002,467,1230,1360,1082,1011
19003,7283,1368,1296,1488,1737
19004,75,698,359,210,174
19005,49,178,41,45,46
19006,76,1035,889,1020,909
19007,9,500,382,234,245
19008,810,373,294,217,220
19009,44,470,134,386,446
19010,2022,928,1848,1704,1788
19011,2764,4660,4542,4494,4279
19012,24,46,1,1,4
19013,37,4,21,66,70
19014,45,4,2,2,5
19015,5101,2096,555,342,617
19016,2619,2372,1240,3549,3205
19017,3990,1837,502,343,691
19018,1937,5197,3259,2105,1970
19019,328,94,647,293,353
19020,119,59,979,453,550
19021,746,1331,1436,2434,2100
19022,2368,611,585,837,796
19023,2436,1208,4756,4540,4681
19024,69,142,179,49,45
19025,96,507,147,100,76
19026,86,88,275,725,745
19027,1244,3257,2416,1911,1947
19028,200,1918,1961,1630,1790
19029,242,5506,2030,1806,1448
19030,129,818,100,6,3
19031,893,1304,2670,909,904
19032,173,762,138,10,6
19033,54,0,268,44,48
19034,10,1,47,2,4
19035,1743,2763,2458,2922,2940
19036,15,156,922,457,883
19037,23,178,208,97,76
19038,4098,2946,283,123,111
19039,744,1114,1024,839,744
19040,651,35,115,116,131
19041,1446,103,241,200,247
19042,67,57,56,12,13
19043,102,117,63,12,15
19044,400,206,472,3208,3409
19045,341,4860,7720,7218,7261
19046,145,2248,1482,2256,2423
19047,2092,2817,1997,2957,3205
19048,1690,1584,1103,1250,1060
19049,2410,3891,547,1256,1063
19050,750,819,588,678,575
19051,1539,1938,724,789,590
19052,369,502,544,472,631
19053,631,306,154,115,152
19054,5599,5508,6907,5598,5318
19055,820,352,219,314,338
19056,1660,343,179,410,351
19057,1640,648,689,923,1162
19058,2289,289,286,678,856
19059,1806,724,1561,3230,4056
19060,1009,369,1310,1029,1136
19061,2359,1703,1935,1251,1176
19062,1155,624,1243,896,863
19063,186,389,772,287,286
19064,2277,1654,1396,320,259
19065,200,151,469,127,130
19066,3006,2919,1661,1248,1484
19067,1706,879,1670,1734,2002
19068,463,261,475,611,698
19069,225,745,1649,1541,1758
19070,549,468,89,155,222
19071,327,643,61,71,102
19072,50,70,8,13,12
19073,137,580,973,692,636
19074,118,52,41,57,67
19075,5111,980,872,757,745
19076,2250,342,695,707,665
19077,1389,1393,898,757,752
19078,4088,5076,3061,3464,3436
19079,79,53,595,191,202
19080,115,40,288,138,145
19081,894,1065,2226,1473,1470
19082,832,1859,4743,1738,1600
19083,993,1015,767,671,757
19084,1606,2369,3337,2861,1640
19085,231,1115,245,1110,1069
19086,399,1244,376,1055,898
19087,887,1351,1194,1608,1689
19088,1521,1018,1180,475,381
19089,1747,1591,2280,1520,1222
19090,47,599,574,1732,1951
19091,47,156,995,679,617
19092,32,119,130,71,74
19093,3881,1070,4828,2770,2578
19094,178,224,146,203,222
19095,199,352,86,94,105
19096,249,286,1952,1483,1453
19097,176,321,201,400,220
19098,144,349,192,754,478
19099,388,396,3395,2961,2777
19100,184,425,2326,2330,2279
19101,2275,457,3098,2766,3293
19102,4558,3011,4409,4801,4702
19103,2485,1235,1638,1477,1553
19104,3596,1704,2348,2384,2468
19105,390,786,1439,2005,1525
19106,154,1099,1876,1038,933
19107,6969,6456,872,5985,6368
19108,1199,252,697,905,1060
19109,92,166,1507,1968,2130
19110,76,118,652,667,747
19111,355,894,767,543,467
19112,3269,887,1099,1311,1370
19113,124,642,66,66,46
19114,248,589,311,512,696
19115,83,785,374,635,917
19116,15,358,635,408,452
19117,121,256,303,212,218
19118,237,209,225,90,108
19119,5564,5734,3662,3160,4028
19120,90,67,17,19,12
19121,70,2748,907,391,413
19122,25,58,5,5,3
19123,3560,4601,7100,6133,5654
19124,541,177,73,566,644
19125,281,129,100,964,1041
19126,2049,908,1432,2856,2321
19127,3161,1556,3122,6585,6781
19128,4441,4471,3047,5198,4604
19129,562,314,202,248,165
19130,655,78,148,176,237
19131,530,73,375,308,329
19132,610,17,116,109,144
19133,4209,8025,6802,4171,4308
19134,434,26,108,69,76
19135,441,607,215,580,487
19136,2230,1544,589,692,572
19137,279,168,120,444,386
19138,2132,1844,668,748,455
19139,1182,1087,356,283,145
19140,4047,3415,1533,1193,1599
19141,3,76,5,21,23
19142,27,123,33,72,98
19143,529,355,154,129,145
19144,229,122,147,84,90
19145,538,102,88,91,49
19146,45,243,22,22,17
19147,475,778,1887,2465,2889
19148,5,2682,1829,1166,1039
19149,1173,2496,1143,763,847
19150,1418,213,461,255,231
19151,152,218,1353,3416,3588
19152,45,227,1491,607,541
19153,120,1334,29,57,45
19154,144,78,141,361,328
19155,133,48,37,53,31
19156,283,294,569,395,434
19157,645,1254,1269,1016,967
19158,367,674,2081,1292,908
19159,73,67,3,0,0
19160,1961,881,1974,2726,2460
19161,121,25,1,2,2
19162,1629,2051,3977,3596,3439
19163,1981,1250,1789,660,727
19164,3219,1622,5049,2395,2548
19165,20,399,220,357,544
19166,290,60,2096,2632,2736
19167,15,20,0,1,1
19168,34,128,851,112,108
19169,32,173,309,534,546
19170,25,94,517,206,216
19171,324,88,1326,369,303
19172,26,13,56,16,10
19173,7,63,175,38,23
19174,682,524,535,716,677
19175,280,194,257,518,598
19176,126,100,176,244,299
19177,1548,424,349,1108,1015
19178,2646,802,1041,1828,1665
19179,5149,6236,2601,2883,2722
19180,281,194,306,784,648
19181,142,159,647,244,269
19182,421,268,536,274,318
19183,18,0,0,13,10
19184,3,0,6,5,2
19185,1689,116,830,671,681
19186,3846,2364,3427,5774,6586
19187,3133,2857,3256,5253,5112
19188,7146,4623,8697,9170,9136
19189,274,316,70,38,33
19190,3457,4496,3602,3405,3575
19191,424,411,113,108,94
19192,264,366,118,145,152
19193,1484,202,245,281,271
19194,1650,252,314,464,278
19195,1650,248,499,1079,946
19196,1152,137,210,466,377
19197,1142,2644,1830,3310,3446
19198,628,7,56,33,27
19199,3234,5979,5791,3474,3483
19200,587,15,60,52,35
19201,229,331,4463,5082,5201
19202,915,638,2064,2187,2219
19203,235,479,2164,2980,2673
19204,5026,1764,1158,601,768
19205,596,706,2008,1849,1680
19206,652,1030,640,371,509
19207,983,6598,6922,3125,3131
19208,1821,1228,2262,1346,1425
19209,1810,1058,5798,2677,2535
19210,137,1657,2011,906,914
19211,125,2448,153,25,24
19212,2417,2284,114,22,25
19213,76,230,55,75,68
19214,68,4,155,112,110
19215,113,10,22,15,12
19216,1423,112,232,388,571
19217,3129,496,1301,1793,2438
19218,4268,4251,4892,4893,4643
19219,409,23,107,183,222
19220,542,47,222,1611,1810
19221,424,1083,1480,1808,1960
19222,762,868,968,676,612
19223,706,72,61,138,82
19224,2029,577,1510,1380,1244
19225,173,341,293,508,554
19226,1234,506,604,562,568
19227,129,567,347,1171,1155
19228,7439,5223,4735,5972,6205
19229,741,1060,483,145,158
19230,664,273,250,294,306
19231,12,4,368,265,190
19232,4,28,255,267,185
19233,210,1,517,871,819
19234,1710,351,543,568,533
19235,2172,5502,3833,4255,4769
19236,23,93,100,95,108
19237,351,661,2528,1360,1267
19238,186,800,380,196,201
19239,75,199,886,370,364
19240,28,658,1335,1145,784
19241,43,1538,875,578,459
19242,873,1047,812,556,580
19243,17,354,121,58,83
19244,75,164,14,4,3
19245,65,35,1,2,2
19246,6226,7312,5364,3946,4119
19247,1418,2816,792,1405,1679
19248,3382,3986,1382,2590,2956
19249,802,1275,232,187,162
19250,1134,424,261,320,414
19251,3719,4776,4774,7486,7059
19252,96,272,100,113,77
19253,326,80,204,262,200
19254,10,222,41,14,26
19255,1496,3004,2205,4528,4695
19256,321,11,274,117,120
19257,1166,11,221,150,115
19258,2029,821,2594,1132,1512
19259,3074,1565,3370,1539,2416
19260,1524,1594,1610,2742,3213
19261,956,1871,1271,1023,1197
19262,1129,1472,1684,1135,1322
19263,2435,1169,925,1467,1473
19264,2068,615,362,291,315
19265,5454,2440,2392,3029,3050
19266,3162,2177,463,407,381
19267,331,2376,694,1799,1804
19268,2,28,11,11,7
19269,1213,459,328,57,122
19270,199,193,2207,1832,1727
19271,221,148,49,296,419
19272,297,888,127,919,1311
19273,760,1412,255,235,154
19274,294,105,343,81,143
19275,130,1286,404,159,111
19276,2183,173,233,1003,913
19277,1260,1664,1419,1226,1593
19278,3100,367,716,1820,1587
19279,1282,168,3,2,1
19280,49,78,2,1,1
19281,25,110,543,521,554
19282,550,1462,29,174,143
19283,358,1080,13,110,73
19284,255,5342,3888,2689,2305
19285,921,1420,2486,1469,1832
19286,1906,1634,2337,1238,1598
19287,7775,6244,7298,7304,7372
19288,892,766,117,212,254
19289,357,327,413,49,58
19290,9,61,37,45,52
19291,14,227,169,411,290
19292,5,31,33,65,50
19293,147,24,323,304,252
19294,15,147,1044,546,841
19295,3880,2439,1765,1470,1742
19296,14,41,25,60,72
19297,9,595,642,419,359
19298,27,39,40,38,39
19299,30,357,186,252,217
19300,153,1200,513,430,388
19301,454,662,306,480,310
19302,4914,2112,5986,4818,4445
19303,1052,1368,3475,3674,3395
19304,1589,1996,1014,995,965
19305,1336,1817,1778,1775,1766
19306,3372,2142,577,1367,1630
19307,611,504,502,372,245
19308,516,405,183,359,262
19309,14,130,54,101,93
19310,37,123,202,126,125
19311,39,191,103,138,138
19312,260,181,794,257,329
19313,1184,1442,1724,2653,2560
19314,104,188,415,90,124
19315,2,26,70,40,59
19316,54,1,297,15,13
19317,5,89,204,1382,1575
19318,5771,3940,5499,4481,3988
19319,4511,1183,2188,1839,1998
19320,1646,4813,5698,5575,5402
19321,2717,1518,173,3807,3573
19322,2635,1129,139,2695,2567
19323,3506,2490,3101,1209,1255
19324,175,30,13,8,8
19325,365,41,126,126,139
19326,391,290,19,6,7
19327,91,482,322,377,575
19328,386,87,2769,2668,1820
19329,113,220,507,355,626
19330,153,49,12,4,10
19331,76,43,19,7,15
19332,81,102,134,828,956
19333,508,20,63,510,590
19334,289,23,221,774,880
19335,553,1313,2299,1261,1699
19336,2535,849,475,108,129
19337,243,2256,376,523,513
19338,89,140,733,694,600
19339,5507,930,3051,2581,2692
19340,1884,1251,989,1237,1124
19341,4672,2727,1819,3879,4380
19342,203,447,130,122,100
19343,38,23,35,27,13
19344,70,11,45,50,29
19345,1976,2138,1472,2625,2479
19346,110,140,20,35,31
19347,166,37,64,140,112
19348,1705,1235,894,517,602
19349,6415,3745,1318,683,842
19350,1239,390,462,2960,3109
19351,634,352,2679,3395,3776
19352,608,1175,2350,3047,3204
19353,962,697,2500,1730,1793
19354,1,20,25,29,14
19355,6160,5132,6803,6202,6104
19356,3,19,29,28,17
19357,173,492,1934,1222,977
19358,158,265,87,282,243
19359,2462,1345,1750,1455,1507
19360,2782,1535,1292,679,742
19361,1623,3066,2122,882,1060
19362,1394,2966,1524,2378,2523
19363,893,294,64,110,114
19364,978,807,292,185,299
19365,402,345,41,41,43
19366,1835,756,1968,2216,2693
19367,771,299,1398,1183,1402
19368,1626,161,3225,3391,3833
19369,702,1727,3098,2603,2932
19370,266,447,1140,609,620
19371,1534,856,1309,1335,1298
19372,775,699,2376,3575,3856
19373,348,657,392,116,212
19374,495,862,157,79,75
19375,83,409,206,443,494
19376,36,167,368,194,197
19377,61,96,97,1219,1170
19378,1131,5575,6996,6334,5986
19379,3774,764,4755,5056,5319
19380,915,786,4062,3676,4122
19381,194,9,32,521,448
19382,34,7,15,3,4
19383,1917,267,98,193,121
19384,104,244,433,542,458
19385,969,2362,4857,4212,4469
19386,527,356,289,205,168
19387,718,551,273,923,851
19388,700,433,143,1053,1098
19389,1318,5336,2402,1112,1002
19390,660,1474,423,937,823
19391,176,465,82,452,407
19392,96,387,58,391,293
19393,214,230,212,187,163
19394,196,123,176,123,151
19395,261,151,309,78,101
19396,1096,34,947,1365,1352
19397,688,312,342,793,654
19398,992,34,429,492,632
19399,68,556,1021,532,501
19400,409,111,12,10,19
19401,880,94,7,7,14
19402,3463,2999,92,354,421
19403,130,1176,1349,668,680
19404,2210,1430,1522,3074,2888
19405,635,261,53,15,19
19406,776,426,177,148,156
19407,435,363,155,119,99
19408,70,146,9,0,1
19409,343,56,235,1114,1070
19410,241,577,20,2,5
19411,213,121,142,44,54
19412,995,3202,7897,6805,6296
19413,186,49,130,74,102
19414,505,657,909,605,702
19415,494,390,3537,2098,2380
19416,1453,615,1035,695,875
19417,279,107,0,96,129
19418,54,17,14,3,3
19419,5,7,0,2,1
19420,10,1,5,0,0
19421,22,22,0,32,30
19422,6428,1852,7208,6064,6056
19423,4788,4735,1099,4001,3943
19424,459,405,463,2164,2216
19425,288,1014,1885,2358,2490
19426,2133,123,874,2642,2761
19427,5137,1082,521,756,418
19428,2600,191,538,355,137
19429,71,1442,2177,1587,1550
19430,479,0,0,0,0
19431,310,1,0,0,0
19432,1124,969,1285,1307,1187
19433,1027,1072,2216,2494,2111
19434,615,1137,3846,4179,4023
19435,342,754,1031,780,756
19436,443,1998,1427,1786,1654
19437,229,393,4035,2547,3145
19438,482,827,404,61,54
19439,1309,700,260,753,699
19440,1027,2504,1194,192,163
19441,436,588,968,649,767
19442,1272,1146,1904,1337,1575
19443,444,534,1455,1571,1442
19444,335,90,63,41,53
19445,233,612,58,133,101
19446,526,101,266,86,94
19447,3667,753,5388,6606,6234
19448,6459,6581,5440,5889,5675
19449,4502,1059,6642,7860,7648
19450,148,73,48,92,114
19451,409,103,96,124,126
19452,951,1152,120,118,182
19453,4978,5450,3511,4026,4408
19454,4170,2415,3137,3508,4412
19455,1603,3328,4383,5286,5964
19456,90,310,1282,1149,1212
19457,1068,106,1736,699,1135
19458,87,516,592,198,310
19459,829,569,3191,4357,3971
19460,10,1558,1288,2326,2068
19461,26,264,891,1308,1317
19462,264,17,11,35,24
19463,232,47,56,68,68
19464,2055,4034,5320,6397,6530
19465,16,55,177,55,49
19466,151,647,282,96,80
19467,14,20,114,217,164
19468,20,3,17,70,52
19469,1257,1088,379,329,425
19470,6,52,9,2,2
19471,1595,61,1293,1992,1613
19472,25,17,1,0,0
19473,49,14,0,1,0
19474,54,90,64,43,46
19475,121,54,42,82,103
19476,209,44,305,236,212
19477,1036,2744,581,1189,1236
19478,371,11,345,103,127
19479,27,45,228,500,602
19480,879,2834,825,405,429
19481,327,514,1361,984,968
19482,940,1114,53,25,41
19483,60,60,345,289,243
19484,113,27,106,74,60
19485,535,413,461,219,268
19486,964,866,1165,296,487
19487,108,1861,4026,3745,3497
19488,1479,1568,504,153,185
19489,1300,4030,3625,2359,1897
19490,687,333,1336,690,627
19491,696,108,496,657,605
19492,2198,4224,4329,2924,2691
19493,992,5082,2605,2340,2769
19494,899,3918,1696,2390,2773
19495,383,1605,1093,1157,1091
19496,44,756,70,34,47
19497,93,376,98,54,57
19498,613,1111,242,1178,1067
19499,438,326,753,397,353
19500,705,705,854,357,295
19501,8969,4898,4720,7031,7131
19502,103,197,266,184,204
19503,249,793,431,325,313
19504,90,285,452,639,701
19505,87,4,1740,1502,1141
19506,398,28,886,548,340
19507,8,18,17,3,3
19508,11,7,2,1,1
19509,33,1,12,40,35
19510,3321,1366,1537,757,534
19511,1628,827,1749,3928,4075
19512,3492,4425,3583,1902,1841
19513,68,27,10,5,5
19514,423,176,646,242,213
19515,52,71,19,10,11
19516,7,0,0,0,0
19517,4,0,0,0,0
19518,1203,121,49,466,589
19519,19,251,1709,2010,1919
19520,5666,1687,3659,3274,3492
19521,104,519,1941,2243,2274
19522,1012,620,959,446,537
19523,2105,1363,636,623,642
19524,256,543,480,398,379
19525,3605,965,2627,1982,1984
19526,297,420,2147,1942,1765
19527,300,167,676,713,639
19528,10,7,372,257,241
19529,20,0,32,14,13
19530,12,3,32,12,11
19531,163,33,107,37,41
19532,376,17,393,98,80
19533,172,270,54,19,22
19534,1101,1731,479,376,376
19535,1957,1123,683,469,543
19536,1151,1663,1033,611,645
19537,1450,2118,3406,3115,3116
19538,1578,4030,5290,5434,5392
19539,1036,1405,984,1313,1295
19540,2012,276,550,1250,1425
19541,68,460,39,104,137
19542,91,373,14,39,48
19543,229,59,37,200,200
19544,2697,666,258,238,384
19545,461,49,36,106,102
19546,320,891,2594,2004,2137
19547,8684,9012,7672,8632,8613
19548,556,2723,4077,3377,3534
19549,119,185,31,14,20
19550,160,669,9,2,6
19551,2160,776,5,0,1
19552,196,398,76,81,95
19553,110,365,81,101,65
19554,162,424,669,480,495
19555,1,398,357,400,335
19556,201,1843,1879,1249,1115
19557,2,392,147,316,250
19558,1461,73,953,1216,1248
19559,228,86,100,34,144
19560,324,824,56,13,57
19561,9,121,109,158,168
19562,16,222,417,129,95
19563,10,125,86,172,220
19564,18,29,26,32,19
19565,3428,2901,2279,2036,2248
19566,20,21,144,51,39
19567,7171,4000,7322,8141,8309
19568,2504,2493,4695,5262,5506
19569,3454,3725,4615,5013,5299
19570,3980,4403,4559,4728,4497
19571,54,603,221,324,237
19572,44,326,137,171,149
19573,1146,51,35,207,307
19574,876,557,103,277,198
19575,987,52,25,114,161
19576,23,1294,3899,2056,2288
19577,207,1790,2571,1390,1802
19578,980,531,1017,903,828
19579,39,46,98,173,161
19580,2067,7489,2463,2716,2945
19581,103,65,336,868,675
19582,10,4,12,87,121
19583,1,74,1,0,0
19584,2,41,18,7,5
19585,690,152,135,92,70
19586,680,473,41,100,79
19587,892,1035,396,395,395
19588,26,153,193,36,25
19589,10,93,12,1134,1849
19590,263,547,11,4,1
19591,212,185,6,3,1
19592,336,326,3,3,1
19593,312,252,281,188,190
19594,3031,1585,3190,2524,2348
19595,3678,1622,604,837,791
19596,4224,1283,1323,1470,1419
19597,5233,4206,3524,3563,3953
19598,335,300,188,202,160
19599,513,340,206,249,216
19600,299,288,280,336,363
19601,487,268,220,633,833
19602,8930,5264,7791,7592,7444
19603,89,1275,643,466,619
19604,2336,1261,324,775,655
19605,24,541,219,190,250
19606,1336,2994,1061,827,652
19607,817,188,706,1972,2013
19608,922,732,1729,1359,1183
19609,1412,2477,1784,1806,1701
19610,631,1683,963,930,970
19611,1146,1868,2636,1885,1453
19612,2675,1990,2555,3714,3871
19613,4042,811,2941,5858,5667
19614,1888,257,3910,1536,1497
19615,1056,809,1021,271,272
19616,187,1161,2779,277,253
19617,171,1232,1273,6339,6804
19618,619,1199,4267,4044,4260
19619,1007,2790,1143,447,375
19620,1840,884,525,173,161
19621,1041,2491,1585,849,924
19622,4528,4241,3515,3498,4172
19623,1837,1284,2536,2269,2807
19624,1211,8357,1217,1528,1705
19625,36,2,32,13,12
19626,20,4,138,49,45
19627,463,610,922,501,765
19628,722,845,828,626,789
19629,3860,657,536,685,760
19630,820,396,658,1374,1569
19631,5568,3397,2815,1861,1677
19632,540,218,110,75,97
19633,2653,1489,955,734,941
19634,536,1133,1048,1255,1396
19635,1199,4335,3433,2675,2528
19636,4,153,87,67,78
19637,6660,7001,5638,5149,5051
19638,1,55,177,107,159
19639,126,496,1744,1919,2016
19640,36,136,407,78,72
19641,65,1979,62,89,117
19642,242,41,196,313,269
19643,91,13,20,23,26
19644,1691,65,1096,539,573
19645,1178,569,62,109,117
19646,4543,1960,767,654,465
19647,3288,1093,60,111,114
19648,1359,1204,535,347,386
19649,1788,2239,4312,3845,3146
19650,643,530,527,281,352
19651,886,2603,2176,1052,1329
19652,1615,3398,1489,3616,2468
19653,7247,5931,1602,954,1217
19654,1739,1049,890,1798,1942
19655,622,616,224,578,675
19656,1240,2984,2681,1718,1659
19657,482,638,1457,1987,2395
19658,5788,6671,4307,4901,4553
19659,220,893,1446,1912,2425
19660,1182,1197,1386,1601,1088
19661,2731,905,404,660,478
19662,3188,2409,693,990,1025
19663,338,221,539,903,852
19664,559,515,470,1208,1384
19665,236,227,245,334,324
19666,250,287,28,350,510
19667,157,538,2566,1694,1428
19668,358,102,8,281,256
19669,2149,908,785,576,735
19670,1522,1044,4557,4979,4921
19671,557,237,1048,728,559
19672,65,101,317,52,65
19673,5329,4684,4789,3650,3407
19674,689,145,596,202,201
19675,487,470,797,656,614
19676,884,3255,3170,3109,3064
19677,239,1129,1820,1085,928
19678,153,64,228,131,134
19679,120,229,25,7,7
19680,231,158,32,19,17
19681,209,1615,491,992,961
19682,167,1563,1364,1672,1309
19683,2056,1977,990,1471,1349
19684,2358,527,1247,1247,1341
19685,82,36,637,678,723
19686,40,48,1188,1837,1833
19687,31,18,549,665,700
19688,848,718,432,449,450
19689,1505,770,1376,1828,2088
19690,428,2413,3148,1811,1767
19691,678,978,1134,1974,1725
19692,36,26,49,13,13
19693,87,655,731,352,310
19694,55,89,137,319,272
19695,145,61,115,390,479
19696,689,1252,134,1292,1385
19697,564,2515,1256,3529,3730
19698,222,1399,478,2047,2190
19699,20,103,338,338,299
19700,2281,1467,910,1033,956
19701,10,18,187,204,128
19702,49,281,451,184,128
19703,93,622,106,161,147
19704,1662,995,123,293,290
19705,224,1020,304,210,234
19706,45,1054,49,66,47
19707,58,795,74,85,60
19708,3498,2911,3170,4336,4178
19709,529,902,1295,827,489
19710,1973,1146,890,528,349
19711,313,641,245,420,370
19712,1958,1763,2386,4076,4435
19713,516,555,257,419,293
19714,3525,2699,2013,1939,1705
19715,2,33,80,65,69
19716,1146,1595,1369,1646,1650
19717,57,8,55,8,9
19718,0,0,3,5,8
19719,451,222,42,17,13
19720,6908,4295,3600,4895,4880
19721,3360,2841,1185,1725,1532
19722,533,1103,774,1145,1000
19723,410,747,1091,798,667
19724,1224,1236,1615,1444,1675
19725,3001,2315,730,947,1040
19726,888,2757,1240,1533,1602
19727,1971,1891,2568,2355,2362
19728,381,1837,2445,2824,2943
19729,823,1094,1173,1249,1198
19730,1510,749,470,352,275
19731,1722,976,1352,1375,1190
19732,2833,6352,1819,6302,6645
19733,2831,5804,2717,5247,5215
19734,821,4323,3176,4083,3826
19735,502,519,71,104,72
19736,191,66,2,9,5
19737,183,791,1407,1482,1443
19738,4594,3162,4540,4906,5185
19739,146,129,69,405,284
19740,101,95,18,237,179
19741,2714,36,907,1685,1637
19742,597,23,1028,1753,1844
19743,265,1051,854,665,763
19744,789,272,1471,767,619
19745,21,160,34,93,76
19746,7,264,63,244,179
19747,5266,770,687,546,555
19748,610,107,391,384,440
19749,2789,1864,495,480,496
19750,151,61,3,250,274
19751,5547,6993,6651,6697,6590
19752,103,32,879,394,514
19753,95,450,746,516,558
19754,396,167,22,50,31
19755,13,565,7,6,5
19756,4673,5196,4892,4942,4949
19757,144,66,5,4,2
19758,143,50,11,5,7
19759,1804,1523,1648,1461,1805
19760,4576,4981,7861,8128,7911
19761,1665,1223,1195,1058,1351
19762,58,302,213,81,90
19763,367,4608,2206,3829,3556
19764,155,448,363,147,148
19765,2087,1137,1280,1335,1233
19766,211,263,340,107,64
19767,58,248,409,136,90
19768,675,69,5,9,7
19769,554,300,716,662,713
19770,922,316,10,12,4
19771,149,345,872,183,184
19772,420,47,66,447,540
19773,1283,412,564,2589,2240
19774,605,575,84,41,54
19775,994,373,92,91,134
19776,1161,466,1947,245,281
19777,143,430,143,97,158
19778,2717,1088,3748,3649,3459
19779,506,937,1525,1236,1218
19780,8,27,139,109,104
19781,6,37,338,268,258
19782,3138,1390,1504,947,1373
19783,187,101,360,491,534
19784,1325,129,83,23,13
19785,424,293,471,474,460
19786,197,358,189,175,191
19787,330,31,171,143,155
19788,1141,16,158,707,701
19789,46,18,37,15,14
19790,87,27,16,6,8
19791,43,13,7,6,7
19792,178,494,897,501,625
19793,1855,158,4,1,5
19794,116,39,1,1,2
19795,580,914,32,45,36
19796,14,1,1,3,4
19797,155,131,13,11,10
19798,57,9,0,1,1
19799,195,0,2,1,1
19800,107,605,63,62,52
19801,361,1014,2200,2277,2361
19802,1644,1201,1789,1847,1715
19803,1143,541,622,807,811
19804,3,15,275,291,220
19805,740,584,157,133,107
19806,3330,4952,3936,3458,3338
19807,23,37,190,283,294
19808,37,104,3,4,5
19809,8,7,88,56,79
19810,2184,1039,3262,3112,4161
19811,1977,835,1865,1671,1996
19812,2741,4428,2367,2322,2220
19813,705,481,763,590,494
19814,790,488,5367,3946,4502
19815,1029,721,561,594,606
19816,33,3769,2688,1425,1415
19817,77,2021,1021,959,774
19818,1937,2368,2502,1407,1151
19819,530,561,668,363,358
19820,2378,293,239,188,180
19821,753,1359,543,762,736
19822,0,411,281,637,550
19823,575,417,1020,884,848
19824,1,164,122,541,402
19825,844,1157,267,183,83
19826,439,264,53,43,37
19827,305,309,47,21,14
19828,89,442,589,737,842
19829,1512,1381,1453,1052,992
19830,37,977,570,601,661
19831,4991,2177,400,485,617
19832,3950,3616,1721,1689,1906
19833,3944,1618,201,165,211
19834,2706,3592,3605,2925,3143
19835,61,55,7,21,15
19836,373,442,299,226,248
19837,4438,5448,6582,5989,6254
19838,510,83,32,61,58
19839,815,239,45,59,65
19840,2045,144,1239,1718,2057
19841,1801,191,1337,962,966
19842,1481,304,349,330,278
19843,268,1105,638,751,656
19844,145,3,47,127,113
19845,207,65,75,12,13
19846,1170,79,309,301,408
19847,2899,3061,3882,4677,4331
19848,414,74,994,748,983
19849,6824,4622,4211,4683,5001
19850,4755,1915,1703,1907,2263
19851,4700,5549,5707,5313,5285
19852,359,153,485,234,209
19853,1275,1456,1739,2623,2351
19854,582,92,918,382,336
19855,197,787,1413,1426,1468
19856,41,523,887,706,736
19857,33,611,959,1263,1290
19858,370,15,7,29,26
19859,38,12,1,6,9
19860,97,14,2,35,21
19861,155,15,263,241,315
19862,219,22,327,361,562
19863,305,123,143,110,115
19864,137,349,2,131,118
19865,1858,651,1184,1358,1475
19866,166,400,0,172,158
19867,0,0,0,0,0
19868,0,0,0,0,0
19869,5,0,0,3,3
19870,3405,445,198,464,506
19871,1334,78,52,219,269
19872,1000,85,1520,1180,1204
19873,355,0,6,13,18
19874,52,22,54,22,30
19875,3494,1854,4018,4202,4185
19876,5264,2976,3489,4098,3965
19877,5643,4104,4493,4259,3953
19878,3475,3292,3497,3697,3336
19879,230,419,3640,4973,5213
19880,334,333,963,339,525
19881,462,740,655,139,223
19882,670,1333,1338,2203,2238
19883,561,765,213,1227,1083
19884,5110,222,269,2166,1490
19885,335,2556,505,1617,1438
19886,235,3430,542,1682,1336
19887,1007,694,1776,2633,2325
19888,57,126,42,7,10
19889,58,314,1516,1924,1698
19890,4991,2381,725,1220,1291
19891,2115,2796,3142,3118,3018
19892,3832,2497,2088,1774,2135
19893,4375,4037,2972,3069,3284
19894,7340,5241,4261,5148,4809
19895,162,649,23,13,9
19896,299,558,84,702,833
19897,28,13,85,115,105
19898,19,13,76,94,72
19899,26,449,156,169,193
19900,969,2540,3488,3400,3321
19901,1149,2479,3649,2895,3230
19902,1048,3363,4616,4087,4311
19903,2934,2197,1715,548,820
19904,832,546,495,87,89
19905,1175,1373,931,218,223
19906,1383,3559,3480,2803,2767
19907,4198,3289,3825,3794,3893
19908,2896,5050,6457,5134,5428
19909,0,49,12,2,6
19910,284,674,20,7,21
19911,0,16,10,5,12
19912,93,6,2,0,0
19913,131,975,802,616,700
19914,187,3,1,3,2
19915,4,1,18,32,37
19916,328,132,314,500,622
19917,13,4,6,6,7
19918,166,481,205,48,35
19919,3218,2117,2584,4082,3850
19920,126,373,176,44,35
19921,225,135,215,141,124
19922,70,60,127,157,108
19923,125,67,160,477,322
19924,1429,833,1931,5254,4517
19925,810,349,15,25,22
19926,399,365,2156,2877,2700
19927,417,838,648,2805,2749
19928,172,123,75,126,86
19929,463,5486,5981,6756,6626
19930,1057,248,285,144,104
19931,59,95,58,57,56
19932,1702,39,1108,1216,1456
19933,98,326,43,819,959
19934,24,18,79,13,16
19935,5,11,8,2,0
19936,96,8,4,106,84
19937,202,97,26,19,28
19938,270,773,476,88,109
19939,564,1268,2177,537,614
19940,185,2969,999,295,317
19941,1641,416,2499,242,321
19942,1090,430,201,218,109
19943,839,626,210,188,105
19944,1240,1684,1820,4530,4807
19945,21,328,102,409,443
19946,17,835,375,444,427
19947,83,706,596,684,607
19948,854,6008,1666,1136,1056
19949,635,453,183,213,191
19950,189,155,237,267,230
19951,23,23,32,5,10
19952,13,20,63,139,74
19953,37,1362,61,67,33
19954,2306,768,164,156,134
19955,11,565,337,269,173
19956,9,624,257,287,193
19957,1838,2692,380,261,258
19958,2467,4265,765,764,644
19959,2734,4418,324,274,228
19960,1037,265,278,77,54
19961,52,153,113,62,52
19962,21,686,186,206,162
19963,598,2665,2114,2281,1926
19964,346,1418,1023,1070,782
19965,2224,1824,311,1889,1589
19966,227,131,5,40,29
19967,2217,297,784,830,814
19968,1065,156,82,39,23
19969,1110,256,574,917,849
19970,1222,764,916,1769,1996
19971,740,226,1404,1767,1486
19972,570,47,6,0,0
19973,35,11,2,1,1
19974,27,117,31,25,24
19975,696,2184,22,10,6
19976,846,1644,338,229,182
19977,361,893,42,25,13
19978,1385,6605,2575,2749,3061
19979,67,3,12,5,4
19980,14,3,379,53,72
19981,24,257,265,130,91
19982,4417,865,2213,1792,2096
19983,17,439,308,268,189
19984,441,22,31,86,98
19985,608,30,32,73,88
19986,293,78,777,697,694
19987,191,17,7,26,23
19988,76,5,9,18,12
19989,108,141,24,16,15
19990,314,383,586,568,618
19991,7,168,233,163,140
19992,44,323,782,701,641
19993,776,494,292,132,139
19994,2253,951,2322,993,1083
19995,277,207,227,61,68
19996,284,0,0,0,0
19997,260,202,326,206,217
19998,1061,0,0,0,0
19999,134,318,46,37,37
20000,18,622,1479,1250,1327
20001,1492,12,34,58,61
20002,38,309,208,102,108
20003,84,59,14,9,10
20004,3682,2677,3928,5659,5167
20005,4216,98,528,499,616
20006,1794,132,640,1622,1579
20007,3952,1037,1202,541,658
20008,1030,1272,61,154,279
20009,130,307,379,308,380
20010,228,1004,14,81,146
20011,3354,256,1468,861,679
20012,4342,5095,3463,1926,2231
20013,6728,214,2008,922,860
20014,92,238,325,901,1017
20015,495,398,192,336,370
20016,283,171,444,277,303
20017,1495,2120,1235,1116,1166
20018,1062,3020,1513,894,915
20019,6731,5297,3560,2818,3208
20020,1308,1451,3621,3921,4435
20021,545,661,1096,1771,1564
20022,868,930,712,681,620
20023,6,291,1632,1115,1188
20024,439,436,2591,1958,1681
20025,4,143,1207,654,766
20026,217,218,150,1114,1223
20027,1171,215,1439,875,939
20028,317,190,103,565,597
20029,7,17,2,1,1
20030,14,16,2,1,1
20031,15,15,0,1,0
20032,979,3956,1608,1943,1740
20033,1158,1532,1734,1600,1228
20034,2025,3172,2933,3198,3001
20035,467,420,414,88,124
20036,48,640,2373,1404,1313
20037,26,485,535,296,350
20038,14,0,1,0,0
20039,30,118,12,22,17
20040,17,114,142,44,35
20041,29,3,14,5,17
20042,413,577,1190,1418,1376
20043,20,5,10,10,22
20044,38,62,62,32,33
20045,1606,829,902,293,392
20046,9,3,25,21,19
20047,920,372,474,1061,1058
20048,1094,114,100,6,8
20049,369,26,2,129,158
20050,1900,2192,4860,1148,1516
20051,5949,3399,1149,2780,2995
20052,2273,5481,4701,3560,3989
20053,976,2427,2328,4885,4583
20054,1233,2875,1256,1861,1664
20055,411,4795,1505,2668,2438
20056,1788,1231,2409,2259,2790
20057,3539,2662,1767,1563,2554
20058,4100,2309,878,836,1406
20059,1701,144,899,963,1145
20060,2882,823,381,5308,5397
20061,388,109,874,768,868
20062,80,71,152,43,55
20063,315,17,61,24,20
20064,26,88,522,1394,1186
20065,626,301,1188,1020,1167
20066,2048,3291,1326,1246,1163
20067,1687,2764,1146,1311,1106
20068,698,151,25,88,79
20069,20,150,66,246,192
20070,473,701,72,540,512
20071,17,0,9,255,202
20072,2455,5647,6886,6441,6337
20073,1,1,10,408,279
20074,210,6,35,129,148
20075,1285,35,134,81,70
20076,263,10,32,64,87
20077,143,178,265,1687,2024
20078,39,212,98,596,493
20079,45,433,1415,2014,1840
20080,657,4255,2556,2753,2856
20081,686,2461,4886,4075,3949
20082,1749,1727,3559,3221,3145
20083,3796,1100,339,293,116
20084,84,3,207,106,108
20085,869,634,416,460,257
20086,2159,1188,975,622,521
20087,2425,823,2400,874,875
20088,1398,912,1716,3309,3266
20089,826,1537,2133,1378,1403
20090,2878,3663,3006,3519,3678
20091,200,822,2520,3295,3584
20092,2029,673,687,365,394
20093,1685,1112,598,719,971
20094,1348,330,305,129,148
20095,12,165,22,92,93
20096,3700,1616,7437,7096,6946
20097,28,122,48,98,111
20098,1769,1620,1026,1724,1591
20099,3451,2728,1474,2617,2399
20100,1934,1793,1674,1936,1998
20101,1121,228,38,56,51
20102,17,50,221,345,318
20103,32,95,46,34,33
20104,28,44,283,56,55
20105,153,66,418,114,118
20106,14,74,554,432,513
20107,1662,414,503,179,204
20108,1020,215,420,157,191
20109,1063,2559,1244,919,663
20110,2782,163,281,345,366
20111,3465,371,684,664,791
20112,996,318,802,557,449
20113,257,550,298,210,277
20114,677,1155,84,56,67
20115,191,128,636,954,984
20116,1540,1222,141,82,70
20117,881,3249,3171,138,177
20118,279,621,217,80,78
20119,2268,2929,1530,1746,1945
20120,2788,324,1171,1206,1234
20121,2809,562,1451,1028,1218
20122,82,325,28,122,150
20123,23,288,9,2,1
20124,22,146,6,1,0
20125,12,470,781,914,862
20126,462,977,4726,3164,2783
20127,4,280,680,742,760
20128,2503,2367,3309,2585,2502
20129,5819,4767,5401,8197,8172
20130,2592,1934,2794,1828,1728
20131,689,199,244,320,291
20132,96,92,411,136,134
20133,1616,178,17,67,61
20134,91,151,136,16,37
20135,988,148,89,11,22
20136,118,153,197,2440,2488
20137,67,125,11,151,177
20138,176,60,63,91,74
20139,691,21,277,323,286
20140,105,1394,31,697,674
20141,1487,1901,3027,2734,2573
20142,267,1531,199,1613,1685
20143,893,1471,1369,1882,1848
20144,1495,61,100,56,43
20145,1438,196,109,74,60
20146,477,1524,679,1482,1534
20147,1095,1674,1337,332,343
20148,93,62,159,43,47
20149,139,164,353,442,604
20150,47,635,103,57,75
20151,35,209,1192,721,573
20152,849,219,5,2,4
20153,2390,5340,1272,833,761
20154,752,94,3,2,3
20155,7380,5866,7171,6735,7221
20156,3425,4373,2999,3168,2829
20157,1818,2329,1778,1752,1533
20158,262,351,613,528,694
20159,3519,619,2365,3087,2592
20160,1973,752,1834,2050,1962
20161,702,1258,646,1127,672
20162,539,1829,427,475,273
20163,1279,1541,831,664,617
20164,845,1792,890,615,686
20165,447,1907,1978,2059,2344
20166,1168,1013,1216,708,802
20167,4086,4237,3928,4971,5053
20168,1775,2149,2987,2892,2733
20169,7310,5806,4930,4254,4021
20170,6,47,294,400,333
20171,2525,2304,1901,3901,4263
20172,3,39,203,241,200
20173,220,9,30,14,15
20174,123,171,71,112,112
20175,639,190,109,162,172
20176,3762,3134,684,175,211
20177,1966,1173,1574,533,659
20178,1683,759,967,736,556
20179,323,83,405,394,274
20180,0,69,421,307,300
20181,2,58,917,535,474
20182,1584,94,1272,1066,1004
20183,172,107,1504,894,1095
20184,1573,3630,2536,1389,2125
20185,177,179,10,4,2
20186,182,340,173,1008,1069
20187,1404,585,2,3,2
20188,212,2,81,64,71
20189,27,0,7,7,7
20190,15,4,19,15,15
20191,662,1828,672,807,657
20192,991,1715,2741,2010,1810
20193,626,1741,1486,1565,1220
20194,166,20,38,700,707
20195,138,13,62,473,382
20196,92,199,185,189,221
20197,1429,2236,5712,7494,7356
20198,267,988,88,6,9
20199,482,613,19,2,3
20200,2719,810,12,62,115
20201,147,620,8,38,40
20202,196,509,2292,1827,1723
20203,150,15,20,35,33
20204,82,23,31,66,89
20205,721,355,308,2343,2366
20206,20,13,78,9,9
20207,14,18,140,337,332
20208,241,44,162,78,100
20209,346,379,83,44,49
20210,17,36,33,48,69
20211,100,118,111,161,150
20212,3630,1194,171,379,240
20213,1999,2050,465,1293,850
20214,1310,785,2653,3012,2996
20215,4,8,0,0,0
20216,7,4,0,0,0
20217,22,1283,63,53,30
20218,456,333,709,1715,1680
20219,1049,155,695,476,624
20220,54,2,4,2,2
20221,7358,4312,7531,7742,7593
20222,22,251,738,442,378
20223,21,129,589,486,428
20224,110,362,210,38,44
20225,7164,920,1892,5108,5159
20226,638,360,146,151,114
20227,2099,1564,72,17,14
20228,3046,1389,80,14,16
20229,4153,5458,4073,5441,5595
20230,634,286,3162,2358,2149
20231,2942,306,1946,1650,1455
20232,144,6853,6961,7675,7418
20233,2432,2924,4933,5986,6019
20234,2256,4762,4459,5156,4942
20235,2144,3005,6737,6948,7256
20236,81,85,216,185,188
20237,268,239,157,107,109
20238,787,234,130,95,97
20239,879,428,134,86,156
20240,6102,8420,6793,6503,6791
20241,657,372,279,280,321
20242,4478,661,714,664,538
20243,2224,1696,1416,1517,1336
20244,2260,683,748,1113,1271
20245,881,1789,5736,2191,2126
20246,792,959,3301,1847,1703
20247,3054,2981,3635,5714,5829
20248,10,47,17,16,20
20249,27,79,179,87,107
20250,213,68,44,747,711
20251,5623,4074,630,331,351
20252,4817,4776,6205,6348,6135
20253,4889,2071,546,312,329
20254,1619,1471,462,2058,2086
20255,529,1112,988,650,700
20256,1180,2168,843,1529,1618
20257,1466,1051,2933,3334,2731
20258,297,65,545,255,257
20259,272,67,105,207,143
20260,3891,2312,4074,4335,4277
20261,72,39,28,33,43
20262,25,61,9,40,37
20263,4050,1497,1405,2308,2281
20264,2007,1057,1933,1485,1339
20265,1916,1767,928,739,739
20266,2467,3466,6155,7386,7583
20267,2374,2238,3745,3493,4037
20268,2511,2787,5803,5529,5755
20269,266,102,20,129,111
20270,322,285,77,395,377
20271,3220,1509,2065,3207,3865
20272,4,3,3,76,64
20273,6,4,76,252,227
20274,2466,1738,775,697,834
20275,277,1424,1165,768,652
20276,138,162,272,98,117
20277,182,211,254,167,239
20278,128,396,2081,6985,7324
20279,215,342,346,147,137
20280,352,123,281,89,91
20281,440,30,485,295,409
20282,189,45,191,79,89
20283,32,80,375,95,85
20284,6271,6632,4219,5639,5640
20285,19,111,131,83,56
20286,20,209,64,50,28
20287,173,101,845,594,465
20288,1280,2121,1282,1208,1275
20289,184,16,1312,920,649
20290,921,400,643,963,1128
20291,1257,525,2324,3367,3771
20292,2519,423,2276,3294,3475
20293,1146,860,377,456,471
20294,1199,88,33,27,23
20295,570,144,122,91,92
20296,3,272,798,699,674
20297,1145,91,2327,1573,1658
20298,1,129,212,241,273
20299,41,192,73,146,143
20300,196,180,165,231,260
20301,102,485,109,102,84
20302,11,41,101,55,50
20303,303,17,143,95,125
20304,14,129,113,68,66
20305,556,104,155,15,14
20306,1182,1250,72,11,11
20307,1939,220,1022,499,576
20308,2196,3893,793,288,299
20309,4889,4629,1025,563,629
20310,5436,5255,3536,4487,4456
20311,558,123,199,113,75
20312,163,477,60,32,30
20313,28,79,109,71,58
20314,21,12,3,1,1
20315,18,9,2,1,1
20316,874,295,91,60,66
20317,73,3022,957,626,820
20318,29,31,9,4,2
20319,66,4,14,6,4
20320,3490,162,1182,729,871
20321,3678,994,3635,4859,4826
20322,645,1310,1681,1501,1538
20323,250,1059,2693,2079,1845
20324,612,934,1535,1168,977
20325,2761,1347,5124,4038,3924
20326,3087,6558,3524,1609,1331
20327,1293,5646,7263,7180,7081
20328,581,1549,1128,1154,1388
20329,1285,211,104,358,314
20330,74,736,163,391,338
20331,2217,474,769,2323,2957
20332,85,173,124,78,97
20333,450,299,335,316,334
20334,2918,4278,5597,8407,8487
20335,4648,1035,3101,1966,2202
20336,549,1185,3587,1998,2396
20337,324,358,149,436,585
20338,17,34,130,242,231
20339,702,72,104,30,65
20340,193,76,107,43,63
20341,131,206,218,144,134
20342,121,523,2069,669,624
20343,241,111,431,291,276
20344,2771,5401,1417,1020,1083
20345,12,4,2,5,6
20346,119,617,2,1,1
20347,1515,3198,1857,1074,965
20348,1231,472,212,169,141
20349,2528,799,183,334,202
20350,32,172,19,4,4
20351,6,117,33,62,36
20352,4,11,7,1,1
20353,9,1,55,134,96
20354,993,328,2,1,1
20355,26,0,0,0,0
20356,20,31,54,87,71
20357,33,151,206,255,226
20358,2010,50,1578,634,548
20359,1802,376,1058,1586,1911
20360,2910,419,2453,2871,3095
20361,6367,9184,8506,7636,7892
20362,334,83,198,212,178
20363,1943,3332,2426,2323,2561
20364,967,253,180,146,145
20365,260,310,630,195,192
20366,835,1012,373,127,95
20367,510,152,28,414,462
20368,1464,28,69,15,12
20369,908,46,86,12,9
20370,325,2015,971,643,612
20371,1912,6774,5638,4539,4579
20372,1541,4982,5963,4194,4515
20373,1869,3075,4418,3161,3454
20374,2733,4934,2968,3090,3148
20375,1772,609,671,675,777
20376,3986,2944,2935,1540,1790
20377,2685,1876,195,45,49
20378,876,405,286,810,1003
20379,1145,866,81,47,47
20380,3183,40,107,60,77
20381,1257,424,38,18,25
20382,381,52,37,41,49
20383,2422,62,1485,916,984
20384,1118,67,5393,7833,7849
20385,4460,4368,2411,1893,2057
20386,4594,4597,3357,5232,5388
20387,1398,1440,471,2980,3123
20388,1080,3220,1892,2041,1886
20389,3061,3123,2504,2103,2306
20390,4508,2800,2880,2460,2567
20391,2157,1202,5197,4356,4338
20392,541,1294,2742,3652,3881
20393,84,897,1629,1386,1260
20394,152,2096,4621,5312,4964
20395,48,122,32,455,517
20396,322,75,1502,3043,3244
20397,80,307,65,333,392
20398,738,2008,446,235,228
20399,186,44,1741,759,745
20400,1624,129,186,154,158
20401,275,49,144,23,24
20402,4308,1163,3574,7528,7116
20403,867,191,121,108,108
20404,812,1106,393,630,603
20405,1071,644,541,1114,1123
20406,1279,472,1297,1219,1606
20407,3454,2982,2345,5639,5583
20408,1990,2066,1793,1450,1529
20409,8,1822,540,814,596
20410,328,963,179,1532,1829
20411,270,2288,393,1008,1396
20412,928,2678,1797,1222,1640
20413,9,984,65,222,187
20414,12,85,24,97,80
20415,1996,696,312,196,169
20416,3789,4194,3355,3602,3676
20417,2518,2452,4373,4032,4299
20418,4988,3804,7003,6819,6810
20419,24,320,968,1224,1333
20420,0,38,24,7,3
20421,4,88,48,6,5
20422,29,164,77,62,65
20423,92,142,113,81,77
20424,34,798,419,335,264
20425,1613,388,530,241,205
20426,2557,2307,2159,3848,3936
20427,3,56,37,42,48
20428,539,252,100,84,86
20429,2430,1312,1517,1093,1219
20430,1432,2086,1087,1335,1076
20431,3514,1489,499,1569,1741
20432,15,126,27,25,40
20433,13,2,6,7,7
20434,212,51,1,0,2
20435,2518,1732,724,929,1002
20436,979,2588,816,1827,1601
20437,384,22,5,3,4
20438,797,62,8,5,8
20439,1627,2101,4725,3635,3292
20440,2454,3445,1959,3588,3768
20441,3018,3108,935,2147,2742
20442,1999,2601,1760,2363,2537
20443,3711,1982,891,977,1263
20444,45,35,98,64,45
20445,94,29,223,117,94
20446,193,1077,882,984,662
20447,463,1551,809,629,444
20448,4886,2612,1655,3282,3481
20449,804,132,10,17,10
20450,725,49,153,78,81
20451,811,245,13,16,18
20452,1849,1297,480,831,833
20453,1478,506,272,34,65
20454,639,886,274,58,113
20455,2819,138,237,498,459
20456,1221,144,604,870,807
20457,935,35,49,203,230
20458,515,1130,1309,647,844
20459,99,333,97,28,21
20460,38,511,308,196,119
20461,1275,811,702,563,648
20462,299,8,202,123,123
20463,524,110,401,276,285
20464,3160,2643,2594,2502,2847
20465,6159,2195,1625,1568,1775
20466,6492,5225,2891,3362,3929
20467,297,754,593,304,247
20468,274,429,115,83,71
20469,540,553,661,442,437
20470,1893,5496,463,278,263
20471,0,45,534,340,299
20472,1,94,1375,1217,1374
20473,5553,4867,2752,2424,2730
20474,2020,1341,1009,936,897
20475,4016,1421,515,516,528
20476,1762,2390,2477,4482,4485
20477,1549,723,817,756,847
20478,995,557,576,1071,1295
20479,608,487,259,39,36
20480,360,1211,120,259,281
20481,1057,974,557,198,196
20482,67,22,12,4,3
20483,57,83,35,23,19
20484,1735,86,150,161,93
20485,1170,607,405,1634,1430
20486,1946,1104,924,654,307
20487,488,695,585,642,293
20488,468,565,1050,607,795
20489,20,222,8,73,30
20490,30,425,10,38,18
20491,1139,512,524,1473,1137
20492,191,1069,107,77,46
20493,32,151,30,14,27
20494,548,472,1728,1392,1092
20495,819,1244,758,314,342
20496,3280,1184,237,153,161
20497,123,1210,396,326,294
20498,575,2000,1973,1318,1254
20499,2871,3311,2202,4350,4498
20500,254,14,96,69,80
20501,197,10,217,131,128
20502,375,496,97,83,97
20503,113,176,512,577,567
20504,757,363,1120,1003,1014
20505,2,3927,231,642,729
20506,2522,2326,1204,921,893
20507,552,2296,762,725,711
20508,1168,909,611,603,687
20509,131,374,671,280,191
20510,4158,668,6759,6568,6724
20511,894,275,555,362,267
20512,4582,901,3590,3520,3762
20513,626,1148,4077,3868,3850
20514,824,1540,4332,3681,3651
20515,2994,1999,276,782,802
20516,5259,2009,956,1121,1191
20517,2211,1617,106,301,286
20518,353,167,22,297,305
20519,730,220,26,671,886
20520,1572,2744,1180,969,1065
20521,129,42,137,161,227
20522,250,1968,1792,1176,1108
20523,62,72,113,195,271
20524,1745,3304,1936,780,817
20525,951,3650,913,535,484
20526,3263,2562,1519,2430,2085
20527,1624,5843,3864,4206,4163
20528,423,534,101,347,360
20529,1493,99,858,231,276
20530,221,1150,288,127,117
20531,3,46,372,132,272
20532,265,1117,2158,938,1210
20533,277,282,10,7,4
20534,1205,3262,648,174,176
20535,342,112,5,15,10
20536,3,127,826,1683,1421
20537,7,260,837,1501,1286
20538,732,449,1855,1099,815
20539,1674,354,436,777,865
20540,170,340,113,50,56
20541,447,2306,580,892,951
20542,57,115,89,29,31
20543,126,11,149,90,132
20544,52,5,32,23,20
20545,3003,2423,5961,6235,6027
20546,308,696,1041,1304,1434
20547,549,420,718,913,877
20548,701,132,145,123,173
20549,15,12,216,72,99
20550,13,18,484,219,270
20551,573,839,1661,1807,2135
20552,165,96,441,125,202
20553,1002,679,509,387,370
20554,1173,329,1183,945,799
20555,715,305,83,102,80
20556,1621,490,402,1031,981
20557,66,16,0,0,0
20558,142,91,49,14,14
20559,18,3,2,1,1
20560,836,1108,800,424,440
20561,922,482,115,53,45
20562,585,425,334,273,176
20563,241,1915,2462,2145,2108
20564,2393,4349,4604,3643,3655
20565,513,1731,2123,1839,1713
20566,215,1789,409,282,314
20567,16,56,204,439,388
20568,39,99,143,117,101
20569,566,1828,1437,8393,8566
20570,313,1275,2481,2873,2510
20571,673,210,610,2667,2246
20572,3969,2993,4313,4591,5315
20573,545,35,15,41,34
20574,310,11,11,32,21
20575,390,776,135,94,83
20576,3105,4673,4501,2875,2940
20577,410,1904,229,151,130
20578,147,116,878,572,797
20579,331,510,171,228,148
20580,963,433,51,136,81
20581,221,684,122,841,970
20582,121,1790,89,727,833
20583,5077,7021,8939,7902,8451
20584,117,257,132,123,109
20585,1213,759,367,413,438
20586,162,528,459,251,221
20587,691,480,0,4,4
20588,33,23,1,5,6
20589,402,30,172,4186,4199
20590,41,839,761,1709,2050
20591,5784,2837,3902,4196,3817
20592,34,538,1156,3042,3704
20593,290,2486,1007,2835,2713
20594,1994,2439,4635,3333,2948
20595,133,2736,983,1160,1255
20596,2844,2753,4861,4096,4195
20597,69,911,5439,4497,4807
20598,107,366,2168,3467,3918
20599,508,1378,57,86,164
20600,438,785,555,737,931
20601,650,62,55,63,149
20602,17,363,1809,1295,1121
20603,5188,1480,1026,1562,1768
20604,15,710,1754,2585,2827
20605,335,233,1086,756,700
20606,2886,1752,4304,4945,4646
20607,256,783,2035,1465,1342
20608,68,910,831,1356,1289
20609,116,2226,489,2325,2367
20610,129,1101,2860,1747,1583
20611,43,280,28,6,7
20612,411,335,585,1323,1430
20613,21,185,46,13,18
20614,399,218,603,728,734
20615,573,274,294,292,466
20616,599,246,394,541,753
20617,1926,3764,77,64,54
20618,3752,7311,2616,1592,1725
20619,1451,3262,111,66,75
20620,44,184,2194,2415,2493
20621,142,204,159,178,144
20622,4093,1481,217,183,173
20623,1725,786,3565,2559,2844
20624,684,431,94,2856,3153
20625,68,26,33,7,3
20626,47,7,1370,3429,3186
20627,442,437,286,40,66
20628,172,248,115,168,202
20629,698,107,0,0,0
20630,449,1362,3031,4545,4652
20631,606,72,1,0,0
20632,663,941,4,9,6
20633,1592,284,8,9,6
20634,1220,791,1731,1286,1130
20635,878,1487,675,945,790
20636,652,2314,1981,4660,5449
20637,7285,1869,1214,732,693
20638,292,168,229,78,93
20639,413,108,500,211,272
20640,5371,2106,3817,4091,3503
20641,1122,326,1128,1055,1150
20642,4351,5463,617,475,461
20643,4705,714,3951,3289,3705
20644,45,81,150,283,400
20645,29,71,65,185,264
20646,2590,4229,4309,3105,3420
20647,749,34,125,123,162
20648,250,52,80,69,86
20649,517,53,167,129,151
20650,4508,912,1113,977,673
20651,4128,904,1469,1699,1676
20652,2374,1140,490,335,222
20653,437,2828,2113,1588,1708
20654,145,387,54,131,102
20655,179,735,134,194,130
20656,1310,410,1023,1114,1026
20657,2000,3691,911,1985,2036
20658,1411,776,646,2352,2324
20659,20,672,6,33,28
20660,2570,584,1607,1410,1214
20661,14,13,10,71,30
20662,11,25,14,1,5
20663,40,21,6,0,2
20664,110,447,10,110,52
20665,1324,1732,1394,4148,4184
20666,43,12,30,270,239
20667,143,105,57,63,57
20668,33,11,569,233,122
20669,18,4,18,13,9
20670,13,65,1303,1560,1510
20671,47,4,15,17,14
20672,12,1,17,19,13
20673,15,384,546,227,221
20674,404,207,950,288,430
20675,1724,1356,1599,1239,1412
20676,1857,3569,2254,684,637
20677,86,11,100,124,79
20678,2989,2703,2526,1894,1887
20679,249,142,242,154,130
20680,15,3,4,7,6
20681,1346,273,52,86,47
20682,27,0,49,81,57
20683,304,910,1021,914,1102
20684,5,27,312,81,98
20685,55,13,138,75,62
20686,445,782,359,637,598
20687,2144,1892,355,616,565
20688,255,17,108,1045,1158
20689,1151,918,153,164,274
20690,802,1233,224,392,700
20691,569,519,720,456,571
20692,61,224,122,53,57
20693,310,337,115,435,391
20694,268,348,172,68,76
20695,172,247,477,476,454
20696,522,350,926,1042,1098
20697,380,506,337,292,273
20698,3241,584,1281,2555,3244
20699,76,1161,2080,2036,1772
20700,65,821,1001,1758,2125
20701,1117,1446,2168,1808,1817
20702,570,803,814,521,586
20703,2784,1664,1153,847,920
20704,957,477,230,263,368
20705,17,112,118,20,28
20706,38,179,266,31,42
20707,4928,3865,3352,7022,6876
20708,1731,1420,2054,689,736
20709,2055,1393,1557,156,150
20710,0,35,4,21,25
20711,6,12,182,87,45
20712,0,14,29,41,37
20713,2209,28,319,529,453
20714,323,19,253,379,343
20715,592,275,91,46,50
20716,748,920,360,215,249
20717,170,288,505,434,460
20718,150,393,562,399,470
20719,2234,2033,194,416,574
20720,5371,5091,3807,3794,3291
20721,2006,1031,234,352,580
20722,93,2,90,23,22
20723,315,323,63,243,244
20724,164,4,28,83,83
20725,246,446,839,430,481
20726,53,933,37,174,229
20727,60,359,1472,701,787
20728,73,82,401,213,258
20729,107,195,109,97,116
20730,825,158,435,364,399
20731,294,96,17,9,9
20732,669,155,1555,405,353
20733,282,358,687,449,447
20734,27,705,580,374,392
20735,224,1002,696,399,409
20736,18,2080,2343,2964,3148
20737,2428,143,1390,368,417
20738,2431,145,1324,368,364
20739,2048,3354,2879,1243,1302
20740,146,120,113,43,46
20741,160,88,105,69,80
20742,147,31,131,241,221
20743,1,254,43,101,102
20744,2,15,4,123,155
20745,19,82,2,9,9
20746,7,7,111,59,57
20747,2116,1843,5196,3513,3030
20748,928,525,3550,3433,3334
20749,1290,1101,793,936,1010
20750,4867,2973,1554,1542,1640
20751,5429,5194,5198,4893,3925
20752,717,1573,1250,1448,1306
20753,1761,1848,2892,2535,2469
20754,3821,4980,3122,4205,3785
20755,38,1,7,7,4
20756,9,1,45,48,58
20757,23,104,3,1,1
20758,299,743,607,566,627
20759,102,94,67,54,45
20760,4,7,25,30,37
20761,33,51,234,225,223
20762,496,315,24,28,36
20763,1161,437,753,772,750
20764,2365,1273,3470,2115,2067
20765,1513,1689,2128,2388,2285
20766,1436,1059,910,913,859
20767,1177,5752,5797,7120,7061
20768,2671,3349,1144,1820,2000
20769,1761,7094,6345,6697,6690
20770,19,104,92,25,23
20771,26,355,631,472,439
20772,100,158,16,191,159
20773,2250,2120,3036,3559,3877
20774,1907,1381,565,292,260
20775,1580,1754,808,380,334
20776,2759,4206,3994,5485,4863
20777,1176,216,175,3030,3366
20778,750,157,284,5084,5483
20779,6054,7209,6443,6599,6493
20780,2666,2097,3865,3158,2954
20781,3324,2219,2435,2068,1803
20782,212,577,4,49,33
20783,2262,1418,3634,1546,1922
20784,213,460,0,15,11
20785,6456,1948,3162,2507,2152
20786,405,877,245,711,795
20787,157,499,194,474,504
20788,6936,8368,6247,5997,5959
20789,259,31,8,16,11
20790,236,271,91,181,199
20791,2206,408,117,180,233
20792,812,813,642,112,210
20793,267,244,49,95,129
20794,2412,1587,2293,1810,1430
20795,1767,1690,2411,1804,1897
20796,3651,1730,3418,3320,3281
20797,5673,4280,3663,4937,5399
20798,6274,7963,7162,8235,8467
20799,4292,4000,2054,3104,3543
20800,646,468,315,308,170
20801,36,15,2,268,321
20802,3459,3190,1828,1641,1668
20803,96,80,125,69,68
20804,518,69,87,37,33
20805,43,357,1017,999,945
20806,325,866,923,1422,1372
20807,1198,3788,2031,3279,3758
20808,516,1570,999,1273,1117
20809,6403,1682,2624,1107,1236
20810,66,193,232,126,233
20811,4220,1443,2114,1193,1273
20812,2420,1013,26,20,18
20813,517,1374,1834,1838,1854
20814,68,0,34,39,32
20815,2751,1566,747,973,1059
20816,5288,1361,2109,1179,1520
20817,6867,8012,2516,2123,2147
20818,211,933,709,572,630
20819,33,383,516,694,731
20820,558,993,3296,2269,1958
20821,96,166,716,551,519
20822,251,438,509,208,276
20823,191,731,672,417,478
20824,676,350,384,81,65
20825,4302,2317,2142,2719,3030
20826,811,1518,2380,487,382
20827,471,691,28,384,406
20828,2806,3091,2137,1807,1531
20829,397,230,13,84,92
20830,243,4,23,16,13
20831,338,276,111,52,59
20832,151,61,38,24,16
20833,1293,153,3008,4849,6019
20834,202,194,12,2,2
20835,1604,211,159,65,191
20836,353,35,71,76,77
20837,740,68,45,43,46
20838,762,435,566,1668,1746
20839,230,1078,1723,1138,1046
20840,3533,974,1674,1398,1502
20841,388,1757,2445,2140,2194
20842,0,0,0,0,0
20843,1483,31,106,49,67
20844,0,1,2,0,0
20845,175,50,43,96,102
20846,40,354,115,56,41
20847,79,9,8,12,8
20848,369,3125,2966,1786,1931
20849,121,1853,2250,1396,1537
20850,4788,3900,5581,5541,5790
20851,1853,2123,5409,5125,5060
20852,757,402,2029,2500,2287
20853,627,419,1968,2184,2054
20854,881,300,208,204,206
20855,192,1845,102,118,166
20856,38,981,64,64,70
20857,1865,600,558,83,58
20858,644,500,1830,610,729
20859,2163,3219,2518,1050,763
20860,1335,314,302,497,388
20861,114,372,256,114,112
20862,2228,293,700,414,486
20863,244,444,1962,1329,1516
20864,521,704,3204,1365,1596
20865,711,1064,1483,1513,1745
20866,961,1195,1845,1554,1598
20867,166,427,2632,2743,2963
20868,90,939,1134,1936,2647
20869,18,254,15,2,0
20870,18,65,8,0,0
20871,638,178,1520,438,451
20872,707,712,3768,2708,2070
20873,1246,247,4311,2834,2766
20874,2572,4413,3023,2427,1872
20875,26,127,30,6,8
20876,4,28,113,97,123
20877,3,10,29,20,19
20878,242,7,375,207,132
20879,1853,2050,549,428,474
20880,1483,1759,1774,588,504
20881,32,153,892,309,300
20882,1050,1049,327,61,48
20883,1786,2367,665,89,89
20884,638,11,83,53,67
20885,98,23,270,211,229
20886,663,5145,4021,2341,2575
20887,37,58,241,40,30
20888,30,45,201,89,66
20889,72,501,552,254,213
20890,1614,2283,1170,1346,1331
20891,242,1357,557,598,700
20892,352,2992,270,352,390
20893,292,96,79,92,77
20894,911,428,478,311,390
20895,415,47,53,44,47
20896,2396,1709,4283,2813,3287
20897,1878,695,3740,3023,3554
20898,669,291,1910,868,862
20899,5599,2433,3014,3279,2623
20900,5880,3545,1773,2767,2791
20901,9,35,0,2,2
20902,10,49,21,1,1
20903,3713,4417,3905,4921,5346
20904,1472,53,88,15,12
20905,0,24,0,0,0
20906,0,7,1,0,0
20907,55,174,120,77,37
20908,26,27,5,63,73
20909,27,74,273,86,75
20910,92,75,49,72,70
20911,93,56,228,496,611
20912,334,35,246,661,593
20913,187,28,1012,689,703
20914,147,1076,1677,1382,1294
20915,13,0,0,0,0
20916,7,0,0,0,0
20917,18,1,2,3,1
20918,839,1553,1100,816,880
20919,17,29,21,19,16
20920,322,745,1548,4652,4851
20921,100,466,2200,1626,1778
20922,166,567,447,288,199
20923,2,84,1960,1548,1474
20924,4,41,1020,686,647
20925,6261,2298,2587,2700,3033
20926,1917,7935,4622,5526,4605
20927,28,1179,761,1488,1708
20928,14,1655,1298,3862,3774
20929,100,70,26,10,12
20930,182,39,110,45,42
20931,218,37,181,70,73
20932,489,189,264,146,137
20933,191,137,186,62,60
20934,461,322,751,185,158
20935,935,3183,1183,1854,2323
20936,612,1002,465,439,399
20937,3336,2652,680,862,1086
20938,246,2662,1647,1837,2007
20939,100,1291,686,643,502
20940,3370,3347,2103,1014,811
20941,21,410,8,7,19
20942,33,224,2,2,11
20943,1897,1122,452,731,689
20944,386,220,568,355,339
20945,39,85,312,48,42
20946,398,38,54,324,207
20947,2947,3046,552,808,966
20948,2509,2962,376,848,1020
20949,5219,5110,1277,1778,2292
20950,578,594,688,579,613
20951,791,1259,937,725,803
20952,395,325,1038,1668,1713
20953,365,744,1916,1806,1834
20954,729,1652,1919,2269,2305
20955,613,3482,4246,4206,4444
20956,321,159,595,390,389
20957,437,21,137,377,358
20958,109,754,3138,1848,2081
20959,3,41,21,6,7
20960,3081,1175,577,119,122
20961,1,223,55,6,7
20962,32,69,2,7,9
20963,103,119,633,441,387
20964,17,8,2,2,2
20965,3979,4109,4708,4107,4298
20966,2219,1896,1747,2947,2774
20967,2405,1932,4240,3586,3732
20968,4094,2433,3457,3251,2513
20969,1415,868,1186,1273,1027
20970,3628,2398,2810,2806,3197
20971,774,1331,2688,3317,3341
20972,1084,224,389,513,406
20973,1826,241,640,479,424
20974,3266,4964,2884,1531,1889
20975,2361,2280,1516,3181,3129
20976,1759,2358,1617,656,693
20977,249,285,2069,2743,3089
20978,1301,339,200,153,110
20979,265,167,74,30,23
20980,429,1050,291,212,240
20981,754,1144,1023,3592,3301
20982,206,663,425,604,627
20983,772,45,107,65,91
20984,24,34,118,45,66
20985,127,11,104,86,151
20986,27,8,0,3,6
20987,4490,706,2518,1592,1536
20988,16,2,1,2,3
20989,801,847,776,946,790
20990,1815,134,708,529,511
20991,519,19,231,98,103
20992,3265,1719,110,115,98
20993,3918,1496,575,4224,3991
20994,4350,1590,98,139,131
20995,288,347,607,339,326
20996,901,1497,714,510,435
20997,553,638,3270,2003,1918
20998,42,6,7,59,46
20999,12,10,9,41,42
21000,10,39,83,30,27
21001,2891,1181,420,442,464
21002,1967,1737,603,541,607
21003,2643,6621,3695,3212,3229
21004,269,584,505,2791,3281
21005,268,569,173,87,94
21006,92,357,200,113,121
21007,1061,2382,2362,3507,3550
21008,870,1499,1361,1690,1763
21009,1700,4300,6053,4477,4518
21010,455,18,11,4,4
21011,2080,20,21,10,12
21012,623,6,5,1,0
21013,130,190,297,206,222
21014,4,95,25,28,31
21015,8,63,7,10,9
21016,4235,3770,3417,1774,1786
21017,84,62,29,3,3
21018,1556,2107,1838,2066,2823
21019,2736,3984,1621,1748,1558
21020,1029,2723,1384,1536,1207
21021,624,1332,1902,1287,867
21022,2771,481,1486,1381,1529
21023,312,359,2,0,1
21024,667,626,1110,541,714
21025,574,163,44,72,69
21026,585,287,39,59,57
21027,1004,622,1391,1799,1826
21028,199,108,470,352,343
21029,426,2144,1226,552,576
21030,606,1733,366,161,223
21031,109,771,419,548,476
21032,2368,599,220,932,1118
21033,863,44,2730,1706,1795
21034,965,584,164,40,27
21035,4008,2329,887,898,519
21036,1127,599,271,1070,760
21037,6395,2995,548,216,143
21038,31,185,884,464,490
21039,14,347,278,237,116
21040,505,1571,3126,2474,2201
21041,2083,260,475,883,1323
21042,152,183,293,646,537
21043,10,401,394,461,417
21044,5,226,115,109,103
21045,4,18,111,96,93
21046,472,1035,510,234,241
21047,3511,760,28,148,162
21048,1450,1147,38,4422,4608
21049,4745,1369,2841,2711,2445
21050,4016,3802,5403,6331,5683
21051,6805,2933,3614,3746,3796
21052,131,56,2,255,265
21053,332,116,26,803,683
21054,4543,1364,582,1928,2626
21055,989,1281,604,639,679
21056,1562,1241,994,967,868
21057,2418,968,654,561,638
21058,20,50,64,54,87
21059,101,72,760,546,691
21060,4,69,27,47,52
21061,1227,470,999,1331,1259
21062,2105,570,1592,1981,1728
21063,5917,5082,3806,4267,4396
21064,2307,3277,1586,1631,1397
21065,734,4904,3523,2606,2274
21066,796,1637,2015,1990,2033
21067,836,2582,2445,1533,1951
21068,252,935,1368,1264,1490
21069,1356,1428,4555,4595,4474
21070,1893,984,3157,3683,3523
21071,2119,724,1728,1852,1809
21072,3264,1807,1270,1036,587
21073,267,460,1925,1855,2473
21074,50,98,433,126,90
21075,43,1142,1442,1400,991
21076,210,785,1235,881,921
21077,152,602,2646,1864,1996
21078,238,583,603,578,563
21079,6686,8041,5558,8619,8623
21080,1564,2008,1167,1514,1499
21081,1008,1423,608,532,461
21082,987,530,163,146,132
21083,4421,3128,1755,1193,1172
21084,937,1604,1827,1317,1362
21085,5623,1035,3008,1290,1175
21086,440,98,22,40,42
21087,466,147,16,25,24
21088,57,307,3858,3339,4380
21089,1501,1561,725,583,476
21090,60,45,339,703,540
21091,3383,1515,900,744,867
21092,2046,285,934,914,751
21093,4509,685,507,415,496
21094,179,276,32,17,39
21095,45,103,1,2,1
21096,98,282,5,0,0
21097,7544,6359,6026,5538,5975
21098,336,262,151,98,76
21099,380,442,116,75,48
21100,48,124,55,96,111
21101,115,133,271,377,386
21102,253,365,865,360,427
21103,8457,8787,7353,6945,6140
21104,1535,467,872,766,818
21105,711,582,115,123,123
21106,1169,133,109,148,124
21107,409,65,198,414,302
21108,460,36,432,570,478
21109,641,226,2424,1384,1502
21110,97,87,101,475,485
21111,2852,3512,2463,3034,3079
21112,1283,2336,3803,3255,2623
21113,4386,1997,4001,7048,7431
21114,1259,1237,2320,1260,936
21115,729,1580,629,317,277
21116,1145,520,2213,2945,3083
21117,1263,960,20,4,5
21118,579,653,269,196,138
21119,265,366,408,346,297
21120,262,377,145,113,92
21121,2032,720,146,104,139
21122,947,139,24,213,222
21123,2586,150,52,199,247
21124,535,20,1,1,0
21125,214,6,38,64,66
21126,397,14,19,29,37
21127,178,2752,4435,2847,2753
21128,7980,7623,4827,5586,5347
21129,394,2223,2235,1390,1364
21130,4,1,130,53,71
21131,198,232,29,26,34
21132,15,3,39,47,73
21133,1183,1475,1150,1295,1392
21134,280,674,665,244,314
21135,1290,1734,1810,501,724
21136,1025,1794,2816,2226,2148
21137,867,3242,2349,2195,2012
21138,4282,3823,4223,2578,2504
21139,1002,23,235,43,178
21140,1227,12,180,40,147
21141,472,93,2330,1341,1266
21142,1430,384,148,25,39
21143,1269,308,2787,1848,2011
21144,941,260,88,10,17
21145,633,1802,369,548,534
21146,479,86,576,422,421
21147,881,57,169,614,521
21148,2,284,130,72,77
21149,462,340,301,77,82
21150,557,121,287,261,248
21151,51,5,0,4,2
21152,30,5,1,5,3
21153,451,662,32,17,24
21154,2360,907,3469,3666,3810
21155,135,18,5,3,2
21156,270,1147,2280,5218,4872
21157,1774,1983,943,825,798
21158,2871,1202,3999,5548,5231
21159,1377,490,658,589,607
21160,0,29,107,51,43
21161,2119,892,551,1658,1831
21162,2424,1100,2625,4871,4331
21163,4334,2189,1790,1027,1114
21164,146,686,555,563,579
21165,110,1374,1320,1133,1120
21166,240,13,45,424,406
21167,1539,747,1716,951,1385
21168,4007,2797,2424,1510,2014
21169,165,60,23,43,25
21170,236,28,9,22,20
21171,574,237,92,35,49
21172,1343,57,0,0,0
21173,279,37,0,0,0
21174,622,144,466,727,672
21175,2899,4266,2126,1916,1887
21176,26,0,41,64,35
21177,19,0,37,54,38
21178,378,70,60,197,201
21179,21,511,7,2,1
21180,688,240,280,633,529
21181,19,64,47,77,71
21182,282,3555,31,33,15
21183,437,876,24,39,27
21184,410,180,55,93,104
21185,179,2,9,3,2
21186,170,2,14,2,2
21187,337,1889,6305,5890,5873
21188,959,1674,3959,3166,2840
21189,287,1137,3357,2756,2527
21190,361,321,85,35,24
21191,139,260,63,24,12
21192,224,1042,1802,1510,1472
21193,407,3575,2966,300,372
21194,166,224,986,687,636
21195,129,0,1,7,7
21196,346,517,673,854,810
21197,316,589,640,587,484
21198,365,455,315,297,220
21199,922,1283,1993,2585,2545
21200,3193,2101,5723,5753,5693
21201,238,160,1966,1447,1253
21202,5085,5596,7634,9011,9037
21203,451,1532,1119,1103,896
21204,364,1639,356,425,313
21205,9077,6398,2087,1933,2478
21206,235,457,1095,1106,1369
21207,240,264,368,300,346
21208,302,128,144,306,262
21209,816,1165,606,971,950
21210,1841,5154,5922,6099,6202
21211,113,1,245,117,116
21212,113,3,575,267,293
21213,394,361,142,170,157
21214,19,7,57,38,53
21215,3,4,103,20,11
21216,17,6,1,0,0
21217,65,3449,2038,1727,1380
21218,238,234,308,108,153
21219,94,98,350,157,190
21220,1899,3017,493,413,319
21221,1396,2026,948,781,632
21222,881,511,1971,2494,2575
21223,61,120,241,9,13
21224,34,457,1670,993,1144
21225,33,130,64,9,11
21226,5764,5795,571,367,340
21227,3363,2028,614,592,540
21228,2382,3322,2704,2070,2269
21229,4,53,0,0,0
21230,0,84,0,0,0
21231,385,428,257,194,166
21232,906,1413,324,187,209
21233,430,12,14,21,24
21234,71,10,10,8,9
21235,2177,166,52,18,24
21236,223,1,7,1,0
21237,1059,664,633,401,488
21238,486,368,108,34,38
21239,10,79,162,198,178
21240,37,84,38,21,23
21241,476,87,7,10,10
21242,233,8,63,87,80
21243,140,11,35,55,53
21244,2,243,92,166,117
21245,1,180,18,44,31
21246,39,90,1291,941,916
21247,78,230,578,139,56
21248,73,370,121,46,61
21249,565,360,680,485,368
21250,845,1271,2032,1872,2192
21251,3411,3556,2921,2715,3169
21252,4002,7065,6951,6224,5786
21253,19,177,21,43,55
21254,1647,496,1033,793,859
21255,24,75,87,80,125
21256,64,152,329,455,534
21257,485,263,356,690,799
21258,2704,1187,4774,3132,3261
21259,207,198,314,77,67
21260,112,88,85,46,50
21261,93,62,108,47,43
21262,343,143,553,800,673
21263,1752,505,3127,4173,4622
21264,2009,675,169,199,144
21265,313,52,6,17,16
21266,218,32,2196,1743,1819
21267,983,119,12,25,19
21268,3,433,302,160,174
21269,5,65,24,843,748
21270,115,208,209,231,254
21271,1318,1502,333,267,341
21272,757,451,448,296,414
21273,594,394,965,1157,1631
21274,188,2719,1188,1102,922
21275,175,712,749,577,476
21276,86,132,218,113,85
21277,3423,6127,3729,1997,2254
21278,152,209,664,1679,1538
21279,249,375,484,463,670
21280,249,251,763,328,425
21281,165,412,916,792,932
21282,1332,1523,2261,5166,5572
21283,104,13,133,150,172
21284,57,29,185,246,238
21285,241,25,184,620,586
21286,603,1169,3341,4969,4839
21287,4243,4375,6369,5413,5262
21288,369,481,915,842,736
21289,201,326,640,89,55
21290,967,71,621,1777,1402
21291,16,98,332,6,5
21292,175,1160,4415,5946,5989
21293,2672,377,3254,2785,2785
21294,120,938,2378,3110,2860
21295,208,122,41,20,20
21296,180,90,5,4,3
21297,131,118,617,1175,1539
21298,8177,7643,7305,8129,8360
21299,375,88,66,256,355
21300,2200,163,288,1257,1803
21301,3085,4341,1974,2442,2301
21302,854,3304,4805,3869,3981
21303,659,3860,2047,2141,1923
21304,15,6,177,267,261
21305,1941,5388,391,510,854
21306,1489,2605,268,20,12
21307,160,206,373,376,471
21308,1449,730,1127,1144,1210
21309,434,303,679,531,687
21310,60,8,53,2,2
21311,59,6,59,3,2
21312,3522,2737,120,328,231
21313,26,7,84,99,118
21314,23,80,179,219,199
21315,31,115,22,55,53
21316,1512,2473,2164,2462,2504
21317,723,159,914,911,941
21318,2011,1936,2821,4247,4326
21319,3327,1631,725,425,499
21320,279,904,602,569,431
21321,227,626,1596,1337,1602
21322,569,705,1221,2035,2002
21323,721,501,2382,2967,3121
21324,1309,693,1534,1649,1540
21325,253,37,95,95,122
21326,3036,268,1272,2207,2774
21327,173,20,25,23,37
21328,1241,1625,529,429,444
21329,970,1255,466,94,128
21330,196,2025,1358,7208,6957
21331,2821,1115,2261,1487,960
21332,2313,886,1119,1131,780
21333,2056,1637,939,902,869
21334,2615,1906,631,343,455
21335,1974,2394,1147,862,999
21336,4568,3476,1627,1669,1384
21337,4108,5589,4273,4947,4610
21338,89,242,1492,1480,1414
21339,582,352,1390,843,861
21340,2221,1448,1175,1191,1312
21341,3952,1115,628,627,727
21342,1963,2723,1662,2476,1955
21343,483,273,73,36,50
21344,4652,4383,6292,5415,5430
21345,229,180,39,46,59
21346,110,96,542,352,242
21347,1,74,59,18,20
21348,4,87,71,32,32
21349,5,22,147,20,24
21350,0,0,0,0,0
21351,897,578,290,236,197
21352,21,0,7,7,13
21353,362,541,100,1385,1359
21354,6,4,14,18,23
21355,48,117,0,1388,1363
21356,43,160,0,505,663
21357,1135,856,568,314,361
21358,1681,2858,5016,1688,1523
21359,409,417,279,201,161
21360,984,953,680,500,331
21361,1093,74,76,24,25
21362,2359,823,41,17,16
21363,566,230,369,154,187
21364,570,1149,1517,1068,1081
21365,1325,1216,375,394,326
21366,400,880,774,767,612
21367,511,711,925,352,353
21368,477,1131,2009,1292,1216
21369,550,389,458,1224,1259
21370,153,19,44,62,59
21371,226,173,11,127,115
21372,1045,123,21,19,26
21373,31,539,45,24,28
21374,113,82,261,88,111
21375,13,612,485,362,302
21376,54,165,31,15,15
21377,46,7,23,147,146
21378,63,10,80,445,351
21379,2152,3492,2642,630,486
21380,57,608,257,93,79
21381,29,417,473,136,113
21382,370,1226,2232,2085,2124
21383,54,114,30,39,24
21384,181,53,9,7,0
21385,24,116,164,519,440
21386,638,86,1144,685,689
21387,1015,3760,1040,2129,2165
21388,604,926,1324,428,602
21389,66,205,118,262,366
21390,1668,711,328,1992,2052
21391,1632,77,924,475,683
21392,2249,641,878,1652,1940
21393,5307,6063,1214,445,713
21394,56,639,498,288,377
21395,522,740,1266,1113,1189
21396,205,874,1472,637,930
21397,282,271,1108,2382,2232
21398,89,71,439,1286,1537
21399,211,155,325,1015,976
21400,137,2238,3330,2221,2361
21401,8,375,11,8,7
21402,5,45,29,22,19
21403,58,18,563,297,293
21404,1235,517,1951,1278,1268
21405,221,53,877,1250,1106
21406,1369,1276,700,771,688
21407,1238,1829,567,655,590
21408,2704,1675,3463,1445,1365
21409,2499,3116,3924,3278,3363
21410,2976,2698,3555,2946,2936
21411,3885,3571,3103,4803,5142
21412,21,54,71,41,59
21413,35,81,54,33,55
21414,167,92,82,48,65
21415,30,1000,1388,2385,2720
21416,2507,4946,3316,2729,2778
21417,41,1170,1055,1741,1901
21418,2285,1213,4856,1436,2246
21419,2606,1464,2414,1756,2362
21420,225,15,739,358,320
21421,5543,763,3656,3159,3502
21422,4282,1308,1419,2163,1871
21423,3821,2060,716,1171,997
21424,1081,1622,832,207,168
21425,1794,2786,856,303,247
21426,2488,2623,1432,1159,1020
21427,330,92,222,1600,1758
21428,564,436,3096,3893,4814
21429,386,162,391,2318,2504
21430,287,1040,206,186,200
21431,526,467,91,50,70
21432,468,961,99,56,89
21433,27,163,1037,386,702
21434,424,711,268,162,140
21435,32,192,340,145,136
21436,1246,2274,2317,2286,2157
21437,2103,4037,3683,3296,3139
21438,2069,3123,3175,2858,2716
21439,6345,5067,1309,5143,5166
21440,227,117,0,1,3
21441,669,1233,1845,6802,6441
21442,272,114,17,11,9
21443,301,32,39,12,13
21444,240,47,89,28,40
21445,45,74,2213,2421,2992
21446,83,152,521,850,777
21447,1223,788,2110,1609,1208
21448,404,795,1,0,0
21449,186,311,4,131,149
21450,178,0,16,20,25
21451,262,76,38,16,14
21452,1001,4579,213,312,555
21453,221,82,199,111,88
21454,368,1380,1722,1255,1086
21455,1440,320,530,698,679
21456,132,369,285,181,151
21457,316,234,279,181,218
21458,126,54,357,522,602
21459,3331,58,391,641,678
21460,538,21,79,63,50
21461,741,38,134,86,81
21462,2337,503,925,230,154
21463,325,49,76,23,26
21464,279,411,196,107,144
21465,169,4,161,166,181
21466,112,5,1324,401,483
21467,986,693,40,231,209
21468,1282,2725,2703,4296,4443
21469,23,72,369,46,31
21470,20,66,270,308,234
21471,70,48,143,37,29
21472,777,2402,8587,8665,8689
21473,159,107,1227,5093,5116
21474,114,126,1453,3986,3903
21475,524,415,2445,1910,1833
21476,1434,406,2005,1783,1708
21477,3331,7237,7268,5690,5319
21478,3024,2395,2238,2889,2339
21479,3101,3481,3007,4428,4299
21480,3363,3278,593,1630,1277
21481,10,1136,404,157,164
21482,4,319,141,25,22
21483,354,354,208,36,45
21484,303,1345,25,37,37
21485,1,231,46,62,53
21486,0,257,9,13,11
21487,158,108,332,439,513
21488,411,87,246,339,256
21489,1721,645,592,265,206
21490,483,182,382,195,297
21491,6142,427,893,632,996
21492,1578,4783,1666,7106,6878
21493,276,22,1031,161,134
21494,90,14,64,125,186
21495,77,5,27,44,65
21496,591,577,1025,561,637
21497,139,755,595,353,249
21498,1134,2529,2252,2151,2061
21499,43,60,53,100,89
21500,3912,1778,2440,4908,5110
21501,115,114,28,38,40
21502,60,222,177,342,305
21503,9,516,79,48,39
21504,2,365,320,259,197
21505,2,1050,18,167,117
21506,158,348,13,254,217
21507,0,2311,3,35,27
21508,832,480,590,933,1010
21509,2461,1653,2875,3416,2953
21510,359,381,1194,1427,1525
21511,801,285,772,343,512
21512,372,874,419,2918,3081
21513,492,138,104,292,434
21514,1048,34,25,43,40
21515,1395,55,28,41,51
21516,876,702,410,534,653
21517,7642,6479,7386,7139,6713
21518,2224,3772,4194,4120,4047
21519,2852,3255,2761,2600,2615
21520,6267,5654,1344,4659,4366
21521,7285,3115,2280,4559,4340
21522,2531,3391,4162,4125,3719
21523,7520,5053,4556,6453,6622
21524,25,21,689,2549,2618
21525,171,22,473,929,1122
21526,1783,349,575,434,401
21527,107,362,1300,493,451
21528,130,964,1358,1068,925
21529,22,21,80,96,82
21530,33,105,234,316,406
21531,29,120,145,202,166
21532,951,545,1406,1242,969
21533,1496,7078,4412,4795,3498
21534,709,847,1063,2036,1831
21535,1526,153,1052,909,995
21536,2595,3325,3718,4457,4527
21537,1920,136,1357,984,962
21538,1502,10,7,2,3
21539,525,18,6,1,1
21540,623,322,82,41,38
21541,3294,222,212,168,281
21542,73,125,168,70,69
21543,80,126,648,178,199
21544,65,127,114,163,195
21545,40,95,53,73,74
21546,40,65,22,26,18
21547,20,193,171,93,64
21548,1263,739,221,217,288
21549,22,141,193,174,147
21550,74,328,289,79,114
21551,1319,584,247,213,269
21552,215,2039,413,226,313
21553,5680,1002,257,232,320
21554,2315,1071,1406,1271,1080
21555,4116,2488,122,167,176
21556,141,468,887,418,401
21557,1927,1262,1146,813,878
21558,94,305,558,355,255
21559,450,112,37,238,214
21560,89,25,7,64,52
21561,99,38,262,226,160
21562,209,141,1,33,37
21563,3191,2688,5495,2117,1903
21564,14,415,97,37,40
21565,473,28,7,1,1
21566,73,13,2,2,1
21567,135,34,475,423,481
21568,4464,525,1844,4408,4443
21569,148,449,123,79,78
21570,80,436,224,49,55
21571,388,1023,644,298,267
21572,1497,6448,5376,3440,3352
21573,620,1682,1286,571,470
21574,413,202,444,389,329
21575,5830,2718,400,111,89
21576,1003,302,226,122,84
21577,770,493,144,61,42
21578,1096,784,305,92,61
21579,620,1286,538,708,514
21580,28,196,30,27,33
21581,45,183,382,727,862
21582,4292,3066,1443,3438,3596
21583,557,136,133,100,87
21584,752,10,52,82,57
21585,124,8,26,93,65
21586,1171,142,1580,1893,1913
21587,1072,74,1065,1458,1345
21588,603,2390,3366,2675,3434
21589,810,358,52,42,61
21590,3406,6644,3205,4126,4468
21591,1684,670,952,1460,1585
21592,477,329,2360,221,199
21593,293,720,3978,848,1053
21594,345,1691,2882,560,797
21595,254,150,1700,2010,2634
21596,3552,3021,4187,3841,3807
21597,443,38,791,933,1224
21598,88,51,401,218,240
21599,524,321,664,183,250
21600,96,120,975,736,668
21601,1499,1114,893,708,788
21602,1302,925,1246,1077,1195
21603,6606,3576,6713,6519,6712
21604,39,109,372,151,193
21605,123,762,152,90,95
21606,1468,4323,4149,4481,4545
21607,592,2600,454,3161,3618
21608,1066,3327,961,3250,3223
21609,551,3963,3904,4567,4965
21610,3342,2914,1662,2667,2781
21611,1588,1001,957,1566,1185
21612,3614,989,1008,989,676
21613,1130,510,394,459,448
21614,1054,939,194,414,382
21615,4489,6016,4666,2511,2381
21616,5595,7260,6264,5862,5861
21617,1608,2086,4066,3477,3241
21618,4229,2407,3183,2853,2540
21619,254,1117,1534,1176,1152
21620,521,600,77,803,559
21621,316,876,292,879,786
21622,1330,1580,1067,735,666
21623,82,62,174,119,96
21624,93,104,229,236,225
21625,1728,1133,307,2835,2541
21626,5543,1212,870,612,926
21627,1397,1800,1568,1265,1573
21628,141,89,57,19,18
21629,144,723,75,35,30
21630,105,98,261,182,180
21631,25,22,132,107,63
21632,37,125,14,45,37
21633,368,14,6,14,15
21634,338,3249,1746,260,341
21635,363,3299,4218,2897,3816
21636,1928,7841,3634,307,593
21637,15,164,304,143,172
21638,3568,595,837,638,642
21639,23,53,976,547,801
21640,583,673,1367,879,819
21641,877,478,2147,1239,1352
21642,1021,234,1946,1518,1499
21643,1146,129,403,441,496
21644,2967,284,2373,2256,2376
21645,1158,237,571,1058,1145
21646,468,55,120,798,656
21647,221,274,403,1340,1385
21648,288,52,72,668,536
21649,1293,59,1186,1045,1093
21650,3107,4615,3150,2604,2677
21651,727,28,991,641,715
21652,4645,8475,4943,4638,5131
21653,343,1211,1795,1510,1161
21654,1584,3375,1074,455,311
21655,112,84,48,68,61
21656,62,67,89,188,181
21657,148,95,598,469,559
21658,219,120,10,1,5
21659,11,12,19,4,6
21660,15,3,111,35,33
21661,3085,3208,4756,4041,4176
21662,310,204,51,76,76
21663,1545,23,16,20,22
21664,130,40,705,141,115
21665,782,158,955,8122,8483
21666,41,5,162,42,53
21667,796,2298,1819,1453,2264
21668,4742,1821,1873,1545,2433
21669,2473,3216,4274,4345,4481
21670,2951,1440,810,452,471
21671,1448,1047,1607,1696,1679
21672,1084,3964,639,568,564
21673,2567,4754,1581,1838,1913
21674,1871,2978,929,1369,1513
21675,2268,2868,571,1166,1307
21676,2234,2194,7742,8308,8267
21677,2091,2113,1392,857,764
21678,6685,3009,4614,3383,3066
21679,1823,1818,47,46,58
21680,2344,3507,69,60,67
21681,3419,4097,887,1060,1514
21682,848,2136,983,940,1051
21683,1,0,0,0,1
21684,0,1,0,0,0
21685,267,126,57,109,164
21686,105,27,32,9,20
21687,339,57,11,6,9
21688,1937,1771,1287,1666,1955
21689,284,1603,1757,2154,2090
21690,230,1424,1136,1326,1231
21691,0,8,3,6,5
21692,0,3,2,2,1
21693,183,59,362,468,499
21694,2770,1926,210,218,123
21695,2134,247,199,2324,2324
21696,3867,3180,63,279,145
21697,3207,467,1071,685,683
21698,3444,464,1236,907,899
21699,2165,148,459,161,174
21700,1866,39,267,200,139
21701,959,16,199,333,313
21702,799,152,74,68,55
21703,166,63,4,56,35
21704,140,77,97,282,186
21705,174,35,4,35,22
21706,36,1,113,102,68
21707,4533,2860,1199,2061,1672
21708,1224,3441,1319,1203,1339
21709,107,50,33,14,26
21710,49,59,359,133,174
21711,643,794,174,891,1161
21712,1,0,0,4,5
21713,298,264,405,276,323
21714,157,99,1048,981,1170
21715,20,44,18,69,90
21716,33,26,41,140,89
21717,98,29,424,986,1103
21718,14,81,41,29,29
21719,84,86,89,57,75
21720,5703,8760,9176,9098,9032
21721,126,231,249,2257,2136
21722,132,121,101,86,59
21723,86,64,81,43,36
21724,1343,2549,3388,4402,3584
21725,120,2328,4016,3028,3541
21726,118,1275,2199,1629,1981
21727,190,11,50,54,54
21728,126,78,104,85,92
21729,527,369,448,1222,1311
21730,136,234,252,86,118
21731,53,154,209,126,114
21732,671,847,99,46,39
21733,2284,4679,3960,3650,3773
21734,2092,2799,3357,3981,4130
21735,7857,2408,2383,2651,2334
21736,38,30,92,112,102
21737,4,1,24,81,62
21738,167,82,143,190,149
21739,1913,11,1651,1239,1380
21740,922,17,19,69,192
21741,1445,778,10,12,27
21742,281,17,182,39,68
21743,283,388,1425,978,1167
21744,4379,5432,6787,6865,6549
21745,240,101,58,95,62
21746,100,133,44,43,28
21747,1433,302,454,166,182
21748,280,275,319,217,184
21749,657,1287,307,240,299
21750,324,175,258,199,176
21751,104,14,418,480,460
21752,53,1010,581,44,31
21753,108,1105,274,71,58
21754,1964,1853,2710,3485,3407
21755,3894,1000,2882,635,735
21756,1319,867,788,231,152
21757,333,2118,1007,1619,1505
21758,9,111,85,89,88
21759,50,23,8,18,10
21760,281,94,100,134,113
21761,197,162,329,153,271
21762,89,55,235,265,337
21763,230,837,1218,922,950
21764,515,580,1079,948,830
21765,809,2245,1048,1057,1261
21766,98,40,117,163,184
21767,389,550,397,473,471
21768,280,77,281,937,1050
21769,706,349,3051,529,611
21770,70,163,410,693,684
21771,18,4,193,162,225
21772,1363,539,651,531,443
21773,573,367,232,343,567
21774,882,320,123,170,281
21775,4198,49,2232,3783,3965
21776,160,402,757,136,137
21777,13,163,186,492,410
21778,1393,3368,705,452,576
21779,67,34,105,101,102
21780,460,731,130,199,199
21781,20,126,768,1601,1024
21782,24,15,20,14,8
21783,9,8,17,3,5
21784,26,31,99,59,63
21785,87,78,244,168,163
21786,2395,3358,5342,6193,6670
21787,7861,206,72,13,21
21788,5820,1277,2762,4313,4528
21789,5540,201,162,59,80
21790,760,103,1491,4001,4248
21791,2489,1188,2060,1533,1805
21792,549,71,1024,2775,2910
21793,417,748,296,805,849
21794,227,26,212,51,49
21795,926,1040,246,44,50
21796,2118,5398,6096,6087,5700
21797,1514,6594,5441,5264,5097
21798,6733,7901,7529,7961,8045
21799,75,6,200,160,149
21800,26,12,133,170,165
21801,65,51,382,777,794
21802,400,1734,139,217,245
21803,374,1406,317,478,470
21804,762,815,257,408,466
21805,86,839,41,154,187
21806,38,82,38,73,54
21807,702,112,149,244,254
21808,11,43,68,57,90
21809,1844,939,458,1030,1028
21810,20,102,44,47,72
21811,204,998,141,226,225
21812,137,496,100,114,108
21813,1226,1468,2232,3076,1845
21814,115,125,111,127,102
21815,157,181,1630,450,567
21816,979,521,30,37,31
21817,3274,1243,1223,2675,2673
21818,5186,7166,5377,4392,4288
21819,4744,2086,957,2347,2513
21820,1093,1547,1603,2528,2222
21821,351,85,437,376,461
21822,2449,4160,3745,3832,3784
21823,5732,558,150,81,126
21824,522,2129,1918,1548,1305
21825,518,280,174,151,212
21826,703,1647,604,752,782
21827,2044,4314,3325,3707,3799
21828,188,1293,805,805,769
21829,768,31,113,48,52
21830,3369,2583,2122,2838,2637
21831,272,34,117,60,49
21832,497,3046,3782,3023,2871
21833,322,1451,872,1284,1264
21834,509,18,30,495,513
21835,53,56,255,155,197
21836,425,402,47,24,26
21837,75,69,144,116,117
21838,224,1283,1077,776,1125
21839,1020,1144,2677,1921,1823
21840,192,1019,1126,1040,1318
21841,649,86,147,168,107
21842,700,96,467,368,290
21843,827,66,441,414,332
21844,1847,619,317,768,823
21845,823,490,500,2034,2284
21846,3056,2627,4926,4953,5067
21847,1287,4227,6070,4900,4480
21848,4254,5154,4178,6163,6303
21849,1320,2118,2617,2813,2562
21850,144,563,68,31,30
21851,274,658,64,22,24
21852,814,2122,519,1381,1493
21853,1048,497,81,32,26
21854,305,829,335,220,170
21855,3615,1487,2646,1274,1447
21856,865,465,62,165,231
21857,5739,1580,1612,2299,2674
21858,966,386,295,739,829
21859,98,1085,454,374,347
21860,7792,5678,4812,5064,5088
21861,36,1182,780,316,291
21862,235,353,2442,2327,2323
21863,562,224,1286,691,690
21864,145,309,495,388,405
21865,483,150,141,108,153
21866,3743,959,1154,875,910
21867,2907,1747,1640,1957,2081
21868,2831,5180,7840,7829,7917
21869,2766,1465,309,248,298
21870,1582,1472,268,202,211
21871,236,305,208,138,176
21872,464,154,172,139,196
21873,6899,5308,4738,5705,5558
21874,1174,561,107,275,266
21875,3477,5524,5375,6777,6816
21876,1321,396,23,120,111
21877,616,466,150,608,798
21878,549,1580,381,1968,2824
21879,4724,5375,3557,2600,3811
21880,7723,7662,8004,7654,7599
21881,157,115,20,29,33
21882,103,131,20,22,37
21883,1319,13,541,222,186
21884,2237,50,985,545,463
21885,2330,628,790,559,471
21886,1258,1812,4045,3770,3929
21887,166,12,569,307,206
21888,312,62,529,87,59
21889,41,140,32,138,109
21890,7,66,61,27,15
21891,11,71,70,40,23
21892,383,338,51,43,18
21893,1609,643,435,579,528
21894,3169,5987,5249,4895,4888
21895,340,2190,2772,2018,1865
21896,781,245,362,354,349
21897,341,234,224,143,174
21898,8,32,421,299,283
21899,22,14,2,1,1
21900,3,0,4,2,2
21901,1859,29,79,5,10
21902,7634,5891,5389,8967,8890
21903,546,7,11,0,0
21904,590,60,3,41,34
21905,941,137,0,49,37
21906,449,604,807,356,338
21907,56,134,65,108,60
21908,313,145,526,143,173
21909,21,264,501,142,145
21910,1618,2865,4038,3548,3635
21911,557,333,680,726,620
21912,244,53,64,120,91
21913,1060,831,273,220,168
21914,980,1638,932,910,900
21915,1178,1123,885,482,451
21916,126,135,269,399,465
21917,160,147,416,296,310
21918,2239,296,408,603,623
21919,557,13,71,46,40
21920,177,7,70,72,52
21921,3169,523,5872,4369,4011
21922,23,281,19,7,11
21923,6220,5333,7182,6977,7016
21924,61,77,22,15,17
21925,1102,765,4259,4171,3841
21926,1130,821,82,63,87
21927,2363,1683,2112,1083,966
21928,95,250,322,65,67
21929,1077,254,73,81,100
21930,132,309,1716,398,537
21931,387,2,66,34,26
21932,254,2,105,63,52
21933,7601,7370,4556,5204,5008
21934,125,61,37,35,61
21935,17,179,56,126,146
21936,238,5,19,11,18
21937,271,47,7,5,3
21938,49,155,248,231,458
21939,58,49,240,740,606
21940,5206,3364,5997,6019,5770
21941,4272,3054,3353,3555,4043
21942,2385,2984,2473,2674,2615
21943,169,441,56,90,100
21944,193,387,136,72,57
21945,348,1068,1986,3394,3482
21946,1664,691,259,665,654
21947,2446,182,58,434,394
21948,740,231,159,549,515
21949,0,34,1,2,3
21950,27,17,1,5,6
21951,7,23,317,259,223
21952,62,270,75,33,50
21953,67,775,266,253,149
21954,85,100,68,9,29
21955,1259,1976,878,599,710
21956,7,169,49,14,12
21957,47,2188,167,56,53
21958,631,327,1652,1559,1482
21959,622,701,16,81,28
21960,49,264,24,75,26
21961,6529,2198,3703,2749,2827
21962,1391,651,1558,939,1162
21963,1257,1089,2988,2511,2341
21964,1376,2180,2844,1512,1179
21965,73,39,67,126,72
21966,40,16,127,124,84
21967,674,878,625,521,534
21968,196,503,110,1044,932
21969,3347,247,1249,460,465
21970,82,0,0,0,0
21971,85,35,38,91,84
21972,139,0,3,0,0
21973,87,60,426,260,233
21974,94,14,17,29,32
21975,411,35,16,30,27
21976,6,51,114,33,40
21977,183,58,222,152,167
21978,9,46,147,55,53
21979,2314,25,98,55,106
21980,1050,2368,490,1283,1115
21981,3745,4179,305,962,860
21982,1830,24,402,224,224
21983,1422,40,619,262,319
21984,674,2225,1575,1791,1882
21985,475,24,31,9,7
21986,310,81,82,24,16
21987,1023,64,80,23,29
21988,1491,5877,6637,5326,4936
21989,399,10,9,2,2
21990,0,4,9,3,3
21991,808,162,0,0,0
21992,750,353,1,0,0
21993,1101,375,239,438,541
21994,1475,925,1628,1073,969
21995,163,41,144,1557,1453
21996,2684,911,431,247,237
21997,4351,51,409,203,195
21998,853,77,182,845,740
21999,608,85,143,274,296
22000,882,2762,2995,2668,2769
22001,549,494,2135,2030,1671
22002,882,501,2486,1937,1946
22003,1141,365,2609,2258,2372
22004,1485,250,2291,5472,6039
22005,3255,3030,5488,5760,5780
22006,557,1189,1227,905,955
22007,1197,1050,2722,2576,2192
22008,2416,1225,301,309,276
22009,26,35,12,13,8
22010,4,461,107,64,51
22011,83,204,64,15,5
22012,318,331,2144,3392,3168
22013,10,177,25,12,15
22014,10,48,18,8,11
22015,153,36,30,34,27
22016,405,487,100,384,266
22017,333,22,91,92,65
22018,586,693,461,335,352
22019,593,438,641,617,716
22020,534,532,324,226,230
22021,45,1293,498,449,375
22022,17,275,89,63,43
22023,289,364,2515,2630,3337
22024,290,255,369,346,417
22025,2187,1420,426,306,474
22026,1073,595,2334,2126,1349
22027,603,600,697,394,457
22028,160,429,475,836,858
22029,348,591,624,456,437
22030,76,279,446,124,118
22031,175,402,554,322,300
22032,43,301,165,76,98
22033,2711,5311,4443,5069,5179
22034,2065,3436,4284,4489,4515
22035,2635,5575,6199,6506,6514
22036,5141,3941,5775,6020,6529
22037,4130,6181,5135,4498,4150
22038,6387,6973,6749,6218,6800
22039,401,2193,1211,1332,1481
22040,439,596,629,447,472
22041,526,1314,692,1070,1224
22042,37,116,1197,786,841
22043,86,259,2492,1110,1295
22044,22,193,521,321,285
22045,1502,884,750,1042,945
22046,3498,1448,1459,1441,1374
22047,193,1307,884,842,791
22048,5099,3272,874,486,406
22049,1756,4744,701,342,295
22050,996,5159,5195,5770,5708
22051,892,144,1337,921,574
22052,2073,91,136,565,631
22053,778,89,18,150,169
22054,7168,7679,5311,7078,7083
22055,1133,510,2053,3359,3445
22056,289,25,518,415,339
22057,1546,68,31,68,63
22058,60,390,776,554,611
22059,46,154,69,102,106
22060,16,8,27,11,15
22061,501,385,290,335,368
22062,1780,505,1499,1471,1320
22063,2693,1017,145,52,49
22064,6779,5074,1339,1350,1439
22065,2367,413,125,37,36
22066,5528,2234,1925,1772,1808
22067,2001,1446,3381,3430,3356
22068,3626,2059,2456,2588,2386
22069,3028,4463,4020,4047,4207
22070,1211,1408,1128,1163,983
22071,1548,973,1356,1054,1023
22072,84,196,881,717,754
22073,3524,885,752,2428,2481
22074,1355,1,63,22,17
22075,1302,795,2468,3084,3598
22076,971,377,664,723,813
22077,547,1690,251,449,405
22078,11,16,8,65,29
22079,4,8,9,54,33
22080,872,3082,1707,2021,2096
22081,4742,3118,4719,5181,5447
22082,3900,3247,4348,4657,5735
22083,1220,2242,1816,1538,2298
22084,24,0,13,23,15
22085,49,668,35,49,36
22086,28,0,8,19,9
22087,21,564,583,549,597
22088,7861,4010,1785,2093,2161
22089,86,1913,2941,2769,2475
22090,723,177,177,53,46
22091,504,71,42,16,22
22092,337,57,177,164,201
22093,188,136,287,209,189
22094,515,106,529,398,314
22095,134,87,264,149,150
22096,14,113,132,34,44
22097,17,181,209,1211,1375
22098,279,838,335,115,134
22099,447,338,286,411,298
22100,33,85,35,19,15
22101,427,87,14,6,6
22102,1802,356,116,22,20
22103,1652,2668,114,31,30
22104,916,1246,1389,2293,2493
22105,2251,2012,3514,3623,3529
22106,661,2613,3128,2606,2311
22107,332,1954,1649,1113,1190
22108,316,2432,1109,863,898
22109,259,147,517,589,563
22110,1615,2335,2039,2330,2429
22111,939,2640,2814,2187,2269
22112,833,2205,4414,6799,7015
22113,3123,4155,2969,2174,2514
22114,536,165,169,103,144
22115,621,312,558,276,349
22116,627,3349,2768,3735,3733
22117,1198,1325,520,1101,1097
22118,849,335,225,721,532
22119,808,2055,895,2950,2881
22120,766,457,1545,1617,1440
22121,430,290,262,820,652
22122,2218,2316,2043,3592,3061
22123,2541,2357,327,263,305
22124,1164,652,420,160,210
22125,802,829,188,94,83
22126,1790,852,2511,1520,1775
22127,19,1,22,89,70
22128,2240,212,610,461,581
22129,1,14,67,250,221
22130,889,962,135,406,427
22131,1,11,34,190,175
22132,2100,2026,5523,4767,4680
22133,8,95,13,9,10
22134,67,103,32,17,20
22135,195,888,242,317,306
22136,184,866,322,328,280
22137,2748,2308,333,1300,1273
22138,1353,556,180,249,233
22139,2337,1207,328,504,521
22140,1678,1616,1322,1983,2090
22141,30,44,0,2,2
22142,131,594,384,377,549
22143,5672,6201,7371,6793,6957
22144,228,10,25,27,27
22145,275,38,101,90,82
22146,3598,1661,14,93,40
22147,3565,1865,720,870,933
22148,313,353,291,456,502
22149,286,235,1753,1638,1609
22150,166,20,73,61,22
22151,1733,17,44,22,11
22152,545,277,36,43,62
22153,256,100,186,198,182
22154,419,739,533,393,300
22155,91,206,517,407,368
22156,68,242,1576,1800,1438
22157,110,356,169,869,821
22158,208,185,238,174,199
22159,1285,134,149,579,595
22160,661,673,397,365,378
22161,161,329,540,602,449
22162,7,16,216,367,280
22163,2467,3946,219,63,63
22164,1607,836,693,571,612
22165,271,48,533,477,514
22166,113,86,83,81,97
22167,149,129,52,55,54
22168,206,163,55,484,436
22169,159,231,323,762,792
22170,2453,385,1341,4723,4895
22171,268,1311,56,194,168
22172,126,578,40,172,139
22173,5626,5597,6943,6538,6219
22174,1770,422,448,1649,1862
22175,4269,7040,6533,5825,5559
22176,5710,1243,620,1549,1712
22177,372,170,54,16,10
22178,500,475,879,495,644
22179,909,1369,65,24,13
22180,794,182,1218,1324,1010
22181,1956,357,4617,6456,5119
22182,409,2411,2916,3724,3251
22183,4491,2343,1382,1036,1354
22184,3433,354,1607,1007,1302
22185,3282,401,2501,2526,2239
22186,650,175,1109,838,825
22187,5380,5565,3351,4216,4210
22188,1269,461,1582,1570,1592
22189,285,66,273,97,86
22190,100,35,218,81,73
22191,38,30,426,197,263
22192,13,143,267,246,282
22193,17,26,11,122,109
22194,30,35,45,175,171
22195,372,1371,1014,3842,4058
22196,1832,302,522,242,324
22197,623,462,560,188,261
22198,549,488,278,128,86
22199,2065,1339,2375,2794,2551
22200,1188,572,450,267,173
22201,1084,88,446,434,488
22202,2523,2099,1649,2211,1879
22203,1195,52,761,800,871
22204,389,920,638,463,367
22205,180,136,298,169,165
22206,391,68,520,273,268
22207,5706,4587,4470,3408,3695
22208,907,1812,995,691,685
22209,1216,2923,1547,1315,1358
22210,359,322,60,12,17
22211,944,499,188,35,38
22212,603,1924,2572,3118,2927
22213,137,333,75,859,883
22214,474,214,624,437,399
22215,59,192,40,358,434
22216,5034,672,5358,4288,3808
22217,4877,2700,3873,4749,4675
22218,2063,2543,528,1014,841
22219,159,725,8,38,36
22220,751,323,2154,3070,2921
22221,204,51,82,78,60
22222,1391,3836,5211,5210,4969
22223,2811,2465,4117,3694,3428
22224,4077,1608,3584,5124,5043
22225,649,601,1329,1630,1524
22226,570,811,18,10,15
22227,1482,1179,518,414,558
22228,3400,7095,2418,2434,2053
22229,1882,236,814,445,493
22230,1740,545,643,423,487
22231,3482,5044,3634,3754,3845
22232,35,50,1,7,5
22233,35,79,2,12,7
22234,469,5659,5242,6121,6083
22235,212,869,3013,4537,4239
22236,726,1063,6639,7769,7473
22237,457,173,49,589,707
22238,496,262,855,856,962
22239,2694,144,53,542,528
22240,763,19,6,1,1
22241,659,21,11,1,1
22242,2841,2369,3816,2570,2677
22243,628,1181,821,789,871
22244,1701,759,69,22,31
22245,978,85,6,1,1
22246,12,23,5,0,0
22247,10,257,9,0,0
22248,6,5,54,134,112
22249,5449,6169,4815,3006,2544
22250,6517,8390,3837,1567,1084
22251,5471,5131,3193,3342,3035
22252,675,145,164,38,27
22253,798,176,358,248,268
22254,669,165,123,33,32
22255,1156,48,1410,737,776
22256,951,2444,859,1584,1785
22257,217,2,139,62,89
22258,1070,1362,1212,1111,1090
22259,1016,1411,1669,1039,1054
22260,624,3293,645,839,725
22261,152,135,303,176,202
22262,188,126,297,244,173
22263,598,718,254,188,136
22264,2091,2506,2305,3746,3423
22265,4405,1100,2423,2788,2924
22266,2997,919,2035,2591,2680
22267,1983,544,124,127,103
22268,640,176,140,147,88
22269,2972,2816,130,86,81
22270,509,710,838,1017,1066
22271,469,503,660,1095,1131
22272,7268,6576,2135,1898,1545
22273,2236,1555,532,831,904
22274,1487,4643,3841,3612,4039
22275,941,1286,1166,828,925
22276,1635,1266,2420,2086,2113
22277,1570,1105,201,875,826
22278,2042,1366,173,796,732
22279,106,55,423,138,182
22280,260,21,129,38,48
22281,1586,2204,1789,1183,1717
22282,53,746,560,1504,1589
22283,39,292,184,584,569
22284,5111,629,310,103,114
22285,680,1275,512,193,128
22286,558,413,369,125,95
22287,729,1128,1564,2213,1811
22288,963,3203,3533,3030,3174
22289,1860,1655,4999,5198,5631
22290,651,2433,4737,3458,3788
22291,97,1133,49,46,56
22292,363,613,120,95,119
22293,4777,908,4385,2298,2310
22294,292,23,140,126,183
22295,275,217,4,25,14
22296,935,883,2515,2208,1829
22297,449,395,87,20,26
22298,1062,762,1762,734,596
22299,1497,2844,4023,3023,2829
22300,187,76,4,87,90
22301,1198,187,7,197,173
22302,724,1003,1130,881,644
22303,900,217,5,10,9
22304,188,256,21,60,55
22305,249,10,100,125,114
22306,1319,4444,2238,1547,1544
22307,5720,7003,6666,8463,8466
22308,1772,6557,3662,2051,2155
22309,994,5128,4492,3790,3646
22310,1810,5083,1167,1537,1510
22311,4861,5664,4660,4927,5222
22312,66,79,255,79,77
22313,161,84,154,69,61
22314,284,143,71,195,181
22315,14,67,121,101,99
22316,25,9,38,26,28
22317,49,11,1,0,0
22318,2994,6022,5195,4235,3785
22319,1595,1063,257,66,76
22320,1292,240,136,59,67
22321,1187,421,296,1073,1352
22322,349,872,1564,1388,1496
22323,201,1803,1698,1388,1514
22324,283,456,71,1184,931
22325,48,294,258,112,116
22326,47,141,35,35,37
22327,110,63,85,350,398
22328,30,3,36,15,15
22329,76,8,96,66,55
22330,704,1603,52,49,36
22331,1136,909,68,43,37
22332,305,721,765,3124,3486
22333,497,183,955,629,522
22334,38,184,193,322,349
22335,33,288,358,418,443
22336,3613,1619,1270,1056,733
22337,0,4,39,12,19
22338,3782,719,382,591,777
22339,807,651,394,259,228
22340,1445,765,361,864,760
22341,4146,3448,577,433,475
22342,639,144,235,79,182
22343,736,182,377,286,455
22344,1059,1917,1045,748,780
22345,214,28,69,115,107
22346,337,16,68,48,49
22347,380,918,487,618,655
22348,291,396,1717,2416,2333
22349,1820,1478,2662,2094,2064
22350,365,222,612,731,730
22351,3167,2897,1856,1287,1138
22352,1442,1892,667,462,407
22353,1765,2544,1053,486,383
22354,348,524,48,145,190
22355,66,262,129,34,27
22356,28,192,20,9,8
22357,394,136,302,350,408
22358,202,10,2,1,0
22359,1613,456,320,1286,1495
22360,890,659,557,668,784
22361,3408,216,831,548,537
22362,58,27,387,232,192
22363,911,868,2070,1463,1442
22364,311,1629,1804,5487,5885
22365,230,644,868,821,817
22366,1039,1348,812,339,336
22367,876,868,1077,446,420
22368,755,763,1950,633,729
22369,1272,287,420,358,274
22370,639,270,1320,1334,1194
22371,32,30,1144,976,1006
22372,0,490,0,0,1
22373,4803,115,0,1,2
22374,0,49,97,89,105
22375,772,409,407,702,477
22376,789,81,44,46,38
22377,492,415,785,879,657
22378,1314,1196,977,1111,844
22379,2382,3844,1935,2409,2052
22380,5788,4211,2840,7601,7535
22381,2981,1874,2792,2540,2728
22382,966,1442,1012,281,284
22383,1443,2650,2367,607,594
22384,19,13,1155,1258,997
22385,2301,2551,4075,1738,1985
22386,10,2,0,60,25
22387,7,1,5,0,0
22388,5,5,19,6,8
22389,166,211,199,89,75
22390,1994,2819,1681,859,780
22391,1605,17,104,561,502
22392,2639,97,313,2408,2835
22393,1,34,129,156,127
22394,0,3,13,20,9
22395,1339,724,2306,2905,2822
22396,277,352,868,819,903
22397,4034,3373,2042,2891,2679
22398,337,376,539,440,483
22399,3562,4820,3235,4414,4901
22400,1973,608,1091,1588,1754
22401,1322,468,916,1691,1887
22402,22,188,71,75,105
22403,391,2429,760,877,756
22404,97,2213,152,186,174
22405,1640,3086,1420,1841,1464
22406,1317,3730,1662,1522,1628
22407,3647,5227,2793,2753,2939
22408,1125,192,872,539,476
22409,3164,217,865,563,468
22410,448,270,413,415,325
22411,0,0,5,5,4
22412,200,160,23,1249,1064
22413,0,0,6,0,1
22414,150,393,319,554,493
22415,1630,62,27,11,17
22416,19,23,21,4,7
22417,5,79,159,114,134
22418,34,423,91,513,578
22419,1708,1224,332,1532,1661
22420,386,590,1086,1079,1160
22421,2558,714,3889,2673,2945
22422,321,370,733,517,499
22423,366,2197,60,1441,981
22424,415,935,14,1558,1435
22425,465,1019,2837,3040,3472
22426,9,4,99,15,30
22427,2,4,19,15,19
22428,60,259,116,47,52
22429,838,2266,4718,3443,3264
22430,1064,7954,8857,8533,8565
22431,1381,3325,6293,4857,4677
22432,2527,2688,2790,6292,6253
22433,4474,1790,4375,5756,5807
22434,7020,3796,7116,8003,8343
22435,1502,1190,2210,2828,2305
22436,224,42,122,192,206
22437,376,75,34,97,116
22438,7,74,18,42,59
22439,9,95,39,41,58
22440,7895,2964,2852,1978,1817
22441,176,175,1,0,0
22442,38,273,1,0,0
22443,1013,789,355,289,215
22444,1032,50,415,307,376
22445,430,146,834,395,676
22446,1617,212,2449,1032,1513
22447,6255,5372,5843,4687,4758
22448,4781,2903,2385,1635,1743
22449,3152,2509,2047,2106,2378
22450,1985,660,1138,1037,873
22451,429,501,730,408,365
22452,703,784,800,470,445
22453,2582,3790,2788,1518,1141
22454,311,13,58,92,167
22455,94,13,42,68,88
22456,787,1538,2928,2140,2362
22457,387,144,11,49,54
22458,68,169,962,1057,971
22459,1355,113,55,45,43
22460,9,1824,1381,1661,1610
22461,17,95,55,54,67
22462,567,2005,1075,3785,3585
22463,286,667,216,273,272
22464,879,88,750,455,496
22465,1250,438,498,195,196
22466,1886,337,133,25,36
22467,412,334,178,40,97
22468,335,107,10,457,564
22469,385,721,85,414,618
22470,194,38,178,47,77
22471,64,4420,1013,1079,1027
22472,2136,4227,5437,4170,4701
22473,154,1457,406,240,276
22474,3755,479,1052,427,523
22475,5712,5343,4414,1417,1452
22476,1579,425,1132,740,573
22477,134,16,62,28,29
22478,1370,65,387,150,152
22479,119,1113,1339,1855,1691
22480,139,342,824,818,582
22481,5,72,189,324,231
22482,5,235,193,238,185
22483,328,524,214,310,305
22484,4132,3908,5370,5045,4572
22485,299,1291,1436,1674,1827
22486,1205,653,1698,1268,1422
22487,1565,902,1317,1038,1112
22488,1456,731,1381,2618,2422
22489,2874,1599,4723,3873,4287
22490,4242,4146,5143,4664,4395
22491,1472,1281,3052,3131,2838
22492,18,24,346,243,368
22493,1358,1358,479,1345,1780
22494,34,200,202,492,523
22495,15,157,24,59,58
22496,9,114,32,96,103
22497,4583,3673,4331,2408,2503
22498,152,368,562,1764,1868
22499,137,174,349,1916,2289
22500,99,333,638,1110,1223
22501,232,106,530,404,484
22502,2945,2791,893,1174,1340
22503,72,682,333,477,555
22504,1562,85,42,550,678
22505,639,75,8,49,69
22506,92,145,26,764,927
22507,2913,2119,25,561,642
22508,863,2140,915,1507,1522
22509,483,1279,4859,4444,4359
22510,2841,44,229,1849,1673
22511,2219,75,477,2409,2512
22512,463,759,527,467,359
22513,40,574,65,19,19
22514,1399,444,265,515,398
22515,736,172,702,965,810
22516,133,258,283,133,148
22517,697,101,157,651,543
22518,0,0,96,45,33
22519,206,618,526,488,415
22520,334,25,46,18,11
22521,235,1858,4227,3780,3470
22522,560,10,8,4,2
22523,220,14,82,15,14
22524,4264,4606,3935,2605,3272
22525,1183,665,686,245,284
22526,6887,677,321,121,124
22527,144,426,202,104,125
22528,36,5,1,45,54
22529,8,9,57,49,65
22530,148,20,1,31,35
22531,3526,1446,1375,773,664
22532,358,395,107,80,52
22533,303,680,97,114,95
22534,686,170,182,1930,1819
22535,1450,1243,494,5030,4752
22536,1553,421,1701,3675,3286
22537,322,86,832,763,651
22538,141,141,1114,842,948
22539,91,130,920,685,565
22540,1000,1005,183,156,256
22541,64,59,446,160,235
22542,1621,954,326,146,171
22543,699,562,167,52,40
22544,382,527,312,723,562
22545,731,194,197,41,34
22546,202,546,19,10,5
22547,171,2,66,57,67
22548,836,2,25,14,6
22549,1781,145,389,435,622
22550,1173,5981,2349,1455,1610
22551,2737,260,226,474,670
22552,3821,2686,3720,4075,3793
22553,839,591,410,370,408
22554,63,353,240,180,176
22555,8,11,3,3,2
22556,15,8,29,23,20
22557,3221,1221,2330,1120,1495
22558,1434,373,253,110,122
22559,325,2437,684,231,272
22560,938,3352,3535,1956,2246
22561,573,898,471,373,283
22562,229,559,311,216,221
22563,625,1290,759,233,280
22564,211,490,169,472,566
22565,7,45,701,1007,1296
22566,309,536,322,314,370
22567,3042,2603,899,2019,1991
22568,28,0,0,0,0
22569,26,0,0,0,0
22570,1111,197,93,70,74
22571,1704,127,123,162,146
22572,1381,104,90,292,264
22573,2751,3609,4444,2775,2658
22574,2684,3355,3213,2048,1704
22575,2565,3473,2884,1914,1847
22576,529,137,108,235,261
22577,165,367,1742,2481,2457
22578,162,408,608,792,729
22579,288,582,319,25,31
22580,0,460,1083,2703,2539
22581,731,595,75,2448,2353
22582,1288,1517,1341,1144,1183
22583,447,669,736,396,345
22584,468,785,492,209,230
22585,2336,1372,3580,3505,3314
22586,1788,562,33,214,249
22587,935,140,12,76,108
22588,3871,2863,6393,6478,6457
22589,621,133,1514,2126,2004
22590,613,137,505,666,620
22591,4592,1063,353,727,715
22592,3501,393,200,482,466
22593,4544,5709,1960,2672,2424
22594,396,158,56,18,21
22595,730,188,78,260,211
22596,247,98,53,257,244
22597,95,8,64,394,497
22598,126,153,308,202,221
22599,191,21,67,126,94
22600,348,334,472,1358,1439
22601,2678,663,279,189,184
22602,1192,1207,1937,915,921
22603,919,2663,163,173,156
22604,1467,4075,222,250,242
22605,1222,3512,1878,2005,1982
22606,399,707,1719,632,1091
22607,8480,8607,6408,6887,6601
22608,410,769,951,545,759
22609,726,1163,1129,1368,1186
22610,103,26,72,28,27
22611,112,324,379,214,219
22612,2972,582,191,315,292
22613,1296,471,164,298,273
22614,5097,245,963,1655,1682
22615,396,110,392,673,564
22616,373,284,264,633,540
22617,234,188,320,784,789
22618,329,3438,1175,912,975
22619,347,26,61,84,65
22620,95,7,62,187,137
22621,2767,3968,3861,3248,3407
22622,549,704,785,349,509
22623,1262,1252,1424,783,1236
22624,1150,2153,1927,2269,2247
22625,178,452,145,72,66
22626,1014,489,110,37,40
22627,3064,419,2024,2117,1882
22628,5570,5443,3537,5375,5390
22629,4832,1041,4629,4600,3886
22630,3,1,174,181,134
22631,1015,9,39,161,145
22632,5,3,94,327,493
22633,385,139,41,31,28
22634,1550,2462,2557,2242,2321
22635,1204,3401,2965,3238,3077
22636,14,247,54,94,114
22637,30,508,154,311,389
22638,146,218,42,43,54
22639,2438,1395,1095,1011,1401
22640,2231,957,445,482,539
22641,4457,1437,1083,621,940
22642,388,159,110,49,45
22643,177,265,602,170,124
22644,424,526,313,98,94
22645,15,30,147,417,460
22646,23,39,419,432,406
22647,2970,2367,1316,1404,1392
22648,3,7,0,0,0
22649,1784,4266,2819,2629,2813
22650,12,6,0,0,0
22651,515,355,891,336,279
22652,769,1036,4168,1824,1558
22653,3019,5151,6574,8202,7914
22654,279,186,739,697,693
22655,115,78,172,96,100
22656,2745,4401,1170,629,676
22657,1094,808,1572,1330,1176
22658,193,25,29,27,23
22659,195,31,68,78,64
22660,1274,118,779,1924,1563
22661,742,138,622,1552,1342
22662,767,1549,2268,1591,1661
22663,186,802,1032,709,850
22664,107,548,1117,573,716
22665,659,917,1028,1083,1089
22666,156,180,28,16,14
22667,120,53,119,133,75
22668,217,70,38,27,23
22669,17,212,345,102,132
22670,1873,1636,1133,287,283
22671,566,1740,2627,3068,3138
22672,635,156,117,864,756
22673,3665,446,902,1203,1281
22674,321,141,111,651,672
22675,80,122,3656,3048,3323
22676,2320,2075,3053,3216,3308
22677,33,54,2144,1562,1685
22678,2348,2300,923,300,450
22679,182,23,184,267,258
22680,155,8,437,353,344
22681,3009,7875,4825,4769,3507
22682,73,2197,3071,2845,2253
22683,119,1948,2177,1880,1662
22684,1028,1440,4948,2167,2259
22685,65,3,2,121,106
22686,539,746,499,431,218
22687,418,196,41,51,61
22688,436,141,1303,570,769
22689,702,224,83,104,112
22690,1243,1460,7757,7182,7359
22691,91,738,925,1264,1414
22692,99,443,561,812,805
22693,235,596,1914,1065,1089
22694,371,543,222,140,109
22695,1241,486,2772,2031,2267
22696,818,400,548,163,271
22697,449,1377,890,733,755
22698,308,275,136,67,83
22699,2082,2735,1550,2585,2573
22700,3256,3743,2677,1949,2003
22701,1379,2502,1855,2653,2513
22702,22,8,2,3,3
22703,45,96,100,59,63
22704,14,45,11,3,3
22705,124,907,1089,1410,1533
22706,439,1295,1946,1421,1491
22707,20,136,486,3162,2926
22708,335,533,211,376,339
22709,884,342,483,806,611
22710,206,472,1785,585,658
22711,58,57,73,3,3
22712,476,436,101,68,55
22713,99,207,294,228,184
22714,164,378,303,598,598
22715,1348,830,1158,3544,3477
22716,146,497,1095,1851,1774
22717,265,78,26,978,1093
22718,444,215,63,828,840
22719,354,943,915,821,1000
22720,469,1138,339,320,506
22721,5854,1843,3582,3007,2732
22722,113,454,126,394,573
22723,20,4,129,140,141
22724,1011,184,1758,582,674
22725,543,325,164,189,197
22726,303,650,531,793,1085
22727,152,9,169,87,113
22728,315,3,68,34,52
22729,3900,5206,3871,7820,7631
22730,4225,1135,676,2882,2972
22731,2146,1449,2803,658,662
22732,2659,1389,235,352,302
22733,278,829,511,281,207
22734,609,812,137,284,216
22735,9,40,1,3,3
22736,124,147,66,25,24
22737,1363,212,165,148,125
22738,238,246,980,1515,1048
22739,1366,915,1653,2399,1947
22740,248,507,1570,3548,3329
22741,2256,4104,3944,3869,4094
22742,4274,3240,2317,2351,2344
22743,2939,4644,3087,3012,2900
22744,7815,7644,8548,8533,8718
22745,602,2632,2325,1540,1416
22746,648,2876,3569,4765,4523
22747,135,104,432,2696,2707
22748,132,31,32,28,31
22749,103,46,45,62,61
22750,593,525,527,1564,1857
22751,4265,3322,3877,4633,4285
22752,2008,1164,30,1244,1031
22753,962,222,860,1337,1158
22754,1625,1129,3078,1890,2023
22755,494,111,500,765,681
22756,1492,854,2353,1967,2023
22757,1048,2821,4948,4921,5208
22758,1577,1260,2527,2080,2167
22759,188,236,2725,2193,1885
22760,1039,2158,2673,2269,1925
22761,218,89,180,48,66
22762,488,207,5,4,1
22763,3244,1136,421,175,134
22764,257,324,1,1,1
22765,1532,629,2016,2123,2261
22766,2038,423,1606,1684,2001
22767,7207,2088,5305,5440,5554
22768,390,38,98,169,131
22769,39,36,31,82,107
22770,46,32,188,25,19
22771,7656,4840,3873,1767,2172
22772,475,441,1359,323,356
22773,521,442,404,233,247
22774,250,229,613,1362,1291
22775,154,223,691,1844,1917
22776,6978,2943,2860,1678,1758
22777,15,13,208,263,204
22778,710,520,636,533,441
22779,22,56,421,418,370
22780,125,151,254,213,201
22781,166,232,232,257,254
22782,1441,1285,757,584,655
22783,703,1510,743,1360,1497
22784,122,317,962,1202,861
22785,4913,7910,8050,8177,8146
22786,5074,3179,2579,1555,1816
22787,6126,2098,2557,1715,2013
22788,5602,3272,3752,6401,6104
22789,62,62,737,182,339
22790,255,698,879,456,744
22791,71,70,1014,600,989
22792,455,43,143,1400,1369
22793,517,81,286,1036,969
22794,1057,1775,1844,2215,2253
22795,1490,296,45,49,10
22796,99,223,23,20,8
22797,253,315,155,170,193
22798,1168,637,385,1127,1074
22799,2824,914,764,894,692
22800,3292,1467,502,727,539
22801,2653,829,487,285,326
22802,8,4,493,273,336
22803,7,1,94,108,126
22804,1,2,0,2,5
22805,21,156,139,116,137
22806,9,8,2,9,12
22807,76,20,11,229,217
22808,99,35,11,251,242
22809,6383,7951,6781,6061,6453
22810,1274,1958,977,175,167
22811,1196,796,894,461,496
22812,1514,2206,342,653,869
22813,1162,1242,307,910,1374
22814,532,2990,107,310,491
22815,764,423,1031,1969,2167
22816,547,517,943,571,560
22817,745,1093,564,550,574
22818,433,303,652,473,434
22819,284,621,140,159,154
22820,134,377,685,460,446
22821,2061,871,201,1226,1484
22822,1788,2153,291,322,255
22823,1635,432,374,432,324
22824,2605,500,325,580,641
22825,1006,3140,4075,2681,2478
22826,1644,2173,2065,2147,1871
22827,1203,1128,1133,1109,936
22828,1563,3071,5480,5558,5738
22829,561,1300,3067,4078,4000
22830,1655,2983,3071,3444,3793
22831,283,130,846,429,537
22832,23,86,1048,7582,7745
22833,82,140,1284,97,123
22834,295,686,105,92,89
22835,91,255,57,70,68
22836,408,371,592,625,570
22837,289,1700,2909,2070,1878
22838,288,23,5,1,1
22839,182,385,2040,3921,4105
22840,4708,3397,1377,2562,2774
22841,3310,2306,751,1805,1915
22842,4481,1282,5477,5387,5044
22843,455,352,315,1160,1201
22844,419,121,112,96,134
22845,930,612,467,181,223
22846,769,138,13,22,27
22847,21,21,29,52,64
22848,48,67,203,295,252
22849,170,1117,26,19,24
22850,334,274,946,629,661
22851,74,154,7,8,8
22852,658,395,382,333,207
22853,14,156,172,198,185
22854,31,168,204,190,182
22855,725,1121,2598,3107,3262
22856,514,236,350,294,310
22857,5739,4418,1908,2247,2445
22858,129,577,1669,1076,1229
22859,824,1169,399,866,834
22860,88,413,672,195,224
22861,215,188,495,269,278
22862,183,119,581,292,282
22863,941,3337,2716,1763,1864
22864,3978,880,1988,3159,3226
22865,486,5332,1376,2009,1642
22866,2021,1280,2799,2798,3245
22867,4801,2107,2278,4807,4328
22868,1586,4407,1989,1928,2038
22869,333,636,1793,1305,1531
22870,19,442,4181,2598,2641
22871,32,90,1,2,2
22872,391,68,4,3,3
22873,248,702,1155,1298,1523
22874,2460,953,1224,1913,1969
22875,196,289,526,449,505
22876,957,144,21,29,24
22877,20,2,218,400,370
22878,2089,785,747,421,486
22879,36,1337,871,226,471
22880,119,426,1920,805,674
22881,1948,1177,942,233,454
22882,452,548,182,64,45
22883,406,521,846,287,274
22884,522,1217,513,240,199
22885,3,30,1,0,0
22886,915,1628,445,524,375
22887,0,9,0,1,1
22888,11,29,3,26,29
22889,41,47,30,40,43
22890,135,428,115,510,403
22891,1243,1009,114,39,49
22892,694,1106,204,101,121
22893,2927,3145,1072,6991,7153
22894,1283,177,1643,903,787
22895,4705,82,1076,806,691
22896,1243,491,1397,1003,846
22897,758,391,26,195,263
22898,185,222,25,277,271
22899,924,479,1042,1198,958
22900,1244,827,306,115,130
22901,7059,5546,3987,5135,4265
22902,959,252,334,454,414
22903,30,12,5,2,4
22904,153,44,22,3,8
22905,34,13,2,0,0
22906,984,46,502,393,263
22907,55,2046,2217,1949,2006
22908,32,47,274,339,279
22909,1430,702,775,1261,1353
22910,1732,270,980,109,120
22911,1719,2167,2370,291,284
22912,1819,3375,192,32,69
22913,1683,3875,3681,2292,2773
22914,1240,3318,417,138,267
22915,551,381,221,615,549
22916,3845,693,300,599,743
22917,280,985,881,383,292
22918,283,672,1511,463,499
22919,1774,1679,1452,794,861
22920,588,1336,3244,2961,3220
22921,40,135,3,0,1
22922,117,210,0,0,0
22923,3992,268,5,1,1
22924,739,983,416,379,358
22925,1803,1959,2210,2472,2200
22926,1192,798,598,517,412
22927,1897,878,2352,1307,2034
22928,229,219,953,660,895
22929,541,437,617,293,467
22930,936,110,591,508,454
22931,1453,56,612,636,503
22932,4789,1830,1150,1979,1610
22933,4235,4038,2111,1924,2312
22934,907,334,82,665,719
22935,1597,477,320,992,1132
22936,57,124,7,18,26
22937,306,158,79,457,448
22938,422,252,116,314,259
22939,639,573,47,85,47
22940,81,262,406,697,813
22941,68,334,48,123,66
22942,137,126,341,445,488
22943,445,34,0,18,23
22944,375,109,0,5,8
22945,692,1490,842,181,214
22946,492,222,370,155,166
22947,264,426,415,114,140
22948,5892,1531,1081,1851,1480
22949,251,107,77,156,130
22950,50,392,240,1107,1224
22951,400,393,1428,769,726
22952,1989,8,11,58,70
22953,1041,11,14,54,63
22954,4276,1256,3150,3006,2850
22955,152,347,144,121,128
22956,603,201,395,3139,3023
22957,2045,3587,1305,1203,1172
22958,1656,1349,528,423,407
22959,3262,4632,3869,4797,4624
22960,1012,833,3280,2480,2166
22961,345,68,60,47,62
22962,3,27,213,133,116
22963,354,8,253,157,123
22964,695,3,825,559,457
22965,390,1675,1560,1593,1214
22966,1,404,221,80,95
22967,615,394,296,186,229
22968,3,1134,519,1494,1507
22969,9,64,347,609,500
22970,39,132,267,188,143
22971,205,259,906,599,479
22972,196,399,444,336,317
22973,123,245,286,292,300
22974,1293,3314,2404,1858,1837
22975,265,1518,776,591,562
22976,195,15,63,19,35
22977,557,541,114,54,45
22978,15,10,89,20,17
22979,126,25,93,233,204
22980,1297,944,55,269,227
22981,1307,520,365,115,126
22982,89,21,210,37,39
22983,156,294,337,280,300
22984,369,2628,877,539,527
22985,321,22,7,2,1
22986,1317,112,12,7,7
22987,494,1008,378,625,626
22988,282,367,433,288,188
22989,372,442,641,402,277
22990,1468,2086,1121,966,1286
22991,4133,857,884,535,663
22992,360,1712,686,548,490
22993,16,15,113,322,309
22994,16,1532,196,224,173
22995,85,20,24,130,136
22996,1756,1516,1138,777,825
22997,855,383,836,433,670
22998,851,95,238,193,103
22999,3612,3180,4699,3998,4020
23000,1410,1865,43,176,206
23001,2299,2566,355,884,1155
23002,2521,3728,1450,3278,3385
23003,347,39,516,789,879
23004,616,37,536,914,930
23005,86,161,60,25,40
23006,207,392,61,24,26
23007,12,102,35,93,71
23008,56,28,631,295,322
23009,21,110,319,158,154
23010,50,36,104,30,49
23011,214,302,243,278,191
23012,9,2,45,43,32
23013,33,49,15,15,8
23014,1564,904,1692,1616,1573
23015,803,390,3236,5792,5031
23016,1198,1353,2487,2805,3074
23017,2250,5127,5446,3903,4583
23018,3877,5967,4831,3782,4384
23019,5670,6459,6164,6390,6249
23020,292,455,493,776,828
23021,500,3,0,2,1
23022,271,5,2,1,0
23023,181,55,45,9,23
23024,85,148,69,20,27
23025,3470,1562,1207,4295,4313
23026,155,105,378,123,141
23027,136,72,123,37,27
23028,93,39,194,65,39
23029,32,25,7,13,15
23030,39,259,61,51,43
23031,22,11,7,4,6
23032,3064,6108,4515,3415,3691
23033,267,193,947,254,269
23034,166,40,125,45,58
23035,493,15,1,5,10
23036,2391,1985,478,589,465
23037,541,140,3,15,24
23038,830,773,69,23,17
23039,3003,568,63,18,15
23040,914,803,2129,3609,3653
23041,94,104,2,1,1
23042,87,228,58,33,43
23043,137,34,1,1,1
23044,64,521,41,238,236
23045,50,2,10,68,61
23046,27,531,353,519,464
23047,13,12,80,73,62
23048,6265,3185,403,130,159
23049,1097,1386,232,78,76
23050,3245,702,2500,3203,3502
23051,310,422,386,1007,987
23052,112,568,318,891,828
23053,3649,3722,7006,6039,6598
23054,7159,4154,7515,7561,7761
23055,3492,1128,2965,2767,2955
23056,1936,365,544,551,464
23057,982,52,437,1557,1497
23058,1388,52,600,1041,830
23059,3355,646,124,474,501
23060,1090,1133,720,1401,1151
23061,3065,2226,708,1727,1447
23062,143,192,454,2800,2830
23063,70,445,196,510,450
23064,34,182,476,548,883
23065,138,6,33,22,29
23066,156,5,9,11,15
23067,5322,3390,4149,7406,7293
23068,1549,82,89,147,104
23069,1673,5633,6358,6598,6769
23070,1159,108,171,208,166
23071,4856,2675,2615,1861,1471
23072,7613,3536,3574,2555,2232
23073,7282,7080,6381,6802,6833
23074,371,93,83,55,70
23075,958,2107,3624,1844,2023
23076,522,332,147,71,82
23077,2704,2167,1090,646,652
23078,1567,2250,2917,3695,3436
23079,1066,2310,2667,1816,2000
23080,11,13,21,5,6
23081,11,38,57,28,29
23082,115,90,111,108,104
23083,99,19,15,9,10
23084,64,45,53,20,32
23085,881,280,1372,1041,1038
23086,1578,1368,1831,2199,2174
23087,1462,1464,1205,1105,1109
23088,5820,2391,1172,1364,1361
23089,6912,5872,7842,7992,7606
23090,4832,4365,4832,4989,4759
23091,3656,2293,3572,3287,3143
23092,1263,4473,2654,1031,1005
23093,0,1,4,2,3
23094,0,0,2,0,0
23095,1389,1924,823,578,563
23096,542,441,359,666,506
23097,1514,579,351,370,323
23098,367,356,655,311,373
23099,320,955,621,312,433
23100,3978,2291,1646,2964,2486
23101,977,1129,913,129,211
23102,11,5,10,42,54
23103,14,3,94,3759,3714
23104,180,246,32,18,17
23105,833,2473,994,1835,2118
23106,683,59,131,77,77
23107,276,3925,4069,3309,3336
23108,200,1172,616,1501,1294
23109,749,1631,654,2951,3200
23110,3,477,630,607,498
23111,165,148,927,895,832
23112,3,95,31,48,66
23113,142,248,726,362,453
23114,270,1266,1244,655,668
23115,18,158,2419,2628,2691
23116,333,116,539,594,701
23117,1277,1091,802,2210,2553
23118,127,122,188,167,189
23119,3298,484,109,156,153
23120,592,4017,1756,1718,1652
23121,171,3083,3272,3409,3160
23122,112,15,17,15,33
23123,288,5,31,11,21
23124,173,45,76,55,45
23125,1661,1868,1591,932,986
23126,1650,186,656,999,1052
23127,341,196,351,274,275
23128,243,343,165,440,374
23129,999,1243,1784,1558,1522
23130,404,622,217,569,576
23131,1871,2237,308,358,436
23132,271,10,11,25,35
23133,349,15,5,20,30
23134,3049,2857,3217,2317,2367
23135,1474,910,911,776,726
23136,801,599,760,845,919
23137,8116,8924,7489,6762,6285
23138,828,85,55,8,7
23139,695,42,33,16,15
23140,753,925,80,300,267
23141,4908,72,333,1139,1068
23142,545,72,1204,1933,1699
23143,22,67,203,110,123
23144,145,2002,176,100,108
23145,20,36,55,76,86
23146,129,3,106,212,224
23147,233,0,307,119,118
23148,857,868,1319,1176,931
23149,2090,547,150,159,152
23150,2587,1022,137,180,148
23151,1567,415,292,1194,1087
23152,3183,215,648,704,1018
23153,4292,913,1732,1659,1491
23154,2939,288,711,578,807
23155,368,104,1203,775,777
23156,204,2342,44,39,49
23157,215,58,61,58,79
23158,4692,3143,6360,6397,6360
23159,174,2804,2907,2096,2645
23160,224,1144,2800,1765,2112
23161,401,380,182,50,47
23162,8246,2144,945,5129,5336
23163,1005,553,159,21,19
23164,318,597,194,414,472
23165,646,521,90,1883,1975
23166,2286,1087,674,259,294
23167,13,10,398,371,400
23168,0,11,1092,525,524
23169,0,478,3679,6413,5805
23170,132,201,842,819,970
23171,586,168,768,510,463
23172,225,677,413,562,639
23173,3225,4863,2340,2605,2130
23174,26,224,1240,1516,1578
23175,33,134,676,866,838
23176,954,175,50,19,18
23177,2543,5740,1718,260,531
23178,113,51,148,205,200
23179,3,4,1,9,5
23180,6,5,2,9,3
23181,299,31,277,130,104
23182,234,91,368,548,456
23183,161,877,1421,1565,1325
23184,387,343,212,298,269
23185,45,32,13,9,7
23186,66,61,17,7,7
23187,72,86,47,12,12
23188,757,86,821,769,820
23189,567,375,753,647,645
23190,371,503,1183,968,1005
23191,89,34,1420,852,987
23192,90,75,47,113,118
23193,83,63,60,350,350
23194,962,2686,3828,5017,5134
23195,2606,8189,8166,8132,8323
23196,766,724,200,757,590
23197,1549,229,155,93,72
23198,1749,1542,2093,1801,1794
23199,3214,372,711,475,670
23200,265,2372,5750,5686,5751
23201,2241,2698,1144,1722,1188
23202,583,1626,184,290,190
23203,1242,1378,253,1758,1993
23204,4221,3963,745,3266,3544
23205,919,1530,1397,1150,1146
23206,868,2685,2109,1377,1535
23207,633,2835,1658,2018,2058
23208,7565,5717,8362,8844,8707
23209,19,51,196,80,68
23210,120,85,131,60,55
23211,19,81,143,62,45
23212,1207,648,733,1291,1085
23213,320,600,690,524,495
23214,312,219,348,333,443
23215,0,1966,858,1692,1427
23216,0,158,12,15,13
23217,1020,179,25,26,19
23218,466,553,255,96,207
23219,571,331,67,25,70
23220,53,1309,3532,2543,2746
23221,120,522,472,406,417
23222,790,51,2226,2149,1896
23223,70,56,652,478,354
23224,260,179,499,281,254
23225,290,1183,389,368,403
23226,1339,31,138,76,64
23227,614,597,30,24,12
23228,393,3635,2994,2619,2954
23229,75,1641,10,0,0
23230,216,617,289,223,226
23231,29,262,588,596,537
23232,45,569,738,1010,871
23233,464,64,131,9,29
23234,1156,44,41,10,20
23235,388,119,395,801,941
23236,476,294,2095,1098,897
23237,201,261,513,1347,940
23238,1642,1487,199,489,446
23239,1443,2440,615,1705,1829
23240,1232,811,336,1145,1205
23241,1888,1367,2205,2219,1566
23242,234,7,1877,1732,1726
23243,2176,2442,864,715,923
23244,515,4,680,496,434
23245,2302,1121,1155,1741,1766
23246,1381,983,752,1053,779
23247,2053,1724,583,982,719
23248,230,1085,1260,1217,1364
23249,1078,4135,1851,616,767
23250,381,654,444,1259,1447
23251,137,43,104,41,56
23252,129,115,375,439,295
23253,237,78,173,90,107
23254,1669,626,553,541,452
23255,782,1028,2846,2708,2916
23256,630,589,2163,2414,2625
23257,257,686,396,365,266
23258,62,6,212,2027,1351
23259,0,7,177,25,37
23260,4455,2132,2235,1114,776
23261,1945,308,2929,1497,941
23262,4492,226,1357,969,747
23263,756,686,2739,2813,2211
23264,341,1425,2208,2900,2429
23265,301,286,102,105,94
23266,1188,1765,842,1634,1716
23267,4306,4219,8074,7826,8168
23268,711,2110,1338,1783,1800
23269,1967,782,462,308,408
23270,3645,3120,2589,2411,2904
23271,648,563,508,359,546
23272,13,2,199,53,64
23273,0,41,42,100,104
23274,0,29,38,137,147
23275,62,27,6,5,3
23276,784,1522,2100,1624,1534
23277,69,67,23,3,6
23278,77,25,94,69,66
23279,1,17,15,34,32
23280,93,22,15,30,29
23281,25,10,33,347,258
23282,2505,182,1054,38,45
23283,136,347,184,28,30
23284,471,372,51,996,1114
23285,227,171,21,24,23
23286,1,5,34,21,16
23287,14,251,30,86,93
23288,10,1,16,111,120
23289,77,1,5,29,30
23290,23,64,33,3,7
23291,23,75,93,67,64
23292,53,975,483,357,246
23293,2093,158,269,55,60
23294,443,1488,575,550,468
23295,651,234,537,126,120
23296,575,420,593,398,402
23297,1150,761,1489,1401,1469
23298,30,0,129,84,80
23299,19,75,0,0,0
23300,42,39,193,81,96
23301,54,32,70,54,61
23302,682,659,1644,2396,2246
23303,54,43,1,0,0
23304,835,364,1797,2150,2564
23305,928,20,1589,730,505
23306,420,20,1181,542,453
23307,402,103,121,155,198
23308,1205,5566,4245,4861,4460
23309,14,120,160,283,312
23310,1995,4107,4733,3594,3308
23311,2575,1099,2386,1648,1402
23312,5,1063,740,300,277
23313,303,534,747,265,257
23314,2008,4133,3832,3400,3449
23315,3054,4717,3724,5853,6205
23316,2858,5516,5139,5054,5182
23317,429,626,773,773,628
23318,198,92,32,291,279
23319,139,51,72,463,386
23320,726,539,58,165,268
23321,2229,4033,1553,2149,2455
23322,762,99,28,68,123
23323,12,62,30,5,5
23324,5,62,14,58,42
23325,6,43,110,2,2
23326,162,824,278,252,224
23327,314,1308,609,506,431
23328,528,1090,531,596,584
23329,151,536,99,56,94
23330,4354,3858,2044,1888,1735
23331,128,1460,334,94,128
23332,608,43,200,541,576
23333,2678,1746,1037,5182,5454
23334,178,54,442,1530,1739
23335,50,612,100,30,34
23336,5378,6102,4835,7672,7713
23337,50,330,202,91,105
23338,54,0,1,0,0
23339,1209,180,218,269,280
23340,3131,1933,505,1504,1794
23341,2507,3902,2035,1615,1851
23342,30,3,67,8,12
23343,93,2,82,9,9
23344,280,247,129,83,110
23345,61,87,12,80,102
23346,72,61,12,65,116
23347,3,16,221,184,142
23348,3,28,199,215,174
23349,3631,606,858,872,1272
23350,206,279,46,7,9
23351,261,441,484,465,529
23352,499,577,471,480,534
23353,2725,2789,2466,2280,2339
23354,4039,6229,4342,3695,3833
23355,2770,4948,3398,4057,3364
23356,2011,473,47,6,4
23357,642,16,533,523,591
23358,1282,1997,272,120,161
23359,24,445,548,571,567
23360,29,31,637,576,605
23361,1318,28,767,703,711
23362,1231,790,583,247,204
23363,199,270,212,223,190
23364,164,159,187,156,157
23365,941,330,398,161,139
23366,1898,1159,1388,5455,5533
23367,3100,1131,1572,205,196
23368,541,1831,74,5313,5257
23369,2015,2141,2461,3071,3319
23370,2293,1447,48,1800,1753
23371,158,18,3,0,0
23372,64,51,31,9,11
23373,59,52,21,25,13
23374,5,48,863,554,845
23375,2,4,534,753,1194
23376,3,3,855,483,684
23377,65,30,311,195,153
23378,660,218,2442,2276,2517
23379,129,37,872,353,256
23380,1440,293,27,124,113
23381,973,266,20,142,149
23382,342,1297,667,249,275
23383,812,25,50,117,148
23384,347,489,935,1055,1179
23385,141,39,103,205,205
23386,116,317,2,5,5
23387,692,70,0,2,2
23388,148,613,51,19,15
23389,1809,185,627,854,1139
23390,704,333,1179,736,438
23391,1080,242,1030,890,469
23392,164,14,38,7,16
23393,7,124,420,179,233
23394,1,12,17,2,3
23395,2343,906,411,535,407
23396,224,740,226,239,223
23397,467,661,1840,1491,1499
23398,975,1541,1359,1741,1705
23399,1,105,10,6,2
23400,0,158,12,8,8
23401,18,7,12,11,8
23402,1180,366,7,6,4
23403,20,11,29,37,22
23404,25,78,34,21,11
23405,67,7,15,9,3
23406,132,7,256,120,121
23407,1162,837,802,956,1418
23408,2543,1431,4095,5232,4692
23409,1909,946,778,1051,1587
23410,471,782,1212,1933,2085
23411,364,235,434,251,326
23412,576,179,507,215,338
23413,954,136,186,53,59
23414,2245,46,386,330,507
23415,1229,134,211,31,44
23416,317,526,1446,1367,1279
23417,13,250,55,62,66
23418,38,170,22,22,19
23419,215,1123,590,571,599
23420,175,471,241,877,819
23421,126,171,162,1100,1079
23422,5369,7070,884,1097,1058
23423,997,154,605,722,806
23424,277,59,1035,1475,1463
23425,1187,799,108,25,27
23426,1152,648,623,1034,835
23427,1478,513,890,2659,2533
23428,1455,229,790,790,905
23429,741,329,187,105,90
23430,531,1311,250,107,96
23431,1212,1001,503,1331,1038
23432,2779,1829,931,522,418
23433,5653,2012,1899,918,699
23434,854,473,498,895,829
23435,1569,506,1600,2070,2374
23436,1810,2450,767,450,460
23437,4,486,733,394,518
23438,917,1293,1829,1719,1760
23439,755,443,436,176,237
23440,1575,697,858,537,775
23441,22,1103,208,193,236
23442,14,911,244,643,407
23443,1072,143,80,252,215
23444,820,794,351,326,315
23445,1610,335,158,831,702
23446,392,375,811,581,627
23447,607,355,283,449,516
23448,519,747,1007,3621,3606
23449,284,683,105,137,283
23450,5912,2768,369,581,460
23451,524,377,621,888,833
23452,961,1111,906,646,594
23453,629,1907,803,1480,1312
23454,2557,6421,6623,7027,6521
23455,351,889,2030,1459,1609
23456,7169,6252,2030,2214,2696
23457,2186,5122,1439,2407,2127
23458,92,1112,1245,2344,2249
23459,240,1166,2118,4359,4105
23460,2061,5857,2788,2459,2351
23461,9,471,873,895,907
23462,1102,144,61,54,69
23463,8,135,147,120,134
23464,1321,169,87,74,108
23465,1628,2498,3406,3149,2381
23466,864,141,162,141,229
23467,116,186,1385,1639,1672
23468,62,32,29,8,9
23469,1013,5643,3396,3112,3255
23470,6,1247,88,105,140
23471,320,268,44,188,191
23472,9,546,67,33,45
23473,1,7,240,313,246
23474,2,6,198,293,243
23475,430,394,2251,2568,2171
23476,1121,3349,1128,924,838
23477,2576,122,128,77,85
23478,60,305,803,779,682
23479,0,37,33,12,18
23480,1409,1422,394,1874,1692
23481,1,39,12,73,63
23482,173,76,27,21,16
23483,12,1,56,111,121
23484,28,0,37,21,16
23485,1236,22,84,1410,1449
23486,9,38,59,51,52
23487,16,79,77,69,65
23488,7198,8887,8690,9130,9142
23489,861,117,1922,1378,1297
23490,501,95,1396,1068,1200
23491,722,91,1069,802,976
23492,1499,118,1214,1200,1346
23493,357,154,920,658,636
23494,262,293,2,1,1
23495,606,1997,582,954,921
23496,432,154,7,1,5
23497,308,94,134,161,161
23498,2046,81,274,181,227
23499,110,170,106,108,120
23500,1521,1778,3550,3503,3628
23501,600,1001,2648,2883,2746
23502,175,384,920,1080,978
23503,9,13,160,50,89
23504,93,12,89,32,59
23505,41,288,223,178,171
23506,34,112,221,138,118
23507,9,105,22,154,141
23508,6,81,22,98,85
23509,1798,1831,1263,876,753
23510,54,695,2067,2167,2131
23511,41,1456,4232,3540,3153
23512,42,42,459,41,39
23513,0,283,75,12,9
23514,119,318,998,795,950
23515,9026,8698,9173,9195,9188
23516,1552,376,166,56,49
23517,1912,453,175,69,55
23518,94,618,2726,3285,3256
23519,146,619,2654,3137,2891
23520,1611,1840,2184,2483,1809
23521,833,3619,1657,2464,1871
23522,1154,4676,2817,3606,2979
23523,297,1317,2075,2600,2687
23524,3,30,89,93,69
23525,821,1415,123,55,24
23526,3,26,23,19,13
23527,118,335,341,334,286
23528,15,8,9,1,1
23529,175,16,11,1,1
23530,2656,308,726,975,1024
23531,634,770,1241,554,457
23532,2239,214,488,412,455
23533,19,602,1919,971,911
23534,40,2370,4854,3273,3240
23535,933,2190,3909,4338,4168
23536,2694,3390,5304,3860,5437
23537,1158,898,124,706,685
23538,587,149,67,568,498
23539,442,1186,181,4047,4046
23540,313,307,272,1433,1651
23541,241,440,2857,2239,2637
23542,382,366,512,202,54
23543,225,260,50,23,17
23544,210,264,307,218,67
23545,1174,617,382,171,200
23546,825,726,208,110,126
23547,516,32,445,1423,1230
23548,440,95,8,5,11
23549,980,8,1,0,1
23550,725,59,2,1,1
23551,99,150,165,243,278
23552,118,122,209,124,132
23553,159,70,131,118,119
23554,346,119,469,398,452
23555,1,8,129,92,77
23556,1,9,51,59,48
23557,1115,273,204,231,191
23558,542,901,492,224,309
23559,602,182,230,236,214
23560,216,363,724,578,511
23561,223,442,1935,1725,1712
23562,3054,780,3018,2340,2201
23563,602,3,824,1273,1504
23564,24,217,428,438,406
23565,51,8,262,420,478
23566,100,1181,148,56,38
23567,55,209,143,66,59
23568,51,253,64,25,26
23569,1292,547,453,838,656
23570,2732,2468,2711,3976,3559
23571,4334,1134,1269,2355,2025
23572,2185,1277,694,786,797
23573,3777,3064,5625,8030,7870
23574,205,105,885,917,1019
23575,4750,1672,3210,3044,3007
23576,3449,1978,14,22,8
23577,1767,908,10,15,10
23578,7219,6245,6230,5790,5500
23579,5279,5193,2951,2789,2929
23580,6466,4902,4258,3360,3628
23581,181,555,595,320,264
23582,1728,187,377,570,799
23583,93,2002,2080,1690,1850
23584,397,919,718,1169,1262
23585,1466,244,2259,3413,3623
23586,5698,998,2303,2086,2398
23587,818,3016,2971,1905,2057
23588,3,282,489,391,469
23589,455,570,13,2,1
23590,51,51,186,148,142
23591,2035,571,1338,792,815
23592,3,29,446,376,287
23593,337,707,1571,1819,1747
23594,1470,591,1240,1731,2017
23595,19,13,203,87,92
23596,61,28,0,0,0
23597,4040,1781,1722,1070,873
23598,5072,1145,536,1628,1235
23599,1466,7170,3881,3107,2518
23600,2399,1116,282,636,566
23601,23,158,467,63,78
23602,1624,1671,1901,1197,1431
23603,3957,1182,307,423,422
23604,282,310,8,68,48
23605,163,2174,1129,896,851
23606,80,552,175,26,24
23607,1107,547,1165,1246,1049
23608,382,4050,818,2619,2021
23609,1623,639,1554,766,688
23610,4843,2077,2269,6230,5799
23611,1628,1714,280,1089,943
23612,227,1175,161,307,261
23613,3,24,6,0,0
23614,4480,6568,5544,3748,4657
23615,3912,3989,3728,3664,3640
23616,72,148,1668,2381,2087
23617,6,183,1,275,369
23618,110,99,75,853,902
23619,1180,2059,2481,1464,1772
23620,1909,2031,941,1195,1118
23621,865,341,1576,2375,2556
23622,132,502,60,76,88
23623,1297,3472,1989,2245,2725
23624,355,122,159,392,418
23625,54,152,1533,300,530
23626,119,225,283,80,90
23627,198,196,496,573,576
23628,67,10,14,44,42
23629,560,39,64,48,53
23630,417,656,96,63,43
23631,0,0,6,7,2
23632,147,28,483,196,169
23633,41,80,272,120,148
23634,161,1008,1232,1306,1411
23635,37,106,58,35,33
23636,1556,458,181,193,152
23637,950,894,1358,1720,1825
23638,50,9,40,60,54
23639,6,68,492,625,708
23640,173,246,74,41,51
23641,3538,2125,3430,3068,3114
23642,764,2136,1217,1430,1307
23643,125,43,853,797,681
23644,176,288,1010,436,450
23645,400,315,624,765,517
23646,1163,1931,1423,875,1186
23647,0,2,1,7,5
23648,2015,1534,1145,687,713
23649,4,20,11,7,4
23650,2177,2626,867,1907,1935
23651,168,51,1545,1241,1316
23652,237,805,245,342,322
23653,3237,1096,3314,2581,2545
23654,2517,4299,5281,2074,1939
23655,1028,1518,928,425,341
23656,436,1544,657,1288,1048
23657,947,283,42,81,43
23658,874,584,729,740,716
23659,707,123,1524,2143,2423
23660,3,189,506,698,744
23661,197,51,111,74,69
23662,2288,2539,2506,1823,1823
23663,1061,121,1073,1051,1031
23664,114,28,1865,1108,1150
23665,69,308,29,175,159
23666,862,154,432,343,243
23667,803,26,28,639,608
23668,2332,1118,377,181,149
23669,3737,7004,8908,8852,8749
23670,250,32,27,171,141
23671,1,0,25,19,25
23672,335,97,160,188,171
23673,935,108,529,434,402
23674,3157,196,92,42,36
23675,10,22,2,14,20
23676,1434,161,135,59,61
23677,573,71,0,0,0
23678,221,91,120,96,94
23679,107,99,1516,1120,1234
23680,2364,4321,1562,4130,3890
23681,5,845,1418,775,1180
23682,66,365,35,15,12
23683,423,175,387,319,330
23684,123,17,256,171,166
23685,164,122,1018,1008,1137
23686,135,8,19,12,8
23687,1121,606,914,467,356
23688,1,5,1,17,18
23689,452,4136,1720,1133,1468
23690,2882,3108,4374,3388,3257
23691,28,155,35,5,10
23692,496,35,3,13,15
23693,973,149,27,49,49
23694,202,142,29,21,29
23695,254,36,49,44,40
23696,611,132,112,100,88
23697,956,51,121,28,21
23698,1899,2160,1556,2015,2284
23699,508,279,96,49,63
23700,93,43,82,52,43
23701,134,148,2147,1399,1260
23702,1769,2553,316,264,233
23703,218,400,932,2505,2349
23704,150,28,5,18,16
23705,227,14,36,110,95
23706,59,303,7,2,2
23707,37,43,2,9,13
23708,905,256,297,345,294
23709,556,302,143,204,212
23710,1058,4903,5748,4645,4903
23711,9,0,2,0,1
23712,3635,3364,2022,1868,2029
23713,1106,32,228,703,735
23714,871,829,720,1883,1723
23715,546,1424,422,2291,2862
23716,511,101,15,19,12
23717,132,79,82,136,182
23718,11,1,212,161,216
23719,4,49,234,96,198
23720,55,407,75,24,16
23721,1249,1530,1706,4411,3786
23722,130,187,2,1,1
23723,65,906,144,406,461
23724,561,2071,2208,2985,2457
23725,1,0,3,1,3
23726,337,3016,943,1170,1195
23727,2000,48,7,5,20
23728,447,1017,334,1263,1502
23729,8,33,63,31,23
23730,1301,283,38,13,4
23731,3660,3640,1152,3323,3107
23732,128,192,1566,770,872
23733,21,50,2,2,1
23734,800,690,850,679,788
23735,1286,1843,2240,1532,1611
23736,493,387,355,202,241
23737,5905,845,2701,1582,1545
23738,25,801,1213,369,433
23739,3442,2504,2456,3066,3052
23740,247,996,163,461,305
23741,1945,1061,592,598,521
23742,65,249,248,876,920
23743,32,241,4,5,2
23744,280,236,173,62,65
23745,941,123,24,24,37
23746,459,112,525,911,928
23747,3590,2805,3245,3257,3142
23748,11,345,420,667,774
23749,1427,569,1385,3117,2839
23750,1532,338,396,4488,4973
23751,1232,253,16,37,28
23752,475,2614,1447,1127,845
23753,17,36,2,6,3
23754,431,34,98,138,121
23755,552,365,271,726,694
23756,828,71,57,16,19
23757,23,83,30,41,34
23758,668,79,597,777,865
23759,44,201,354,297,229
23760,258,114,61,15,12
23761,810,1374,1368,1303,1387
23762,58,2,17,3,2
23763,70,162,579,277,373
23764,119,873,1746,1034,971
23765,12,105,890,1873,1813
23766,2,9,15,9,11
23767,400,404,386,360,325
23768,699,44,10,56,44
23769,3066,554,2359,1589,1577
23770,2602,897,4637,3244,3412
23771,731,1053,482,754,720
23772,21,54,113,42,35
23773,20,380,8,9,17
23774,491,695,644,309,455
23775,1052,128,117,99,128
23776,2291,372,386,2233,2398
23777,465,483,529,932,814
23778,135,16,0,7,2
23779,2193,786,530,711,626
23780,334,262,962,587,615
23781,30,28,42,46,37
23782,1077,3403,2045,3220,3127
23783,103,47,66,170,200
23784,1575,886,272,202,220
23785,691,1865,50,299,179
23786,4244,3908,5098,5967,5600
23787,193,461,304,140,139
23788,11,10,10,6,4
23789,2264,1373,815,1612,1459
23790,3200,835,3332,4685,4503
23791,929,1161,4187,4387,4350
23792,244,160,361,741,521
23793,1280,69,2288,1511,1402
23794,1498,3646,3846,3627,3792
23795,54,65,705,320,462
23796,1583,296,458,2404,2488
23797,1849,2104,1306,6147,6598
23798,650,162,586,1404,1330
23799,842,1228,1485,1408,1567
23800,102,1158,1088,730,637
23801,177,6,84,21,43
23802,365,27,111,540,480
23803,1,28,34,26,26
23804,759,0,0,7,5
23805,3236,6211,2141,1442,1206
23806,2613,366,208,252,224
23807,572,307,1804,1694,1342
23808,688,112,459,155,165
23809,225,78,158,153,199
23810,238,22,1468,2112,1962
23811,45,59,50,60,54
23812,54,24,11,0,2
23813,3866,727,782,432,472
23814,73,423,2333,2348,1961
23815,416,1544,224,166,207
23816,2306,903,562,720,983
23817,0,2,0,6,4
23818,1238,1987,722,184,165
23819,34,1193,84,69,47
23820,28,13,149,73,94
23821,13,9,191,19,15
23822,77,76,219,278,248
23823,335,298,1796,1475,1457
23824,4800,2401,2584,1748,2348
23825,390,4,183,207,218
23826,55,1,3,0,0
23827,149,419,689,484,427
23828,9,17,824,772,761
23829,926,0,129,425,468
23830,2819,2904,6615,6086,5892
23831,231,114,393,389,266
23832,1548,1310,1797,1235,1471
23833,306,94,251,45,62
23834,5,7,1,0,0
23835,5070,1740,2864,3276,3649
23836,3147,3299,2938,2378,2873
23837,1648,590,952,1024,1087
23838,51,142,25,32,23
23839,21,681,2126,1711,1625
23840,72,353,150,66,31
23841,106,178,70,192,187
23842,142,171,484,59,104
23843,1106,531,335,341,329
23844,1228,4160,688,115,122
23845,116,15,431,166,147
23846,55,145,45,23,25
23847,33,135,9,1,0
23848,1364,1,44,22,35
23849,168,6623,1217,1428,1159
23850,250,58,149,859,1120
23851,2715,214,238,343,308
23852,1404,1985,2129,901,1006
23853,1227,654,614,369,393
23854,25,7,13,5,8
23855,158,372,120,416,387
23856,693,649,533,402,458
23857,193,503,271,71,48
23858,114,1,1,3,5
23859,1720,889,649,264,162
23860,277,210,448,330,302
23861,282,149,127,269,378
23862,70,662,213,73,52
23863,79,667,123,119,163
23864,534,727,494,225,210
23865,196,487,1612,1235,1396
23866,1136,1403,11,2,2
23867,139,214,302,315,347
23868,6,0,0,12,9
23869,4679,1153,1121,111,138
23870,914,428,670,929,1039
23871,2376,2022,2935,2375,2880
23872,139,321,418,286,249
23873,81,548,420,301,209
23874,411,486,125,444,301
23875,371,115,190,88,81
23876,1156,2922,668,485,385
23877,2911,4423,3637,3846,3126
23878,960,3162,1476,1403,1132
23879,339,122,434,519,430
23880,106,67,13,19,17
23881,308,861,672,1026,1162
23882,1926,2350,285,737,711
23883,63,481,2676,1778,1823
23884,432,319,192,368,321
23885,183,372,75,301,198
23886,420,102,339,137,182
23887,3973,1445,1188,1489,1621
23888,435,3105,2400,2418,2475
23889,960,2851,3395,1889,1924
23890,3413,1070,943,1219,1220
23891,2960,1711,465,680,652
23892,24,832,628,4243,4299
23893,122,957,410,489,424
23894,14,790,10,9,10
23895,1423,90,555,364,352
23896,9,3,5,8,21
23897,320,1014,72,280,300
23898,30,3,6,15,15
23899,37,87,18,57,57
23900,8,75,30,13,9
23901,252,169,30,1741,1862
23902,306,125,1806,1460,1088
23903,5,167,94,1553,1546
23904,3,0,4,0,0
23905,69,213,540,422,403
23906,8,33,182,52,36
23907,9,12,6,3,2
23908,8,51,1,0,0
23909,101,13,4,1,2
23910,1890,1248,2870,4743,4740
23911,115,15,351,380,245
23912,77,31,505,830,685
23913,54,439,176,17,17
23914,8173,5838,6032,6053,5635
23915,685,2017,15,14,16
23916,2,3,2,0,0
23917,486,40,469,499,343
23918,2679,3858,6213,6849,6681
23919,19,5,407,243,186
23920,314,646,1120,865,911
23921,130,3935,3539,4414,4224
23922,180,255,250,274,295
23923,9,14,15,10,10
23924,137,17,131,268,298
23925,1671,2408,2408,4521,4373
23926,17,8,7,291,257
23927,51,193,145,386,422
23928,142,22,652,264,240
23929,235,240,13,5,4
23930,522,5129,3591,1168,1005
23931,48,17,38,185,160
23932,3,4,15,20,21
23933,753,3,6,3,6
23934,178,360,271,138,161
23935,257,130,145,112,80
23936,58,313,704,494,574
23937,326,141,0,0,0
23938,579,2729,3559,2562,2646
23939,149,86,1024,260,392
23940,47,27,260,456,434
23941,73,773,638,383,320
23942,77,4,87,73,85
23943,2416,764,541,2742,2396
23944,226,28,156,277,266
23945,124,21,107,17,44
23946,90,42,374,239,268
23947,602,3286,3720,5352,5437
23948,5791,2956,4994,5574,5717
23949,18,11,837,459,422
23950,7,157,321,52,43
23951,365,119,8,450,544
23952,255,632,737,1050,933
23953,703,233,1148,871,1210
23954,1570,26,151,265,406
23955,357,443,107,33,67
23956,1215,648,1281,1412,1362
23957,2400,3213,2765,3329,3184
23958,7,99,323,224,265
23959,557,931,488,874,774
23960,1845,916,2637,2315,2649
23961,12,16,1,1,1
23962,2591,2693,1712,355,288
23963,396,4,40,3,6
23964,1515,1200,1956,394,408
23965,2592,977,656,3476,3451
23966,317,1915,1755,1850,1889
23967,1055,3709,4452,3894,3659
23968,34,40,235,220,312
23969,699,413,308,367,321
23970,1,46,4,1,2
23971,298,378,392,387,371
23972,3083,993,1760,1329,1488
23973,2578,1924,758,524,482
23974,1680,2780,5774,4728,4240
23975,1,249,0,171,136
23976,90,54,14,23,44
23977,5049,5423,7318,7074,7451
23978,288,384,380,90,125
23979,1537,585,337,830,833
23980,49,228,38,45,56
23981,456,21,559,817,561
23982,3098,536,2239,2082,1445
23983,330,389,773,372,325
23984,36,10,68,13,15
23985,2894,3530,4063,5007,4665
23986,358,236,37,6,6
23987,2639,924,235,998,938
23988,487,265,305,289,350
23989,2994,470,2519,2179,2370
23990,15,16,38,21,26
23991,351,264,158,175,138
23992,33,600,1025,2469,2513
23993,266,109,299,183,309
23994,2,124,59,143,135
23995,886,2122,3601,3049,3042
23996,4496,3117,872,2009,2555
23997,439,181,22,160,214
23998,359,346,150,62,79
23999,16,75,114,146,108
24000,75,183,443,216,258
24001,2920,25,45,1418,1212
24002,140,581,91,78,104
24003,15,16,16,42,39
24004,918,278,232,25,12
24005,2207,1728,201,165,145
24006,52,234,508,162,182
24007,2074,246,34,78,78
24008,4,0,14,9,8
24009,381,219,4,9,13
24010,295,453,675,1131,937
24011,586,274,33,84,69
24012,1405,172,62,58,60
24013,1514,1236,975,287,286
24014,83,40,70,231,243
24015,8,4,46,207,230
24016,345,64,17,47,46
24017,1111,487,154,222,237
24018,1436,1127,1793,1135,1290
24019,1292,1122,2101,1875,1766
24020,84,68,309,98,112
24021,1382,603,1335,970,844
24022,705,1707,598,510,523
24023,3542,2235,3436,4054,4228
24024,764,2622,1375,1033,1214
24025,995,1768,2114,2822,2758
24026,61,2,135,20,23
24027,563,47,60,96,117
24028,124,70,23,21,20
24029,230,2842,250,213,166
24030,1386,2658,1266,1281,1431
24031,7014,2571,2949,1474,1139
24032,288,1289,1071,1207,944
24033,1571,2273,319,115,124
24034,922,2107,5696,6163,5492
24035,171,288,1929,446,432
24036,701,461,763,214,277
24037,1356,452,509,251,325
24038,378,15,116,51,44
24039,75,154,273,136,137
24040,3667,5106,844,2668,2742
24041,702,390,754,499,748
24042,1845,1937,1440,1474,1168
24043,275,775,147,401,474
24044,805,172,34,51,61
24045,52,147,53,12,11
24046,401,89,1,7,5
24047,377,3,119,157,108
24048,41,116,647,376,486
24049,3777,4470,3174,2296,2016
24050,2465,812,1611,1587,1809
24051,1550,119,942,779,709
24052,278,1705,240,335,279
24053,2525,2229,3949,6379,6656
24054,5515,4312,3659,4857,4173
24055,4203,298,486,1012,967
24056,610,6,3,2,2
24057,3370,1995,1627,912,848
24058,175,54,100,222,134
24059,407,760,611,256,229
24060,321,130,528,1177,1141
24061,1373,1559,915,541,543
24062,1330,5012,1760,1533,1186
24063,948,123,1191,562,607
24064,428,201,654,548,549
24065,476,811,1413,682,707
24066,22,0,72,64,74
24067,1331,959,934,1309,1534
24068,4641,4983,3681,3353,4190
24069,237,78,666,492,473
24070,28,420,0,1,0
24071,443,35,189,232,260
24072,39,27,12,66,43
24073,298,90,767,539,873
24074,18,73,596,249,214
24075,748,1265,140,170,146
24076,558,565,889,752,643
24077,293,209,39,251,282
24078,1848,631,2084,2291,2299
24079,267,1175,986,2236,3067
24080,561,396,102,203,140
24081,335,406,2,110,91
24082,69,1037,226,624,576
24083,40,248,34,7,6
24084,336,2502,4693,3772,4291
24085,1855,2058,1632,2025,2325
24086,102,74,1025,643,493
24087,43,137,0,2,1
24088,499,164,72,92,78
24089,559,525,121,132,131
24090,1,0,6,4,3
24091,1281,1742,2324,1765,1863
24092,62,1174,5752,5407,5371
24093,2339,229,893,818,617
24094,3,6,90,125,203
24095,69,117,1357,2001,1867
24096,615,476,169,79,64
24097,211,551,6,0,1
24098,46,335,116,219,188
24099,14,11,68,32,22
24100,326,270,3993,4272,3861
24101,2086,1545,3268,3715,3325
24102,35,0,1,20,18
24103,34,204,148,113,137
24104,583,774,103,23,27
24105,2720,1224,3859,6033,5746
24106,165,2672,885,1599,1835
24107,21,1,30,30,36
24108,186,8,388,253,228
24109,1694,505,552,184,147
24110,263,376,719,309,285
24111,513,970,2229,2485,2735
24112,9,234,191,238,234
24113,174,788,848,749,1011
24114,209,515,1283,811,699
24115,7,12,64,53,57
24116,1030,674,1197,1273,1604
24117,32,93,1021,1225,737
24118,465,147,90,137,133
24119,24,1964,1516,1343,1167
24120,3532,937,63,60,69
24121,503,514,327,253,258
24122,0,478,656,1063,902
24123,6,5,11,9,10
24124,2968,1039,881,420,350
24125,409,309,392,320,351
24126,150,331,278,90,88
24127,53,451,265,139,72
24128,153,100,209,434,393
24129,3804,1470,514,211,191
24130,302,0,823,1306,1431
24131,173,7,186,125,170
24132,9,15,30,47,30
24133,478,59,113,183,147
24134,640,308,1042,991,979
24135,3,46,18,11,11
24136,3118,3793,3789,2727,2355
24137,1560,4586,3842,3757,3486
24138,969,344,430,100,101
24139,1277,2453,3072,3567,3534
24140,2268,1656,1347,2230,2174
24141,484,497,72,31,58
24142,333,6,122,20,23
24143,305,1417,2334,3935,4112
24144,393,1123,2116,1126,1185
24145,97,1605,366,305,374
24146,1818,1336,27,207,316
24147,254,618,4947,5775,6275
24148,8,56,66,65,64
24149,16,191,378,436,271
24150,2714,537,3899,3028,2789
24151,2811,1677,67,48,13
24152,1226,440,148,16,17
24153,109,55,0,2,3
24154,3175,5198,5569,5283,5421
24155,149,1901,1123,690,885
24156,64,1,338,325,381
24157,138,580,2607,1890,2011
24158,1158,1463,4541,6174,6462
24159,135,45,171,110,126
24160,325,36,1326,1272,1071
24161,0,8,3,8,5
24162,0,5,13,5,9
24163,572,631,1345,771,750
24164,110,161,185,27,23
24165,856,1197,407,298,326
24166,382,60,96,370,360
24167,5410,4957,1817,2209,2072
24168,1,1112,302,486,356
24169,74,6,556,910,913
24170,4105,1694,1237,589,729
24171,407,216,513,89,145
24172,40,220,854,540,560
24173,864,403,135,111,69
24174,432,39,243,71,127
24175,834,3309,1953,2022,2094
24176,1894,889,1871,1535,1319
24177,409,221,174,138,102
24178,599,621,211,235,227
24179,22,15,15,15,15
24180,3310,1372,1085,3733,3449
24181,4201,398,1538,990,1004
24182,3,8,53,27,42
24183,1755,267,50,38,47
24184,278,130,909,787,702
24185,4598,3829,584,1058,961
24186,0,110,1,1,2
24187,328,619,1572,1179,1240
24188,55,113,34,8,10
24189,939,464,182,136,174
24190,94,59,5,44,77
24191,446,361,120,158,198
24192,49,4,5,2,2
24193,80,205,75,97,106
24194,407,398,137,37,30
24195,7,26,60,15,17
24196,279,210,286,191,178
24197,206,1942,691,366,377
24198,7,4,15,5,4
24199,70,113,1678,814,915
24200,3249,3171,548,349,223
24201,14,3,56,18,15
24202,858,1593,1318,2090,2241
24203,2745,3545,4411,3887,4272
24204,245,52,507,353,293
24205,851,2678,656,1228,1000
24206,291,161,259,49,41
24207,103,58,53,60,66
24208,2410,181,207,3252,3130
24209,49,12,4,5,9
24210,125,26,459,742,652
24211,201,359,547,727,758
24212,3355,521,6220,4684,4284
24213,994,887,22,26,48
24214,16,10,339,50,58
24215,48,76,138,136,88
24216,1392,2036,600,455,291
24217,60,103,212,193,161
24218,250,453,520,3280,2768
24219,34,14,768,36,46
24220,1594,290,139,35,31
24221,194,39,45,466,518
24222,1195,1590,3043,3678,3587
24223,155,13,212,1242,1089
24224,273,126,821,18,32
24225,122,449,587,708,892
24226,569,3201,72,212,280
24227,22,182,141,15,12
24228,1007,286,174,205,232
24229,190,158,33,183,238
24230,2330,335,225,185,99
24231,474,2,34,17,23
24232,302,153,15,1,4
24233,157,52,385,170,169
24234,324,60,15,14,14
24235,412,1429,290,578,514
24236,967,997,71,385,463
24237,1,1035,57,16,9
24238,505,418,395,273,217
24239,40,93,388,193,242
24240,1475,1050,2266,3367,2993
24241,197,151,23,18,20
24242,278,232,453,695,665
24243,483,282,111,140,117
24244,1538,285,80,145,122
24245,30,269,697,610,444
24246,3753,1419,2247,1139,910
24247,110,28,239,105,104
24248,1,1207,4601,3391,3936
24249,93,15,316,92,80
24250,563,711,60,201,179
24251,2216,270,1086,1998,1748
24252,2175,1323,278,613,688
24253,1597,789,1914,1982,2006
24254,2032,1311,684,402,433
24255,882,905,3206,4080,3831
24256,847,377,2011,3318,2939
24257,818,856,333,129,170
24258,277,413,1421,2204,1358
24259,48,573,2317,1730,1592
24260,436,363,195,125,139
24261,345,1126,333,278,392
24262,361,138,201,605,531
24263,12,4,136,40,40
24264,75,201,152,529,492
24265,178,242,282,508,488
24266,1846,552,1481,883,1346
24267,124,542,397,218,330
24268,395,4476,5125,5315,5666
24269,1744,2260,2910,2380,2302
24270,135,294,1180,864,858
24271,625,458,58,21,15
24272,58,3,484,242,222
24273,145,1150,408,549,440
24274,16,9,12,6,6
24275,14,27,458,497,517
24276,13,3,1327,3337,3263
24277,1903,2188,1506,1380,1307
24278,581,18,224,26,27
24279,333,18,1257,797,658
24280,945,1698,1344,1106,1117
24281,1643,2855,2742,2099,2338
24282,740,1402,452,415,562
24283,446,720,230,154,167
24284,144,204,5,65,47
24285,253,445,1509,1270,1496
24286,217,53,36,4,7
24287,293,182,553,272,403
24288,4,14,141,182,150
24289,299,60,32,60,53
24290,1859,575,608,406,423
24291,1065,1754,65,125,57
24292,80,118,38,20,49
24293,62,270,17,102,190
24294,19,42,105,88,81
24295,228,520,254,335,387
24296,539,2561,1326,3560,3347
24297,831,1348,984,1524,1516
24298,163,436,659,195,245
24299,564,919,58,100,117
24300,278,1171,32,0,0
24301,3688,1254,895,945,1025
24302,4463,815,572,747,779
24303,319,45,15,23,17
24304,618,624,2211,1187,1372
24305,360,310,821,829,934
24306,2699,5074,4446,5650,5919
24307,0,0,0,0,0
24308,89,19,285,127,76
24309,115,35,11,6,5
24310,2788,957,1925,1320,1252
24311,7,45,0,0,0
24312,224,210,49,6,10
24313,145,912,856,1182,1392
24314,881,153,159,1105,1292
24315,1598,53,40,274,212
24316,0,9,28,1132,961
24317,467,295,123,202,219
24318,44,199,103,34,53
24319,3015,920,313,84,124
24320,73,79,41,33,30
24321,59,544,474,137,188
24322,1054,1980,1667,3294,3070
24323,3533,1811,568,702,431
24324,6,4,1,5,6
24325,77,155,460,307,340
24326,10,56,0,31,47
24327,364,362,1883,1355,1292
24328,1195,2688,3040,3790,3580
24329,280,166,217,168,106
24330,2421,2432,3744,3016,2757
24331,4125,1588,7350,7180,6645
24332,36,35,8,5,4
24333,124,513,186,53,58
24334,491,169,318,171,169
24335,2148,1959,2226,1651,1600
24336,2065,1888,1474,1090,1285
24337,682,580,1113,1397,1472
24338,23,111,910,388,310
24339,626,538,1565,2047,2009
24340,287,198,31,62,51
24341,194,1,81,60,66
24342,163,118,771,780,886
24343,1347,164,756,549,682
24344,17,220,440,159,160
24345,2597,6711,3988,3045,2825
24346,31,17,43,26,30
24347,2,7,24,27,27
24348,114,168,1312,1030,943
24349,95,761,597,944,991
24350,511,38,238,169,159
24351,4,96,323,94,71
24352,634,3555,1320,952,899
24353,2033,1481,2322,1637,1427
24354,28,91,113,134,120
24355,1483,2869,908,2187,2326
24356,75,2,2247,729,823
24357,78,837,756,97,115
24358,458,319,191,388,473
24359,231,83,307,259,231
24360,6,113,41,6,4
24361,2684,2816,1212,1079,1105
24362,3864,2150,2788,2559,3841
24363,1354,1344,2352,1716,1715
24364,232,395,1446,1418,1643
24365,30,13,77,53,160
24366,172,146,171,89,107
24367,75,2,16,4,3
24368,302,126,798,353,416
24369,5337,1181,46,71,38
24370,159,145,93,89,83
24371,360,568,473,399,332
24372,470,484,1117,897,777
24373,55,656,20,76,72
24374,560,1956,1802,1796,1595
24375,484,176,212,147,158
24376,5855,1540,1611,401,548
24377,424,16,742,623,751
24378,1093,1626,183,392,271
24379,4,21,8,4,4
24380,961,686,533,268,393
24381,4338,2834,3112,2151,2000
24382,2116,1970,1914,2108,2111
24383,3,13,164,62,105
24384,566,577,956,616,755
24385,1887,271,242,219,136
24386,142,132,71,140,174
24387,196,474,129,79,123
24388,435,38,42,2,1
24389,495,434,283,675,814
24390,342,73,292,255,276
24391,40,0,0,51,28
24392,585,2534,1328,1496,1622
24393,3905,621,1034,2864,2300
24394,217,462,2701,3240,3072
24395,108,136,104,25,10
24396,1341,1171,229,56,39
24397,2583,2197,1012,881,942
24398,3500,2315,729,1138,1238
24399,315,183,1169,1124,1203
24400,1184,1040,771,1072,852
24401,135,206,145,114,130
24402,1055,2158,1815,1728,1884
24403,4,13,21,9,14
24404,431,549,5096,4219,3984
24405,4048,895,4519,4592,4794
24406,1972,151,481,1139,1840
24407,425,2959,1085,1038,898
24408,4225,379,157,221,219
24409,1061,66,512,26,52
24410,4651,1246,1680,1840,1885
24411,1758,960,356,3029,3080
24412,87,14,0,2,1
24413,173,261,106,198,211
24414,299,457,252,154,174
24415,742,201,577,411,351
24416,2293,142,1328,911,1020
24417,1121,971,68,58,26
24418,802,341,371,530,613
24419,5357,3324,561,342,333
24420,471,60,137,148,147
24421,22,6,116,52,54
24422,75,93,150,3546,2795
24423,32,134,28,28,21
24424,4975,1435,981,748,833
24425,1542,1083,955,947,889
24426,517,1783,1396,1599,1456
24427,2452,1431,188,81,55
24428,762,479,253,296,229
24429,381,717,2267,5005,4808
24430,29,171,139,462,376
24431,557,2126,441,448,514
24432,169,3,8,0,3
24433,641,3169,712,734,609
24434,2519,3285,1858,2034,1761
24435,606,334,881,749,775
24436,2198,1634,3141,1994,1972
24437,562,1429,2024,1385,1441
24438,107,7,88,16,14
24439,348,1437,752,878,695
24440,559,2,30,11,10
24441,11,73,6,1,1
24442,36,22,178,432,369
24443,37,83,8,11,11
24444,154,37,54,28,31
24445,1,159,757,577,614
24446,2465,918,1575,2082,2225
24447,17,25,170,86,72
24448,2871,107,1348,1575,1326
24449,11,12,37,40,60
24450,685,385,359,4216,3945
24451,349,30,63,111,82
24452,31,396,368,193,191
24453,2202,2332,3179,2503,2481
24454,1,0,0,0,0
24455,1,4,2,3,3
24456,648,1004,895,1238,1310
24457,80,392,612,752,664
24458,79,422,147,345,322
24459,29,86,95,67,55
24460,20,149,282,465,496
24461,2411,4643,4846,4183,4125
24462,132,3,16,40,31
24463,148,192,90,51,56
24464,2357,403,757,467,486
24465,583,380,34,14,22
24466,238,804,1051,514,705
24467,2,3,29,40,35
24468,41,2683,252,283,153
24469,126,127,79,208,196
24470,98,466,324,97,143
24471,8184,2791,1750,3235,3223
24472,557,884,168,238,328
24473,11,14,40,453,420
24474,446,1395,19,74,63
24475,18,121,222,767,892
24476,2136,804,348,524,591
24477,151,81,46,702,631
24478,19,5,40,43,51
24479,131,341,101,96,79
24480,441,371,238,763,685
24481,179,195,287,498,245
24482,2632,2090,998,798,837
24483,7735,894,535,655,579
24484,1524,1154,1587,1055,1200
24485,1422,965,306,103,97
24486,231,637,14,7,4
24487,1780,2011,2035,1962,2137
24488,2008,332,1060,536,526
24489,365,2,12,39,41
24490,34,84,65,99,117
24491,303,1931,1318,753,770
24492,182,246,29,30,25
24493,11,55,51,41,67
24494,391,124,46,48,76
24495,35,101,1465,1833,1410
24496,48,66,118,100,119
24497,381,141,259,342,281
24498,126,4,548,170,170
24499,563,141,283,149,195
24500,3490,3196,2170,2929,2864
24501,140,123,10,12,14
24502,29,1076,43,327,357
24503,209,8,0,0,0
24504,73,59,107,20,13
24505,5,36,28,12,20
24506,172,445,109,134,143
24507,365,46,564,389,229
24508,1716,254,847,1101,997
24509,5,65,2,7,5
24510,374,6,706,483,342
24511,1835,606,1421,1117,1584
24512,31,31,272,65,79
24513,59,62,531,436,417
24514,362,1884,935,1069,1111
24515,733,678,26,10,16
24516,208,1475,1186,206,451
24517,9,2,2,0,1
24518,3082,1359,3358,3078,3322
24519,149,17,151,73,48
24520,968,416,217,250,220
24521,141,245,511,642,504
24522,2,6,3,2,2
24523,297,560,641,690,718
24524,10,83,51,37,44
24525,619,149,97,98,86
24526,383,37,60,14,13
24527,61,947,2419,1723,1650
24528,412,166,341,59,71
24529,741,243,505,347,356
24530,8,45,3,11,9
24531,14,26,2,0,1
24532,1641,546,3188,1789,1700
24533,2694,2325,2292,1039,853
24534,3162,864,2319,2395,2422
24535,37,370,398,346,258
24536,5885,7086,4913,8037,8090
24537,449,930,1868,930,887
24538,1370,588,295,255,259
24539,228,28,0,0,0
24540,5774,5709,2824,3781,3109
24541,592,732,1400,1174,1422
24542,30,376,1015,1090,750
24543,4356,1432,1511,1189,1249
24544,44,11,633,56,46
24545,4223,863,2931,2645,2484
24546,469,259,74,63,40
24547,1407,4178,3656,4431,4150
24548,0,3,0,23,29
24549,158,529,783,1590,1872
24550,1379,1166,1301,1233,1076
24551,1433,2225,2106,2175,2215
24552,262,636,941,1013,1122
24553,6262,4925,1152,691,445
24554,7,1,31,10,12
24555,265,131,94,256,241
24556,155,108,2,66,87
24557,20,113,24,26,16
24558,1064,34,7,6,13
24559,566,297,708,380,387
24560,919,311,67,55,49
24561,5,153,287,320,343
24562,184,1,15,355,347
24563,871,1303,1701,1741,1950
24564,0,13,37,28,27
24565,92,4,9,100,70
24566,6,37,63,75,62
24567,323,167,101,292,305
24568,1971,588,98,192,237
24569,743,1018,2502,6552,6966
24570,951,22,357,48,56
24571,39,17,25,214,188
24572,79,224,593,499,539
24573,1030,894,233,135,178
24574,44,142,349,393,303
24575,6,2,20,19,23
24576,256,7,16,162,156
24577,888,1370,1480,2947,3266
24578,4315,2871,1305,2103,2121
24579,65,72,1,1,3
24580,1464,3006,1431,378,335
24581,814,41,6,12,13
24582,883,0,23,4,0
24583,46,127,296,135,184
24584,887,1643,791,631,640
24585,102,1755,1099,874,1239
24586,273,149,601,430,371
24587,431,606,1734,1928,1677
24588,226,125,124,162,211
24589,555,1099,1745,1228,1349
24590,360,124,39,21,21
24591,43,90,75,61,52
24592,2620,158,768,1579,1460
24593,193,524,171,202,190
24594,171,1616,502,492,432
24595,222,1248,325,322,270
24596,485,175,889,1044,1145
24597,17,13,2,538,572
24598,68,168,47,36,63
24599,0,2,309,28,22
24600,892,454,390,546,411
24601,3,108,265,378,395
24602,91,38,152,470,314
24603,22,58,24,32,28
24604,347,9,172,112,112
24605,5,626,162,40,55
24606,79,215,415,88,120
24607,365,7,48,19,11
24608,1409,1243,1743,2111,2180
24609,328,219,323,48,48
24610,32,49,40,33,70
24611,86,31,6,1,0
24612,4913,515,4936,6102,5924
24613,14,52,5,5,2
24614,772,399,1049,1577,1545
24615,716,306,1439,1838,1909
24616,685,2037,907,455,479
24617,1188,99,471,138,207
24618,5167,3782,3655,4699,4973
24619,13,621,1151,999,1089
24620,218,68,134,30,32
24621,813,836,928,1515,1628
24622,561,410,1156,507,292
24623,151,10,45,23,21
24624,23,153,2418,2087,2927
24625,982,362,3003,3283,3029
24626,3034,1916,1333,762,1045
24627,320,227,336,114,125
24628,47,9,35,129,120
24629,6777,5471,4085,3756,3959
24630,1984,116,106,7,9
24631,622,127,112,141,158
24632,1,6,8,12,9
24633,260,77,502,771,550
24634,569,50,1044,251,487
24635,28,173,53,598,640
24636,444,78,112,54,77
24637,525,108,173,21,22
24638,147,279,867,378,389
24639,139,518,185,574,780
24640,7,51,871,2352,2174
24641,319,212,682,217,193
24642,1,7,43,38,31
24643,986,22,12,16,12
24644,43,2,42,28,45
24645,51,90,334,583,529
24646,1583,723,1208,1093,1045
24647,26,46,67,32,31
24648,96,2,1,0,0
24649,1916,1223,3473,2993,2989
24650,136,865,94,542,599
24651,186,92,487,323,331
24652,256,1485,355,613,659
24653,47,22,22,1,0
24654,181,12,14,76,130
24655,4412,3941,2900,3151,3094
24656,560,412,126,105,97
24657,153,96,214,250,191
24658,1579,2490,539,647,913
24659,1210,1028,53,39,39
24660,1606,657,477,355,290
24661,621,598,511,774,658
24662,698,60,36,21,51
24663,448,1027,1679,1707,1186
24664,860,1567,3428,3225,3463
24665,42,3,0,1,0
24666,3,63,39,210,134
24667,133,182,788,182,153
24668,3,47,38,22,14
24669,993,373,4,17,23
24670,1431,127,1260,2110,2251
24671,34,283,1309,742,827
24672,6,5,66,53,78
24673,27,13,19,57,48
24674,18,1,98,53,44
24675,383,625,962,1043,894
24676,8,475,673,1369,1095
24677,3309,3526,3448,5074,4628
24678,128,150,1142,957,1116
24679,3912,1091,186,635,542
24680,273,177,141,67,64
24681,103,93,63,10,7
24682,565,740,747,553,544
24683,278,60,199,273,229
24684,1362,2243,2313,3365,2926
24685,6,19,2,1,1
24686,87,198,373,219,335
24687,530,445,166,79,90
24688,1722,51,211,1582,1769
24689,303,96,71,7,5
24690,2322,4683,1037,428,406
24691,854,3274,3463,3629,3592
24692,685,2412,220,503,556
24693,7,28,5,6,3
24694,169,48,145,118,104
24695,532,85,149,42,36
24696,289,54,224,253,263
24697,24,2,3,9,11
24698,247,1252,94,138,97
24699,151,1560,38,280,374
24700,41,65,173,579,393
24701,49,18,4,44,31
24702,564,2494,3775,2193,1809
24703,1620,938,80,12,13
24704,49,99,14,484,488
24705,10,77,170,302,245
24706,3236,3197,2668,2837,2670
24707,313,247,54,341,238
24708,2299,603,1174,1087,1196
24709,827,583,1951,1420,1589
24710,97,175,277,824,585
24711,117,205,228,35,26
24712,810,1188,2233,2437,2927
24713,312,129,65,15,26
24714,848,65,439,868,923
24715,216,17,15,3,5
24716,2063,2208,2915,961,1615
24717,3317,1152,1067,600,628
24718,77,25,22,98,88
24719,194,51,490,306,265
24720,155,939,446,999,1085
24721,235,429,1257,1591,1546
24722,298,383,435,379,474
24723,216,1354,388,445,347
24724,404,35,34,31,44
24725,6037,6510,7349,7758,7970
24726,416,111,413,1259,941
24727,2415,373,51,31,27
24728,210,347,90,12,14
24729,926,753,5795,5706,5560
24730,1081,964,1731,1193,1206
24731,272,75,19,4,3
24732,64,19,60,86,45
24733,123,118,140,33,37
24734,440,1006,1300,1900,1542
24735,14,11,302,440,443
24736,527,121,276,62,38
24737,168,265,584,341,307
24738,96,1132,794,431,313
24739,1157,6281,3552,5774,5024
24740,726,2450,986,823,1191
24741,6108,2207,3535,2488,2528
24742,4,36,9,16,13
24743,252,425,34,35,59
24744,11,138,76,47,52
24745,94,41,18,13,18
24746,621,1482,2412,2454,2136
24747,597,761,446,917,1155
24748,162,83,1,0,0
24749,38,1099,1588,1648,1683
24750,2824,19,150,137,162
24751,52,8,0,1,1
24752,108,149,382,158,118
24753,250,1622,1899,1029,940
24754,3922,3317,87,107,74
24755,882,5070,6058,4468,4765
24756,64,385,1,1,1
24757,1513,916,82,75,70
24758,21,17,74,28,30
24759,666,583,195,77,86
24760,151,0,1016,2201,2407
24761,221,245,242,72,55
24762,2270,1111,1694,987,989
24763,17,162,149,33,21
24764,54,93,188,109,130
24765,36,551,16,7,6
24766,66,263,238,33,26
24767,105,1003,2277,1073,984
24768,313,376,653,200,132
24769,1451,2230,2081,1758,1456
24770,47,14,3,306,445
24771,312,238,59,71,74
24772,909,251,278,371,329
24773,335,485,193,585,707
24774,954,365,3570,4569,4995
24775,4830,3696,2543,4668,4283
24776,119,451,1526,1147,885
24777,18,1199,407,739,643
24778,100,72,121,156,162
24779,1136,3308,6879,6680,6351
24780,30,2,21,252,211
24781,20,1,50,17,30
24782,131,0,22,6,6
24783,539,2183,4385,4351,4066
24784,2,0,1,0,0
24785,2233,1990,1499,1179,1437
24786,173,157,1078,1256,1160
24787,28,17,0,1,1
24788,53,276,176,160,150
24789,69,49,7,54,68
24790,1369,2347,2182,2803,2213
24791,677,250,296,330,198
24792,67,240,3,3,5
24793,22,0,2,2,2
24794,29,135,559,512,547
24795,156,1378,823,1838,1830
24796,1056,1150,615,442,369
24797,131,61,1582,1236,811
24798,1241,1965,694,412,326
24799,294,121,235,256,163
24800,435,1017,178,704,663
24801,1568,871,281,242,193
24802,450,680,5,120,149
24803,7,3,29,6,8
24804,106,632,154,1525,1383
24805,28,3,41,27,24
24806,72,325,224,234,197
24807,1009,3396,3070,3722,3622
24808,14,32,30,1133,937
24809,3,47,89,28,26
24810,226,25,23,714,763
24811,2605,4403,4407,4140,4563
24812,71,37,2,17,18
24813,226,87,45,38,49
24814,32,48,10,13,12
24815,1290,1721,1426,870,843
24816,625,508,2403,2706,2764
24817,957,2055,2139,1600,1206
24818,27,31,13,13,4
24819,120,172,153,76,85
24820,49,47,762,256,274
24821,904,861,534,241,194
24822,5039,6840,3645,2700,2730
24823,399,464,901,726,828
24824,450,316,1212,4003,4244
24825,515,172,261,314,379
24826,367,54,51,21,28
24827,3386,2109,5164,2971,3262
24828,1397,236,1252,1283,1436
24829,4177,1930,2401,1737,1778
24830,2141,4171,3619,4828,4988
24831,395,93,31,42,73
24832,512,56,263,59,55
24833,1167,2045,3273,3600,3138
24834,101,71,364,299,386
24835,879,2018,3537,2488,2677
24836,3,917,1037,324,356
24837,983,1621,1726,3301,3608
24838,3021,2353,3666,3198,2940
24839,21,130,19,17,14
24840,177,32,40,41,31
24841,599,625,71,17,19
24842,137,125,539,577,643
24843,21,99,19,16,14
24844,62,17,2,2,2
24845,641,114,464,237,367
24846,262,84,218,249,217
24847,1707,408,202,155,131
24848,1489,261,612,417,422
24849,1245,322,627,933,1053
24850,506,417,114,108,118
24851,696,966,462,1079,1019
24852,919,99,1223,1404,1587
24853,3,74,57,82,69
24854,770,747,674,676,736
24855,3843,4835,1990,1813,1756
24856,417,115,7,4,4
24857,1067,1724,317,249,212
24858,413,538,13,43,40
24859,777,585,892,1400,948
24860,903,1688,2273,4568,4235
24861,5676,3468,2920,3701,3675
24862,94,18,113,94,97
24863,1788,2625,1160,1745,1436
24864,1571,703,3365,4886,4447
24865,83,765,223,85,129
24866,125,21,269,74,106
24867,4,285,1304,1521,1288
24868,22,21,51,43,47
24869,12,62,130,54,56
24870,2017,283,454,276,190
24871,96,152,57,116,92
24872,96,46,3,1,2
24873,51,44,31,232,227
24874,81,2,2,13,9
24875,982,1365,727,458,432
24876,377,789,118,499,585
24877,14,9,151,3160,3403
24878,2477,4597,2770,2649,2360
24879,142,342,578,679,800
24880,535,570,945,1111,1098
24881,3250,766,145,209,139
24882,23,118,385,934,1077
24883,1179,544,390,424,473
24884,791,795,1808,1348,1527
24885,2723,3993,585,267,218
24886,75,634,109,33,31
24887,10,13,8,2,2
24888,473,51,19,9,5
24889,48,9,44,3,3
24890,916,144,154,171,127
24891,1620,1306,3017,2504,2764
24892,408,3393,270,269,185
24893,29,188,155,63,104
24894,201,203,1164,1760,1251
24895,358,315,173,265,316
24896,40,1210,550,855,1093
24897,4,9,2,1,3
24898,34,134,17,79,55
24899,129,161,221,160,207
24900,160,142,480,1343,930
24901,485,42,245,190,210
24902,1512,699,542,191,138
24903,2412,2367,2405,1239,914
24904,1865,1445,933,528,628
24905,1748,124,372,315,197
24906,726,1835,1133,2858,2569
24907,568,61,288,202,140
24908,81,135,1515,657,807
24909,261,690,544,621,873
24910,201,283,147,122,205
24911,44,147,223,772,855
24912,2409,94,71,239,220
24913,297,23,12,20,17
24914,757,644,51,163,203
24915,1473,1142,849,1338,1115
24916,415,1308,691,460,536
24917,192,92,2640,1172,1067
24918,2053,1312,33,1632,1552
24919,343,415,146,213,152
24920,0,0,35,15,10
24921,407,51,5,1,1
24922,431,212,136,265,268
24923,161,394,1131,731,1067
24924,2298,2141,1215,2856,2840
24925,5,0,6,2,2
24926,686,392,440,476,439
24927,662,453,1952,1780,1640
24928,6005,3334,249,250,373
24929,1207,268,967,2293,2021
24930,936,330,157,457,486
24931,848,1791,2094,2670,2718
24932,215,309,216,225,258
24933,1996,546,841,584,643
24934,202,46,5,6,7
24935,174,1,20,16,13
24936,4230,4537,4384,4081,4030
24937,40,420,680,757,697
24938,110,87,18,9,10
24939,284,147,987,661,505
24940,443,1508,3155,978,1142
24941,1,17,400,121,193
24942,2,29,161,118,158
24943,685,318,62,133,87
24944,443,167,147,150,154
24945,496,150,60,36,55
24946,247,213,9,200,210
24947,194,288,44,398,368
24948,252,59,89,70,70
24949,22,87,28,8,8
24950,1553,2642,1380,1383,1342
24951,879,160,1468,1277,1214
24952,29,5,18,47,46
24953,17,7,2,2,1
24954,43,65,419,265,337
24955,43,579,377,651,448
24956,1308,3240,8,241,305
24957,10,8,8,7,6
24958,77,25,45,161,148
24959,147,400,343,175,116
24960,161,265,201,126,137
24961,509,168,677,1216,1549
24962,481,1055,111,794,730
24963,339,170,396,411,500
24964,6398,2712,2466,2265,1943
24965,294,198,74,48,54
24966,76,128,904,954,910
24967,1273,2865,332,444,657
24968,924,436,814,1461,1165
24969,0,142,2091,266,481
24970,14,9,4,5,5
24971,2577,1243,702,391,324
24972,146,132,370,449,380
24973,2254,367,132,68,52
24974,273,243,1079,492,702
24975,94,1457,173,599,545
24976,212,78,133,34,44
24977,422,560,342,281,348
24978,1283,1871,1731,1810,1268
24979,317,0,9,34,58
24980,1,17,3,9,7
24981,5890,1720,3436,5229,5071
24982,725,1790,1264,1590,1628
24983,602,1687,2774,3646,3821
24984,3710,1862,1273,1653,1610
24985,1594,1870,3169,2503,2770
24986,6652,8662,6640,6275,6764
24987,332,4637,4233,4056,3936
24988,3322,1333,216,432,532
24989,210,2226,345,525,606
24990,125,130,215,224,202
24991,126,117,529,405,377
24992,449,207,1115,805,869
24993,44,59,69,80,74
24994,54,365,1575,2092,2135
24995,246,48,120,114,109
24996,1434,2376,5136,4465,4259
24997,3046,3843,7901,7956,7964
24998,3265,2495,3236,2411,2248
24999,124,434,1701,2531,3068
25000,306,393,1909,2956,2925
25001,270,1164,1960,2811,3704
25002,165,48,80,2080,2144
25003,210,53,86,2392,2502
25004,570,647,783,530,622
25005,15,15,183,24,10
25006,965,15,49,7,3
25007,16,358,210,97,35
25008,1670,979,1946,2145,1719
25009,2711,653,1410,254,340
25010,2177,3250,3801,4699,4542
25011,721,690,345,603,465
25012,2826,4976,2356,5357,5180
25013,3309,2383,148,349,266
25014,3044,1212,2593,1991,2624
25015,2235,6050,1655,2069,2172
25016,855,666,1516,902,1166
25017,2699,335,1660,897,915
25018,1915,485,984,1002,792
25019,4573,2983,2112,2110,1909
25020,2947,3326,1621,1865,1893
25021,2402,1701,1473,2704,2971
25022,924,207,537,830,872
25023,2651,5363,1753,3300,3035
25024,456,377,2280,2302,2087
25025,369,238,414,698,738
25026,18,253,216,216,238
25027,27,1975,6202,6162,6571
25028,328,891,296,172,213
25029,7117,7387,7147,5332,5581
25030,855,345,81,59,58
25031,377,194,19,26,34
25032,78,172,225,91,110
25033,126,492,291,180,157
25034,71,1020,197,79,69
25035,3308,1211,1303,2729,2609
25036,2920,2809,2802,1583,1600
25037,4322,1744,6111,4825,4069
25038,2558,2505,369,477,355
25039,307,290,41,101,89
25040,1569,2125,462,283,243
25041,0,52,408,314,235
25042,260,26,204,89,118
25043,1,160,224,303,336
25044,111,1,140,188,122
25045,37,28,85,122,139
25046,84,1,194,281,223
25047,404,1035,468,630,646
25048,293,60,351,121,86
25049,664,344,407,93,75
25050,504,2427,30,5,4
25051,3273,3133,5822,4524,4799
25052,188,1196,25,11,4
25053,3,4,52,133,131
25054,7,9,25,23,32
25055,1740,2918,157,101,131
25056,651,3111,3112,2554,1971
25057,2039,1840,1664,1611,1450
25058,779,1598,2512,3786,3414
25059,1476,2396,3865,2245,2246
25060,3,0,0,0,0
25061,2,0,1,0,0
25062,3236,3649,4065,5970,5327
25063,2451,401,1116,4395,3924
25064,1430,3000,4154,2822,2152
25065,3188,1817,1913,857,800
25066,1249,748,150,309,313
25067,327,415,321,483,462
25068,2831,1531,805,612,552
25069,101,1217,586,576,510
25070,315,2271,2432,1901,1647
25071,385,1844,7217,3630,3789
25072,468,1396,3575,2897,2601
25073,2781,3902,4010,2651,2465
25074,1735,2649,3748,3510,2348
25075,1906,1578,4677,2451,2229
25076,4224,8500,5401,4981,3911
25077,6,115,38,121,117
25078,186,171,16,74,72
25079,1,68,0,0,0
25080,621,492,639,386,357
25081,491,103,157,57,57
25082,1318,565,306,55,68
25083,21,90,16,84,112
25084,77,200,369,54,42
25085,1482,769,243,4601,4958
25086,1216,1285,318,221,234
25087,595,316,259,78,66
25088,4019,1499,333,76,61
25089,217,1605,68,466,540
25090,123,1669,97,825,974
25091,649,6378,6374,5385,5139
25092,595,1808,633,592,447
25093,1222,212,1294,907,697
25094,699,143,543,500,478
25095,6451,3907,1985,5263,5330
25096,102,1455,1178,1050,898
25097,345,3224,2995,2455,2266
25098,1563,524,182,142,154
25099,339,44,289,232,311
25100,265,22,106,67,76
25101,42,534,588,1057,946
25102,46,177,707,690,553
25103,1150,289,1120,2047,1848
25104,4959,3600,5041,4044,4575
25105,3040,2594,2778,2515,2845
25106,4488,6356,1870,1161,1457
25107,1052,146,202,861,737
25108,4813,2748,1040,515,465
25109,1615,99,149,844,710
25110,330,1060,1193,1410,1183
25111,1154,3169,2646,943,1292
25112,6474,4311,3690,4578,5231
25113,398,421,2098,2612,2107
25114,444,733,97,34,76
25115,1190,200,61,35,70
25116,1947,2137,171,661,588
25117,410,37,197,161,195
25118,833,1824,888,778,591
25119,4,0,4,0,1
25120,5,2,13,5,3
25121,2448,862,2993,2740,2711
25122,1588,782,156,1235,1137
25123,599,5173,7027,7102,6283
25124,363,216,118,1115,1096
25125,6045,2086,1959,926,836
25126,5033,4602,1422,3451,3308
25127,4877,5931,1097,7329,7361
25128,4589,15,1435,887,1334
25129,1330,68,1222,597,790
25130,6568,7130,5206,6085,6137
25131,50,71,8,24,27
25132,44,129,84,59,71
25133,36,76,13,16,14
25134,474,5,10,47,40
25135,211,136,53,45,34
25136,1186,3476,2388,2038,2262
25137,4702,4282,4429,4612,4374
25138,2534,1072,412,1505,1573
25139,1221,930,471,2510,2612
25140,668,2654,3825,4427,4920
25141,843,414,1539,1007,1363
25142,1503,1028,2331,959,1638
25143,230,291,244,132,121
25144,388,348,344,118,119
25145,907,2167,1484,1230,1229
25146,1072,2631,2773,3084,2971
25147,2692,7780,7271,4945,4879
25148,1390,3135,2374,3033,3126
25149,348,748,1491,1103,991
25150,66,567,1181,505,1017
25151,170,653,1048,644,953
25152,1344,4563,6336,6698,6710
25153,1006,725,224,388,308
25154,567,473,86,126,115
25155,108,1813,71,62,112
25156,494,742,252,274,206
25157,5288,1378,2385,2251,1773
25158,55,861,1196,890,912
25159,78,296,1947,1807,1692
25160,601,1376,375,128,165
25161,1503,5006,6857,5628,6553
25162,4541,5739,3683,5885,6067
25163,2545,1883,3437,2459,3341
25164,13,435,3470,2981,2719
25165,547,819,2761,2881,2673
25166,10,670,3476,2986,2622
25167,182,340,3571,2347,2631
25168,58,169,574,421,463
25169,37,204,2081,1576,1555
25170,3815,697,197,226,324
25171,82,226,1229,1194,1037
25172,155,87,236,143,200
25173,621,495,440,40,83
25174,2029,822,713,59,146
25175,251,450,2807,1037,911
25176,45,153,77,7,6
25177,55,3,28,12,21
25178,714,3,54,2,2
25179,4173,2381,122,231,320
25180,2213,148,97,109,87
25181,1564,57,88,366,213
25182,1113,48,76,6,1
25183,15,133,1695,1181,1235
25184,1945,595,1741,1592,1576
25185,147,195,173,118,167
25186,286,162,284,241,336
25187,612,139,533,324,270
25188,99,73,354,384,420
25189,124,63,644,876,1001
25190,1836,6760,3316,1590,1697
25191,151,706,473,806,766
25192,80,1392,371,651,720
25193,2078,644,1305,950,718
25194,1910,2495,1552,475,484
25195,2223,1787,2146,2993,2425
25196,1451,1051,1160,2005,1584
25197,219,781,23,8,11
25198,91,233,46,15,22
25199,3061,2691,1801,1293,1303
25200,229,802,342,132,112
25201,246,312,1361,1123,1201
25202,666,1741,1389,364,405
25203,3316,1787,2603,3018,3094
25204,665,1096,566,291,230
25205,1113,1692,1079,310,249
25206,503,265,2665,2254,2709
25207,2927,4320,837,1511,1380
25208,702,478,761,1339,1305
25209,314,355,267,159,246
25210,833,446,319,6,11
25211,159,519,375,21,29
25212,1225,3003,1239,1878,1425
25213,1055,83,10,4,3
25214,1419,65,9,1,2
25215,68,575,451,297,455
25216,192,676,349,341,530
25217,1229,6396,7119,7128,7210
25218,1324,284,181,15,19
25219,679,499,44,2284,2063
25220,435,394,24,5,9
25221,2086,88,568,361,418
25222,2233,201,754,415,468
25223,796,2863,1445,4609,4586
25224,1742,4924,5089,3083,3933
25225,3344,3051,1040,1716,2447
25226,1296,2407,888,1799,2266
25227,203,1440,267,322,291
25228,301,1680,257,207,187
25229,183,1413,1446,1314,1046
25230,25,514,634,440,463
25231,3771,2504,3012,3326,4125
25232,380,16,333,405,581
25233,86,3,121,80,98
25234,28,2,35,13,18
25235,7,102,147,190,178
25236,76,269,540,473,556
25237,2597,4990,1052,1034,1115
25238,192,550,4971,4741,4885
25239,2066,2419,282,2247,2075
25240,381,1036,237,385,479
25241,733,1335,782,507,609
25242,843,1645,1130,1201,1032
25243,465,1104,864,2440,2605
25244,728,1896,1132,1602,1305
25245,2369,932,4716,4880,4758
25246,3795,304,2174,3461,3499
25247,5320,3627,2291,3147,4226
25248,670,2029,245,67,78
25249,1040,1757,344,98,104
25250,1309,3082,1260,1151,1417
25251,3321,41,337,100,79
25252,4835,3920,337,194,207
25253,4523,2341,1273,770,1020
25254,663,165,25,115,143
25255,2186,274,53,21,26
25256,2283,1019,341,761,701
25257,190,1586,1674,563,589
25258,437,129,56,89,132
25259,369,595,792,847,776
25260,2349,253,586,1226,1178
25261,1493,251,450,1997,1876
25262,3111,655,968,3083,2655
25263,2541,2287,2977,3134,2854
25264,706,1077,305,331,256
25265,275,546,163,138,101
25266,647,747,1772,1201,1255
25267,668,529,1344,2163,2090
25268,815,917,994,1075,1035
25269,424,323,3289,2351,2140
25270,373,255,1598,2445,2505
25271,362,4953,4058,3310,3319
25272,1553,859,2620,1530,1118
25273,1438,1577,3566,3571,3593
25274,2486,2101,4715,505,884
25275,2138,1077,1423,1129,960
25276,3936,5486,4976,5896,6026
25277,2643,805,1445,910,867
25278,2804,1931,1484,1953,1763
25279,3617,5797,6554,6817,6873
25280,1334,926,2055,2280,2145
25281,354,1286,243,260,254
25282,1036,39,953,1130,1192
25283,997,4472,4034,4374,4385
25284,97,84,529,716,744
25285,671,158,1285,1142,1243
25286,169,69,270,258,310
25287,37,330,432,226,288
25288,459,87,135,2597,2306
25289,232,579,458,695,830
25290,2674,2771,1683,1653,1722
25291,5512,5009,1834,1525,1554
25292,4300,3309,2066,1599,1733
25293,454,93,31,165,219
25294,572,77,43,157,242
25295,695,1229,1187,773,787
25296,2073,2839,2760,2370,1718
25297,2083,3142,5038,4417,4754
25298,3466,6633,4084,3513,2960
25299,3066,4978,1825,6670,6691
25300,1585,3368,3809,3699,3175
25301,3379,5090,5163,5214,4644
25302,3,100,63,39,46
25303,4,173,1456,1598,1275
25304,1511,3310,1479,1262,1707
25305,1477,5055,3735,4061,3992
25306,134,124,125,125,100
25307,102,64,97,73,69
25308,3354,257,642,725,765
25309,271,264,640,585,534
25310,375,425,555,552,560
25311,123,250,1083,565,535
25312,610,1692,2424,2248,2139
25313,498,317,988,729,685
25314,5,104,35,1494,1464
25315,8,31,22,1149,1225
25316,345,705,1021,1690,1700
25317,1492,282,2252,5804,6084
25318,1682,3749,1612,2778,2568
25319,1214,234,1702,1792,1483
25320,688,69,1075,761,854
25321,1576,3835,311,334,397
25322,1994,25,3679,2474,2597
25323,911,1634,1114,554,719
25324,3754,5540,4334,3441,3415
25325,831,1016,460,214,301
25326,4701,4306,3180,3360,3120
25327,4057,4534,4240,4445,4124
25328,1990,1444,2262,1626,1692
25329,131,40,96,55,68
25330,161,223,102,76,86
25331,741,39,107,148,95
25332,181,692,239,160,134
25333,4012,2388,2172,1550,1782
25334,48,277,401,149,148
25335,952,419,795,1483,1874
25336,2107,558,1732,2075,2331
25337,1086,1158,731,1232,1453
25338,2291,438,101,684,601
25339,470,999,243,82,62
25340,1792,271,83,599,615
25341,1568,1133,1143,813,692
25342,221,3181,3170,1959,1795
25343,179,2433,2905,4878,5756
25344,246,287,349,390,325
25345,289,240,680,487,427
25346,1206,2380,648,764,708
25347,108,845,158,247,189
25348,386,1748,113,265,192
25349,334,5171,5195,4633,4561
25350,1099,1353,258,1049,1068
25351,972,2314,136,866,784
25352,298,719,1390,1085,1194
25353,612,679,13,758,567
25354,47,30,41,3,2
25355,35,16,10,3,2
25356,2059,337,3637,2284,2741
25357,1021,1181,2788,2903,3062
25358,1526,90,4050,2600,3536
25359,737,231,812,524,457
25360,1487,1231,1670,1567,1680
25361,2239,145,558,477,417
25362,287,29,54,287,369
25363,295,83,67,221,243
25364,3258,422,1877,1381,1195
25365,106,1051,2245,2675,2068
25366,2672,2144,5918,5600,5443
25367,81,1171,2003,1984,1552
25368,41,49,51,341,386
25369,47,60,146,123,130
25370,74,75,359,195,135
25371,4456,3303,2925,1396,1451
25372,165,6626,2265,3090,3457
25373,106,3952,1273,1888,1840
25374,314,974,75,165,212
25375,2642,2301,2163,1316,1423
25376,328,1895,292,413,597
25377,403,378,691,410,500
25378,475,67,17,8,9
25379,442,138,58,34,33
25380,1084,296,1081,844,791
25381,1112,314,2042,1445,1265
25382,1877,645,1776,1431,1289
25383,275,189,662,381,352
25384,105,417,411,337,300
25385,145,339,600,305,318
25386,425,349,180,393,472
25387,9,589,466,809,1039
25388,20,586,2412,2977,2862
25389,610,1883,1211,1886,2123
25390,3060,1861,1555,3094,2913
25391,1029,3146,4019,1684,1912
25392,94,1098,530,295,304
25393,505,932,318,278,276
25394,384,270,202,99,99
25395,0,0,0,2,2
25396,0,0,0,0,0
25397,6657,2574,57,617,465
25398,6423,6482,4124,4084,4057
25399,42,413,916,1469,1284
25400,23,218,230,410,435
25401,1354,56,1110,718,997
25402,1728,1103,589,281,335
25403,698,1024,1506,925,903
25404,487,430,124,579,662
25405,549,509,61,156,181
25406,597,949,866,661,634
25407,254,234,7,36,49
25408,78,10,3,6,6
25409,309,412,68,20,25
25410,865,151,264,4433,4565
25411,7,17,339,103,138
25412,4,11,208,489,621
25413,1212,491,79,265,451
25414,2835,284,50,291,420
25415,3883,3536,7323,7096,6884
25416,181,66,1800,1479,1662
25417,176,58,1238,843,911
25418,6074,2422,5631,3033,3204
25419,354,614,546,643,626
25420,451,1120,420,256,248
25421,70,58,7,19,17
25422,3973,335,1829,3604,4298
25423,356,155,1,0,0
25424,3370,80,365,232,136
25425,148,625,24,8,10
25426,303,117,55,103,102
25427,369,104,30,8,7
25428,3276,3701,1001,2832,2835
25429,1324,1569,1000,4265,4260
25430,4221,2047,2823,4332,4671
25431,330,221,0,2,6
25432,391,332,2,3,5
25433,1412,1438,1109,817,977
25434,661,9,185,3838,4226
25435,2689,5154,773,1841,1509
25436,1407,12,428,1366,1129
25437,1148,2783,110,728,816
25438,381,3219,2344,3213,3449
25439,176,2157,229,813,798
25440,1541,171,1591,207,292
25441,638,158,128,20,27
25442,1091,2189,2287,2326,1932
25443,2278,1700,2158,3255,3018
25444,5456,1966,2080,2431,2614
25445,307,204,613,536,615
25446,4002,1418,601,336,239
25447,1675,1814,1377,824,593
25448,5151,4538,3178,6104,4865
25449,113,757,2361,2186,2584
25450,98,548,1425,867,802
25451,245,747,1619,1403,1244
25452,1433,959,168,301,336
25453,591,1763,2416,1458,1590
25454,422,1992,819,990,941
25455,627,217,6463,1625,1860
25456,3246,3237,653,996,943
25457,1665,589,348,589,640
25458,488,249,233,277,317
25459,752,734,2707,1559,1671
25460,999,272,343,580,771
25461,106,1274,255,422,313
25462,820,409,95,42,61
25463,104,164,100,39,71
25464,896,377,1443,1452,1539
25465,309,701,590,357,356
25466,267,173,1533,3597,3817
25467,2061,1883,115,77,107
25468,363,20,69,84,79
25469,1691,1306,1701,1123,1299
25470,695,315,416,312,204
25471,1432,1216,534,708,450
25472,1285,256,690,966,955
25473,26,612,2268,3742,3704
25474,17,114,509,1190,1389
25475,41,205,402,564,494
25476,2129,1255,486,676,855
25477,45,4178,2848,4896,4462
25478,76,1379,227,375,474
25479,3674,3224,399,848,1220
25480,33,472,103,55,85
25481,58,421,189,62,103
25482,1346,631,1970,1195,1296
25483,432,21,287,416,311
25484,1026,17,191,204,190
25485,1891,3516,7481,6584,6619
25486,2420,328,168,291,361
25487,2438,471,167,258,286
25488,1024,779,1343,1989,2114
25489,790,2977,958,2888,3173
25490,6028,8380,8734,8725,8585
25491,4185,2766,6468,6879,6554
25492,5337,3381,5804,5479,5688
25493,2844,1603,4149,4825,5320
25494,2198,2646,249,1532,1470
25495,146,1830,787,394,343
25496,137,73,273,268,224
25497,344,265,144,15,19
25498,1659,954,2966,1639,1722
25499,151,281,77,10,9
25500,963,367,1552,1531,1522
25501,687,2502,210,2198,2021
25502,547,2409,278,4072,3929
25503,118,425,565,1563,1133
25504,104,235,164,42,55
25505,107,253,231,60,87
25506,39,208,302,194,201
25507,28,1,133,37,42
25508,20,1,222,40,42
25509,78,59,165,149,160
25510,172,116,133,117,104
25511,401,3134,3651,1185,1274
25512,3000,2650,1758,980,873
25513,549,1107,1215,1307,1356
25514,313,999,749,861,807
25515,2416,672,2798,1910,2077
25516,5425,5204,2461,1602,1596
25517,903,413,3918,3208,3193
25518,886,150,17,35,48
25519,35,219,201,240,256
25520,29,101,13,29,21
25521,11,52,23,36,31
25522,216,172,178,76,57
25523,6,30,16,23,21
25524,284,651,79,13,10
25525,5707,8267,8129,7138,6818
25526,1225,1443,1029,951,962
25527,928,623,1109,508,607
25528,1981,1265,321,385,488
25529,1045,439,297,296,450
25530,1761,3054,4541,3681,5088
25531,16,39,203,78,68
25532,19,38,53,38,25
25533,568,92,79,31,34
25534,658,225,156,56,48
25535,411,2367,3000,1162,970
25536,766,2378,2104,1269,1356
25537,498,1430,1038,602,617
25538,966,692,1243,398,495
25539,186,1286,1813,1032,1388
25540,337,1257,1886,1145,1505
25541,2683,3120,2081,1831,1868
25542,6323,2407,26,2733,2945
25543,2894,1073,2958,2718,3072
25544,4790,4006,3,1084,773
25545,2210,3068,2131,2912,2931
25546,5881,4382,3786,2353,2141
25547,1579,4156,3484,2412,2068
25548,273,506,761,342,313
25549,97,88,40,95,82
25550,9,20,6,14,13
25551,2086,251,288,220,246
25552,2555,3355,3594,4902,5088
25553,3866,375,1701,931,1163
25554,191,1135,1275,728,1013
25555,1280,111,582,386,545
25556,1009,94,1543,1638,1268
25557,954,2285,1514,867,945
25558,393,437,438,441,253
25559,673,651,633,796,1080
25560,1482,6880,5711,6341,6114
25561,566,564,247,425,405
25562,1756,1664,1925,1767,1790
25563,89,64,1744,2266,2554
25564,82,41,1726,2293,2614
25565,4137,8109,3741,2724,2770
25566,416,183,134,63,72
25567,81,29,16,14,15
25568,6940,6205,5915,5550,5146
25569,1758,1035,548,2132,2316
25570,3913,1840,1048,2126,1489
25571,1048,1244,917,1849,1515
25572,606,338,671,895,830
25573,3807,947,1513,1919,2845
25574,626,275,1581,1176,1008
25575,506,173,42,22,40
25576,75,196,12,6,12
25577,155,192,33,20,30
25578,216,253,345,390,425
25579,158,557,774,600,492
25580,193,403,654,329,270
25581,2773,832,251,1079,1183
25582,900,714,855,199,212
25583,737,569,53,173,238
25584,2,1,2,1,1
25585,472,349,143,143,103
25586,152,49,65,601,820
25587,2285,2416,289,194,165
25588,866,427,379,134,182
25589,1532,1812,2060,1961,1918
25590,272,749,372,595,830
25591,1572,2962,682,2063,2320
25592,2502,1426,1646,1157,1335
25593,343,1339,876,259,229
25594,170,876,337,172,169
25595,406,551,1047,948,921
25596,22,1,65,210,192
25597,1007,1520,2242,2416,2289
25598,10,2,79,81,77
25599,425,700,588,556,452
25600,1426,430,1586,697,568
25601,278,918,221,137,104
25602,406,384,157,54,42
25603,63,467,59,20,21
25604,473,670,2588,5697,5808
25605,430,411,619,203,174
25606,8857,6405,4364,7049,7309
25607,645,1047,1372,510,471
25608,418,1427,332,109,95
25609,931,4031,1837,5178,5319
25610,1075,1244,367,60,101
25611,2659,3524,3931,3462,3691
25612,1980,4887,5267,4494,4446
25613,3791,2881,2734,2727,2758
25614,2873,2612,402,434,194
25615,2618,870,1048,944,683
25616,1013,694,334,330,196
25617,219,244,1655,1882,1605
25618,228,115,674,725,682
25619,272,1803,2472,2094,2096
25620,623,497,3747,1898,2476
25621,961,773,2317,2418,2109
25622,2718,5363,3395,1961,2639
25623,195,292,545,1500,1857
25624,252,194,57,32,23
25625,504,238,364,139,178
25626,90,103,551,216,221
25627,88,697,306,69,77
25628,105,580,382,227,203
25629,1498,154,115,539,560
25630,896,515,162,1922,1837
25631,597,851,905,444,462
25632,324,563,164,96,141
25633,218,80,477,324,284
25634,700,77,386,305,299
25635,106,762,2136,2089,2031
25636,201,2085,1206,436,378
25637,1200,1146,293,106,80
25638,279,121,31,3,2
25639,2761,5648,3400,4382,4458
25640,4719,2738,3958,4238,4166
25641,137,363,1009,1219,1473
25642,949,1877,1064,813,857
25643,200,559,309,464,602
25644,1118,134,1979,5241,5555
25645,2277,4375,3734,1262,1132
25646,1527,198,1611,4258,3823
25647,4832,2585,3696,5289,5853
25648,80,554,2535,3657,3694
25649,48,2027,5038,5810,5798
25650,511,17,59,764,837
25651,450,1399,4332,4212,4511
25652,639,26,39,527,521
25653,409,601,149,29,32
25654,385,975,239,97,115
25655,3708,1899,1863,2824,2601
25656,134,317,198,142,170
25657,383,662,732,456,534
25658,908,1805,162,139,129
25659,30,281,27,16,18
25660,126,270,37,30,36
25661,26,981,1674,1820,1719
25662,1133,297,339,641,451
25663,122,31,112,69,68
25664,4619,863,1484,2316,1775
25665,288,174,44,24,36
25666,251,639,18,78,78
25667,770,2289,1632,223,207
25668,3237,4353,4444,3493,3827
25669,1398,3431,2955,3014,2993
25670,583,2438,1547,1682,1729
25671,699,334,23,12,6
25672,1128,232,2376,1839,2178
25673,353,436,17,8,5
25674,2189,987,1584,1203,1054
25675,169,389,360,2018,2053
25676,196,853,277,621,492
25677,3837,4620,3576,1219,1417
25678,312,510,4299,2941,3183
25679,350,593,1951,1445,1513
25680,31,1,2,2,2
25681,343,103,348,585,346
25682,14,4,2,5,5
25683,70,966,6,59,65
25684,20,31,217,661,610
25685,33,43,1,22,17
25686,1089,1010,1291,764,904
25687,916,1020,1562,681,870
25688,1767,1700,2700,2181,2491
25689,1949,2414,4445,4032,4693
25690,6168,2318,5849,6420,7456
25691,3058,5313,5537,5520,5841
25692,322,308,19,47,73
25693,407,577,54,79,109
25694,93,610,110,82,94
25695,765,771,449,396,371
25696,51,14,17,489,514
25697,410,784,667,648,697
25698,4301,840,1244,1810,1917
25699,60,127,139,17,11
25700,89,96,121,265,214
25701,24,44,375,141,247
25702,2665,1315,1225,3414,3319
25703,1329,3628,413,161,322
25704,2243,3420,3845,3534,3446
25705,3670,5852,7945,6184,6033
25706,3749,7141,4928,3493,3414
25707,83,14,264,68,108
25708,39,17,195,85,111
25709,6581,7181,8109,9039,9018
25710,3932,8241,2312,3954,3603
25711,1226,3131,458,699,655
25712,964,2383,2794,3106,3199
25713,161,129,2508,1980,2375
25714,2680,291,2421,3510,2822
25715,588,113,4008,2921,3087
25716,975,5696,6450,6730,6518
25717,3247,3516,4606,7697,7790
25718,639,2977,3272,3707,3744
25719,867,1209,24,35,22
25720,495,685,1640,1556,1641
25721,1773,2528,2970,3262,3535
25722,175,894,349,63,60
25723,3740,2337,663,5834,5524
25724,69,1190,943,193,185
25725,25,16,70,42,44
25726,36,255,439,860,724
25727,26,24,246,227,221
25728,1523,550,370,307,288
25729,567,1320,780,578,567
25730,846,179,153,337,314
25731,189,356,421,244,234
25732,372,516,347,175,178
25733,263,875,690,435,434
25734,701,762,484,533,527
25735,1440,1949,948,2244,2400
25736,268,620,453,601,556
25737,2836,673,31,0,0
25738,1588,607,4091,5840,5891
25739,1890,1105,33,0,0
25740,8,771,300,338,402
25741,264,215,281,645,824
25742,7,329,315,137,203
25743,31,1,43,19,19
25744,871,1364,795,319,290
25745,105,5,187,109,92
25746,595,1208,195,316,247
25747,681,2227,621,958,1037
25748,792,952,261,348,412
25749,5252,703,4698,4450,5056
25750,3513,2711,4087,3460,3521
25751,1850,772,5332,4685,4652
25752,2791,210,1514,702,676
25753,1514,46,490,234,212
25754,751,454,848,1342,997
25755,3129,4134,2753,3342,3346
25756,3268,1089,261,325,573
25757,213,594,40,78,177
25758,20,5572,6626,5750,6181
25759,270,6,174,163,133
25760,12,719,533,605,598
25761,444,469,263,1732,1651
25762,57,458,1178,1687,1501
25763,1251,1147,2443,2133,2312
25764,2567,3602,3652,5756,4709
25765,2207,1567,2719,2273,2212
25766,1348,1218,1929,2485,2262
25767,1497,1998,2922,3566,3044
25768,463,133,44,111,107
25769,261,136,16,56,82
25770,4881,1357,97,579,650
25771,82,2946,87,1022,980
25772,3369,1286,800,2005,1867
25773,581,283,1765,557,636
25774,11,1702,1277,1457,1578
25775,14,989,2081,1334,1609
25776,936,1348,2743,6510,6608
25777,177,450,186,32,30
25778,134,410,295,85,63
25779,577,404,311,266,309
25780,329,189,154,316,245
25781,9,252,155,136,164
25782,87,135,20,0,0
25783,886,203,1315,2496,2677
25784,7866,8080,4118,1759,1482
25785,608,234,154,562,697
25786,64,106,247,148,113
25787,53,304,185,162,123
25788,899,561,817,229,328
25789,444,368,499,85,125
25790,757,947,1384,1627,1606
25791,2623,3601,1714,1893,2170
25792,525,686,683,237,249
25793,605,518,439,140,139
25794,251,473,145,73,54
25795,97,625,305,163,93
25796,1208,908,1323,1980,2161
25797,5355,5949,5317,3407,3243
25798,987,598,346,153,142
25799,649,1637,1079,2456,2628
25800,21,46,2103,1875,2309
25801,211,60,689,2743,2500
25802,18,458,1876,2615,2915
25803,21,565,516,652,674
25804,397,325,176,374,333
25805,7,558,297,199,231
25806,459,1937,605,500,624
25807,1632,2854,4721,3160,3958
25808,1026,888,137,138,179
25809,1,0,0,0,0
25810,0,0,0,0,0
25811,28,6,5,182,210
25812,185,546,1,1,1
25813,568,4383,3512,2537,2778
25814,3328,2982,899,1640,1751
25815,690,3228,6013,6072,6485
25816,676,1529,2944,2308,2787
25817,1009,2068,2268,2217,2038
25818,43,408,158,449,406
25819,155,39,219,85,101
25820,1092,453,220,63,90
25821,987,551,51,276,276
25822,2486,3439,3436,2654,2745
25823,557,630,27,231,256
25824,2009,573,46,111,79
25825,997,131,93,109,76
25826,1800,186,57,308,232
25827,242,1745,313,378,535
25828,42,201,1202,500,570
25829,97,418,378,475,600
25830,2051,2389,829,1755,1685
25831,461,2023,551,982,1051
25832,28,477,450,282,268
25833,206,64,366,1224,1452
25834,764,324,1189,1394,1452
25835,664,84,1285,1702,2288
25836,2224,990,2211,2433,2116
25837,3077,1931,575,951,985
25838,2366,1865,1101,1386,1403
25839,8091,8151,3388,3346,3590
25840,2512,649,1967,2010,1800
25841,1978,773,2549,2748,2614
25842,235,888,87,61,86
25843,259,1296,35,31,47
25844,119,2270,2288,2525,2408
25845,324,1291,1208,202,229
25846,54,368,233,83,104
25847,96,347,1955,954,893
25848,43,1203,1066,810,778
25849,68,605,489,378,259
25850,1579,2418,5074,4747,5132
25851,354,1377,5060,5408,5129
25852,89,1328,4561,4546,4405
25853,3035,312,167,401,502
25854,46,464,31,44,47
25855,14,15,32,23,21
25856,71,0,98,56,61
25857,91,36,19,7,6
25858,430,13,148,87,64
25859,623,116,1922,1278,1388
25860,198,462,10,7,9
25861,1072,577,687,440,478
25862,124,178,12,3,3
25863,2272,114,1321,1165,900
25864,1148,120,859,998,800
25865,2688,1383,878,770,980
25866,619,53,463,120,135
25867,11,36,93,64,54
25868,1336,67,157,141,135
25869,2166,1405,2575,1984,2074
25870,616,1218,1521,1556,1522
25871,5637,2611,1313,1309,1223
25872,517,5302,1359,3161,3195
25873,1548,3077,6476,5444,5702
25874,1000,2980,877,2161,2236
25875,1904,5328,1826,1341,1661
25876,4410,54,263,88,94
25877,1391,32,82,27,24
25878,204,40,77,68,65
25879,6,35,172,51,62
25880,17,1193,243,325,153
25881,120,325,619,664,578
25882,3023,3946,7010,7643,7588
25883,220,340,521,574,488
25884,2857,1573,3793,5171,5412
25885,550,1401,1477,1611,1652
25886,552,626,2566,2720,2916
25887,3965,4353,3503,2783,2565
25888,3239,2856,2489,3222,3125
25889,1835,1969,824,1020,891
25890,6282,1345,1383,2313,2383
25891,1854,1813,1116,873,861
25892,1221,8915,7295,7973,7948
25893,2289,1934,5488,4199,4626
25894,682,2475,473,1199,1168
25895,838,1387,283,820,782
25896,1247,663,65,538,450
25897,583,292,27,90,71
25898,4221,1669,1539,787,875
25899,171,324,2433,1474,1352
25900,2155,276,1577,4609,4657
25901,115,1599,1608,1065,949
25902,371,764,330,201,206
25903,1760,724,1125,1525,1766
25904,99,270,147,81,80
25905,186,7,1427,2457,3048
25906,488,783,7,921,1073
25907,477,2093,15,714,755
25908,803,4033,3126,1622,1319
25909,817,2489,2276,986,682
25910,1118,1634,755,824,828
25911,265,1183,761,619,511
25912,380,348,512,353,407
25913,101,871,181,122,102
25914,3200,2234,2455,1331,1286
25915,655,1166,937,2062,2535
25916,258,728,165,88,104
25917,18,688,31,13,6
25918,46,553,120,44,37
25919,2853,495,349,448,465
25920,872,2707,1682,1918,1525
25921,2541,2557,2602,2563,2461
25922,650,2700,2505,2649,2353
25923,754,1171,3486,1978,1996
25924,94,15,385,982,1070
25925,319,3,437,889,810
25926,784,2,33,10,9
25927,148,0,6,3,3
25928,94,11,3,6,6
25929,1370,937,785,1358,1088
25930,2693,2703,742,333,465
25931,1005,738,661,1009,860
25932,3829,704,799,1087,915
25933,1953,3161,3849,2221,2174
25934,556,566,429,630,554
25935,4,77,2,35,53
25936,113,64,90,36,29
25937,3,26,5,39,74
25938,1290,604,1748,1486,1531
25939,834,1262,145,281,250
25940,1298,806,289,371,385
25941,1587,3640,638,1765,2069
25942,1703,397,1149,1760,1733
25943,2384,525,622,1581,1679
25944,191,191,22,50,75
25945,38,147,26,14,15
25946,706,354,177,138,119
25947,378,340,525,47,59
25948,387,787,583,2269,2538
25949,42,4,336,226,229
25950,1725,1302,856,4139,4050
25951,450,131,405,2501,2599
25952,1602,244,1295,3189,2856
25953,2476,1319,398,688,725
25954,1901,859,340,820,784
25955,1977,3205,345,515,678
25956,768,170,365,47,43
25957,467,192,150,17,10
25958,1379,2331,2198,4968,5387
25959,1358,610,666,635,429
25960,678,847,74,691,572
25961,1460,140,46,78,61
25962,1309,601,860,914,953
25963,9103,9199,8754,8042,8150
25964,1627,449,454,334,381
25965,1375,147,1371,491,514
25966,2670,297,1992,381,390
25967,1841,2123,1896,734,685
25968,2557,2836,1542,1390,1265
25969,1669,1492,5175,3806,3847
25970,14,426,354,136,126
25971,174,861,1509,1549,1700
25972,1079,265,450,163,138
25973,64,511,1153,875,830
25974,980,501,456,164,134
25975,809,361,401,377,266
25976,967,211,177,355,397
25977,84,119,668,1179,1204
25978,141,99,191,116,151
25979,58,159,693,296,358
25980,10,23,15,7,10
25981,597,541,216,344,268
25982,15,41,36,26,31
25983,481,164,293,439,449
25984,489,106,539,410,441
25985,769,1285,428,514,514
25986,167,770,680,1133,934
25987,3260,290,172,447,415
25988,402,642,1118,857,622
25989,1143,488,967,584,513
25990,855,445,1336,880,850
25991,2834,579,2392,1662,1767
25992,115,15,36,48,53
25993,50,200,14,17,21
25994,25,93,31,88,99
25995,32,12,424,195,232
25996,14,3052,6176,7557,7518
25997,3901,14,830,371,412
25998,263,391,261,449,341
25999,1438,306,629,731,614
26000,85,408,624,807,624
26001,328,2919,6277,6242,5792
26002,2019,3744,3817,4110,3726
26003,231,1553,1784,1757,1690
26004,3503,1435,33,25,35
26005,2217,2153,172,169,198
26006,3894,5324,5907,4945,4260
26007,32,7,113,542,550
26008,35,158,201,570,554
26009,18,27,85,118,92
26010,4209,6332,2048,3387,4586
26011,3491,3388,5796,4874,4522
26012,1379,1241,1665,1428,1215
26013,287,143,659,245,316
26014,195,123,610,200,204
26015,558,406,943,154,173
26016,99,94,44,49,79
26017,107,51,72,77,154
26018,80,141,90,370,370
26019,5928,6464,2650,5404,4944
26020,2164,3796,4978,6983,7400
26021,2364,1459,3511,4928,4834
26022,2826,232,46,69,61
26023,734,1705,2943,2279,2494
26024,1591,362,239,463,451
26025,1806,1895,437,230,166
26026,526,701,259,660,609
26027,3097,2842,569,462,342
26028,76,530,305,134,100
26029,26,67,464,317,258
26030,46,26,255,368,334
26031,45,43,5,35,26
26032,292,12,5,356,272
26033,4742,28,8,302,233
26034,953,1076,1128,499,493
26035,1561,3340,4168,4207,3866
26036,1278,1031,1321,727,726
26037,4669,1040,4494,5640,6157
26038,619,1550,3603,3987,3745
26039,3234,1331,5865,6029,5890
26040,111,477,1064,893,761
26041,2644,2877,1668,1243,1252
26042,222,925,1258,1367,1102
26043,4,47,780,1027,768
26044,441,177,102,288,257
26045,2697,211,783,347,224
26046,183,628,755,498,490
26047,133,386,234,128,120
26048,208,1162,1146,355,304
26049,86,103,528,279,267
26050,260,93,708,1866,1894
26051,71,654,689,462,430
26052,261,1419,1576,741,811
26053,1990,999,992,521,938
26054,82,4290,3268,2713,1996
26055,30,544,138,129,123
26056,44,75,9,155,159
26057,0,32,0,7,3
26058,40,28,179,136,123
26059,61,18,58,251,241
26060,779,563,671,889,763
26061,4009,1242,132,133,81
26062,360,2633,2017,1152,1189
26063,1027,674,1188,925,949
26064,3199,999,657,652,647
26065,2651,491,245,17,24
26066,2046,6069,5081,4683,4631
26067,52,231,637,1127,1354
26068,302,2125,5378,3884,3858
26069,183,680,2837,3827,3696
26070,579,984,54,27,33
26071,2662,304,702,1260,1215
26072,3201,3154,1406,1050,1221
26073,946,1016,439,414,336
26074,191,205,156,389,415
26075,969,2474,2921,2707,2645
26076,156,469,507,303,205
26077,312,465,97,403,471
26078,371,217,324,262,210
26079,2088,1048,788,391,496
26080,1874,1511,245,123,135
26081,1371,1336,1567,928,1005
26082,227,612,166,226,200
26083,456,1196,1379,756,731
26084,456,1264,436,436,445
26085,267,862,1639,1071,1079
26086,201,358,1292,619,648
26087,1748,1656,3061,1389,1324
26088,253,84,17,141,143
26089,152,1,34,146,281
26090,184,29,25,499,555
26091,320,118,228,154,153
26092,681,30,481,343,337
26093,725,1483,605,695,897
26094,187,105,15,32,33
26095,343,672,2278,911,953
26096,215,381,1437,643,698
26097,103,49,71,37,42
26098,193,137,101,69,79
26099,1177,3212,3958,2607,3429
26100,463,118,72,77,62
26101,24,1,9,14,15
26102,38,155,30,65,71
26103,2277,2211,3288,1755,1811
26104,1289,202,569,861,1071
26105,1029,217,11,628,488
26106,54,56,1125,938,844
26107,45,80,95,42,60
26108,59,386,239,97,120
26109,378,567,495,577,656
26110,234,362,231,209,163
26111,430,1829,826,305,245
26112,1992,3966,5858,5589,5543
26113,812,4977,1802,3317,3662
26114,458,1478,304,2764,3017
26115,315,1356,2110,1567,1747
26116,1788,702,1339,2392,2421
26117,488,1050,1005,1614,1870
26118,572,154,42,46,38
26119,974,1540,3261,2526,2226
26120,1147,320,21,27,31
26121,4541,1992,4752,4925,4952
26122,434,1527,2309,1566,1090
26123,77,148,175,72,61
26124,1574,5615,876,488,483
26125,654,821,469,1909,1785
26126,961,2191,597,316,306
26127,667,454,890,905,895
26128,7929,6911,3220,3874,4041
26129,1718,150,1106,735,811
26130,1085,108,161,133,140
26131,5,61,9,29,31
26132,47,267,679,502,574
26133,567,232,486,311,433
26134,90,1261,35,243,115
26135,402,114,694,673,566
26136,796,201,21,169,150
26137,1980,213,34,29,70
26138,677,780,152,811,1088
26139,3,11,2,0,0
26140,1,5,2,1,2
26141,262,1451,2406,773,656
26142,96,35,14,1,1
26143,95,54,18,7,5
26144,85,214,714,872,1019
26145,132,19,432,497,454
26146,450,202,2090,1323,1328
26147,413,255,447,138,155
26148,2109,1812,474,510,453
26149,1888,2403,949,4496,4666
26150,2095,1684,1018,818,724
26151,1094,3006,3755,4068,3891
26152,3139,3178,1295,1987,2056
26153,766,764,193,31,23
26154,855,298,228,88,119
26155,4650,1815,1865,1361,1268
26156,865,1037,398,236,171
26157,184,120,238,211,156
26158,80,142,833,302,190
26159,1261,4376,292,2575,2751
26160,3077,1673,901,904,1016
26161,5355,2684,2147,2872,2670
26162,4539,1506,3824,5197,5119
26163,8,526,886,241,203
26164,65,2345,2379,1467,1137
26165,11,280,228,73,74
26166,548,1849,567,486,418
26167,1727,4693,1357,1419,1549
26168,686,1621,448,339,272
26169,2593,3509,1014,1209,938
26170,3176,2850,942,828,779
26171,4942,2652,1616,886,813
26172,1131,3299,2239,565,1022
26173,125,500,670,271,504
26174,136,1485,1219,409,211
26175,12,34,1,0,0
26176,6,74,0,0,0
26177,6,19,0,0,3
26178,26,175,99,69,81
26179,2714,3107,400,357,336
26180,2641,1348,7097,7456,7691
26181,630,193,2353,133,98
26182,90,53,6,0,0
26183,57,79,15,3,3
26184,125,5376,5880,3373,3350
26185,2410,2037,2463,2019,1983
26186,858,1152,1185,4958,5167
26187,1141,2174,3232,3295,3466
26188,3970,2189,995,814,545
26189,438,672,848,386,359
26190,808,435,160,290,257
26191,426,3,5,13,6
26192,149,600,271,153,188
26193,175,275,189,202,211
26194,188,719,660,657,544
26195,537,159,4,37,29
26196,424,905,415,324,288
26197,442,843,595,278,209
26198,191,699,892,778,751
26199,227,139,4017,5430,5230
26200,4792,3560,5285,5082,4795
26201,384,130,3293,4128,3991
26202,400,707,209,856,863
26203,24,132,34,10,18
26204,1250,2510,4796,2817,2642
26205,4074,4140,5658,7005,6808
26206,281,6,84,596,527
26207,287,7,161,1602,1231
26208,404,58,258,395,479
26209,1349,212,1986,2313,2353
26210,1325,99,279,136,167
26211,3196,2679,1360,889,804
26212,1179,1722,1501,697,707
26213,786,2224,4571,4779,4959
26214,374,1760,270,122,89
26215,2683,148,288,283,291
26216,135,99,544,301,159
26217,3010,4046,8433,9106,9109
26218,1780,3225,4474,2553,2263
26219,2279,5688,7288,3801,3561
26220,936,320,1734,1580,1322
26221,2027,714,4317,3528,2897
26222,2830,3303,3029,3596,3712
26223,1748,92,3012,2348,2167
26224,2855,3797,2294,3092,2822
26225,2393,1774,1791,1611,1144
26226,1189,404,1095,1236,1219
26227,532,371,1231,966,903
26228,481,655,2344,1876,1616
26229,5251,3433,1887,3666,3649
26230,6136,3633,3399,4910,5097
26231,7856,8795,8367,8153,8258
26232,84,2,18,20,38
26233,1406,1770,1128,659,505
26234,41,5,9,21,45
26235,2533,5329,3908,5055,4793
26236,5075,2369,2149,3451,2736
26237,4725,8187,8945,8738,8919
26238,1925,2855,1259,528,526
26239,1043,1147,67,223,243
26240,1579,2049,408,954,1098
26241,182,136,343,281,232
26242,148,65,378,284,227
26243,1186,785,2109,546,510
26244,200,540,635,626,600
26245,347,2194,2265,896,921
26246,3827,152,638,2245,2235
26247,3218,1297,285,659,492
26248,376,1841,176,825,390
26249,213,1049,1589,1199,1811
26250,4092,2745,3487,4438,4392
26251,3492,888,866,451,420
26252,3211,1793,1820,1344,1186
26253,1744,3652,1467,2161,2330
26254,1433,1822,1557,1972,1818
26255,3856,4101,3330,3167,4626
26256,134,95,174,43,50
26257,288,459,664,4697,4751
26258,202,127,138,41,42
26259,26,969,137,99,88
26260,682,552,268,171,118
26261,2476,1873,1512,3008,3042
26262,21,150,140,212,260
26263,373,1928,2306,1871,1881
26264,428,884,384,1256,1328
26265,228,612,1260,510,491
26266,283,150,628,524,554
26267,372,1762,186,227,177
26268,1254,764,196,960,1159
26269,123,789,408,232,190
26270,217,499,282,263,210
26271,1283,903,1059,314,299
26272,105,362,1,199,291
26273,77,840,5,135,116
26274,1394,2313,462,1872,1989
26275,1912,2226,673,1690,1995
26276,1634,541,1003,2390,2010
26277,91,636,238,686,718
26278,3005,483,3012,1796,1577
26279,961,686,1789,1299,1284
26280,821,1357,1472,1724,1678
26281,869,2064,689,806,760
26282,2504,3329,2490,2449,2286
26283,441,196,159,50,67
26284,81,82,91,103,104
26285,341,336,379,86,165
26286,109,18,134,206,187
26287,288,535,202,481,340
26288,104,3,37,45,51
26289,3372,4210,6147,5924,5892
26290,240,1139,3555,2218,2563
26291,189,568,2156,1501,1735
26292,612,541,566,126,174
26293,2225,2302,365,608,387
26294,6008,7536,7652,8016,7900
26295,2206,389,209,122,259
26296,1477,274,423,2002,1449
26297,1096,685,193,18,44
26298,205,1599,56,14,20
26299,857,213,199,236,192
26300,294,377,376,521,346
26301,1912,1200,1073,576,602
26302,1621,1629,685,686,617
26303,1414,1548,446,427,389
26304,688,2949,1686,754,665
26305,455,621,453,596,484
26306,330,144,61,42,36
26307,4583,3128,793,2699,2493
26308,3686,2597,993,4102,3686
26309,4806,3845,867,1611,1353
26310,3319,1230,2725,2640,2188
26311,3259,1474,4842,5751,5204
26312,2459,714,2044,1692,1380
26313,923,647,825,1785,1738
26314,1121,73,239,161,154
26315,778,117,151,85,100
26316,132,28,157,94,61
26317,1760,1092,2660,1968,2283
26318,59,58,201,135,96
26319,3967,5899,3038,2335,2150
26320,2454,3183,4571,5494,4816
26321,3717,4950,2888,2680,2634
26322,1980,997,364,1296,1293
26323,894,2701,1334,1988,2272
26324,1069,462,126,1095,1202
26325,310,382,1962,1488,1596
26326,229,1010,1276,1141,1175
26327,1214,169,1746,1516,1648
26328,3022,4583,3196,2914,2288
26329,1115,2864,2100,1312,1330
26330,989,2310,1548,1288,1081
26331,505,445,820,511,495
26332,263,417,147,444,302
26333,1004,400,714,5572,5774
26334,503,483,158,173,174
26335,154,201,193,163,167
26336,83,842,62,92,85
26337,761,908,846,710,867
26338,3432,427,379,1732,1546
26339,782,532,239,504,611
26340,1779,4221,480,281,229
26341,364,1366,813,444,425
26342,411,123,1781,671,613
26343,344,2226,9,2,10
26344,120,689,977,2541,2810
26345,443,848,39,14,28
26346,3321,1668,3550,3834,3823
26347,2292,2529,3514,2927,3917
26348,2181,2017,1428,890,1254
26349,918,98,159,138,120
26350,161,47,33,42,42
26351,98,27,4,8,8
26352,1199,83,794,491,704
26353,384,120,1311,1344,1308
26354,65,247,68,81,39
26355,156,152,203,1489,1679
26356,29,52,103,105,122
26357,125,177,307,330,470
26358,148,199,373,826,779
26359,154,291,618,542,512
26360,863,1627,491,1489,1435
26361,1117,254,209,230,211
26362,812,1831,1231,1047,1202
26363,1224,1775,119,162,153
26364,1792,863,2259,3173,3297
26365,2100,2938,3611,3880,3940
26366,1177,532,1966,2561,2232
26367,427,304,811,721,622
26368,984,398,396,496,609
26369,3646,2163,3494,2580,2421
26370,20,9,12,5,5
26371,315,947,106,300,445
26372,2,7,11,4,0
26373,546,941,1525,1092,1175
26374,22,12,27,37,27
26375,5235,2599,1508,1313,1390
26376,1205,393,465,104,245
26377,764,187,51,16,34
26378,4849,1186,528,3415,3258
26379,810,1150,127,222,210
26380,855,407,1483,772,733
26381,41,227,563,326,375
26382,944,528,256,219,198
26383,2527,2230,990,933,734
26384,1762,1197,1438,1430,1327
26385,32,355,155,39,83
26386,2030,536,3300,2243,2626
26387,489,654,1704,721,1162
26388,50,31,254,294,355
26389,90,16,75,54,78
26390,463,1401,365,422,705
26391,5927,6994,2203,1114,972
26392,138,430,351,2922,2911
26393,270,294,843,1933,1654
26394,963,674,378,819,745
26395,300,52,155,38,38
26396,223,1487,478,471,285
26397,140,631,737,1638,1640
26398,626,1549,491,251,260
26399,202,670,79,54,68
26400,450,5006,3771,1571,1386
26401,667,647,4,5,4
26402,163,262,4,8,5
26403,7972,3843,6172,5247,5638
26404,6027,5738,6725,6570,6438
26405,5359,965,2896,2478,2728
26406,70,401,580,1351,1360
26407,816,24,89,66,97
26408,107,21,89,68,125
26409,3,68,438,320,318
26410,1,39,44,77,60
26411,3,59,305,453,316
26412,836,517,3498,2959,2840
26413,72,34,6,16,15
26414,4939,2012,2049,1643,1674
26415,64,73,377,2391,2158
26416,880,648,462,411,368
26417,288,91,533,1356,1368
26418,930,3745,2704,2478,2300
26419,151,497,273,344,279
26420,218,240,209,200,181
26421,54,1,112,196,237
26422,37,17,3,2,1
26423,29,0,2,0,0
26424,920,65,1843,999,951
26425,945,1071,801,483,463
26426,7150,88,1520,3015,2966
26427,414,343,916,672,681
26428,390,152,995,698,629
26429,421,180,1276,878,894
26430,97,214,1375,983,827
26431,488,811,2429,1416,1206
26432,452,566,832,488,447
26433,573,171,349,401,369
26434,700,173,159,250,279
26435,273,418,286,407,463
26436,65,255,356,232,130
26437,1036,979,775,513,338
26438,83,238,872,803,730
26439,311,430,35,99,85
26440,262,671,25,219,195
26441,477,316,439,1013,930
26442,26,57,12,6,3
26443,14,54,5,6,4
26444,16,17,100,83,95
26445,5448,5732,2995,4162,5194
26446,457,478,976,232,93
26447,631,309,271,76,34
26448,156,10,26,18,6
26449,156,6,34,17,3
26450,929,14,76,20,18
26451,2143,3277,2167,1736,1946
26452,1634,1107,25,13,8
26453,1321,127,3756,2850,3095
26454,600,2748,4479,3572,4420
26455,6152,4525,6378,5030,5132
26456,204,1128,3108,2376,2964
26457,487,30,17,847,844
26458,157,14,1382,751,846
26459,1774,14,5,269,269
26460,1597,1927,1007,3200,2953
26461,538,36,652,159,128
26462,1518,56,930,347,318
26463,382,1029,23,28,14
26464,3218,3402,6741,6441,6758
26465,195,925,43,46,22
26466,900,1585,844,556,625
26467,121,479,1223,1423,1822
26468,398,270,878,1120,1180
26469,344,3093,1714,1428,1372
26470,2903,3174,4515,2718,2817
26471,6148,2850,250,270,261
26472,1215,142,64,532,632
26473,1483,247,1774,1297,1492
26474,865,1514,3470,2925,3215
26475,278,148,2593,2173,2017
26476,4177,3274,2227,1796,2086
26477,183,266,2332,2147,2012
26478,218,1218,2006,2637,2375
26479,357,1866,2122,1152,1230
26480,279,894,2245,1408,1527
26481,3331,3150,4061,4019,4022
26482,1262,3344,3667,2893,3166
26483,2668,1203,843,739,718
26484,472,2735,475,666,474
26485,886,1718,1329,1732,1341
26486,429,1357,198,204,130
26487,8050,5702,4785,6161,6002
26488,6433,5829,6199,5215,5188
26489,5819,5155,4348,5118,5082
26490,376,31,36,111,73
26491,334,120,22,89,57
26492,456,388,19,19,17
26493,204,26,531,1401,1321
26494,698,11,44,121,87
26495,181,1175,5876,6742,6604
26496,32,1984,350,6,10
26497,51,1527,1947,4879,4458
26498,243,941,100,1,2
26499,241,127,100,1256,1531
26500,36,213,163,403,435
26501,181,159,318,1614,1896
26502,120,146,625,725,936
26503,96,88,898,1249,1042
26504,82,152,672,1198,1421
26505,43,74,11,32,28
26506,61,17,354,446,466
26507,223,12,5,28,13
26508,1072,46,341,218,209
26509,5001,4783,5817,5245,5326
26510,649,29,314,131,188
26511,3,864,656,499,543
26512,177,225,422,383,383
26513,23,116,493,399,388
26514,1735,1151,765,681,686
26515,2245,1768,1192,1106,1089
26516,2656,642,306,432,477
26517,256,88,93,194,144
26518,765,299,196,578,546
26519,600,302,67,434,345
26520,1248,1678,2446,2994,2872
26521,1411,3271,2056,2324,1836
26522,3432,5861,3429,4477,4023
26523,3250,724,1033,977,719
26524,4692,7168,5895,5138,5349
26525,752,412,917,758,727
26526,80,618,664,1409,1225
26527,5575,2275,2349,2672,3396
26528,1235,2520,1962,2081,1899
26529,680,968,1226,649,728
26530,829,982,230,148,266
26531,30,187,48,34,58
26532,1230,833,305,164,217
26533,666,878,773,746,802
26534,141,4,91,43,54
26535,4100,7422,5365,5572,5394
26536,2422,4529,6320,5348,5467
26537,2023,4915,4667,3606,3652
26538,3289,3097,1305,1458,1180
26539,2532,2320,447,558,359
26540,1802,1087,595,607,547
26541,410,433,62,127,106
26542,85,1458,44,80,75
26543,128,879,140,345,293
26544,4,0,0,3,3
26545,3,1,0,0,0
26546,8,1,0,0,0
26547,1350,1259,3052,1627,1670
26548,870,1056,1821,1104,1004
26549,1723,1297,2477,1129,1153
26550,572,709,250,1561,1739
26551,204,496,387,262,270
26552,217,308,720,284,333
26553,690,794,241,299,339
26554,1305,1200,771,1016,779
26555,521,541,93,109,115
26556,43,597,584,1185,1475
26557,295,1254,90,59,55
26558,30,58,137,46,49
26559,598,1128,976,372,375
26560,585,1004,759,502,446
26561,1079,1141,568,242,239
26562,228,391,155,94,125
26563,28,153,22,18,9
26564,31,73,8,3,1
26565,4446,2243,4500,2917,3218
26566,1832,4689,4266,7034,6875
26567,1773,1876,2318,2440,2711
26568,974,591,1123,2579,2876
26569,852,468,818,2145,2062
26570,1639,860,2415,3006,3358
26571,470,996,665,366,312
26572,2717,1447,1440,1277,1487
26573,588,1623,906,424,416
26574,202,117,148,749,599
26575,362,332,866,784,562
26576,208,42,111,585,628
26577,1868,8464,7691,8194,7691
26578,133,105,79,166,151
26579,38,120,44,102,87
26580,1918,57,49,69,96
26581,1792,452,554,510,437
26582,81,9,106,67,83
26583,3013,2176,1274,4772,4482
26584,1319,3909,3186,3797,3680
26585,2066,2371,1438,4704,4315
26586,354,2874,3019,1202,1202
26587,462,530,1886,1208,1379
26588,328,460,799,811,1062
26589,615,173,280,442,450
26590,598,191,26,28,32
26591,472,104,98,41,41
26592,2226,322,41,1071,998
26593,1339,2977,3711,4478,4621
26594,1339,171,12,377,357
26595,3725,2669,6998,8717,8951
26596,43,302,206,35,27
26597,331,153,246,45,39
26598,25,1420,1472,3266,3294
26599,668,290,1506,3633,3754
26600,39,1522,874,2472,2588
26601,441,32,219,1168,1027
26602,200,591,821,2566,2330
26603,183,21,459,1466,1438
26604,48,347,939,1015,987
26605,27,127,410,517,501
26606,2929,2869,2043,2199,2270
26607,1058,2246,4971,4494,4375
26608,2249,5351,2734,4088,4408
26609,3709,4784,3045,3850,4376
26610,1328,1107,258,467,223
26611,324,87,156,319,281
26612,668,162,157,245,245
26613,600,480,781,321,352
26614,1956,1248,2857,3290,3008
26615,1361,1853,507,321,280
26616,400,230,478,376,342
26617,363,193,666,500,511
26618,3435,4832,5541,5117,4818
26619,1425,810,663,522,474
26620,166,9,1179,921,834
26621,83,742,2303,2497,2244
26622,6,29,136,85,133
26623,13,104,69,31,61
26624,400,10,445,83,66
26625,147,45,42,107,70
26626,5596,6005,4329,4499,4370
26627,198,58,71,153,96
26628,341,517,144,32,20
26629,81,22,206,980,1055
26630,96,44,620,189,134
26631,657,924,3241,2405,2208
26632,4146,1475,540,1279,1204
26633,1261,506,1123,3230,3195
26634,177,296,399,363,322
26635,334,331,1357,87,79
26636,262,685,864,3580,3790
26637,718,1919,3969,3640,2886
26638,548,631,472,193,275
26639,3576,3982,998,394,477
26640,274,634,274,1173,1258
26641,1248,1429,609,509,496
26642,3171,741,726,629,691
26643,116,769,1064,683,554
26644,714,1168,1390,1028,916
26645,406,759,540,551,468
26646,1531,860,759,443,384
26647,2029,576,918,557,468
26648,407,1933,645,483,471
26649,2305,2036,2368,3355,2979
26650,1046,79,61,37,130
26651,700,36,6,57,161
26652,1035,1281,1321,829,1056
26653,1326,1086,1910,1128,1288
26654,5120,3294,3714,3650,4134
26655,389,253,39,27,13
26656,675,507,401,411,392
26657,327,148,26,10,16
26658,333,38,709,470,497
26659,587,42,1412,545,559
26660,437,642,918,551,578
26661,586,491,1102,1737,1591
26662,371,244,755,506,456
26663,83,47,342,299,189
26664,190,2064,1782,802,776
26665,1497,1141,1892,1490,1553
26666,66,893,672,351,441
26667,140,99,39,168,125
26668,1116,87,24,155,133
26669,138,728,1121,693,745
26670,53,83,368,288,290
26671,377,921,1435,1486,1642
26672,144,253,339,205,206
26673,2594,3115,143,177,210
26674,331,182,201,32,40
26675,638,5658,5136,6353,6129
26676,17,161,1482,640,642
26677,17,143,1464,490,685
26678,593,4397,1632,2508,1699
26679,496,1810,301,629,940
26680,1205,147,864,663,620
26681,273,179,419,847,1006
26682,2335,4081,1813,2350,2405
26683,1864,2036,2042,2026,1781
26684,597,2826,767,384,187
26685,84,90,76,38,38
26686,4091,8973,9211,8761,8577
26687,17,47,63,39,34
26688,1,13,13,18,17
26689,3,75,43,87,142
26690,268,3380,4499,2905,2448
26691,198,351,1045,483,380
26692,444,472,681,1642,1139
26693,861,256,562,1064,828
26694,0,14,14,8,7
26695,20,62,18,8,9
26696,1008,1198,3126,3798,3113
26697,2,136,47,1083,926
26698,3015,3831,652,1726,1951
26699,313,3669,1122,1018,1050
26700,2146,522,1015,1157,1142
26701,3487,641,356,375,435
26702,1668,62,1247,227,242
26703,1076,1692,378,555,423
26704,2543,387,3838,2599,1988
26705,1779,962,880,2113,1783
26706,7067,2899,2663,3140,3358
26707,935,4261,3590,5104,5532
26708,186,1864,878,1412,1261
26709,180,525,738,770,579
26710,548,1545,731,699,527
26711,158,1164,3250,3969,4088
26712,811,126,210,344,317
26713,4109,1660,2653,2400,2540
26714,421,188,164,346,307
26715,318,4872,1805,1769,1533
26716,214,2239,1940,2411,2425
26717,953,160,1002,1160,1365
26718,3227,1917,511,570,704
26719,2,61,160,217,213
26720,3,35,111,190,183
26721,74,812,286,709,853
26722,136,559,83,342,399
26723,250,686,2671,712,905
26724,32,990,319,429,375
26725,4291,3869,1924,4510,5033
26726,77,2987,672,572,492
26727,1633,1316,3438,3017,2935
26728,1551,1484,1905,1728,1792
26729,3125,1483,4019,2360,2324
26730,4507,5676,6372,6461,6639
26731,169,1332,73,169,305
26732,498,2042,59,79,129
26733,976,733,3159,1873,2039
26734,1286,1626,2410,1638,1746
26735,1060,2327,2915,1387,1458
26736,24,1,3,1,0
26737,1189,112,982,1081,1612
26738,52,2,6,1,3
26739,1436,3196,1826,1586,1605
26740,4691,3731,1689,2314,2276
26741,2605,3550,1225,1885,1918
26742,426,401,763,492,520
26743,628,384,340,817,761
26744,268,224,121,780,795
26745,2800,5050,3527,4052,4122
26746,620,407,2133,2550,2674
26747,828,218,5103,5543,6091
26748,613,396,466,271,265
26749,1665,713,159,49,55
26750,647,326,157,280,342
26751,2349,1001,549,181,174
26752,203,298,116,20,24
26753,203,949,113,163,226
26754,1599,499,1375,1451,1551
26755,1190,931,2910,3392,3705
26756,593,1922,3174,5053,4560
26757,3184,3762,2518,2982,2369
26758,3425,5772,4686,4733,3780
26759,2768,6261,5708,5808,5899
26760,21,6,25,20,7
26761,38,12,36,63,40
26762,203,5,42,32,9
26763,533,475,680,478,394
26764,1280,140,177,857,906
26765,528,369,286,421,292
26766,120,182,122,216,231
26767,182,397,280,420,433
26768,51,237,667,1142,1438
26769,107,1301,2613,2905,3509
26770,215,78,127,122,171
26771,107,23,51,29,33
26772,150,491,57,334,590
26773,3039,2681,1848,1830,2467
26774,180,1341,93,227,499
26775,64,46,290,273,214
26776,0,154,1428,662,730
26777,173,153,494,571,731
26778,32,83,612,266,367
26779,1290,36,266,186,150
26780,2,8,12,13,14
26781,2516,3649,150,58,48
26782,172,123,206,963,956
26783,63,91,273,355,272
26784,76,3,35,11,18
26785,65,92,125,179,112
26786,230,726,269,104,134
26787,475,70,178,116,230
26788,341,41,97,53,84
26789,926,1168,1429,1408,1184
26790,723,318,474,521,367
26791,499,369,1235,569,588
26792,2507,1014,2433,1261,1347
26793,1021,798,857,579,622
26794,1271,715,1698,1062,1015
26795,2355,342,722,483,510
26796,1143,2109,328,580,477
26797,215,236,128,162,206
26798,527,183,307,360,345
26799,158,471,840,445,555
26800,301,350,69,467,535
26801,309,482,871,651,725
26802,2665,2059,697,352,410
26803,45,181,22,538,624
26804,145,993,726,1509,1159
26805,2551,7759,3114,3359,3955
26806,3253,748,1290,1801,1908
26807,433,184,1004,1776,1425
26808,253,88,8,5,4
26809,196,107,18,16,17
26810,303,356,399,123,180
26811,792,4261,5957,3235,3709
26812,1950,57,1613,4537,4636
26813,941,130,1227,1267,1303
26814,121,113,58,270,181
26815,1601,459,75,55,53
26816,3936,2191,3444,3085,3368
26817,261,535,609,893,780
26818,320,68,813,746,875
26819,51,4,612,1165,999
26820,2480,2179,3085,3599,3536
26821,2193,1989,2587,2487,2699
26822,1711,3449,2477,2048,1954
26823,1812,6468,7768,6736,6499
26824,2211,2952,893,886,914
26825,358,1941,2196,2567,2692
26826,5621,934,1194,851,704
26827,4530,2747,2363,3899,3316
26828,6317,897,409,279,242
26829,98,1418,258,55,52
26830,59,508,51,9,10
26831,175,720,163,52,55
26832,472,137,365,314,318
26833,479,1064,197,88,102
26834,362,337,376,192,238
26835,508,1784,130,282,280
26836,4012,2858,5667,6454,6442
26837,607,1717,92,216,187
26838,389,389,1156,934,651
26839,6081,376,3709,2140,1504
26840,1112,398,488,247,173
26841,2039,2901,649,743,728
26842,901,2812,1357,1567,1561
26843,464,3187,2485,2328,2752
26844,2693,3103,5318,706,798
26845,1055,2821,1539,2500,2413
26846,1368,4562,3248,5178,4863
26847,337,11,34,33,29
26848,540,261,263,501,360
26849,83,8,1123,1307,1209
26850,1109,488,749,1573,1719
26851,124,636,661,637,604
26852,156,476,659,501,449
26853,6216,2137,110,40,24
26854,4990,3464,1154,1319,1395
26855,4386,2959,453,160,84
26856,3465,2950,1934,1447,1230
26857,546,258,2340,361,343
26858,1394,873,3157,3457,3450
26859,189,59,435,238,263
26860,1983,53,30,254,307
26861,1555,2293,3639,4191,4841
26862,30,2,17,400,363
26863,213,86,496,654,609
26864,63,86,222,119,141
26865,481,242,2229,4943,5000
26866,1086,2249,2579,3151,2969
26867,2051,558,3181,6244,6379
26868,1020,746,233,133,214
26869,1008,601,56,13,32
26870,423,1329,489,359,290
26871,10,43,961,196,226
26872,4,43,343,1853,2117
26873,66,1987,454,1441,1568
26874,1242,1337,510,404,497
26875,728,629,53,53,31
26876,1306,353,490,441,531
26877,118,53,162,144,105
26878,89,115,250,284,223
26879,849,248,878,1761,1399
26880,1578,178,37,19,9
26881,72,245,13,10,0
26882,57,601,210,523,418
26883,1554,2290,1138,2115,2050
26884,2768,1588,1290,377,435
26885,3334,3014,3201,1069,1362
26886,5477,3343,366,96,71
26887,1406,285,2115,4765,4612
26888,922,365,556,223,151
26889,379,474,577,375,416
26890,2855,2228,3801,3421,3369
26891,372,310,673,286,360
26892,733,3750,2583,1750,1491
26893,1039,847,950,640,845
26894,883,4694,3507,2292,1997
26895,963,574,438,315,343
26896,56,648,66,21,23
26897,17,418,209,75,75
26898,75,203,384,203,195
26899,69,45,152,57,78
26900,664,2058,845,307,256
26901,1960,2461,3546,1589,1690
26902,532,1234,273,1322,949
26903,550,1155,281,789,813
26904,3603,5509,6093,5637,5654
26905,1219,75,46,43,32
26906,1391,47,236,215,145
26907,591,1358,975,734,663
26908,130,146,384,186,231
26909,1223,1121,2163,2821,2449
26910,10,129,102,37,33
26911,12,246,141,101,88
26912,353,93,150,206,183
26913,395,713,62,175,243
26914,390,584,663,509,442
26915,480,876,43,111,142
26916,5120,7139,5681,6626,6738
26917,12,73,284,189,177
26918,301,1381,86,96,131
26919,303,1456,764,993,1328
26920,579,30,16,48,87
26921,270,51,105,104,158
26922,2539,1200,5242,3266,3156
26923,4734,1561,4653,2514,2403
26924,4088,3560,6221,4991,5072
26925,455,862,340,532,372
26926,3347,2399,739,860,649
26927,1547,4453,4577,3907,3226
26928,711,286,371,483,480
26929,1060,307,1387,925,921
26930,488,135,2007,1760,1556
26931,5,21,55,782,872
26932,3,76,68,697,839
26933,1495,2459,818,968,978
26934,89,460,1141,686,470
26935,67,147,197,127,178
26936,235,151,268,129,167
26937,262,155,212,277,302
26938,212,2022,4312,5326,5443
26939,1606,4986,832,1211,1290
26940,2273,412,764,117,136
26941,1970,1244,2491,2307,2480
26942,2342,2597,55,9,12
26943,533,1517,1079,376,641
26944,3582,1009,180,123,77
26945,582,750,128,82,61
26946,5,154,10,11,7
26947,586,288,29,14,11
26948,17,1055,1573,1313,1596
26949,430,56,86,127,139
26950,159,83,20,12,6
26951,24,24,214,105,110
26952,728,546,415,283,197
26953,55,345,468,316,231
26954,21,525,1450,777,689
26955,73,209,41,50,66
26956,576,558,64,87,142
26957,4871,4540,4861,4910,5098
26958,154,65,203,345,291
26959,103,52,68,98,97
26960,202,35,1255,748,911
26961,2016,1518,459,852,558
26962,2078,1986,495,892,548
26963,3047,1740,1962,1428,1675
26964,13,326,130,106,137
26965,369,136,103,69,65
26966,414,112,157,47,31
26967,12,808,702,353,421
26968,21,445,1273,640,788
26969,933,1001,412,296,270
26970,3358,864,2421,2463,2112
26971,7274,8365,7734,7252,7224
26972,4294,768,4379,3487,4089
26973,799,920,1883,1284,916
26974,798,872,1590,1051,826
26975,1112,1041,812,1152,1171
26976,732,330,241,1098,1166
26977,216,920,750,2634,2290
26978,312,563,237,1030,977
26979,2242,1415,997,1578,1968
26980,841,462,373,539,686
26981,3915,4890,7004,7522,7376
26982,946,235,215,371,288
26983,2774,179,377,432,357
26984,1636,102,398,183,155
26985,62,165,270,120,149
26986,187,2004,2386,1524,1463
26987,242,746,1107,455,554
26988,10,12,17,1,1
26989,1042,483,185,67,96
26990,950,857,3664,6841,6722
26991,1983,2305,1356,782,901
26992,1112,4571,4964,4755,4618
26993,1504,2373,714,332,392
26994,156,361,179,237,317
26995,403,465,239,541,614
26996,2017,2828,3165,3723,3518
26997,2322,2368,432,474,417
26998,2486,3100,1209,1049,1044
26999,4417,5856,3791,2550,2331
27000,10,409,78,110,98
27001,10,54,0,27,36
27002,5,50,0,4,5
27003,1740,5889,5458,5034,5968
27004,463,4390,4696,3842,4811
27005,461,2986,2465,2332,2549
27006,1738,2526,3012,4696,4912
27007,3474,2437,2084,1158,954
27008,4011,1491,470,338,287
27009,2555,2548,1293,2083,2182
27010,4650,4336,1534,852,837
27011,658,1958,391,1051,1098
27012,243,158,1086,3558,3071
27013,2494,239,3128,1216,1604
27014,390,672,773,2172,2059
27015,6475,4232,3750,2221,1539
27016,953,1499,438,248,268
27017,365,914,577,308,382
27018,4212,1331,1512,1339,1188
27019,5187,1029,1570,1689,1540
27020,4861,1495,2438,2755,2963
27021,185,134,106,232,209
27022,243,239,11,17,17
27023,147,109,33,40,39
27024,45,2383,1168,1057,1107
27025,44,675,1641,959,1114
27026,396,691,1273,1163,1074
27027,2080,486,934,1619,1398
27028,499,267,165,222,133
27029,3684,5294,7157,7421,7563
27030,52,42,46,191,169
27031,21,154,526,482,367
27032,66,9,11,99,100
27033,61,794,272,431,370
27034,105,846,437,944,924
27035,1948,471,1291,884,772
27036,1941,5504,2787,7508,7420
27037,2457,4622,1782,1669,1795
27038,1522,3933,1119,1364,1512
27039,10,114,30,20,29
27040,1306,759,519,799,718
27041,15,64,49,22,31
27042,546,78,69,70,64
27043,132,107,110,123,150
27044,302,1720,1803,1403,1415
27045,2748,4027,873,246,196
27046,322,1420,779,2043,2004
27047,4873,2254,1199,757,493
27048,148,35,580,780,727
27049,112,1354,1171,761,703
27050,262,16,486,313,319
27051,419,1,44,23,17
27052,3847,2546,2098,2039,2256
27053,647,1,67,30,22
27054,40,53,187,75,75
27055,6152,5035,4940,7605,7702
27056,95,411,1081,477,468
27057,280,1,16,79,103
27058,833,649,2239,2069,2273
27059,64,3,0,14,26
27060,1422,108,3402,3260,3334
27061,129,55,833,521,464
27062,655,56,690,436,442
27063,1866,92,1175,1466,1154
27064,3248,551,2697,2618,2567
27065,4475,195,1447,1845,1663
27066,319,181,437,570,620
27067,1268,117,1040,1615,1629
27068,1168,2212,2985,3738,4269
27069,1350,724,134,73,77
27070,267,1161,206,104,132
27071,96,377,69,50,46
27072,4621,1771,1365,1610,1743
27073,5186,2720,1522,1986,2253
27074,3570,3905,3607,3503,3594
27075,1001,776,35,330,354
27076,2334,1362,1893,1486,1625
27077,2410,1557,51,297,324
27078,5,69,8,6,5
27079,58,41,0,1,0
27080,29,10,17,10,11
27081,65,199,105,660,863
27082,29,38,162,561,681
27083,25,38,66,654,714
27084,1055,570,877,1968,1577
27085,1472,4084,3101,2597,2258
27086,535,511,615,1158,1323
27087,1349,591,826,2033,1682
27088,3363,904,747,1598,1237
27089,1775,6434,8088,7767,7462
27090,2219,77,930,1187,1219
27091,7286,4188,3465,2338,2436
27092,795,138,1367,1669,1883
27093,2031,4933,5875,5795,5845
27094,12,24,1082,1199,1241
27095,1871,4925,3611,3400,3569
27096,2259,701,2716,2401,2762
27097,6384,2183,7730,7632,7259
27098,1854,361,690,648,784
27099,11,33,1170,883,1219
27100,9107,7052,3604,3506,3819
27101,26,39,897,766,951
27102,590,2407,652,227,229
27103,196,472,219,537,494
27104,70,653,917,914,985
27105,238,448,301,250,242
27106,221,414,228,243,269
27107,1872,743,226,463,449
27108,7936,8531,7249,6579,7098
27109,77,61,1423,1195,980
27110,189,47,266,157,145
27111,167,237,509,169,156
27112,196,74,885,427,420
27113,211,237,983,523,581
27114,992,1091,700,177,147
27115,278,391,55,71,74
27116,494,540,58,84,81
27117,8119,6167,5219,4915,5132
27118,60,170,202,191,152
27119,193,251,473,348,288
27120,851,126,15,10,7
27121,1953,2729,2078,1686,1896
27122,504,350,15,8,9
27123,259,172,6,241,205
27124,397,739,309,240,314
27125,225,133,3,178,220
27126,1387,643,63,186,254
27127,6,47,341,389,363
27128,3386,449,64,176,222
27129,179,16,12,96,90
27130,365,168,285,326,491
27131,1917,370,299,512,450
27132,3,415,750,757,632
27133,1247,883,298,185,215
27134,2,291,218,136,145
27135,699,741,541,536,560
27136,829,1097,279,264,328
27137,312,1520,3248,1908,1377
27138,9086,8924,5192,8308,8413
27139,1285,3620,3848,3700,3923
27140,1327,3324,2364,2834,2938
27141,2075,518,831,254,493
27142,4370,4610,2986,1539,1712
27143,585,439,156,53,84
27144,103,19,273,552,471
27145,324,646,833,416,356
27146,150,47,618,585,539
27147,526,1199,586,1316,1235
27148,206,102,124,314,234
27149,136,120,271,114,101
27150,62,1055,1127,885,799
27151,4478,436,3813,1915,2512
27152,3126,493,2025,1534,1286
27153,1475,1918,2309,2556,2250
27154,138,570,506,573,653
27155,79,1928,3453,2421,2834
27156,683,215,933,1068,1150
27157,3,18,187,412,446
27158,7949,2103,2175,2437,2471
27159,2190,740,1251,1142,910
27160,3097,2381,1049,1411,1205
27161,1101,1024,2780,2819,2157
27162,4224,8431,6221,8236,8564
27163,3814,2666,2623,1246,1296
27164,1673,1665,2237,755,820
27165,6587,5412,4219,4576,4445
27166,39,981,94,88,96
27167,712,2247,3312,3698,3817
27168,608,1245,1453,1519,1294
27169,1495,6810,6144,5842,6237
27170,700,3029,3408,3474,3173
27171,265,239,38,29,26
27172,510,1490,4121,5150,5471
27173,588,424,365,62,61
27174,1991,5938,6670,7618,7588
27175,1012,2338,3015,3339,3350
27176,5060,8135,5393,6160,6522
27177,668,830,5759,2698,2766
27178,728,365,405,623,638
27179,2613,233,332,720,693
27180,35,1,5,9,10
27181,80,3,1,13,13
27182,6643,5573,7204,7677,7347
27183,242,778,340,269,143
27184,2007,1851,3510,4099,4093
27185,245,699,200,132,128
27186,4,8,296,110,108
27187,1,1,1,0,0
27188,1,2,0,0,0
27189,787,626,511,456,322
27190,1364,2313,2746,2022,1663
27191,6975,4313,3867,3816,3867
27192,53,88,48,60,72
27193,2114,1644,100,87,81
27194,100,620,1218,924,1260
27195,885,1669,573,201,172
27196,1442,2958,1326,1425,1321
27197,3536,1722,149,23,18
27198,189,10,6,574,638
27199,2420,48,5213,1274,1743
27200,78,113,12,474,456
27201,161,479,899,591,626
27202,359,990,1628,1086,1118
27203,8900,8113,6421,7177,7096
27204,114,174,444,642,675
27205,704,7,65,502,485
27206,85,21,343,963,686
27207,6202,6414,6906,5765,5626
27208,54,14,1,1,1
27209,48,16,1,1,1
27210,1235,1233,1427,500,555
27211,178,273,627,745,693
27212,339,576,633,184,214
27213,114,85,72,41,65
27214,85,298,198,101,126
27215,889,1953,1974,1042,948
27216,796,2858,1609,1354,1439
27217,1120,1176,2252,987,626
27218,93,1410,786,932,940
27219,525,74,48,4,4
27220,769,3293,1615,1930,2073
27221,729,72,307,14,10
27222,46,127,192,50,57
27223,98,1014,263,59,84
27224,63,52,62,14,17
27225,2882,108,2499,1798,1773
27226,257,419,802,223,304
27227,68,33,368,39,46
27228,903,418,388,332,365
27229,574,457,377,682,781
27230,498,236,610,860,873
27231,4,2,1,63,76
27232,7,4,4,51,67
27233,3130,2192,574,934,1034
27234,383,1480,581,261,519
27235,477,1657,1720,1750,2032
27236,801,508,696,523,845
27237,499,63,2417,1858,1912
27238,1350,1347,1035,1301,1191
27239,1053,1816,3359,3271,3336
27240,1409,156,19,42,68
27241,171,81,30,8,17
27242,121,96,19,13,15
27243,1399,771,551,538,426
27244,109,136,26,21,29
27245,109,181,14,12,18
27246,7164,5495,7867,7003,7049
27247,706,1338,2877,2505,2505
27248,798,1214,4373,4244,4984
27249,2884,1837,2552,2413,2463
27250,7234,2387,6312,6117,5829
27251,4969,4346,1279,1627,1504
27252,694,406,1272,1005,958
27253,515,548,548,445,347
27254,695,515,335,279,274
27255,2536,28,7,1,5
27256,1979,16,1,0,1
27257,2226,2804,3774,5574,5043
27258,202,68,706,431,542
27259,1352,2929,7695,8063,8169
27260,239,58,303,243,271
27261,3627,704,1530,2231,1805
27262,146,211,862,1504,1583
27263,229,287,409,646,571
27264,220,753,1157,1430,1309
27265,125,287,591,565,515
27266,283,723,2933,3099,3252
27267,1990,2115,724,1140,1225
27268,1502,69,853,129,122
27269,1871,30,717,151,137
27270,3966,3218,4919,3718,2765
27271,252,836,296,248,321
27272,785,3608,1341,1117,1125
27273,86,413,454,457,584
27274,3223,1491,3233,2565,3378
27275,3005,850,417,434,638
27276,5430,2399,2657,1797,1927
27277,2370,2697,1990,1595,1742
27278,1338,1304,2419,1544,1302
27279,52,63,277,287,300
27280,31,105,11,6,1
27281,34,94,9,5,1
27282,3869,1176,1058,1386,1568
27283,2810,2713,8448,8093,7928
27284,1271,3889,1402,1829,2075
27285,790,1173,2807,2845,2689
27286,556,401,51,31,54
27287,744,442,22,15,19
27288,2011,6689,5776,1930,1502
27289,893,452,433,369,311
27290,1674,2676,772,2829,3575
27291,75,16,57,20,32
27292,24,8,25,37,36
27293,1728,5642,5101,4461,4907
27294,1463,3964,2447,2498,2394
27295,559,1530,1261,1625,1590
27296,305,1228,1232,2083,2007
27297,1539,857,756,609,533
27298,834,1070,3229,2711,3054
27299,1263,2844,1678,936,738
27300,149,221,35,679,654
27301,316,2036,3456,4790,4943
27302,86,47,17,389,370
27303,653,3314,1531,1309,1353
27304,331,586,1506,1810,1677
27305,589,581,2141,2609,2689
27306,94,276,461,668,638
27307,3436,2594,474,657,597
27308,171,171,1893,1954,1880
27309,15,60,23,20,17
27310,38,56,35,34,40
27311,90,21,32,12,17
27312,4520,2222,6649,6206,6671
27313,2579,5001,5936,6821,6620
27314,824,1662,4112,3961,3849
27315,215,433,428,320,271
27316,441,32,334,377,287
27317,150,259,209,507,475
27318,62,168,161,40,76
27319,109,124,144,68,90
27320,107,168,146,106,105
27321,1747,543,1591,1744,1725
27322,208,1,402,235,321
27323,383,1,46,47,54
27324,32,1,534,522,772
27325,39,3,536,91,84
27326,4916,3578,657,804,735
27327,944,467,1582,2316,2576
27328,558,795,26,54,35
27329,118,136,17,33,19
27330,2795,867,82,52,71
27331,6174,4285,1906,4973,4768
27332,3414,1402,92,43,48
27333,2087,1828,610,857,890
27334,605,1151,138,327,343
27335,686,632,30,120,116
27336,59,115,1369,2986,2813
27337,1269,2421,2480,1613,2080
27338,3562,6108,3234,2368,2376
27339,435,523,998,744,817
27340,413,690,2147,1251,1267
27341,3157,4414,1659,2088,2292
27342,546,184,1158,2165,2037
27343,4611,996,6128,5375,5769
27344,690,98,442,864,764
27345,1180,4445,1923,2265,2668
27346,800,1706,1626,1099,1346
27347,2416,1215,2483,1479,1980
27348,134,10,18,92,77
27349,8,50,40,3,26
27350,764,170,947,787,632
27351,1328,315,967,1269,1336
27352,5060,6949,5479,4966,5428
27353,1331,840,2209,1950,2244
27354,49,537,1724,2625,2428
27355,18,648,1473,1141,1138
27356,823,496,878,1334,1305
27357,3829,2820,1214,3393,3436
27358,3545,4584,1778,2457,2691
27359,103,3318,3273,3066,3133
27360,947,392,248,265,253
27361,1447,262,654,1562,1187
27362,1455,417,680,1265,1491
27363,8419,9190,8636,9142,9107
27364,1873,161,23,1,1
27365,1549,348,14,4,5
27366,436,68,454,70,59
27367,97,128,27,24,23
27368,455,736,995,1679,1786
27369,34,3,283,110,104
27370,360,486,673,606,653
27371,14,3,464,165,149
27372,298,252,55,1307,1286
27373,2118,2382,1821,3240,2938
27374,286,677,244,1522,1523
27375,70,1255,458,506,681
27376,2800,1944,1955,1935,1530
27377,1538,893,374,410,275
27378,616,1334,570,333,300
27379,609,16,442,1200,1227
27380,507,1387,850,1245,1360
27381,4431,3983,1921,2991,3321
27382,286,2641,1506,1297,1027
27383,72,937,891,441,410
27384,29,77,2,0,0
27385,2694,2492,277,89,111
27386,440,310,793,768,672
27387,4030,6093,2568,3216,2648
27388,2525,2548,870,1166,1077
27389,2115,2186,4058,3193,3286
27390,94,58,27,42,82
27391,16,328,106,1173,1178
27392,20,209,153,204,314
27393,561,1123,1657,794,953
27394,2177,899,1210,585,822
27395,617,1245,2170,1393,1646
27396,207,474,54,918,938
27397,424,1015,3124,2459,2461
27398,929,256,1187,1195,1294
27399,1127,965,15,2050,2025
27400,95,436,146,168,128
27401,117,651,14,287,310
27402,1564,319,63,32,25
27403,2967,5718,7212,6230,6336
27404,4164,644,297,135,106
27405,83,248,50,25,17
27406,61,878,355,166,186
27407,667,981,167,45,23
27408,10,20,16,3148,2818
27409,5,1237,2698,1943,1909
27410,848,414,305,1034,1012
27411,5,757,1241,1128,1169
27412,984,824,1651,1021,912
27413,6,287,2837,632,496
27414,26,79,0,0,1
27415,1084,784,1155,2495,2587
27416,331,922,3832,3983,4190
27417,372,39,312,730,745
27418,16,890,711,1377,1367
27419,34,93,491,1418,1485
27420,41,337,2,0,0
27421,65,133,12,0,0
27422,231,33,12,25,17
27423,955,2770,1788,1295,1468
27424,1651,65,1716,1147,763
27425,1761,42,1193,1048,763
27426,303,813,4334,2748,2898
27427,2656,2406,1545,922,1045
27428,272,255,2775,2364,1927
27429,1076,1621,2944,2387,2571
27430,645,1975,1731,1200,1030
27431,716,1581,1671,1354,1203
27432,919,555,2175,1637,1505
27433,608,711,1307,1569,1488
27434,433,137,38,71,49
27435,10,224,2,5,6
27436,40,884,890,762,502
27437,29,79,3,4,6
27438,808,783,2278,3528,3336
27439,676,441,1126,1236,1124
27440,11,72,100,69,68
27441,7261,7260,399,309,234
27442,442,1640,1364,879,704
27443,2122,3307,1252,1359,1396
27444,71,28,373,909,931
27445,2726,707,518,1118,1156
27446,923,39,399,614,545
27447,574,27,8,257,274
27448,1069,1220,1422,1118,1166
27449,583,90,24,713,770
27450,407,1696,1289,3031,2469
27451,1301,4996,5039,6684,6995
27452,828,3282,1000,2122,1676
27453,1032,1885,798,444,525
27454,2209,3023,154,76,61
27455,1469,2430,169,96,66
27456,19,32,332,242,288
27457,176,44,176,175,280
27458,20,40,258,228,304
27459,927,198,122,105,88
27460,263,342,13,8,11
27461,569,151,11,11,14
27462,340,514,2,11,17
27463,86,265,21,15,19
27464,96,344,430,656,668
27465,77,249,225,150,131
27466,139,376,183,246,220
27467,5971,5988,4946,4399,4571
27468,73,18,119,575,548
27469,346,40,348,964,981
27470,143,107,605,617,720
27471,430,13,145,54,46
27472,131,207,381,5882,6051
27473,46,42,197,100,67
27474,17,245,520,375,365
27475,52,376,190,225,300
27476,24,209,434,276,201
27477,91,156,49,286,265
27478,2779,3391,5188,6000,6497
27479,134,39,40,356,380
27480,530,144,184,33,31
27481,534,1577,337,44,57
27482,128,119,551,199,223
27483,4205,2740,6580,5487,5629
27484,4770,1153,6346,6873,6489
27485,3933,2423,6206,5989,5525
27486,572,1542,897,508,668
27487,76,574,167,133,158
27488,140,198,190,137,163
27489,33,33,92,149,167
27490,177,29,82,57,104
27491,37,20,133,187,221
27492,2338,335,2036,1422,1659
27493,751,400,1897,1671,1912
27494,2287,377,97,206,182
27495,1246,455,468,993,1035
27496,3713,2955,4898,3413,4338
27497,549,2810,1889,2544,2189
27498,503,796,3032,3039,3082
27499,370,693,1145,1291,1341
27500,6180,2641,5949,5980,5115
27501,308,150,14,41,61
27502,27,228,417,361,369
27503,20,225,21,51,77
27504,2183,1656,17,23,17
27505,306,296,80,168,153
27506,3219,2942,62,87,74
27507,1317,333,1296,574,583
27508,3140,7322,2879,1564,1576
27509,1134,125,1400,411,441
27510,1626,3283,80,926,1230
27511,2198,1870,154,263,261
27512,431,1908,1414,1245,1468
27513,479,472,395,473,478
27514,362,211,330,141,97
27515,377,699,362,120,87
27516,176,8,424,485,487
27517,32,5,291,139,171
27518,47,111,368,102,106
27519,56,10,28,33,13
27520,30,15,19,23,9
27521,368,739,1342,1372,1117
27522,842,16,422,1438,1270
27523,165,400,281,1952,1874
27524,728,11,294,1608,1405
27525,288,2375,2671,3188,3270
27526,201,2155,1138,2036,2529
27527,2944,3257,1042,2715,3082
27528,573,1572,1941,1897,1786
27529,958,934,1892,2322,2368
27530,2328,6527,8144,8028,8362
27531,4382,1591,4830,5397,5031
27532,3211,2114,2699,2163,2335
27533,79,46,2439,1603,1494
27534,312,893,513,432,462
27535,21,124,41,22,13
27536,1791,4765,5073,4625,4773
27537,17,103,1,5,1
27538,51,370,10,2,1
27539,879,1838,2971,1703,2022
27540,4052,213,1555,774,705
27541,500,69,299,585,559
27542,207,3159,567,3101,2547
27543,17,128,211,61,46
27544,274,419,85,53,51
27545,21,54,87,41,30
27546,3294,6318,3861,3808,2971
27547,1729,1777,1458,974,916
27548,3461,2136,4279,4239,4218
27549,24,49,930,650,527
27550,38,52,632,289,233
27551,57,134,127,63,47
27552,730,493,298,2618,2556
27553,636,581,216,869,898
27554,698,3987,837,1372,1481
27555,207,2129,644,3389,3660
27556,1136,1595,4543,3319,3376
27557,428,4296,2921,1579,1612
27558,65,119,173,373,421
27559,524,335,546,303,336
27560,1272,232,267,1438,893
27561,126,319,86,295,299
27562,22,433,381,704,767
27563,22,1093,480,328,325
27564,1676,890,1926,1913,1836
27565,1935,933,19,409,450
27566,6213,269,32,264,357
27567,434,880,3070,1884,1526
27568,794,43,411,604,295
27569,309,2144,1693,1116,1456
27570,1003,285,86,431,422
27571,927,178,100,319,329
27572,948,35,31,242,278
27573,2602,3241,8228,8376,8169
27574,166,78,22,14,12
27575,741,2154,1618,699,716
27576,344,153,104,15,23
27577,2257,2978,1945,1983,2021
27578,379,157,40,4,7
27579,98,773,157,440,450
27580,280,1810,1155,4736,4715
27581,1628,1454,4447,4848,4783
27582,12,1033,1599,912,764
27583,3267,1945,2350,2892,2390
27584,3,32,1,0,0
27585,3806,1805,1317,1519,1585
27586,7111,4148,3292,2001,1253
27587,3180,1323,575,595,537
27588,287,346,23,8,14
27589,158,264,11,4,8
27590,418,731,617,1011,1040
27591,17,445,595,563,599
27592,426,4517,3546,8624,8746
27593,38,302,525,151,155
27594,2499,5151,7037,6357,6461
27595,501,108,108,405,369
27596,405,79,175,380,356
27597,653,386,1403,5196,5272
27598,246,445,62,99,89
27599,187,257,70,76,76
27600,523,943,826,1849,1726
27601,260,848,438,3775,3287
27602,438,847,417,2003,1984
27603,2608,1671,1221,1118,1028
27604,966,618,804,1241,1186
27605,1678,2076,733,310,294
27606,1019,571,65,56,55
27607,1567,1345,103,90,75
27608,1034,598,69,200,274
27609,1993,679,949,2423,2630
27610,606,309,706,483,472
27611,258,179,433,246,243
27612,233,22,184,67,32
27613,105,315,251,405,409
27614,331,40,689,200,95
27615,12,115,12,146,175
27616,18,43,942,661,646
27617,3739,169,20,180,269
27618,161,1014,1612,4479,4552
27619,441,216,214,180,146
27620,211,3403,5838,5704,6272
27621,196,229,592,211,243
27622,286,285,454,373,457
27623,151,62,497,195,220
27624,25,155,622,273,285
27625,1095,1969,1389,1692,1753
27626,26,42,264,250,266
27627,323,39,87,294,361
27628,413,245,14,91,135
27629,349,198,363,471,807
27630,114,255,354,591,625
27631,39,267,32,12,19
27632,498,428,256,95,104
27633,946,754,257,263,257
27634,87,1029,239,269,204
27635,71,1257,95,83,73
27636,98,127,120,5,6
27637,2340,2462,1233,5436,5755
27638,34,105,155,10,6
27639,514,461,591,423,376
27640,819,2813,5394,4507,4390
27641,3910,725,427,336,350
27642,1046,1158,1536,1475,1849
27643,3875,5252,1873,1710,1814
27644,2057,584,1253,1546,1775
27645,386,51,87,176,157
27646,470,241,2276,920,899
27647,114,26,38,114,121
27648,1583,1372,537,700,572
27649,348,460,3814,2400,2509
27650,621,835,908,604,523
27651,326,671,1813,844,781
27652,174,619,992,430,390
27653,437,967,752,589,697
27654,661,703,614,926,745
27655,2,3,23,24,20
27656,1,7,21,20,18
27657,604,545,57,68,55
27658,8237,6025,4042,3209,3146
27659,2,83,42,221,156
27660,303,106,212,116,107
27661,67,39,4,2,1
27662,315,82,11,14,6
27663,9,144,14,3,7
27664,5,102,7,0,2
27665,674,423,326,179,153
27666,1660,485,449,979,834
27667,817,278,218,412,281
27668,930,355,412,740,453
27669,28,655,299,284,270
27670,146,102,83,137,128
27671,8,641,3716,3157,3264
27672,1230,254,253,1209,1218
27673,1765,3846,5091,6096,6078
27674,938,201,69,850,840
27675,1422,663,1101,1447,1105
27676,1633,1156,209,138,153
27677,2078,802,487,557,481
27678,276,65,0,358,355
27679,398,91,0,688,588
27680,796,526,777,450,450
27681,44,54,245,158,194
27682,65,84,431,148,153
27683,99,84,258,170,153
27684,57,3259,1072,3570,3687
27685,2491,196,328,3940,3950
27686,399,64,811,251,302
27687,8,813,676,444,582
27688,1245,471,198,135,164
27689,299,468,320,193,173
27690,339,14,1,173,211
27691,21,291,177,24,15
27692,199,10,7,134,167
27693,9,1402,251,150,121
27694,7,1081,252,151,101
27695,849,2579,654,659,577
27696,1255,1692,639,404,574
27697,288,3452,3888,3794,3677
27698,682,965,604,351,602
27699,403,1023,4989,2667,2895
27700,498,199,361,472,546
27701,525,222,425,664,675
27702,395,126,387,192,210
27703,975,371,363,198,221
27704,1552,1706,2020,1999,2083
27705,1972,684,223,77,103
27706,65,0,15,8,9
27707,58,4,9,23,28
27708,1308,625,2868,2613,2708
27709,5849,231,1340,1704,1819
27710,626,1683,1197,2545,2265
27711,2556,719,61,536,667
27712,4969,1414,3807,4492,3648
27713,1860,1013,285,1309,1825
27714,142,4050,1176,485,622
27715,1235,3133,2406,2192,2368
27716,552,3536,2038,1345,1632
27717,8,457,615,2592,2979
27718,7,590,769,1597,1402
27719,5489,3293,3505,3078,3458
27720,23,1452,976,779,947
27721,63,3387,1404,740,707
27722,12,2202,751,415,426
27723,1406,666,1533,1153,969
27724,1446,5410,6157,8160,8198
27725,1068,1742,3301,2802,2338
27726,4211,451,650,500,359
27727,867,65,76,76,65
27728,555,45,106,223,194
27729,419,604,314,542,545
27730,512,829,361,871,963
27731,2419,2359,1410,912,719
27732,2427,1342,2455,4244,3755
27733,792,1579,142,756,799
27734,1438,696,1534,1512,1317
27735,774,81,14,70,64
27736,53,117,8,32,27
27737,42,868,13,102,187
27738,2380,1498,1579,2908,2605
27739,312,2403,2206,2188,2002
27740,413,1574,851,1223,913
27741,68,983,148,961,1064
27742,377,507,183,329,371
27743,549,189,82,675,778
27744,22,610,215,152,90
27745,3517,3624,3511,2875,3026
27746,35,591,208,172,105
27747,1509,1908,647,277,190
27748,958,2185,175,192,125
27749,548,1233,2184,2145,1815
27750,4601,3200,729,854,464
27751,8,5025,2832,3699,3144
27752,2,3723,3148,1921,1337
27753,64,39,143,29,11
27754,8,39,147,21,20
27755,2,151,223,20,19
27756,204,1569,1991,1848,1929
27757,1726,1018,2923,4046,4138
27758,125,459,869,3960,4079
27759,810,132,1838,1245,905
27760,4326,6208,2344,653,780
27761,1590,292,2896,1223,1429
27762,939,85,195,179,202
27763,272,6,101,46,46
27764,1210,670,467,933,955
27765,1630,451,571,215,161
27766,798,571,317,385,389
27767,735,899,861,904,688
27768,1203,3884,2664,2299,2249
27769,1386,1365,1496,1006,1149
27770,8696,3573,5650,6240,5811
27771,160,281,60,107,105
27772,1589,55,31,23,27
27773,50,50,304,454,502
27774,147,96,11,1,1
27775,144,451,592,452,497
27776,419,185,20,1259,977
27777,355,98,880,504,567
27778,255,87,130,190,218
27779,444,127,142,507,389
27780,3570,4444,4055,4772,4559
27781,92,36,120,237,322
27782,155,51,20,37,41
27783,166,106,32,11,23
27784,76,253,634,1150,1264
27785,221,76,72,25,33
27786,1414,3159,1618,2179,2314
27787,657,998,2862,1688,1338
27788,968,1316,2725,3217,3345
27789,1434,525,516,279,267
27790,1867,1185,962,64,54
27791,2285,1251,1007,30,24
27792,293,361,776,450,353
27793,387,275,319,974,1110
27794,521,575,877,482,353
27795,2114,2892,6476,5515,4991
27796,188,792,526,399,431
27797,355,1169,966,633,684
27798,4992,6969,5098,5455,5197
27799,656,1328,2866,4267,4193
27800,3339,3946,3693,3764,4016
27801,72,475,2151,2786,2758
27802,2205,3205,2956,3303,3896
27803,1542,1026,337,171,157
27804,3762,1400,4322,3714,3849
27805,995,561,728,1130,1027
27806,866,410,665,863,742
27807,0,346,633,705,740
27808,397,960,192,93,92
27809,253,272,104,38,41
27810,3236,1333,1356,3706,3713
27811,226,2084,2226,4994,5030
27812,108,1282,2491,2935,3078
27813,1989,516,685,1271,1240
27814,11,97,26,5,6
27815,1344,2260,610,1590,1385
27816,11,519,689,436,402
27817,364,730,1032,1128,1189
27818,13,211,401,276,247
27819,2634,3611,3396,3671,3444
27820,65,1654,1887,1996,2079
27821,3501,3967,2400,2328,2143
27822,183,434,143,97,144
27823,248,1505,588,212,445
27824,680,1864,6239,7572,7004
27825,1539,2775,509,380,413
27826,1742,5191,5684,5053,4665
27827,2909,2445,258,194,161
27828,1605,2169,596,621,607
27829,460,1284,1315,669,711
27830,929,849,199,287,327
27831,357,675,959,918,809
27832,1549,492,1357,809,805
27833,101,132,49,205,217
27834,15,13,363,365,341
27835,140,59,634,620,621
27836,357,572,1987,2273,2266
27837,3491,3696,4984,4495,4386
27838,5013,5690,3947,3404,3397
27839,3768,3097,1412,1257,1358
27840,1100,1519,1166,433,564
27841,1809,3385,5163,3032,3147
27842,1707,1568,1518,900,885
27843,3311,1518,2683,2285,2088
27844,1768,1607,2581,2400,2691
27845,1502,2216,3107,2739,2676
27846,4569,3945,3695,5339,5525
27847,3487,3675,7729,7077,7038
27848,6061,5234,3936,5701,5466
27849,196,638,572,923,967
27850,572,107,705,406,341
27851,581,78,368,422,371
27852,328,746,448,644,709
27853,483,781,94,534,577
27854,1062,947,200,1031,1077
27855,114,1132,1305,2447,2631
27856,2350,8134,7504,7262,7292
27857,77,375,791,2628,2581
27858,14,19,29,563,475
27859,32,34,81,1928,1878
27860,1326,297,8748,7180,7423
27861,487,1527,1903,2001,2024
27862,6568,5714,5541,5480,5556
27863,1074,3549,4388,4662,4545
27864,85,12,56,6,11
27865,378,0,19,19,42
27866,1061,0,27,61,125
27867,585,434,272,465,410
27868,92,83,294,505,556
27869,285,77,455,683,698
27870,65,621,198,100,79
27871,41,607,80,60,45
27872,867,972,1982,2287,2132
27873,403,779,544,212,214
27874,6267,7947,4585,5860,5367
27875,806,1109,1030,396,450
27876,28,2246,838,269,365
27877,548,1270,1775,643,889
27878,25,437,351,190,199
27879,439,117,106,145,124
27880,249,392,418,1301,1157
27881,4914,7794,8954,8847,8874
27882,175,58,16,6,5
27883,100,262,44,22,13
27884,61,58,20,39,46
27885,58,906,214,1389,1562
27886,35,1089,125,357,325
27887,442,823,135,493,447
27888,292,50,347,3700,4228
27889,278,422,2978,3112,3739
27890,413,27,290,1468,1790
27891,3584,3162,2868,2441,2734
27892,4229,3676,2794,2228,2405
27893,2411,1891,1737,1088,1115
27894,31,0,230,41,30
27895,109,0,256,44,29
27896,409,1497,450,341,280
27897,1413,1710,4693,3899,3755
27898,2000,818,508,597,511
27899,2391,3133,774,1532,1144
27900,574,2050,608,1702,1464
27901,532,2005,2067,1817,1838
27902,940,126,149,1047,937
27903,1088,8,0,9,6
27904,196,815,572,412,483
27905,201,3440,3994,3538,3432
27906,2425,5919,5862,6735,6328
27907,587,112,203,561,377
27908,862,107,354,242,185
27909,435,167,121,141,131
27910,748,34,26,7,14
27911,132,13,11,7,8
27912,2773,6525,4264,5709,5916
27913,969,3138,1801,2306,2253
27914,1113,2459,1226,1850,1708
27915,293,7,1,8,8
27916,222,34,0,1,0
27917,279,766,241,712,675
27918,1668,2684,2885,2331,2150
27919,996,389,108,174,69
27920,915,376,154,216,102
27921,3172,4412,149,866,678
27922,1415,1195,290,360,471
27923,570,325,62,528,479
27924,1790,3391,3229,1805,1560
27925,240,246,942,376,376
27926,2934,3229,2860,1159,1041
27927,98,148,300,113,122
27928,205,288,408,203,238
27929,508,1237,1017,5217,5263
27930,129,596,764,856,732
27931,319,935,3647,1749,1745
27932,114,448,811,515,536
27933,14,1747,5471,4552,4122
27934,40,907,1757,1607,1584
27935,1429,1541,2025,1383,1529
27936,157,421,101,40,48
27937,2542,972,600,1110,1091
27938,171,151,67,54,68
27939,207,972,770,218,189
27940,60,401,1888,1719,1733
27941,199,1490,1412,1405,1457
27942,1807,2249,2739,2731,2767
27943,4891,3409,6268,6344,6431
27944,1428,947,1939,1612,1705
27945,1794,1213,4426,4316,4325
27946,526,984,5838,5473,5597
27947,404,505,3915,3108,3249
27948,324,83,2,0,0
27949,452,9,57,481,532
27950,278,4,1,1,1
27951,190,928,3123,3645,3544
27952,3691,2134,3138,4406,4835
27953,421,1432,2013,2296,2273
27954,121,1122,34,98,73
27955,335,81,14,9,11
27956,1201,3226,272,1028,1660
27957,3760,1452,126,7,7
27958,3937,3220,1901,3266,1866
27959,954,730,1445,2248,2064
27960,42,5,0,1,1
27961,24,371,271,454,536
27962,3,6,0,0,0
27963,13,61,23,3,7
27964,425,180,164,271,246
27965,6,27,3,3,3
27966,2700,5471,1075,1626,1810
27967,2689,2387,1797,1626,1651
27968,2906,1946,5885,6056,7045
27969,1895,1049,693,1772,1787
27970,1847,1634,4930,4190,4253
27971,1322,1002,904,2308,2379
27972,18,2,0,0,0
27973,18,3,0,0,0
27974,151,117,433,123,101
27975,1654,534,1821,1224,868
27976,1272,2145,3198,2830,3008
27977,1446,472,1593,628,718
27978,203,93,220,2131,2366
27979,3214,189,844,4521,5846
27980,233,190,244,151,134
27981,1201,573,2587,2323,1777
27982,911,64,62,218,177
27983,880,161,236,546,551
27984,753,101,33,30,41
27985,2642,4868,2314,2871,2532
27986,1561,246,76,56,118
27987,850,379,41,11,20
27988,12,22,16,7,7
27989,439,618,150,25,52
27990,337,420,945,791,677
27991,218,118,864,676,619
27992,1534,1770,811,973,907
27993,553,1,23,20,17
27994,1360,914,1541,1871,1636
27995,3719,3086,4939,3891,3712
27996,76,531,72,65,64
27997,304,833,98,48,55
27998,294,734,243,112,171
27999,1500,2393,3676,5110,5280
28000,901,2000,469,5727,5625
28001,1145,464,85,2854,2931
28002,202,139,48,2,6
28003,614,431,61,234,210
28004,7971,8322,7149,8474,8489
28005,1693,621,330,582,687
28006,559,1722,815,1789,2161
28007,334,1422,2844,2429,2544
28008,1406,1460,1372,1318,1496
28009,8,36,27,13,15
28010,1,9,13,5,3
28011,4855,6784,5775,7187,7228
28012,4434,6506,6016,4704,4755
28013,3883,6900,5057,6283,6382
28014,1342,193,292,163,225
28015,1324,217,599,264,369
28016,5371,5996,4208,3295,3396
28017,385,404,177,595,572
28018,532,969,508,203,164
28019,3673,464,650,627,638
28020,95,1316,4242,3425,3550
28021,1396,5647,4785,6830,6350
28022,241,290,2701,1233,1222
28023,4846,6638,8495,7774,7590
28024,558,399,1995,858,847
28025,772,357,1888,678,670
28026,95,2164,1084,829,661
28027,134,133,1782,3297,3769
28028,301,346,3204,2345,2428
28029,1843,540,207,82,122
28030,764,220,435,1571,1453
28031,940,779,277,60,88
28032,538,135,198,56,76
28033,63,518,940,687,1095
28034,89,581,621,148,221
28035,567,645,624,351,322
28036,208,71,153,742,933
28037,101,66,178,336,299
28038,346,1032,4009,4254,3921
28039,280,913,3637,3114,3065
28040,257,789,260,284,238
28041,3978,5278,2384,2807,2453
28042,2884,1659,2598,3816,3734
28043,3707,1879,5425,6609,6425
28044,51,50,46,73,91
28045,84,14,50,14,11
28046,121,292,317,26,26
28047,485,443,336,750,672
28048,1851,2779,1742,1365,1358
28049,846,811,1373,1344,1419
28050,129,352,263,346,299
28051,1221,497,362,360,260
28052,173,269,749,293,578
28053,1605,2666,2001,1224,901
28054,106,12,26,24,20
28055,91,14,51,34,26
28056,3472,6651,5480,5099,5299
28057,1595,195,459,233,173
28058,532,182,401,227,159
28059,393,352,25,11,12
28060,21,15,78,139,132
28061,185,35,74,1033,673
28062,36,58,24,26,24
28063,143,22,6,4,3
28064,25,262,41,26,23
28065,317,81,939,1232,987
28066,431,34,327,484,349
28067,517,110,4032,6593,6418
28068,1234,478,939,312,354
28069,1326,1242,2337,1557,1187
28070,568,2296,1940,1495,1533
28071,128,302,14,29,11
28072,294,43,0,0,0
28073,96,25,5,1,1
28074,67,55,1178,1994,1805
28075,43,3,1,1,0
28076,18,7,77,20,28
28077,862,536,2318,2327,2429
28078,1440,600,854,232,229
28079,396,1115,724,301,251
28080,1506,3312,4716,5501,5942
28081,853,2925,1663,2755,2261
28082,1334,2279,2086,2864,2498
28083,1769,3747,4938,6513,6159
28084,1546,3596,5531,6770,6824
28085,4118,2243,3916,6693,6243
28086,469,175,864,1489,1554
28087,364,71,166,756,782
28088,478,765,1112,1325,1268
28089,222,192,3437,2481,2358
28090,230,10,188,283,275
28091,99,3,125,214,207
28092,64,1049,1063,1786,2174
28093,112,470,889,363,299
28094,440,258,576,293,223
28095,43,116,6606,5425,4803
28096,975,151,28,25,35
28097,27,223,34,47,65
28098,3177,1761,1688,1180,1233
28099,3232,838,752,830,931
28100,5578,2262,1395,1694,1892
28101,645,45,225,981,1116
28102,620,74,382,638,558
28103,784,1295,2389,2305,2162
28104,303,916,1152,165,250
28105,3661,1548,1692,3424,3748
28106,250,1143,2096,637,731
28107,797,797,1780,800,760
28108,6,9,91,21,20
28109,14,17,55,14,14
28110,479,87,424,367,426
28111,788,109,794,755,902
28112,988,292,1366,699,799
28113,288,198,2522,2904,3127
28114,840,233,913,1285,1413
28115,8609,1476,4245,4276,4381
28116,102,42,628,264,377
28117,62,66,277,185,220
28118,1351,1306,1982,1811,1599
28119,5213,1759,4161,2970,3144
28120,687,1479,1277,1234,1564
28121,809,1737,1751,1559,1868
28122,361,395,452,560,647
28123,355,680,389,354,605
28124,382,686,232,46,72
28125,3587,4705,2523,3823,3674
28126,3057,2375,1421,877,826
28127,1956,1426,922,744,657
28128,288,87,29,8,10
28129,383,118,26,9,14
28130,419,310,175,94,129
28131,466,825,920,524,472
28132,140,272,139,108,95
28133,107,424,123,45,40
28134,620,599,529,437,388
28135,569,998,760,643,403
28136,1588,1444,2304,4820,5022
28137,1344,332,686,573,788
28138,1283,335,2432,4546,4723
28139,2425,1388,2093,2785,2726
28140,1440,1417,443,392,338
28141,2543,7946,4779,5752,5895
28142,2344,2040,1666,1638,1251
28143,36,1889,147,19,8
28144,1124,5336,4022,2133,1526
28145,30,1713,248,38,29
28146,1035,1608,286,168,147
28147,272,135,95,67,70
28148,113,205,251,344,438
28149,2178,171,96,634,786
28150,46,578,86,600,671
28151,1194,2414,2703,2211,1877
28152,853,7,1045,720,617
28153,314,56,101,33,30
28154,576,216,679,651,898
28155,1,411,11,2,2
28156,1,692,15,3,4
28157,61,580,847,633,876
28158,94,37,11,7,8
28159,264,58,190,249,239
28160,135,2699,851,1004,979
28161,856,2120,1701,923,1030
28162,1229,1199,5465,5479,4593
28163,1096,1126,1985,1719,1998
28164,188,214,267,340,305
28165,81,129,27,13,25
28166,90,70,151,85,139
28167,934,2349,672,117,84
28168,74,619,1640,535,499
28169,320,1038,915,193,148
28170,1184,4043,1479,2891,3048
28171,2089,4168,5155,5631,5813
28172,2151,3719,1480,2599,2788
28173,14,125,251,46,55
28174,504,31,97,213,161
28175,31,142,666,179,243
28176,839,1774,1669,1922,2304
28177,531,1538,1559,637,594
28178,1202,673,512,361,387
28179,2008,2740,1029,1818,1502
28180,1090,202,845,1136,1451
28181,1240,178,1354,2998,3662
28182,1086,238,2093,957,1126
28183,32,216,9,1,0
28184,95,207,7,1,1
28185,3279,2488,1960,1208,1211
28186,90,38,212,277,270
28187,58,67,1158,1376,1213
28188,911,1207,1806,2647,2776
28189,1327,72,1342,1858,1894
28190,0,0,0,0,0
28191,15,2495,1656,1298,1184
28192,63,94,191,144,100
28193,59,334,270,437,377
28194,92,1951,3199,3281,3012
28195,5762,3036,2319,1788,1776
28196,73,1297,1711,1899,1494
28197,1082,3376,3692,2988,2820
28198,4741,6706,3385,2692,2328
28199,646,720,218,118,182
28200,2124,552,3152,2143,1879
28201,689,662,3363,4677,4371
28202,2748,765,3392,4979,4650
28203,1740,3090,3186,2098,2140
28204,2293,2814,3209,2023,2118
28205,5193,3772,2437,3016,2994
28206,1041,1246,1640,691,730
28207,625,1564,1708,1160,1059
28208,1175,1493,1226,378,317
28209,980,74,357,58,90
28210,1240,107,263,73,112
28211,980,425,834,1210,1299
28212,1972,1625,5403,5251,5303
28213,1900,4095,4220,3683,3481
28214,3912,1505,4398,4383,4222
28215,1590,600,389,6283,5926
28216,236,24,80,5,5
28217,459,36,221,25,32
28218,235,89,916,528,469
28219,4703,5650,758,1701,1627
28220,119,31,147,373,403
28221,718,438,403,189,229
28222,1456,338,369,124,218
28223,276,1187,123,66,79
28224,20,10,17,5,5
28225,15,12,37,6,5
28226,913,780,125,213,231
28227,874,199,10,18,19
28228,48,25,78,85,63
28229,511,316,105,156,113
28230,3624,929,43,51,70
28231,2785,4405,5769,6106,5569
28232,3486,2159,139,144,170
28233,1735,498,241,288,208
28234,166,951,236,264,208
28235,226,401,533,1321,1423
28236,546,332,313,168,215
28237,4199,6430,4576,6999,6760
28238,263,224,16,61,76
28239,2773,588,1493,1701,1812
28240,1928,1001,1966,695,711
28241,590,3188,2687,3609,3181
28242,2155,3126,1731,3356,3486
28243,2141,2106,2121,3695,2725
28244,5105,2394,1566,1106,952
28245,63,1650,384,199,239
28246,57,229,350,219,254
28247,243,270,319,365,403
28248,1,0,4,6,8
28249,887,579,1910,840,808
28250,4,0,24,36,61
28251,508,472,2752,3071,3215
28252,189,152,161,409,313
28253,1862,2344,176,339,283
28254,1570,2047,3111,2868,3201
28255,637,3630,3799,3736,4150
28256,262,994,1337,912,906
28257,5345,4014,3135,4981,5151
28258,792,666,704,779,983
28259,1024,3894,3157,2425,2252
28260,937,877,1148,828,757
28261,519,1170,2012,1546,1314
28262,6230,1220,587,424,323
28263,417,3736,6145,5507,5446
28264,303,2680,2622,1521,1337
28265,119,3815,4209,2956,2805
28266,758,3876,4952,5001,5500
28267,2302,3342,3608,4978,4869
28268,4176,3494,3986,4457,4595
28269,1612,2190,3018,5360,5289
28270,667,437,1451,886,862
28271,3778,1173,2055,922,927
28272,3947,5548,5891,6861,6617
28273,406,914,59,4,2
28274,222,468,22,1,1
28275,491,460,239,80,113
28276,139,1047,955,351,416
28277,151,1330,585,181,167
28278,37,75,371,61,132
28279,394,94,793,455,498
28280,665,46,644,410,440
28281,2141,840,1358,1286,1019
28282,102,327,95,89,92
28283,84,444,189,89,90
28284,1542,2755,3091,2334,2585
28285,958,823,4077,3188,3355
28286,2051,1610,5555,5643,6128
28287,12,43,18,5,9
28288,12,26,85,35,30
28289,44,12,24,4,4
28290,3643,1266,4357,4683,4993
28291,2901,896,3007,2369,2693
28292,5538,481,2960,2943,3055
28293,312,536,18,16,27
28294,92,428,1099,746,635
28295,223,2786,34,949,824
28296,612,1152,1708,2356,2349
28297,940,1030,489,324,434
28298,186,256,203,135,94
28299,423,105,1824,1324,1596
28300,227,139,1560,1142,1194
28301,4079,5438,5726,5542,5455
28302,62,11,29,20,14
28303,134,12,64,6,8
28304,62,295,46,16,22
28305,1283,1005,555,1081,1101
28306,97,377,808,1005,1178
28307,806,350,3,5,7
28308,2228,3203,2031,2122,2213
28309,1538,291,1044,661,809
28310,1613,118,767,246,219
28311,118,0,11,20,22
28312,12,1,18,13,8
28313,25,22,21,7,3
28314,1062,1029,615,455,581
28315,14,65,784,484,328
28316,66,199,900,548,796
28317,325,141,539,555,347
28318,2,5,58,25,13
28319,28,62,1701,1448,1926
28320,74,939,30,27,15
28321,22,799,431,183,211
28322,8,456,441,84,141
28323,1230,6530,3518,5127,4717
28324,872,78,8,15,5
28325,845,40,650,692,709
28326,174,175,108,20,11
28327,56,394,289,175,127
28328,116,311,196,92,57
28329,25,46,25,79,83
28330,116,254,15,61,78
28331,760,668,425,457,394
28332,103,1084,889,539,686
28333,988,1429,2292,2668,2027
28334,491,1322,713,411,346
28335,844,1116,2492,2137,2431
28336,107,110,5,168,145
28337,91,105,2,70,60
28338,579,338,385,82,94
28339,1723,2375,1852,5318,5276
28340,989,540,553,51,57
28341,639,3142,3596,3320,3272
28342,79,18,289,303,335
28343,4419,2760,2334,2078,1888
28344,71,69,4,6,8
28345,3,91,5,15,15
28346,195,314,41,14,18
28347,678,2600,3006,3017,2294
28348,748,2375,1148,1378,1282
28349,1144,7507,4316,2775,2153
28350,864,1104,1916,726,706
28351,1002,2327,1996,1812,1534
28352,1112,972,1134,749,646
28353,1214,245,861,366,155
28354,190,77,93,68,51
28355,258,195,286,283,154
28356,193,244,418,1268,1417
28357,487,590,350,1557,1747
28358,1768,2230,2372,2823,2522
28359,2565,285,1425,1391,1952
28360,1374,685,1180,1112,1701
28361,860,507,1039,849,771
28362,48,493,3610,3010,2544
28363,780,1501,7313,5705,5372
28364,441,1938,1723,2452,2696
28365,552,1062,863,790,959
28366,256,59,381,238,263
28367,255,39,257,199,223
28368,1432,1268,567,603,844
28369,2207,1744,322,711,680
28370,625,836,770,1161,975
28371,23,909,121,630,707
28372,50,979,148,469,314
28373,7261,1049,98,254,152
28374,86,73,8,17,14
28375,12,14,7,27,15
28376,505,1029,782,594,575
28377,27,97,1,11,5
28378,77,91,494,605,517
28379,87,291,2,6,6
28380,199,59,240,153,189
28381,306,4262,562,475,297
28382,527,90,21,21,19
28383,1149,1107,930,853,608
28384,691,32,276,51,44
28385,398,87,241,34,34
28386,63,11,339,136,149
28387,44,373,45,85,100
28388,110,15,245,310,318
28389,4645,6279,8041,8386,8311
28390,2347,3281,4266,3066,2635
28391,2553,2026,1977,2012,1991
28392,4611,1732,1299,1300,1281
28393,1257,1306,1924,2565,2297
28394,1322,1861,1953,2063,1721
28395,92,202,37,15,10
28396,2073,593,1181,863,845
28397,64,436,44,23,11
28398,825,1226,308,211,261
28399,1020,1313,553,419,511
28400,479,588,582,544,622
28401,17,1321,105,715,653
28402,14,869,60,681,595
28403,5571,5084,6193,5609,4665
28404,14,179,47,91,113
28405,106,18,11,3,4
28406,4,20,46,32,46
28407,51,21,83,153,144
28408,893,1061,270,294,310
28409,15,13,75,119,120
28410,63,184,100,66,77
28411,257,476,188,179,209
28412,115,424,1181,579,736
28413,81,186,17,105,230
28414,347,608,38,274,313
28415,62,184,186,122,144
28416,1280,889,1436,2912,2774
28417,655,467,135,1222,1253
28418,469,764,207,1335,1315
28419,807,1371,166,222,196
28420,2490,1383,1656,1052,969
28421,438,147,181,529,557
28422,250,291,1279,1385,1567
28423,7617,8103,8392,8470,8438
28424,167,276,636,1134,1292
28425,219,155,112,6,24
28426,82,105,270,67,52
28427,121,21,79,0,7
28428,2050,1657,941,1641,1690
28429,1134,2571,680,2618,2900
28430,3200,1150,959,682,720
28431,2264,1811,1381,821,949
28432,114,482,1352,838,945
28433,203,410,1831,1319,1482
28434,2999,2635,872,610,575
28435,3697,5590,4855,3978,3860
28436,3582,2835,719,414,411
28437,49,1261,399,416,524
28438,78,1111,358,306,427
28439,3970,2210,4570,3988,3972
28440,29,1,0,1,1
28441,1394,2464,3632,3378,3311
28442,5746,4352,4328,3676,4261
28443,1161,1438,489,480,436
28444,1007,1364,851,763,697
28445,1707,1925,3858,3461,3363
28446,467,754,795,535,590
28447,393,277,301,278,365
28448,150,654,275,2341,2145
28449,3579,3281,4235,3603,4294
28450,4688,6763,3682,3925,4370
28451,3704,3510,487,857,968
28452,2598,542,457,558,600
28453,2,7,12,94,154
28454,12,11,40,369,502
28455,537,4446,4700,3851,3575
28456,4541,7548,6123,7291,7394
28457,394,3130,3994,3445,3503
28458,2294,76,1249,911,786
28459,536,92,205,231,287
28460,5,309,148,196,301
28461,508,273,810,796,645
28462,553,439,741,681,600
28463,1511,322,411,497,531
28464,144,196,1,0,2
28465,1645,914,1366,679,546
28466,573,258,682,634,636
28467,2324,229,393,393,393
28468,1265,98,145,64,50
28469,2825,5905,4368,5186,4420
28470,552,1909,864,1039,1211
28471,662,2694,3873,6194,5883
28472,749,1561,1517,1548,1712
28473,1116,706,130,79,81
28474,356,437,210,109,100
28475,682,848,2155,2074,2369
28476,360,240,415,363,467
28477,833,852,550,419,541
28478,3774,4636,1614,3437,2784
28479,896,225,863,874,1029
28480,233,1300,1402,1344,1029
28481,988,680,2496,1043,814
28482,6,3,2,0,0
28483,2088,2508,1519,1973,2031
28484,6,5,0,0,0
28485,376,473,2155,1716,1627
28486,7491,6140,5796,4464,4225
28487,134,270,1743,1281,1217
28488,2321,764,1168,1681,1538
28489,1274,731,868,888,851
28490,1657,2288,2128,2125,2396
28491,3427,1534,7,94,132
28492,2376,4339,3601,4455,4460
28493,4301,5915,2415,822,1027
28494,80,1,71,59,68
28495,5237,112,548,772,700
28496,58,1,116,130,138
28497,357,551,972,2216,2761
28498,6,123,128,861,895
28499,8,94,1003,1222,1548
28500,2707,2497,1960,2920,2598
28501,47,79,443,222,238
28502,69,164,672,456,478
28503,4889,4091,1874,1020,1131
28504,3372,3101,1473,1104,1138
28505,5251,5324,5677,5457,6039
28506,826,1585,2260,1459,1360
28507,879,654,1439,1978,1835
28508,2003,4350,3096,1214,1053
28509,64,1284,773,2084,2039
28510,284,638,634,355,486
28511,1092,787,2051,1266,1183
28512,16,361,57,108,112
28513,57,243,13,49,52
28514,39,165,502,324,352
28515,4550,2342,4155,3132,3395
28516,535,1280,990,966,1514
28517,17,61,175,178,227
28518,134,575,269,88,118
28519,49,239,297,189,243
28520,1013,3031,3395,3949,4024
28521,4081,4855,4983,4448,3958
28522,304,1711,6469,6851,6844
28523,301,2969,4673,4243,3911
28524,1661,275,357,722,521
28525,837,271,239,599,462
28526,1738,827,230,626,529
28527,1009,336,55,77,86
28528,44,284,952,743,576
28529,1039,656,36,534,734
28530,2741,2601,671,700,695
28531,3281,3054,997,1016,1002
28532,708,4034,5073,6383,6118
28533,5360,2591,6199,5850,5827
28534,2922,3678,420,2816,3404
28535,1780,1067,47,672,668
28536,511,427,654,643,463
28537,283,92,21,2,3
28538,201,456,90,435,376
28539,112,158,318,212,175
28540,380,281,424,442,429
28541,1896,4028,3332,3807,3435
28542,295,246,840,339,249
28543,156,243,1136,500,380
28544,506,2342,2644,825,789
28545,989,123,540,215,328
28546,700,129,1615,1324,2003
28547,4699,6698,5541,5506,5517
28548,272,268,350,164,132
28549,463,628,455,241,208
28550,125,400,604,529,429
28551,440,485,3,270,309
28552,27,0,971,602,652
28553,1367,1607,1559,1364,1265
28554,860,1131,605,881,910
28555,868,791,678,962,1053
28556,5144,5476,2734,2646,2508
28557,837,721,3347,2632,2943
28558,312,802,2615,2555,2742
28559,363,1014,2407,2387,2810
28560,0,114,357,801,703
28561,129,149,0,2,2
28562,416,89,2,2,4
28563,5904,4934,4548,4575,3978
28564,18,975,1360,984,661
28565,3611,4473,1983,3326,3656
28566,2591,1175,2117,4904,4933
28567,4468,4338,4652,6113,6202
28568,2650,1700,2886,5717,5835
28569,1036,157,649,2328,2497
28570,2075,398,745,3094,3404
28571,532,765,957,1822,1763
28572,4576,7642,6715,6691,6543
28573,1548,4623,797,699,982
28574,2346,1773,2624,2258,2417
28575,2341,335,232,504,459
28576,3654,4928,1979,4763,4847
28577,4859,432,594,1196,1126
28578,1090,1152,618,384,325
28579,647,22,248,179,173
28580,217,3,91,50,37
28581,39,137,12,106,181
28582,763,1192,439,118,231
28583,30,111,33,163,263
28584,16,96,181,207,229
28585,19,159,304,366,401
28586,10,121,323,413,313
28587,878,1253,1454,968,815
28588,7525,6816,5028,5836,5347
28589,919,727,691,562,546
28590,391,2979,334,921,765
28591,377,783,729,1851,1608
28592,237,619,1962,1984,2045
28593,2464,3198,3072,2105,2383
28594,952,4,195,333,427
28595,908,6,111,133,222
28596,198,964,1186,137,208
28597,543,982,1212,1807,1878
28598,729,378,162,22,42
28599,2294,2613,1887,2107,2306
28600,1244,1165,1528,1295,1240
28601,1497,769,967,1899,1821
28602,1996,1072,1371,1024,1073
28603,443,685,115,230,119
28604,456,468,175,619,302
28605,897,324,366,1101,934
28606,3663,837,1862,1942,1824
28607,806,558,861,1562,1354
28608,642,186,1152,633,550
28609,770,297,1741,1280,1233
28610,5780,7898,8118,7993,8135
28611,1248,1021,481,401,413
28612,1450,415,2439,2384,2608
28613,1532,1061,893,694,756
28614,19,280,63,27,36
28615,78,193,45,58,87
28616,3155,339,1136,615,744
28617,1031,358,691,338,301
28618,2527,1331,1088,280,326
28619,299,525,367,2683,2946
28620,2042,2933,2166,2163,1823
28621,5026,4039,7235,7236,6945
28622,2451,2657,2410,1469,1366
28623,3,706,2004,1105,1228
28624,41,826,505,362,450
28625,3712,2718,1939,1481,1646
28626,5282,4591,2938,4880,4915
28627,362,150,534,924,905
28628,317,125,910,1094,1170
28629,446,521,1083,936,1042
28630,1291,501,225,246,148
28631,606,904,837,479,395
28632,2052,639,430,357,251
28633,1844,668,393,337,259
28634,969,2199,1462,876,1026
28635,158,44,861,555,372
28636,3759,489,923,1162,956
28637,650,51,494,660,565
28638,65,129,566,1930,1794
28639,1151,640,518,768,781
28640,413,175,170,66,83
28641,424,123,175,453,426
28642,1891,262,241,587,538
28643,1038,5296,2541,1835,1816
28644,1141,455,694,871,852
28645,1762,54,60,9,30
28646,1430,61,68,17,32
28647,630,120,23,11,6
28648,782,290,180,66,34
28649,1414,76,401,512,374
28650,2,0,12,12,13
28651,623,2068,1321,298,328
28652,899,2366,1635,575,667
28653,756,595,539,1002,1052
28654,564,204,5,7,4
28655,324,162,11,7,4
28656,720,746,382,332,265
28657,312,1583,581,1632,1630
28658,559,1218,928,945,783
28659,1734,1756,1332,847,1013
28660,985,5420,3047,3505,3526
28661,542,1221,2125,825,1077
28662,1481,1931,1130,740,618
28663,2867,2533,5505,5409,5161
28664,2002,3106,3232,2874,3189
28665,58,42,25,323,293
28666,24,808,3247,3349,3427
28667,20,15,29,183,179
28668,3315,3781,2429,1806,1443
28669,5007,4523,981,683,631
28670,5340,5404,3140,5965,5863
28671,200,122,82,11,16
28672,67,164,96,68,44
28673,65,269,141,58,42
28674,134,574,314,78,132
28675,161,31,12,9,7
28676,126,74,12,8,8
28677,2746,679,83,44,53
28678,2966,570,238,2194,2250
28679,2339,603,188,94,89
28680,1858,452,403,97,117
28681,1476,447,1,0,0
28682,1585,517,1,0,0
28683,7868,8164,8719,8802,8751
28684,6319,1702,2767,2648,2847
28685,6252,2105,3307,3571,3849
28686,7851,7457,5365,5391,5807
28687,3957,4113,3010,2740,3173
28688,4202,3581,6303,5853,6246
28689,1834,724,24,19,28
28690,1499,424,2512,2212,1718
28691,1876,471,17,15,25
28692,1030,1782,1827,3608,3611
28693,63,647,166,56,92
28694,69,265,95,61,82
28695,1504,2856,2695,6576,6225
28696,2728,3445,5829,5766,5696
28697,979,2048,1438,7422,7356
28698,97,43,10,991,867
28699,252,33,32,173,239
28700,512,2194,5102,4881,5051
28701,2759,1256,811,465,497
28702,1972,1947,181,90,121
28703,17,52,109,130,99
28704,427,45,1108,1732,2209
28705,274,1134,1209,1298,1217
28706,581,32,609,715,989
28707,72,12,26,36,26
28708,248,293,182,81,73
28709,40,21,17,26,28
28710,167,150,127,132,132
28711,206,241,163,143,152
28712,103,119,361,190,210
28713,0,154,190,685,900
28714,1,76,80,283,370
28715,2797,1750,2155,1043,1313
28716,5,24,116,808,921
28717,919,475,270,245,286
28718,4,39,146,287,329
28719,3124,1015,210,698,536
28720,2456,376,161,146,154
28721,1752,663,259,355,365
28722,598,1976,2260,2240,1923
28723,5104,3942,2461,3225,3954
28724,5179,3036,1782,2818,3324
28725,1689,519,211,160,125
28726,671,551,164,2204,2272
28727,1075,502,568,360,277
28728,657,1967,1738,2697,2856
28729,774,371,772,239,279
28730,530,648,1668,1014,1134
28731,2689,5209,7822,7059,6273
28732,1707,2409,5193,6929,6829
28733,2844,2857,4314,4040,3847
28734,4012,2726,2243,2517,2885
28735,4998,4515,3078,3350,4070
28736,2168,2044,1776,5440,5736
28737,292,91,68,85,58
28738,288,73,114,154,102
28739,117,301,352,288,225
28740,57,31,437,295,232
28741,34,343,3604,3889,3791
28742,10,19,686,595,526
28743,8093,8803,9010,9147,9118
28744,40,187,1043,974,1164
28745,17,457,2327,2180,2177
28746,2035,2546,2507,3767,3590
28747,3347,3382,3297,2818,2752
28748,1602,1910,1789,3780,3610
28749,1373,54,413,318,237
28750,107,10,109,309,310
28751,201,13,225,406,406
28752,1178,2859,3233,2790,2863
28753,462,897,934,941,1182
28754,4334,4817,1397,720,563
28755,654,1660,2033,1309,1173
28756,531,155,27,4,2
28757,199,88,18,28,23
28758,5204,3144,5176,5128,5105
28759,2023,4690,583,6384,6920
28760,1434,2020,386,4378,4961
28761,5099,2467,3680,1643,1767
28762,2901,356,94,111,128
28763,2275,384,194,341,301
28764,246,273,118,21,34
28765,453,1022,411,688,604
28766,88,75,63,20,33
28767,495,160,9,5,5
28768,278,328,130,91,81
28769,85,59,3,0,1
28770,41,74,42,94,69
28771,95,959,2939,2766,2513
28772,468,335,185,228,173
28773,3586,2248,2370,2808,2331
28774,2475,202,1374,2273,2247
28775,3003,267,5187,2484,2662
28776,1089,521,438,752,618
28777,455,226,160,248,216
28778,153,115,9,38,33
28779,1,6,7,2,2
28780,0,4,0,1,2
28781,375,71,0,3,11
28782,112,149,1499,1336,1136
28783,1913,4272,2211,1425,1191
28784,37,70,653,590,418
28785,3307,3525,3333,2527,2757
28786,3370,4180,4370,2657,2872
28787,3499,2289,1932,1148,1191
28788,46,628,109,183,134
28789,199,596,467,284,210
28790,115,747,55,122,152
28791,3928,5705,4379,3563,3978
28792,116,70,49,298,263
28793,682,195,133,1667,1522
28794,295,45,114,60,50
28795,74,33,164,48,53
28796,4075,8376,8651,7835,7427
28797,65,198,497,279,214
28798,1292,277,1372,603,653
28799,346,217,670,558,585
28800,67,3290,2936,3659,3720
28801,72,1040,2143,1033,1360
28802,167,97,16,15,39
28803,73,609,79,16,14
28804,73,118,15,7,4
28805,294,429,1216,1573,1513
28806,471,521,6702,6891,7269
28807,641,422,799,601,631
28808,428,405,3280,2486,2471
28809,158,77,14,2,3
28810,46,57,6,0,0
28811,16,21,31,409,327
28812,19,48,96,311,372
28813,21,135,137,102,77
28814,178,3999,8478,8163,8317
28815,3037,721,732,293,251
28816,2674,589,776,603,495
28817,2516,974,57,174,174
28818,289,174,382,664,675
28819,363,145,487,772,738
28820,814,406,2237,1811,1804
28821,2474,2790,3471,7155,6845
28822,3851,8620,8595,8794,8625
28823,3967,2631,2086,5093,5198
28824,21,52,74,355,442
28825,75,126,49,392,473
28826,44,56,172,72,90
28827,525,1308,130,115,102
28828,789,7,71,16,16
28829,644,17,99,22,19
28830,278,231,190,59,70
28831,11,10,24,1,1
28832,6,35,76,9,13
28833,1393,1911,2565,3463,3598
28834,446,552,2512,1264,1212
28835,869,1403,3454,2002,1746
28836,60,51,88,63,60
28837,32,39,394,2829,3054
28838,124,473,57,63,60
28839,2138,26,54,59,64
28840,1980,37,490,424,391
28841,297,45,94,304,197
28842,2547,3067,4219,4057,4318
28843,2135,3120,1709,1916,1906
28844,3448,3448,2889,2914,3020
28845,2178,3264,2922,2337,2594
28846,4105,4600,3187,4605,4744
28847,1550,635,2944,2069,2260
28848,615,97,641,742,815
28849,886,294,44,19,32
28850,933,189,57,25,38
28851,2591,2956,719,1107,998
28852,0,2265,511,538,502
28853,2,1648,235,448,271
28854,291,1786,242,208,209
28855,248,964,1087,745,748
28856,501,906,296,313,322
28857,5014,1819,109,191,264
28858,39,194,67,95,136
28859,400,509,2954,3397,3599
28860,81,560,702,775,702
28861,46,473,1960,2356,2469
28862,2410,633,462,464,411
28863,1644,586,411,48,42
28864,178,1071,631,62,57
28865,232,58,792,253,249
28866,132,781,555,683,636
28867,202,441,418,810,840
28868,891,758,1226,1198,1203
28869,7,711,96,221,211
28870,0,0,2,0,0
28871,2054,478,1272,1663,1689
28872,155,396,25,12,12
28873,2649,2195,2211,2758,2332
28874,150,330,38,37,37
28875,1311,745,868,341,299
28876,4298,5059,440,613,395
28877,14,2,30,23,47
28878,434,1736,1807,1909,1506
28879,556,1114,1857,1994,2125
28880,177,35,381,662,783
28881,1062,3945,657,825,1101
28882,6214,5379,6759,4774,4929
28883,908,2938,755,876,1073
28884,78,109,38,15,18
28885,6,53,383,434,375
28886,20,51,326,746,701
28887,292,3609,2382,910,867
28888,3976,286,1374,531,677
28889,791,164,1403,1026,1136
28890,4907,2040,1428,1240,1103
28891,1433,2780,2859,3464,3357
28892,461,956,1009,1690,1777
28893,234,124,29,151,153
28894,118,210,251,412,444
28895,314,170,10,29,25
28896,4623,2687,1753,4941,5122
28897,0,0,0,0,0
28898,0,0,0,0,0
28899,101,649,135,172,174
28900,109,994,2428,2232,1903
28901,1159,1238,175,184,162
28902,336,219,153,76,106
28903,438,121,1496,913,822
28904,150,65,8,13,21
28905,45,1262,689,681,725
28906,742,433,1050,637,782
28907,2490,1390,591,281,246
28908,4459,5501,2330,2963,3225
28909,5556,4576,833,1476,1738
28910,3395,5096,1888,1979,2290
28911,268,1410,1757,2082,1957
28912,2813,3059,172,1228,1106
28913,1999,1477,480,656,648
28914,596,823,606,194,271
28915,3844,684,229,209,158
28916,5256,3605,7280,8342,8442
28917,313,584,606,894,897
28918,4875,908,2101,2321,2084
28919,414,1066,2240,1654,1604
28920,1361,247,42,16,11
28921,4,235,867,863,729
28922,4,155,102,54,48
28923,256,122,300,652,554
28924,165,93,699,2336,2085
28925,4829,2686,1547,1421,1431
28926,2516,1125,25,51,38
28927,677,499,98,172,143
28928,1739,1577,6188,3831,3780
28929,674,1549,432,429,289
28930,405,2888,364,558,544
28931,128,23,271,85,92
28932,590,1355,295,496,537
28933,10,3,16,20,14
28934,311,172,81,56,70
28935,1621,3240,2963,1972,1521
28936,4669,4841,3109,4623,4589
28937,1181,1410,1487,3679,3611
28938,101,225,964,786,741
28939,208,139,508,500,499
28940,1043,1003,513,593,815
28941,4331,3351,4509,6480,6402
28942,476,247,544,164,197
28943,995,592,2282,470,579
28944,887,2069,5291,4364,4222
28945,1136,3162,3906,3463,3705
28946,236,873,1611,1253,1259
28947,188,31,1616,788,712
28948,79,598,1356,255,252
28949,2509,32,563,2086,2286
28950,741,2541,750,487,621
28951,3102,8263,966,3346,3330
28952,979,1663,219,779,885
28953,182,98,697,461,564
28954,179,390,455,314,360
28955,7156,7533,4271,4717,5256
28956,416,1803,639,648,562
28957,1095,808,155,135,146
28958,171,1106,5461,5097,5315
28959,177,239,176,94,84
28960,41,380,427,319,286
28961,41,61,309,93,85
28962,1222,277,141,111,95
28963,3598,877,352,347,333
28964,5834,4235,5309,7176,6511
28965,226,84,8,4,4
28966,155,111,1,3,3
28967,2275,144,206,236,285
28968,559,1905,4053,2956,3296
28969,3090,1797,1514,2265,1862
28970,259,722,2392,936,1134
28971,95,2396,3514,3579,3602
28972,2125,1571,1163,1106,1171
28973,60,2320,580,975,1120
28974,3091,4120,4618,4588,4857
28975,4491,4466,906,194,194
28976,4126,3790,922,365,385
28977,455,89,430,593,532
28978,839,700,1263,470,317
28979,783,384,300,63,44
28980,85,278,110,52,74
28981,80,203,80,15,30
28982,51,1396,323,121,208
28983,1538,4072,2321,4534,4149
28984,4902,4459,6004,4932,4962
28985,2059,4241,2765,5225,4905
28986,896,1,5,2,0
28987,1097,125,2855,683,527
28988,890,5,23,4,3
28989,77,1530,2898,2470,2333
28990,2307,5893,3431,2721,2470
28991,41,1000,2476,1955,1728
28992,201,379,62,71,95
28993,746,112,839,560,586
28994,393,345,85,185,212
28995,3656,1935,1007,769,819
28996,1533,2187,2293,1632,1338
28997,2604,2608,1970,1407,946
28998,24,617,1346,1549,1772
28999,20,680,380,572,610
29000,792,1133,460,132,87
29001,165,157,166,56,88
29002,308,213,186,884,887
29003,106,918,449,250,214
29004,1731,1110,2821,1679,1285
29005,3622,3606,4174,4981,4944
29006,7,9,9,10,10
29007,1022,129,198,1246,1780
29008,3180,105,175,576,822
29009,532,1380,2028,1742,2112
29010,3286,8220,6911,7103,7085
29011,201,89,23,37,31
29012,150,76,29,37,23
29013,21,1,0,0,1
29014,301,638,1246,828,923
29015,31,192,353,596,658
29016,1375,843,1257,715,653
29017,1054,1221,2561,1302,1192
29018,1103,731,2340,1127,945
29019,841,745,882,351,352
29020,751,210,356,304,356
29021,951,669,690,878,921
29022,63,47,246,193,220
29023,21,75,4,2,5
29024,315,55,2,1,1
29025,583,101,256,247,311
29026,636,392,298,644,754
29027,809,778,434,692,618
29028,10,697,524,1496,1388
29029,871,299,142,213,232
29030,1891,648,44,105,136
29031,2853,3889,4574,4009,3639
29032,78,346,151,293,448
29033,481,142,52,180,257
29034,2637,2396,1262,645,736
29035,1535,606,196,363,433
29036,2513,830,156,228,259
29037,12,211,23,29,19
29038,38,89,181,260,225
29039,445,965,1190,2061,1756
29040,365,1290,1606,2127,2627
29041,763,3987,24,26,22
29042,110,1603,23,6,14
29043,612,9,587,517,548
29044,1745,1546,731,713,655
29045,468,7,1431,904,876
29046,1505,471,218,208,194
29047,1249,999,1480,839,491
29048,918,2322,946,730,648
29049,111,119,581,350,352
29050,114,566,164,189,211
29051,179,317,232,165,178
29052,544,293,14,48,34
29053,254,189,37,44,41
29054,400,824,101,149,134
29055,534,187,1215,1180,1093
29056,1786,816,1363,1548,1625
29057,698,149,839,717,670
29058,618,907,283,345,417
29059,255,1167,132,141,159
29060,1673,1667,43,171,194
29061,777,1923,2767,2919,2807
29062,278,500,2107,2324,2391
29063,837,2726,4321,4000,4286
29064,575,1268,1023,658,586
29065,290,86,4,150,193
29066,129,46,5,101,133
29067,666,3904,6246,5044,5026
29068,362,960,4003,2611,2340
29069,364,993,4786,3661,3688
29070,1201,3026,617,1369,1719
29071,1972,3512,841,580,647
29072,3663,3286,3799,3592,3429
29073,30,8,131,124,197
29074,3350,2774,536,1938,1468
29075,13,2,29,20,26
29076,422,3750,1660,1191,1159
29077,1459,1845,1399,1182,1233
29078,246,1018,1289,1147,1003
29079,419,117,544,176,179
29080,189,106,270,87,111
29081,550,300,859,3498,3767
29082,1347,1340,1492,807,900
29083,459,2698,1253,950,896
29084,1612,1717,2923,1946,2137
29085,132,321,486,82,118
29086,674,942,1112,1133,1163
29087,111,683,500,41,58
29088,1995,42,5,285,360
29089,27,65,9,124,136
29090,36,104,338,780,964
29091,76,2360,3226,4282,3796
29092,99,1197,1264,2084,1672
29093,874,2563,1547,2653,2449
29094,720,857,1097,763,941
29095,1998,966,1041,863,937
29096,535,1514,2707,2267,2461
29097,199,541,101,283,253
29098,54,409,104,154,140
29099,1761,1976,926,2213,2263
29100,709,18,74,2074,1887
29101,656,29,1307,396,442
29102,1452,17,80,898,768
29103,111,432,718,2974,3218
29104,339,1400,908,406,407
29105,893,1190,659,511,544
29106,1641,547,343,578,497
29107,799,515,968,1243,983
29108,689,2019,1163,920,995
29109,319,151,1681,2006,1803
29110,307,3594,1720,2257,2548
29111,511,343,6,10,53
29112,308,42,309,48,60
29113,908,3330,2467,1317,1469
29114,3,52,184,70,81
29115,675,906,1004,658,752
29116,3613,2459,3129,2796,3008
29117,148,60,0,0,2
29118,289,356,309,131,169
29119,548,168,566,368,370
29120,887,271,377,775,819
29121,40,1943,3120,1963,1841
29122,625,559,62,101,97
29123,56,677,144,289,294
29124,1757,847,433,340,306
29125,86,143,153,103,102
29126,269,180,615,518,508
29127,1318,42,414,350,359
29128,13,4,0,0,0
29129,1,12,48,40,30
29130,214,268,1751,1492,1664
29131,1234,186,676,665,1028
29132,147,448,468,352,395
29133,1856,1508,2979,2210,2185
29134,278,1039,1565,1276,1387
29135,692,372,828,385,323
29136,38,156,83,17,14
29137,53,124,92,26,13
29138,65,90,164,35,31
29139,2267,3735,3872,2547,2668
29140,1998,1196,575,292,265
29141,2378,2153,1955,702,659
29142,82,45,235,393,333
29143,4194,378,941,933,1283
29144,273,78,522,1075,848
29145,74,72,38,73,40
29146,34,13,6,9,8
29147,136,362,124,84,80
29148,6463,5532,3857,7451,7540
29149,1149,3496,86,187,147
29150,1440,4280,1691,3350,3817
29151,6776,4062,4319,2628,2955
29152,2035,1779,682,567,514
29153,1311,2084,1257,1025,886
29154,3767,1950,793,6691,6614
29155,789,13,640,200,276
29156,974,3,526,466,526
29157,960,332,263,494,460
29158,716,417,5,5,4
29159,333,201,8,7,3
29160,7,27,12,700,698
29161,2,13,702,405,469
29162,2694,153,17,1069,1069
29163,1011,1384,401,606,477
29164,820,1636,993,1087,969
29165,1466,885,1243,852,849
29166,1379,212,221,799,759
29167,2521,922,3608,2447,2863
29168,3829,212,143,1202,1134
29169,2160,5182,1622,351,452
29170,3573,613,1759,1128,1101
29171,5598,1423,1565,741,1042
29172,2285,1158,1124,936,942
29173,302,550,753,402,359
29174,152,278,364,249,260
29175,324,2034,194,172,135
29176,1602,1727,233,295,210
29177,106,1141,2999,3413,3722
29178,104,209,56,36,45
29179,50,213,30,33,32
29180,4525,3056,1948,2885,3270
29181,10,677,686,322,183
29182,214,962,59,119,104
29183,6,664,44,125,102
29184,4050,7487,8077,7829,7703
29185,1159,4027,1656,1224,1204
29186,3061,4345,3600,3844,4431
29187,164,425,601,828,1152
29188,105,228,551,668,882
29189,98,459,1717,1780,1862
29190,22,3631,294,92,157
29191,32,467,226,249,238
29192,98,153,164,128,112
29193,2633,1390,919,956,864
29194,5412,2,19,370,435
29195,5582,3,15,1365,1371
29196,639,80,397,835,535
29197,1915,53,529,1487,1123
29198,4692,5419,4454,4994,4516
29199,3006,3133,5071,5660,5732
29200,1611,4791,919,644,545
29201,2804,2520,858,647,572
29202,582,629,947,576,388
29203,190,260,619,393,220
29204,2879,1415,1820,921,1105
29205,1506,361,395,218,266
29206,1,151,345,216,189
29207,0,586,327,205,242
29208,610,1481,1683,1490,1277
29209,1040,1730,2628,2475,2149
29210,1073,2749,2666,2605,2384
29211,7,130,25,43,38
29212,6,164,55,70,53
29213,9,4,87,35,34
29214,48,746,948,3079,3025
29215,105,462,660,362,374
29216,799,315,515,177,178
29217,88,368,803,373,288
29218,780,1556,782,306,224
29219,198,368,1579,2768,2835
29220,146,621,1191,1927,2178
29221,3545,1132,2282,2831,3400
29222,628,1299,1368,1845,1972
29223,97,363,401,462,477
29224,101,235,88,64,31
29225,94,154,67,53,30
29226,1221,9,38,105,140
29227,1013,722,1496,1242,1511
29228,802,26,65,200,236
29229,1098,219,501,353,300
29230,962,1310,1829,1786,1502
29231,2012,824,2059,1402,1127
29232,435,1474,4076,4478,3644
29233,324,415,1257,1069,1180
29234,7145,3952,4016,5771,6483
29235,860,525,122,361,306
29236,393,489,105,466,421
29237,2596,2472,637,2707,3003
29238,1069,278,632,378,284
29239,278,349,598,555,450
29240,1144,307,158,132,127
29241,525,807,957,1109,1024
29242,2259,274,181,142,98
29243,245,460,475,867,747
29244,769,1531,2904,2887,3061
29245,254,2720,1371,1429,1262
29246,1148,2215,5408,5275,5186
29247,1712,1982,2473,3381,3142
29248,771,1060,1313,1862,1615
29249,1613,755,4696,3761,3801
29250,3401,705,277,392,290
29251,1587,433,321,438,317
29252,5200,4026,4003,3462,3356
29253,444,58,66,445,381
29254,335,406,918,2959,2929
29255,0,0,0,0,0
29256,1317,930,1444,2473,2609
29257,141,306,686,167,222
29258,437,756,1304,144,206
29259,58,32,14,71,54
29260,97,69,11,55,64
29261,111,77,24,262,267
29262,3325,2546,1212,1034,949
29263,5276,3603,3850,5012,4952
29264,3474,1953,2102,1886,1746
29265,2181,7428,4716,4276,4674
29266,1342,1587,2289,2506,2486
29267,961,1665,1677,2101,2125
29268,469,19,119,40,28
29269,223,4,52,23,24
29270,1778,3015,4879,3009,3527
29271,484,162,224,821,873
29272,139,271,358,256,222
29273,17,69,93,86,106
29274,305,224,1148,1784,1940
29275,1304,3245,1371,830,761
29276,1720,3153,1921,2460,2675
29277,382,399,1381,1176,976
29278,437,485,648,1097,1034
29279,1569,1907,1926,1045,883
29280,2284,3859,745,3151,2226
29281,681,350,119,644,529
29282,1486,262,1824,595,737
29283,1350,4652,759,461,343
29284,2008,5690,3978,4614,4703
29285,1461,3609,547,310,225
29286,130,81,139,210,211
29287,55,214,117,83,53
29288,37,27,56,50,29
29289,74,2,2658,4674,4280
29290,137,220,3075,1429,1247
29291,1907,2776,2424,1424,1144
29292,2807,176,1803,3524,3987
29293,3211,30,1172,3329,3662
29294,4500,2844,3679,3510,3615
29295,350,572,593,487,513
29296,1048,1645,1917,1591,1445
29297,232,404,297,157,160
29298,455,233,707,279,315
29299,9113,8444,7176,7964,7796
29300,924,307,653,390,392
29301,3252,1202,1938,3262,3176
29302,1147,1732,3414,2355,2574
29303,2089,3436,2897,2090,2464
29304,1010,891,2180,2715,2396
29305,21,34,739,707,631
29306,3400,1609,660,908,619
29307,361,191,361,418,429
29308,406,179,1445,2241,2565
29309,561,177,1082,1782,1863
29310,2110,1189,48,95,53
29311,5895,4433,136,371,216
29312,1785,1531,1600,2034,1993
29313,1077,957,788,1239,1128
29314,1,45,75,283,304
29315,1,95,213,359,348
29316,3802,5177,6947,4291,3930
29317,448,573,584,550,660
29318,644,688,611,922,1265
29319,138,302,96,108,86
29320,151,481,388,435,308
29321,887,1059,272,1582,1565
29322,962,947,1435,1593,1437
29323,431,38,616,489,530
29324,186,29,754,471,491
29325,737,175,484,235,325
29326,818,136,3626,2217,2725
29327,971,339,2052,1972,1828
29328,15,662,291,203,186
29329,202,1029,2003,842,635
29330,37,833,397,515,438
29331,5075,784,2577,2794,2652
29332,3697,961,4529,5211,5240
29333,5563,2869,4792,7271,7152
29334,1019,843,950,322,213
29335,913,486,176,297,339
29336,7736,1240,1167,977,1007
29337,3,959,732,786,1360
29338,1,460,24,88,55
29339,1,160,114,76,64
29340,772,358,504,3438,3316
29341,68,70,655,174,282
29342,121,85,126,129,237
29343,2026,63,38,15,32
29344,3893,303,21,11,17
29345,1612,55,154,512,408
29346,3019,4875,4867,4719,4546
29347,334,828,717,194,172
29348,433,1333,975,245,281
29349,57,51,17,23,21
29350,45,12,15,26,24
29351,2483,739,241,268,414
29352,2802,3324,3106,4024,4287
29353,5473,4456,68,3754,3820
29354,2136,4331,94,5675,5558
29355,3127,1605,4568,6369,6557
29356,243,369,74,104,143
29357,764,476,121,121,185
29358,2089,1949,1195,1495,877
29359,3778,4526,4933,3361,3976
29360,2929,2660,1006,1134,705
29361,1554,4973,5909,4726,4639
29362,892,3017,3042,2591,2732
29363,2277,1531,2004,2415,2555
29364,26,63,40,17,12
29365,107,41,76,35,19
29366,15,794,119,116,145
29367,563,564,606,744,709
29368,147,363,1166,1113,969
29369,2590,1362,786,658,707
29370,27,113,221,141,90
29371,57,13,4,17,13
29372,48,257,113,53,37
29373,1151,81,2251,2892,2581
29374,95,126,946,906,757
29375,180,97,812,734,679
29376,1926,1769,4,148,135
29377,1337,1674,6,366,284
29378,2758,2320,1695,1385,1499
29379,472,95,77,23,16
29380,20,58,92,59,41
29381,196,1747,799,491,472
29382,188,321,17,24,26
29383,294,518,1834,1935,1673
29384,2363,1891,2039,1797,1822
29385,2315,2723,1842,1224,1099
29386,1207,168,338,53,51
29387,1454,245,902,59,65
29388,1668,1477,2211,1847,1775
29389,1735,1060,904,1152,1346
29390,1428,856,686,981,1069
29391,1187,1092,1351,1321,1522
29392,715,731,384,361,372
29393,5121,4692,958,1355,1293
29394,705,894,136,96,59
29395,578,1339,1378,1326,1497
29396,547,1144,118,97,77
29397,20,756,1227,1023,956
29398,32,1951,3741,4218,3693
29399,5415,6651,2645,2080,1721
29400,104,9,9,69,73
29401,149,58,22,14,7
29402,232,41,62,67,48
29403,72,3,88,100,98
29404,1225,6031,2141,4325,4536
29405,248,3,137,72,91
29406,1173,263,607,33,40
29407,1135,869,646,6002,5900
29408,646,355,721,71,85
29409,1294,57,1622,930,799
29410,408,1,121,289,408
29411,462,1,44,117,147
29412,2899,1373,612,739,753
29413,5485,955,850,1146,1288
29414,2121,1082,1761,1882,1956
29415,464,1389,694,414,524
29416,3054,2397,258,1288,1676
29417,683,1279,290,1806,2051
29418,333,940,584,851,741
29419,553,907,301,256,225
29420,3104,1550,600,386,313
29421,2375,5124,1058,1395,1276
29422,418,128,104,116,164
29423,947,274,233,497,670
29424,1111,426,888,1338,1454
29425,841,180,408,656,640
29426,753,36,359,382,477
29427,62,111,1062,805,805
29428,35,4,67,46,64
29429,20,2,55,41,43
29430,68,37,49,145,144
29431,35,198,269,167,176
29432,16,130,112,222,209
29433,171,368,188,287,336
29434,27,30,367,220,252
29435,81,54,258,273,294
29436,624,987,216,887,828
29437,508,486,73,181,143
29438,3772,2911,2621,2415,2620
29439,1100,661,2207,1102,1289
29440,2045,1811,2736,2797,2622
29441,491,572,2559,1505,1804
29442,130,289,88,146,176
29443,124,159,129,204,255
29444,263,1486,2017,948,1053
29445,165,147,414,1153,1019
29446,3498,3766,2292,1745,1556
29447,239,1527,1772,2058,1785
29448,426,1668,2793,1731,1870
29449,153,1123,209,126,171
29450,2634,2355,738,876,1082
29451,33,0,20,5,4
29452,283,165,180,608,612
29453,35,58,173,619,653
29454,99,512,317,252,264
29455,139,12,61,2905,2975
29456,4240,6900,1052,606,626
29457,4336,5567,4945,3827,4934
29458,25,138,0,1,0
29459,31,90,0,0,0
29460,537,911,2155,1449,1447
29461,220,1124,2631,2212,2270
29462,2913,2700,1936,1149,1095
29463,38,118,183,806,893
29464,822,171,866,909,880
29465,111,121,268,562,573
29466,1847,2115,1998,1891,1926
29467,1942,897,2544,2286,2132
29468,1457,780,1308,1200,1164
29469,312,691,1052,801,756
29470,28,296,990,1982,2117
29471,12,211,601,533,538
29472,67,2522,3618,2429,2636
29473,2982,4062,3525,2820,3079
29474,250,3854,2970,3199,3082
29475,1982,2750,844,1143,1228
29476,1180,224,267,464,479
29477,441,86,101,214,195
29478,928,116,78,372,324
29479,1245,388,109,1058,956
29480,3589,1902,2891,1093,908
29481,117,250,221,597,487
29482,414,99,309,271,220
29483,81,67,543,179,251
29484,2016,3500,1385,963,831
29485,2219,4891,6820,2953,3083
29486,2027,1531,1124,475,501
29487,1880,4349,5608,6500,6371
29488,2253,3039,3513,2212,2651
29489,1608,3918,3669,2274,2807
29490,519,2299,3455,5958,5720
29491,361,3317,5148,6861,6762
29492,1405,1712,2542,2861,2904
29493,1212,1433,697,542,490
29494,2799,2137,1732,1555,1235
29495,1492,2672,747,325,265
29496,439,1,543,430,388
29497,888,3,455,425,379
29498,164,17,1558,572,545
29499,4257,1384,3944,3496,3717
29500,4233,4744,3675,3313,3213
29501,1344,519,1407,1034,1165
29502,603,715,213,62,50
29503,1102,2070,1602,1014,898
29504,503,883,57,36,27
29505,2005,756,111,66,50
29506,0,18,0,0,0
29507,32,4,1,0,1
29508,240,1193,1546,845,826
29509,0,3,24,343,301
29510,480,827,2693,1157,1041
29511,757,290,154,104,125
29512,845,529,242,353,362
29513,1679,2698,3984,3002,3529
29514,240,239,443,881,783
29515,44,29,281,167,147
29516,56,263,524,396,452
29517,988,1392,2409,4083,4300
29518,105,195,30,10,15
29519,112,31,12,2,2
29520,169,257,36,14,9
29521,242,362,33,18,15
29522,2515,69,38,108,166
29523,774,990,1412,1042,949
29524,415,713,622,538,551
29525,465,306,756,477,464
29526,788,1205,273,227,226
29527,1049,874,560,229,248
29528,5154,1505,613,1321,1403
29529,682,133,51,14,23
29530,110,9,6,10,9
29531,34,9,178,87,188
29532,1108,1481,1667,741,601
29533,1574,786,1179,1532,1162
29534,1820,628,3698,5014,5031
29535,3486,1831,1204,1190,1424
29536,944,277,428,62,145
29537,1233,176,523,136,256
29538,7,74,510,154,176
29539,5,54,11,2,10
29540,589,378,18,8,17
29541,1253,236,1611,1243,1273
29542,1125,260,727,946,940
29543,474,1922,303,485,474
29544,45,105,1977,1176,1285
29545,81,129,730,724,656
29546,4065,5723,1840,1615,1811
29547,971,3224,3185,2793,3255
29548,4765,4372,2907,1857,2432
29549,1712,1714,1587,1040,1456
29550,352,402,215,54,44
29551,322,216,41,18,16
29552,2221,2096,4518,4395,4654
29553,6206,248,22,62,48
29554,447,988,2196,717,665
29555,515,430,48,163,142
29556,420,176,334,126,183
29557,831,182,1167,541,608
29558,491,73,366,698,699
29559,2302,2976,3897,1639,1565
29560,89,228,304,385,345
29561,137,350,916,812,784
29562,1446,1872,40,292,359
29563,3059,2859,934,666,534
29564,646,1055,34,109,116
29565,563,462,1015,1074,1099
29566,2752,420,186,1366,1404
29567,1152,667,1952,2569,2397
29568,1206,673,2028,2645,2740
29569,2030,1101,575,1154,1143
29570,2091,1739,2923,4681,4772
29571,2785,1648,3828,4473,4327
29572,68,369,1645,2363,2424
29573,91,590,2300,3163,3364
29574,1377,1007,3,1,1
29575,553,54,0,1,1
29576,514,71,671,269,220
29577,486,921,2129,3716,3710
29578,342,570,3819,5600,5727
29579,6332,4233,2861,3874,3860
29580,2124,601,1563,1193,1395
29581,1491,254,394,302,329
29582,2433,4526,226,120,139
29583,389,362,216,114,106
29584,803,527,1142,1594,1267
29585,54,258,366,165,144
29586,674,352,221,1049,1073
29587,971,1975,2189,2197,1920
29588,405,302,119,533,443
29589,0,386,1740,1716,1855
29590,0,72,1627,1535,1650
29591,124,626,1578,1344,1306
29592,2955,830,42,5,3
29593,1061,124,160,333,237
29594,1229,139,15,6,4
29595,342,646,655,353,403
29596,655,1,421,207,195
29597,246,0,176,82,72
29598,45,6,110,86,65
29599,134,28,197,127,108
29600,198,421,379,234,233
29601,168,402,321,308,341
29602,270,409,299,298,302
29603,893,1486,3587,2923,2978
29604,931,610,694,1147,947
29605,1243,1237,915,277,218
29606,1740,2904,4536,7207,7482
29607,231,813,366,968,623
29608,411,1060,295,750,516
29609,188,2293,1906,721,704
29610,126,172,303,725,842
29611,287,421,1772,2604,2710
29612,558,3351,2486,1455,1461
29613,573,32,102,68,94
29614,1442,45,107,96,100
29615,306,1053,183,100,119
29616,36,1517,1166,934,692
29617,1358,591,862,1290,1408
29618,36,888,122,125,107
29619,76,388,1043,713,772
29620,128,464,272,191,184
29621,0,89,591,899,873
29622,390,1064,247,286,226
29623,24,40,84,75,82
29624,16,10,14,4,5
29625,137,178,863,1169,996
29626,152,23,57,45,59
29627,24,7,26,46,49
29628,2529,794,1772,1978,1977
29629,3984,4069,3712,4029,3618
29630,145,434,155,101,58
29631,1007,626,16,4,4
29632,88,39,207,77,71
29633,154,33,30,9,7
29634,5689,6188,2210,3430,3168
29635,365,6,0,0,0
29636,70,1588,2522,2693,2934
29637,2189,1284,3295,3618,3931
29638,1090,1005,2073,1652,1950
29639,3175,2471,4234,5693,5773
29640,91,685,400,840,898
29641,689,199,160,101,113
29642,532,43,0,455,521
29643,76,34,30,15,12
29644,116,148,162,174,178
29645,23,59,45,44,51
29646,521,395,124,126,195
29647,594,366,612,865,997
29648,553,361,440,277,373
29649,438,643,36,96,52
29650,249,954,6,83,85
29651,543,1440,2,66,67
29652,216,4,12,16,6
29653,565,493,18,13,7
29654,103,3,443,536,542
29655,376,823,4944,3901,3987
29656,532,92,204,263,263
29657,384,222,123,157,159
29658,228,32,207,3780,3819
29659,207,945,645,158,226
29660,491,61,325,442,635
29661,4877,5999,4840,3093,3173
29662,19,56,88,164,113
29663,93,233,110,147,124
29664,640,718,102,361,382
29665,355,358,442,461,420
29666,4606,82,1471,575,538
29667,880,112,64,189,183
29668,321,131,119,23,24
29669,7,243,71,19,24
29670,238,421,454,191,177
29671,406,564,1144,539,501
29672,1113,548,2645,1462,1615
29673,6248,7797,6760,6637,6535
29674,3280,2246,4029,3873,4415
29675,6482,3895,5597,5176,5591
29676,3144,89,29,81,71
29677,1773,195,25,70,74
29678,1891,3803,7199,6262,5999
29679,1966,1857,2796,4521,4717
29680,165,54,179,181,154
29681,527,96,212,137,133
29682,2985,120,32,204,198
29683,23,47,280,193,155
29684,24,12,13,23,17
29685,482,753,731,61,100
29686,395,469,215,47,73
29687,298,40,479,659,741
29688,20,689,844,377,306
29689,472,222,282,247,230
29690,11,43,0,0,0
29691,386,393,445,509,560
29692,16,17,5,466,612
29693,43,42,60,1440,1776
29694,3115,3248,1492,2285,2337
29695,90,138,0,0,0
29696,82,311,129,16,14
29697,402,416,669,268,471
29698,586,1976,3644,3415,3023
29699,286,524,693,212,313
29700,1749,5932,2381,1686,1602
29701,1327,1541,3119,1354,1332
29702,1008,1125,840,748,752
29703,163,167,322,414,516
29704,188,293,101,159,244
29705,375,69,769,1106,1252
29706,8,410,532,513,492
29707,264,184,179,207,209
29708,6,542,395,976,942
29709,229,485,106,199,261
29710,164,87,128,147,86
29711,253,151,86,40,30
29712,167,168,50,107,282
29713,100,217,96,258,423
29714,905,672,13,33,46
29715,2835,562,777,940,913
29716,746,776,1541,1078,1365
29717,573,907,277,248,285
29718,713,745,908,876,872
29719,144,47,11,89,58
29720,94,50,8,37,29
29721,673,51,40,57,50
29722,94,87,112,235,267
29723,103,148,573,188,198
29724,80,562,585,217,221
29725,91,16,36,412,514
29726,215,8,61,234,313
29727,136,959,1782,1085,1090
29728,289,403,418,168,150
29729,81,1114,630,422,426
29730,4011,2452,3610,3175,3455
29731,1991,85,806,768,1009
29732,968,142,2849,2877,3342
29733,500,489,1171,1147,901
29734,459,3129,773,403,318
29735,537,661,2208,2193,2078
29736,3422,2865,843,1228,1166
29737,762,300,191,1236,1146
29738,887,399,315,381,371
29739,33,252,162,262,295
29740,29,271,331,427,540
29741,1093,764,934,2162,2082
29742,829,315,300,109,95
29743,1074,530,429,188,181
29744,1313,1245,929,921,1293
29745,5155,2807,762,749,716
29746,4691,1277,763,916,848
29747,4560,573,3496,2479,2188
29748,155,826,586,326,328
29749,1322,2601,1641,2689,2988
29750,231,768,1312,530,507
29751,1048,448,391,581,679
29752,34,769,71,75,60
29753,19,619,141,114,121
29754,236,711,1820,1694,1849
29755,1,159,197,979,889
29756,285,826,473,756,781
29757,42,108,13,93,126
29758,763,124,9,69,105
29759,21,44,1056,465,500
29760,1879,860,623,740,810
29761,6888,7006,5663,6877,6195
29762,3253,1332,1182,1539,1783
29763,16,1,10,13,16
29764,24,1,36,47,47
29765,57,22,43,25,28
29766,334,424,41,166,195
29767,540,727,110,179,233
29768,368,1954,145,98,94
29769,20,1644,1882,1048,949
29770,9,252,296,159,215
29771,161,505,623,356,571
29772,506,1251,716,380,325
29773,5825,1447,5417,4551,4803
29774,1024,833,1107,850,826
29775,395,165,1009,1208,1171
29776,529,1720,176,42,42
29777,406,507,406,298,279
29778,152,132,8,4,2
29779,778,1114,809,331,214
29780,15,391,678,310,278
29781,19,430,31,121,76
29782,490,227,380,450,433
29783,29,287,47,82,64
29784,1142,1446,1322,1085,1256
29785,1975,407,84,28,17
29786,1011,201,107,44,29
29787,3385,2837,4861,3643,4190
29788,1150,340,866,651,518
29789,2367,1243,2248,1196,1251
29790,566,1387,1114,1270,1083
29791,454,3564,2377,2234,1820
29792,333,2513,3036,4135,3417
29793,2553,661,2614,2287,2268
29794,1555,633,1582,1733,1641
29795,454,193,884,1213,1171
29796,565,3212,691,950,859
29797,423,2115,879,1432,1316
29798,334,1327,410,377,250
29799,862,116,2040,1274,1433
29800,1459,84,2745,3395,3897
29801,1801,2616,1818,1656,1587
29802,3237,1241,575,532,494
29803,614,2277,1137,1225,1196
29804,823,1057,1822,1811,1742
29805,80,858,352,1046,905
29806,0,329,4,7,3
29807,0,231,7,10,4
29808,82,577,106,37,25
29809,110,384,185,177,82
29810,4136,3230,2601,3359,2936
29811,78,654,538,816,755
29812,4256,3630,5492,5467,5198
29813,4419,5947,6237,6392,6352
29814,270,1338,545,614,575
29815,1667,2007,2357,2135,2282
29816,134,1286,714,932,808
29817,2829,1599,79,48,33
29818,1229,2008,1573,1884,2014
29819,4595,2212,266,141,88
29820,1162,74,524,200,215
29821,48,575,483,185,243
29822,72,50,446,403,440
29823,531,366,697,1169,1028
29824,893,443,686,706,737
29825,2775,4404,2743,4304,3925
29826,4058,3636,6439,7009,7494
29827,2317,1791,1273,2335,2375
29828,2757,2854,1750,3384,2977
29829,642,47,144,142,114
29830,1778,3723,5912,6213,6900
29831,1126,239,235,435,442
29832,1082,289,279,1324,1449
29833,600,341,80,48,48
29834,1800,261,341,833,909
29835,411,22,331,408,438
29836,571,113,91,1087,973
29837,21,22,4,4,2
29838,2848,5128,1892,1715,2189
29839,1915,4039,3647,3675,4523
29840,2161,2232,1330,1647,1577
29841,1132,2232,3470,2431,2923
29842,1465,3355,2494,1553,1774
29843,647,109,59,59,56
29844,325,1482,69,98,110
29845,249,1775,1112,378,369
29846,419,1739,83,103,123
29847,1634,660,1135,1414,1400
29848,3797,1190,1613,1564,1584
29849,1952,965,1333,1389,1303
29850,13,235,179,31,27
29851,485,413,349,48,45
29852,988,592,1182,1003,1334
29853,963,121,32,10,5
29854,1655,2643,3745,3372,3294
29855,2208,2251,3318,2862,2962
29856,455,951,2243,1626,1933
29857,920,3950,3495,2658,3035
29858,428,810,2419,3377,3327
29859,949,516,232,498,400
29860,983,494,396,1123,1015
29861,1102,1318,310,438,306
29862,446,1547,895,1003,1114
29863,1278,1782,1460,622,717
29864,542,771,531,391,442
29865,1074,1089,2672,2351,2126
29866,405,1038,2972,2202,2360
29867,4455,5605,3679,2554,2492
29868,1010,368,789,901,755
29869,514,4267,2587,2031,1675
29870,3445,1434,1527,2552,2670
29871,3306,3051,3507,3914,4102
29872,1511,71,1473,1309,1442
29873,2159,187,1772,1876,1959
29874,337,35,248,97,79
29875,279,245,571,387,426
29876,239,32,97,41,28
29877,2112,356,314,403,330
29878,1389,508,333,395,469
29879,1053,199,102,116,86
29880,1870,1190,181,394,365
29881,323,966,225,332,313
29882,506,508,369,1239,1383
29883,74,377,174,297,192
29884,358,478,811,536,510
29885,111,348,81,152,87
29886,335,142,259,35,40
29887,740,235,306,66,64
29888,868,983,241,231,260
29889,3180,4081,867,669,742
29890,2448,3979,2090,2031,1942
29891,370,990,211,163,119
29892,334,163,518,405,504
29893,923,1375,2195,2225,2205
29894,412,210,360,231,235
29895,814,1083,799,785,932
29896,453,390,594,452,517
29897,1416,1090,2281,2285,2222
29898,146,379,92,120,140
29899,295,783,125,180,222
29900,6073,795,1978,1715,2197
29901,492,131,115,10,20
29902,343,264,234,728,770
29903,8591,2663,2523,1079,1388
29904,1413,2624,2626,4249,4167
29905,2794,3390,3235,4105,3859
29906,3050,6588,6806,5932,6038
29907,122,546,709,279,227
29908,555,651,807,265,241
29909,114,661,116,58,53
29910,569,416,98,92,103
29911,144,313,180,135,107
29912,612,570,82,50,43
29913,1045,2496,60,493,615
29914,364,757,2,56,45
29915,326,1354,10,35,26
29916,2512,326,182,24,27
29917,539,211,2450,2065,2135
29918,424,244,340,250,242
29919,1151,2351,994,1204,1164
29920,3990,2495,1432,1754,1339
29921,167,185,1,153,161
29922,68,178,420,369,357
29923,75,655,414,77,101
29924,322,105,89,24,36
29925,1937,2386,896,1151,1033
29926,454,152,18,579,597
29927,328,146,17,941,984
29928,233,52,201,317,341
29929,379,544,89,57,53
29930,422,35,2030,1762,1486
29931,71,102,673,312,264
29932,42,222,198,269,277
29933,66,198,192,88,90
29934,41,1774,2505,2138,1692
29935,55,801,958,462,428
29936,144,395,929,467,550
29937,242,472,1218,323,254
29938,275,798,26,9,5
29939,185,129,39,5,7
29940,0,25,473,243,232
29941,3779,931,326,837,742
29942,61,33,113,471,688
29943,4579,192,176,847,520
29944,1,225,51,21,22
29945,4041,705,4,4,3
29946,0,6,675,371,316
29947,52,576,412,257,307
29948,0,6,52,29,21
29949,613,370,368,1008,936
29950,75,372,2195,2165,2055
29951,3582,2148,1960,3354,3155
29952,1424,1787,2142,1171,951
29953,218,521,593,538,487
29954,349,1110,712,656,629
29955,2196,1623,619,1179,1640
29956,1140,104,189,165,147
29957,958,137,108,91,66
29958,1558,1911,1601,681,816
29959,969,2364,2645,899,1144
29960,1561,596,1244,2096,1838
29961,2091,395,6,411,453
29962,494,241,22,306,288
29963,1415,302,16,200,285
29964,28,12,225,126,174
29965,410,236,610,2740,2809
29966,253,566,198,25,12
29967,631,36,172,201,179
29968,1849,185,278,249,293
29969,973,855,635,224,238
29970,5,106,52,54,68
29971,142,68,434,120,169
29972,2,39,15,20,22
29973,13,10,159,15,14
29974,62,440,141,21,18
29975,780,810,431,180,147
29976,6905,4423,8339,9147,9098
29977,641,1370,1374,1271,1300
29978,1591,2668,1536,664,624
29979,3110,4321,5599,5920,5492
29980,1136,702,880,658,765
29981,341,283,975,781,789
29982,1,147,381,243,221
29983,3,208,267,188,163
29984,2338,658,608,300,377
29985,2377,1257,1762,2275,1924
29986,11,1086,133,58,60
29987,13,982,81,28,26
29988,11,12,194,436,459
29989,10,12,28,20,19
29990,118,27,27,36,41
29991,30,233,916,723,479
29992,16,69,57,91,111
29993,264,552,231,126,87
29994,39,132,508,407,408
29995,273,834,885,1950,2302
29996,7,508,916,239,189
29997,1732,162,461,366,681
29998,400,44,157,136,267
29999,592,1838,1770,3436,3659
30000,556,1264,144,2121,2280
30001,709,1233,137,3075,3083
30002,3160,4882,3157,3991,4018
30003,360,22,237,136,130
30004,92,49,193,129,125
30005,1550,426,942,1015,938
30006,1622,2989,1557,643,1097
30007,3161,2257,2372,1131,1602
30008,3055,3858,2173,1330,1453
30009,1078,1280,0,6,3
30010,443,1742,1194,359,285
30011,336,1964,2,12,5
30012,2951,4686,6771,5246,5068
30013,298,428,467,425,787
30014,245,1327,619,347,691
30015,194,290,161,90,86
30016,40,7,0,2,3
30017,73,250,54,36,42
30018,18,2662,2007,1873,1289
30019,1762,3725,2417,1440,1653
30020,15,3070,2301,1389,1820
30021,1262,647,234,243,214
30022,996,2900,3933,2778,2853
30023,2177,1300,731,763,877
30024,97,31,56,64,94
30025,115,114,776,801,577
30026,383,97,121,138,137
30027,902,989,408,569,423
30028,1260,1398,199,328,265
30029,682,608,2464,2996,2521
30030,282,145,155,52,64
30031,60,215,156,46,55
30032,160,140,116,940,931
30033,551,105,1489,1018,1005
30034,1011,178,964,892,1084
30035,2831,436,1229,327,387
30036,140,29,1302,1173,918
30037,5967,2942,5799,7575,7256
30038,157,32,804,1183,942
30039,2969,4217,226,163,177
30040,3444,317,582,411,401
30041,896,260,1699,809,1303
30042,0,16,0,1,1
30043,3474,1716,1873,1889,1629
30044,2235,2982,2170,2076,1962
30045,180,738,11,21,19
30046,513,775,12,15,11
30047,721,1522,860,303,512
30048,21,260,12,19,14
30049,41,286,73,44,44
30050,204,325,148,17,14
30051,1072,1318,876,2024,2257
30052,6135,7014,6597,7208,7181
30053,3510,3568,371,999,1115
30054,478,1356,2146,2199,2560
30055,612,0,1776,1260,1360
30056,963,791,2186,3937,3631
30057,675,852,625,483,462
30058,1708,1917,34,117,120
30059,45,300,82,195,181
30060,1686,1257,408,974,1157
30061,299,285,169,439,359
30062,961,573,281,677,585
30063,488,743,88,106,93
30064,428,93,232,96,108
30065,696,626,224,242,234
30066,2687,2833,795,561,603
30067,445,690,1531,2280,2313
30068,403,263,1362,1175,895
30069,571,14,110,224,128
30070,1876,2922,3809,1298,1275
30071,956,21,361,965,524
30072,703,566,273,259,288
30073,2204,285,378,289,298
30074,877,228,862,537,429
30075,600,142,24,29,26
30076,45,168,15,57,51
30077,11,90,27,93,119
30078,3069,5135,3368,3266,3055
30079,2864,4649,2186,1607,1356
30080,7279,7637,4893,4630,4175
30081,57,75,54,16,18
30082,3687,3985,5687,5131,4616
30083,33,159,84,25,31
30084,1623,3995,4447,3623,3822
30085,2650,2475,1699,1453,1640
30086,1013,2488,3546,4060,3920
30087,1887,1228,212,373,251
30088,1072,853,858,752,506
30089,2266,2042,500,1003,848
30090,1404,445,2197,3000,2617
30091,2398,186,234,84,86
30092,1425,370,380,194,170
30093,6088,3625,5485,4180,4396
30094,329,329,561,1465,1660
30095,1248,1589,3226,3205,3387
30096,452,4410,3915,3169,3124
30097,1181,683,1084,757,708
30098,145,160,577,546,468
30099,1350,2565,1989,2214,1847
30100,527,3641,969,1328,1200
30101,163,4045,5223,5252,4956
30102,600,93,28,844,794
30103,983,432,90,813,986
30104,944,120,33,935,1238
30105,4361,3348,6138,5076,4849
30106,0,0,0,0,0
30107,0,1,0,2,3
30108,438,93,153,80,68
30109,361,85,546,199,171
30110,245,141,566,755,693
30111,1786,101,48,13,18
30112,48,278,23,18,18
30113,87,48,147,17,17
30114,119,506,911,515,542
30115,113,132,683,744,727
30116,2169,1140,923,320,353
30117,4061,4167,3775,5168,5115
30118,2952,2384,1657,1906,1643
30119,2065,2123,2197,1814,1766
30120,50,6,25,14,23
30121,83,7,6,7,6
30122,31,56,40,41,49
30123,159,1668,268,201,230
30124,4553,4643,5428,5117,5350
30125,246,37,964,816,932
30126,56,314,453,967,1349
30127,56,107,348,756,1168
30128,1485,2938,1047,2893,2747
30129,160,16,3,1,2
30130,176,19,35,11,13
30131,2964,2486,1452,575,555
30132,553,1749,946,413,478
30133,1208,239,137,115,156
30134,636,292,143,275,323
30135,1775,1345,1051,633,658
30136,4545,3163,3513,2568,2618
30137,4110,1309,2209,2688,2473
30138,36,5,533,418,342
30139,85,4,264,302,217
30140,179,356,412,670,662
30141,284,125,1487,596,553
30142,899,359,1351,1722,2551
30143,355,56,274,136,122
30144,911,1195,158,673,600
30145,463,160,1384,1500,1006
30146,347,3002,2767,2536,3176
30147,248,272,1231,2044,2062
30148,1706,1085,690,2733,2546
30149,115,349,1354,3686,3772
30150,3498,330,62,21,17
30151,4,35,47,12,4
30152,0,5,1,0,0
30153,7574,8086,5465,5669,5291
30154,2719,4314,2513,1543,1675
30155,2243,2208,1401,931,917
30156,194,34,139,90,68
30157,234,27,360,177,173
30158,4078,1058,3103,2038,1795
30159,482,542,1013,2169,2178
30160,437,1206,1631,3767,4220
30161,2440,1471,861,4193,4981
30162,5458,1270,8013,6889,7460
30163,66,268,1725,1204,1478
30164,81,699,3456,3494,3991
30165,357,2481,4450,1411,1639
30166,876,719,1169,1039,1065
30167,578,1051,1787,1641,1727
30168,129,514,296,316,301
30169,63,198,164,61,76
30170,40,593,376,509,449
30171,15,512,28,25,38
30172,27,295,6,10,18
30173,90,278,643,358,348
30174,430,427,737,1256,1177
30175,2139,1707,2376,2809,2723
30176,948,1062,1772,2215,2156
30177,2288,120,78,73,64
30178,537,1138,973,316,456
30179,364,489,75,74,74
30180,592,461,1748,1098,1254
30181,1506,435,960,445,494
30182,2698,1609,1417,815,805
30183,1605,2977,735,811,651
30184,1228,207,980,697,702
30185,1492,543,957,979,705
30186,486,308,1074,768,879
30187,765,413,808,335,464
30188,6992,8730,9176,9190,9163
30189,698,471,989,1337,1597
30190,6545,2175,5425,3939,4151
30191,489,1097,606,549,636
30192,1455,587,2906,5856,5483
30193,158,276,177,1,1
30194,135,373,2565,2997,2332
30195,32,41,135,173,111
30196,17,17,121,233,196
30197,1810,235,62,88,67
30198,27,65,146,70,60
30199,37,50,149,194,150
30200,466,215,101,66,58
30201,853,606,1533,3215,3109
30202,79,503,2180,909,852
30203,57,558,2008,686,587
30204,5078,1132,1250,649,626
30205,5596,848,2734,2287,1950
30206,6274,2762,1317,683,771
30207,866,2125,1416,634,755
30208,4636,3093,4092,4526,4487
30209,307,3550,1570,864,988
30210,722,365,297,472,548
30211,352,444,759,687,754
30212,1197,1973,997,1151,1131
30213,3067,3107,1652,2920,2454
30214,243,461,224,361,255
30215,6,148,930,1469,1186
30216,2520,618,2280,4922,5028
30217,69,31,29,11,12
30218,2182,5033,2594,2440,2227
30219,149,15,175,134,157
30220,204,3,2,18,11
30221,304,12,3,7,1
30222,809,442,1168,1560,1807
30223,336,358,279,434,449
30224,303,221,119,283,322
30225,328,2014,1113,2144,2268
30226,189,38,80,61,63
30227,275,606,390,605,524
30228,2873,812,1420,1263,1256
30229,378,236,413,372,352
30230,207,328,624,517,497
30231,258,517,30,207,235
30232,165,118,42,42,60
30233,1164,584,574,1932,2447
30234,31,731,47,22,19
30235,40,1297,736,502,445
30236,48,7,103,172,178
30237,137,966,544,350,356
30238,0,46,55,33,41
30239,165,45,94,48,79
30240,1198,2843,4069,888,1047
30241,883,2064,2231,1516,1581
30242,974,3479,3490,4264,4497
30243,99,855,2093,1173,941
30244,60,761,496,417,350
30245,452,788,620,552,484
30246,15,106,60,34,38
30247,3703,2327,3390,5509,5597
30248,28,301,133,63,86
30249,14,35,90,267,237
30250,393,502,1756,2779,2919
30251,62,41,20,183,181
30252,119,249,307,86,142
30253,105,328,874,129,161
30254,278,827,2866,2965,2941
30255,7,170,368,221,243
30256,1430,406,1533,1093,1320
30257,52,44,103,15,26
30258,997,4182,5212,5184,4695
30259,2204,6146,2881,1353,989
30260,1551,2444,1795,1072,795
30261,3,56,20,35,27
30262,5958,3486,3134,1245,1458
30263,1,87,39,56,32
30264,61,352,465,250,264
30265,6398,4414,329,348,304
30266,76,185,89,187,217
30267,57,1380,104,129,107
30268,1092,886,531,284,238
30269,100,756,51,232,185
30270,48,3981,5109,5471,5508
30271,4497,3180,3543,1879,1769
30272,76,1711,3366,1936,1902
30273,689,699,541,1269,1217
30274,436,840,314,253,281
30275,405,884,411,489,514
30276,532,458,65,3283,3232
30277,2023,760,111,4107,4064
30278,492,3339,4878,5087,4878
30279,3193,2533,685,1034,986
30280,9,53,824,373,378
30281,4,44,365,146,148
30282,3119,5312,3936,7103,6773
30283,946,165,61,37,58
30284,1076,308,126,34,53
30285,9,2,21,46,37
30286,387,963,8,216,246
30287,32,22,13,40,29
30288,1200,134,371,473,336
30289,712,229,329,433,436
30290,2196,510,199,240,265
30291,448,1364,1616,1751,1820
30292,488,2174,2012,938,1072
30293,5126,3598,3129,1514,1683
30294,3008,2078,3134,3234,3168
30295,6675,3786,7326,7134,6802
30296,3948,3639,5023,5576,5127
30297,303,78,108,243,207
30298,326,131,124,182,130
30299,346,332,149,120,88
30300,3,39,72,48,21
30301,8,13,54,9,13
30302,93,593,80,79,32
30303,304,478,1486,988,1258
30304,896,803,55,299,300
30305,274,186,46,479,414
30306,160,194,1911,988,1025
30307,241,2132,962,2293,1916
30308,351,84,456,853,1000
30309,102,106,8,49,35
30310,80,23,15,41,27
30311,110,13,15,285,292
30312,2572,930,3423,2705,2763
30313,1798,835,3505,2799,2840
30314,6332,5663,3486,3347,3166
30315,333,149,169,95,53
30316,613,1929,2651,3381,3392
30317,432,237,130,102,64
30318,2097,2976,2918,1864,2111
30319,2764,1026,1419,805,862
30320,1044,901,2198,1344,1219
30321,129,141,355,139,88
30322,973,43,31,93,110
30323,88,84,23,49,51
30324,806,2765,2072,1640,1528
30325,762,3208,1678,1450,1545
30326,4759,2302,3879,4741,4839
30327,1,8,22,16,19
30328,45,28,848,197,232
30329,86,7,11,6,10
30330,54,273,4,277,187
30331,77,1355,3015,1489,1673
30332,244,3061,813,1470,1548
30333,2725,912,4563,5250,4403
30334,1876,931,4021,2880,2337
30335,1308,3182,5804,4396,4236
30336,21,0,0,0,0
30337,16,0,0,0,0
30338,0,78,57,5,7
30339,1111,2141,2966,1372,1218
30340,1057,1375,1751,499,554
30341,1688,7968,6797,1961,1897
30342,671,90,1493,1196,1249
30343,1874,1615,872,1022,1086
30344,1037,198,1584,1073,1180
30345,288,154,241,131,98
30346,1269,2239,1060,1327,1492
30347,532,407,787,295,237
30348,951,5185,4368,3585,3255
30349,202,169,2935,2056,1739
30350,457,215,2148,1709,1634
30351,265,519,1605,842,1021
30352,351,335,1197,557,620
30353,613,828,1529,2345,2176
30354,693,968,710,1095,1124
30355,1786,1403,1827,1101,1176
30356,1382,1010,1576,1303,1183
30357,259,558,472,1071,1040
30358,262,228,430,187,202
30359,185,415,455,164,166
30360,3998,3254,4729,4434,3743
30361,1070,757,6807,6328,7153
30362,3879,5027,5229,4269,3854
30363,4362,377,704,282,183
30364,3973,1741,1452,626,396
30365,5835,1909,1932,2394,2298
30366,67,450,467,156,163
30367,33,0,13,38,43
30368,288,0,18,54,57
30369,122,74,101,49,53
30370,216,29,79,84,81
30371,763,127,62,38,57
30372,112,424,657,456,500
30373,381,856,729,259,227
30374,324,709,687,279,241
30375,1222,1927,4046,3314,3378
30376,974,785,2603,2498,2384
30377,2903,3775,4133,3159,3378
30378,406,593,41,122,138
30379,548,1011,97,196,237
30380,261,1468,888,632,575
30381,75,209,175,130,115
30382,133,720,530,2942,3256
30383,265,14,47,67,61
30384,2639,2650,653,1672,1312
30385,4701,1979,1093,2358,1989
30386,5353,3118,2124,3347,3122
30387,524,1135,1834,1512,1518
30388,762,435,55,130,79
30389,237,964,52,129,87
30390,2533,2223,2158,2987,2964
30391,1960,1235,2693,1917,1881
30392,4420,1858,3551,5012,5813
30393,4,25,5,2,1
30394,521,1483,2051,2990,3263
30395,10,17,5,1,0
30396,25,1,18,3,2
30397,54,2,40,14,9
30398,297,178,73,116,91
30399,54,318,257,724,701
30400,18,375,413,895,905
30401,1039,806,449,920,828
30402,646,6,761,276,213
30403,664,704,2049,2590,2447
30404,1942,3711,1588,2178,2425
30405,1157,150,477,1942,1766
30406,421,71,311,1551,1012
30407,334,128,163,798,644
30408,324,236,50,176,273
30409,136,251,467,634,655
30410,645,1,185,738,600
30411,3614,958,75,203,400
30412,2108,3169,725,124,274
30413,705,2637,2520,1736,1985
30414,903,2357,886,702,766
30415,1233,437,3406,2818,2724
30416,3181,1341,3562,4108,4377
30417,392,385,1211,657,591
30418,318,949,114,155,132
30419,186,733,130,267,226
30420,55,0,16,6,5
30421,839,992,315,231,242
30422,134,13,0,7,8
30423,723,1096,1113,757,832
30424,357,1249,1048,600,584
30425,311,491,591,477,428
30426,2131,150,1984,3182,3098
30427,3307,461,6542,4288,4776
30428,1899,4038,3903,6440,6387
30429,309,114,6,18,32
30430,279,36,109,22,15
30431,297,156,13,50,84
30432,2390,5144,1071,1150,1161
30433,416,43,22,28,22
30434,39,8,78,159,127
30435,20,45,105,255,267
30436,518,57,308,255,231
30437,13,27,294,455,315
30438,644,1420,5904,6219,6084
30439,1601,3827,2570,4102,3277
30440,3181,1008,2716,1455,1331
30441,32,408,1091,816,712
30442,194,460,484,205,196
30443,216,221,439,146,120
30444,482,1050,283,81,133
30445,194,1005,1375,1830,1996
30446,483,1009,506,223,292
30447,6,35,101,36,33
30448,42,67,108,83,51
30449,832,6525,2107,5755,5879
30450,2477,1471,242,288,342
30451,1983,2153,191,288,350
30452,4130,2257,783,8080,8314
30453,21,13,262,429,376
30454,35,26,12,26,28
30455,30,16,19,24,27
30456,84,90,4,55,50
30457,108,1,1133,1381,1407
30458,31,2,3,52,63
30459,127,316,62,49,69
30460,382,3365,278,315,268
30461,175,527,247,536,543
30462,17,135,11,70,51
30463,116,1811,680,259,269
30464,27,138,3,19,16
30465,130,1499,3000,4176,3063
30466,67,183,239,209,170
30467,70,166,303,162,138
30468,251,951,479,538,596
30469,911,2455,1958,1876,2091
30470,142,1089,558,1039,1056
30471,181,418,165,74,58
30472,183,805,1415,301,330
30473,1512,274,269,172,149
30474,4445,1168,1561,1466,1309
30475,1337,6441,5375,4147,4077
30476,5401,1252,1723,1992,1891
30477,136,1,1292,483,466
30478,101,8,555,432,377
30479,1289,331,852,391,365
30480,171,429,667,366,401
30481,588,704,586,462,531
30482,466,1752,3989,3198,3661
30483,84,3,88,73,76
30484,1158,1455,1190,2061,2004
30485,237,5,261,26,28
30486,1714,1886,486,399,389
30487,126,361,648,644,665
30488,120,972,552,133,136
30489,46,728,478,266,367
30490,800,173,762,311,389
30491,508,21,249,208,88
30492,343,533,343,348,380
30493,108,603,307,208,156
30494,85,1215,401,500,421
30495,1125,570,259,153,127
30496,4246,1447,1164,713,724
30497,276,935,1533,1258,1241
30498,1,54,241,463,579
30499,2,152,36,4,10
30500,614,132,15,6,7
30501,22,0,0,0,0
30502,304,676,581,466,527
30503,920,401,763,675,803
30504,1816,116,2303,3144,2494
30505,44,82,373,53,65
30506,42,50,160,58,63
30507,247,534,52,8,6
30508,68,561,49,13,6
30509,304,1402,1590,1500,1402
30510,39,746,2141,2458,2526
30511,769,458,924,189,145
30512,1189,863,462,101,63
30513,494,290,8,36,30
30514,660,245,459,163,187
30515,332,199,4,8,7
30516,515,311,373,944,1186
30517,192,1321,648,1216,1193
30518,1028,114,2150,1273,1375
30519,706,98,134,105,129
30520,926,265,130,72,99
30521,1541,1276,2931,1895,1859
30522,1303,1236,1093,879,887
30523,888,1608,2914,3035,3387
30524,1843,2083,1658,1084,1146
30525,412,45,128,372,423
30526,397,317,553,859,846
30527,466,392,841,348,359
30528,38,719,2114,2357,2348
30529,48,386,1142,1016,854
30530,1302,1922,1431,1850,1829
30531,2061,3185,2220,1164,1452
30532,2206,2840,463,545,568
30533,2738,509,43,3,3
30534,1882,496,2516,1504,1335
30535,1350,268,85,406,356
30536,2739,1216,177,639,471
30537,3504,3500,1204,867,806
30538,2247,2203,512,179,186
30539,4051,3123,325,91,100
30540,65,10,2,46,35
30541,1002,75,2,49,50
30542,559,88,39,70,57
30543,144,6,24,588,611
30544,746,1780,39,308,300
30545,789,1620,981,479,499
30546,42,70,419,344,581
30547,796,1912,1099,1122,1494
30548,10,23,468,488,519
30549,523,374,903,714,579
30550,730,1125,2335,2007,1680
30551,216,448,485,342,275
30552,1085,1626,2840,3180,3348
30553,132,6089,4758,2302,2095
30554,1170,1162,1505,2863,2810
30555,3595,3454,4259,4746,4574
30556,3587,4484,3961,4365,4387
30557,2976,6248,8358,8162,8248
30558,4029,3275,1658,1601,1389
30559,2544,27,1251,654,624
30560,2268,59,414,264,241
30561,8,337,104,166,154
30562,40,303,48,44,42
30563,9,522,308,724,585
30564,466,300,1192,3794,2790
30565,1057,1660,2813,2984,3057
30566,449,413,644,2740,2386
30567,605,1989,4806,4018,3639
30568,278,536,1207,2847,3021
30569,95,517,1508,1904,1984
30570,471,834,381,1700,1532
30571,287,635,736,752,758
30572,396,411,163,690,706
30573,576,243,323,185,181
30574,353,375,502,344,279
30575,807,647,932,499,443
30576,219,61,53,31,20
30577,36,373,45,64,65
30578,284,2495,2591,1952,1887
30579,7514,5973,6483,6085,6321
30580,765,782,3729,3461,3406
30581,654,800,3509,3672,3616
30582,114,858,2939,1281,1192
30583,623,264,759,462,433
30584,176,672,1393,2637,2805
30585,32,134,504,537,517
30586,770,137,820,852,704
30587,280,80,625,513,489
30588,460,613,243,276,323
30589,750,750,300,538,670
30590,411,946,269,298,310
30591,2663,1173,1853,688,1270
30592,1799,1434,1376,782,1168
30593,2554,3064,3016,1965,2173
30594,554,2207,2982,2658,2284
30595,364,438,131,110,108
30596,715,1166,92,52,66
30597,704,1213,3056,1201,1261
30598,1714,888,2869,1193,1465
30599,625,1207,1876,992,1032
30600,1116,941,1773,1575,1626
30601,1191,1024,795,633,750
30602,2564,1259,708,286,359
30603,438,1495,2870,4356,4714
30604,677,755,182,143,134
30605,860,1577,352,440,385
30606,21,131,69,6,24
30607,18,523,156,1295,1491
30608,29,11,304,148,133
30609,132,146,162,238,236
30610,204,192,482,508,480
30611,726,149,398,366,353
30612,213,16,25,34,32
30613,138,13,17,9,8
30614,136,2134,872,1343,1140
30615,1599,1008,332,484,482
30616,2086,1842,774,590,582
30617,3599,3449,483,515,556
30618,1533,330,880,3296,3495
30619,3276,698,2082,4067,3459
30620,3802,4746,3583,5619,5048
30621,193,291,170,79,70
30622,316,51,82,16,14
30623,352,360,694,595,568
30624,6,130,382,714,774
30625,133,1861,494,154,188
30626,9,70,883,1165,1052
30627,127,84,127,990,1005
30628,524,1278,405,427,522
30629,136,135,134,550,670
30630,230,679,384,187,214
30631,4576,927,522,2391,2281
30632,245,394,233,139,114
30633,252,143,250,462,479
30634,301,1207,447,378,398
30635,204,838,2108,1432,1301
30636,169,635,342,122,133
30637,841,1134,173,97,136
30638,3031,2419,4458,3630,3833
30639,334,394,140,277,228
30640,511,27,9,4,5
30641,15,814,452,569,616
30642,3972,4801,6976,7415,7242
30643,3055,2885,5516,4446,4360
30644,6177,9051,5958,7558,7308
30645,430,193,109,753,771
30646,2626,2090,630,816,816
30647,195,244,19,235,175
30648,43,280,13,9,8
30649,8,17,5,4,5
30650,17,7,17,967,923
30651,2258,1105,1551,490,502
30652,1313,327,39,984,1333
30653,1584,1870,483,199,193
30654,570,857,477,357,375
30655,793,962,461,328,325
30656,646,192,1037,730,747
30657,311,52,25,12,11
30658,125,78,49,14,8
30659,480,150,126,105,98
30660,178,293,516,357,413
30661,268,448,627,478,507
30662,161,4,55,32,32
30663,697,2545,33,125,145
30664,4262,3555,2722,2538,3046
30665,1022,2135,103,383,430
30666,58,88,42,1,4
30667,43,54,44,12,19
30668,0,397,176,123,118
30669,520,2934,2113,2846,3138
30670,266,9,182,132,154
30671,738,7,53,97,122
30672,297,171,401,73,92
30673,31,3246,1333,2833,2943
30674,30,111,869,260,392
30675,5176,4557,4246,2960,2811
30676,6713,5707,4995,3423,3445
30677,2295,2179,914,493,661
30678,70,12,29,25,33
30679,1714,1232,587,342,408
30680,117,29,34,29,36
30681,1897,5732,2412,1320,1154
30682,549,118,107,519,659
30683,856,262,591,1597,1587
30684,438,391,16,279,265
30685,400,7,24,167,94
30686,320,4,27,84,89
30687,463,278,120,845,727
30688,1715,1263,419,685,579
30689,738,411,1669,1964,1685
30690,267,794,773,2869,3050
30691,616,745,173,235,265
30692,369,209,231,464,522
30693,62,163,56,154,157
30694,747,330,119,277,326
30695,366,27,203,1215,952
30696,119,431,93,372,379
30697,1942,574,264,483,590
30698,624,2451,527,456,457
30699,364,330,189,153,157
30700,725,538,111,278,316
30701,574,193,400,241,160
30702,1951,98,126,70,55
30703,1655,655,85,46,45
30704,2235,86,1085,392,307
30705,2420,705,178,148,161
30706,5401,2264,66,68,85
30707,2342,675,628,617,782
30708,2570,2401,2781,2333,2243
30709,2493,1701,2859,2170,2093
30710,3392,2747,4387,3592,3756
30711,306,154,217,1811,2117
30712,279,146,33,2,1
30713,265,152,59,3,3
30714,2000,565,292,312,323
30715,1158,675,502,522,453
30716,4550,4537,951,1086,626
30717,471,146,910,429,441
30718,593,447,750,268,299
30719,1027,74,371,470,492
30720,1870,3688,855,1025,648
30721,181,786,474,301,330
30722,270,1647,1075,664,740
30723,6145,2268,2091,5728,5884
30724,2217,960,226,1242,1018
30725,139,159,28,107,117
30726,1011,1057,1290,1235,1501
30727,1132,1437,424,533,627
30728,3343,2029,2040,2639,2531
30729,28,60,93,245,186
30730,2955,750,2568,1447,1497
30731,55,294,253,40,50
30732,166,128,71,4,1
30733,491,459,98,8,6
30734,628,1080,168,2801,2703
30735,23,154,54,43,41
30736,590,163,306,577,453
30737,1379,429,340,694,473
30738,49,18,27,75,75
30739,42,29,82,171,171
30740,91,999,49,48,48
30741,242,118,105,216,186
30742,332,243,116,312,286
30743,342,103,185,807,688
30744,12,426,134,40,40
30745,121,363,179,591,605
30746,178,124,200,144,131
30747,2725,1540,2022,2733,2433
30748,356,1697,1466,1892,1951
30749,1635,2389,3977,3238,3072
30750,446,1570,1128,632,572
30751,101,2,59,116,184
30752,306,8,125,139,224
30753,1490,1199,394,219,222
30754,1017,1501,63,693,955
30755,981,639,282,286,293
30756,97,294,2273,2253,2485
30757,172,67,80,35,54
30758,55,33,41,35,43
30759,786,4025,36,561,664
30760,3890,3284,3522,1828,2103
30761,444,2157,36,445,516
30762,792,192,2369,698,827
30763,158,154,359,302,292
30764,400,731,707,653,608
30765,728,24,2145,1747,1716
30766,241,20,1,0,0
30767,627,26,0,4,4
30768,1105,1294,4444,2123,2600
30769,490,1750,6298,2801,3853
30770,5532,3701,4170,3593,3674
30771,1196,4059,992,873,993
30772,3471,3341,3147,2967,3259
30773,1983,4697,1595,1137,1487
30774,251,140,819,1436,1672
30775,106,371,647,503,453
30776,131,786,224,25,33
30777,1505,2414,523,224,211
30778,1682,3905,771,316,316
30779,7301,5534,3824,2412,2236
30780,1287,2258,891,716,439
30781,1452,5062,6118,6414,6747
30782,2796,4128,2329,1669,1174
30783,3862,6894,7049,7075,7050
30784,0,2,9,8,13
30785,1,0,5,2,9
30786,128,1629,2928,1436,1450
30787,108,31,881,440,545
30788,141,28,437,275,329
30789,2980,4853,3888,4114,3593
30790,135,525,875,746,927
30791,242,854,2041,984,1125
30792,933,325,777,306,305
30793,609,290,470,36,27
30794,1542,961,1656,951,967
30795,409,172,331,333,428
30796,515,157,355,345,453
30797,2208,1782,523,1913,2638
30798,1436,1187,257,1705,1835
30799,2194,1885,854,2400,2494
30800,5471,5166,2966,2208,2786
30801,662,3,0,1,1
30802,263,2,0,1,1
30803,183,119,224,436,372
30804,292,377,1017,1874,1852
30805,1557,1241,3313,3166,3152
30806,381,263,606,1547,1616
30807,3353,640,2127,3951,3398
30808,24,15,18,4,1
30809,5,4,11,3,2
30810,7460,5351,1791,2596,2612
30811,387,503,463,547,517
30812,244,470,705,4607,4746
30813,2034,1051,5185,2932,2890
30814,5009,2774,954,547,593
30815,3200,2062,539,325,384
30816,1903,369,907,1074,947
30817,1789,295,1250,1364,1153
30818,2234,2061,2528,1923,1988
30819,2072,3039,2312,2387,2614
30820,4545,2729,2678,4301,4933
30821,2257,2162,3291,3596,3426
30822,1288,140,143,119,120
30823,1191,210,166,104,104
30824,239,825,227,189,192
30825,421,558,609,141,166
30826,186,141,237,1322,1573
30827,243,112,180,109,119
30828,234,77,416,281,271
30829,259,32,426,280,241
30830,598,456,395,169,136
30831,1771,2524,175,242,163
30832,1777,1231,384,289,274
30833,2294,1634,672,694,630
30834,431,830,192,12,9
30835,527,545,1851,1340,1546
30836,125,498,17,5,4
30837,483,95,994,363,414
30838,385,152,2957,729,808
30839,447,834,1119,538,514
30840,858,2214,2807,1590,1261
30841,1741,1476,3489,1896,1548
30842,4345,4819,3186,3279,3204
30843,633,1914,4097,1161,1171
30844,60,103,186,26,19
30845,74,171,59,12,5
30846,169,674,1553,779,776
30847,200,173,1212,430,476
30848,279,105,719,328,399
30849,2850,510,829,319,351
30850,1771,1108,1028,397,445
30851,1344,3017,2497,1419,1642
30852,4318,967,626,623,726
30853,810,1815,3779,3705,3900
30854,1327,667,1314,1856,2122
30855,1043,62,642,336,441
30856,1228,1182,372,396,454
30857,3260,457,259,458,541
30858,482,559,147,23,16
30859,3,45,506,482,641
30860,727,503,252,41,35
30861,16,25,11,35,27
30862,1758,1707,1684,1101,1094
30863,226,306,1591,2375,2243
30864,40,5,325,425,312
30865,46,24,11,14,17
30866,21,11,32,28,32
30867,2701,265,4,13,8
30868,278,1409,405,758,716
30869,105,342,1764,2803,3339
30870,584,1892,3109,1574,1367
30871,6620,2312,5591,8129,8135
30872,436,346,1755,1156,1006
30873,374,346,454,318,347
30874,29,382,50,14,18
30875,68,277,262,152,180
30876,1074,2041,587,2353,2466
30877,860,1064,1250,889,798
30878,848,1332,735,1277,1185
30879,2439,1661,504,363,302
30880,619,892,830,1289,1119
30881,262,486,434,812,903
30882,404,795,1012,966,761
30883,1574,1539,1525,1035,996
30884,4217,5134,2960,2618,3183
30885,2209,1053,2101,1129,1306
30886,286,105,233,205,250
30887,2220,356,5419,3977,4463
30888,890,459,148,135,170
30889,332,81,763,291,313
30890,851,158,566,265,263
30891,856,3716,3782,4581,4445
30892,587,1092,679,308,322
30893,716,1671,1110,481,482
30894,1775,2267,1685,880,857
30895,2567,4087,3876,2919,2774
30896,4657,5833,6837,7689,7904
30897,263,431,48,124,119
30898,888,1019,2079,3451,3007
30899,93,957,19,67,83
30900,33,1574,1991,1719,1608
30901,15,1662,2888,2557,2505
30902,6886,5114,4517,3528,3599
30903,15,114,160,89,82
30904,766,1074,815,306,359
30905,834,2541,2875,2067,1790
30906,88,545,412,172,240
30907,217,813,987,603,625
30908,1980,1173,1099,1719,1832
30909,258,255,551,442,390
30910,175,352,779,899,831
30911,3813,3874,1835,1333,1639
30912,11,231,1205,399,479
30913,1156,1816,1220,1029,903
30914,1420,1660,3962,3202,3206
30915,150,105,47,506,586
30916,705,499,245,1495,1589
30917,1209,1532,1934,2549,2579
30918,1442,297,51,35,31
30919,930,1634,299,423,398
30920,1584,307,18,20,21
30921,4348,4606,77,8,6
30922,1296,3038,57,2,2
30923,1296,2563,1893,1264,1327
30924,192,3,186,191,211
30925,128,160,236,151,180
30926,475,1569,1563,3130,3068
30927,943,961,1773,1358,1551
30928,4086,1334,170,115,86
30929,799,217,41,15,16
30930,1123,688,3154,1710,1765
30931,1180,441,1531,1572,1577
30932,1083,2746,3391,3202,3328
30933,592,319,160,64,62
30934,301,336,108,27,31
30935,568,772,656,284,263
30936,66,215,93,51,84
30937,16,509,244,118,175
30938,3160,3367,6068,6490,6399
30939,5,52,96,20,28
30940,1,157,284,65,88
30941,17,2,36,41,44
30942,1178,5002,3659,3818,3845
30943,156,1632,425,545,379
30944,137,147,140,110,79
30945,3479,3096,2736,2358,2808
30946,817,2134,1222,1222,867
30947,637,1942,4990,3597,3987
30948,234,231,15,114,111
30949,314,251,99,48,79
30950,125,221,239,191,199
30951,393,1495,1939,2018,1654
30952,3765,1522,1649,2405,1906
30953,116,637,2188,2171,1734
30954,1201,1086,2243,3387,3392
30955,150,844,84,1276,1166
30956,1531,1731,191,559,518
30957,267,400,453,229,263
30958,139,1415,148,59,104
30959,193,653,177,54,99
30960,188,81,11,187,100
30961,5333,4394,7248,7024,7175
30962,207,178,8,70,41
30963,5,264,157,37,43
30964,305,246,747,957,1157
30965,165,747,545,1400,1505
30966,2909,62,48,51,76
30967,1024,121,2833,2070,2062
30968,2228,178,205,180,216
30969,2179,5423,4473,5236,4901
30970,252,6775,2806,3072,3408
30971,416,1809,1060,1352,1444
30972,26,673,1096,338,326
30973,26,317,278,912,804
30974,403,824,645,364,302
30975,7000,1647,2610,7828,8173
30976,172,172,114,36,19
30977,149,223,489,188,100
30978,119,269,8,8,4
30979,161,261,3,5,3
30980,1922,2095,883,502,551
30981,79,347,56,83,88
30982,827,759,716,1127,1092
30983,26,550,146,87,102
30984,1325,1487,1223,1242,1429
30985,654,802,1204,1096,1359
30986,3224,3966,6342,7089,6481
30987,18,176,196,112,119
30988,2783,5578,1418,2985,2182
30989,137,284,988,430,547
30990,522,1185,1713,1847,2069
30991,265,168,1099,1153,1236
30992,258,96,913,474,520
30993,3302,5890,7060,7093,7316
30994,4067,6629,1941,3160,2834
30995,2164,4740,1335,1899,1776
30996,699,16,16,436,541
30997,358,9,38,1338,1576
30998,146,595,1320,976,941
30999,1706,44,137,27,55
31000,309,3349,2766,3375,3188
31001,224,21,74,7,14
31002,215,1443,1038,1333,1191
31003,1674,2332,5726,3036,3479
31004,163,1464,1604,838,834
31005,166,84,73,32,38
31006,704,66,46,22,36
31007,244,228,123,140,214
31008,3976,1979,1171,1865,2000
31009,670,656,658,2060,2079
31010,1406,797,2589,2394,2329
31011,109,35,167,332,418
31012,148,70,37,21,22
31013,155,196,71,16,19
31014,42,1154,1399,2314,1552
31015,40,511,755,233,312
31016,559,669,891,108,166
31017,561,2277,3116,3151,3083
31018,672,2641,2689,5762,6151
31019,1913,3841,2766,3093,3110
31020,103,347,215,168,174
31021,149,284,190,100,99
31022,123,748,309,313,269
31023,73,130,404,154,184
31024,21,126,461,300,308
31025,26,210,310,151,174
31026,148,936,1226,954,851
31027,851,2361,2382,1805,1215
31028,65,354,1079,931,811
31029,139,284,221,650,571
31030,543,16,0,2,2
31031,819,41,0,10,11
31032,536,10,32,5,8
31033,4173,2573,2313,1885,2114
31034,271,22,31,6,6
31035,6,11,650,295,390
31036,6446,7820,8424,7616,7203
31037,6,37,886,632,737
31038,134,932,533,237,147
31039,185,513,530,154,117
31040,1737,1762,1392,453,458
31041,1863,4493,3908,5383,5368
31042,955,399,1196,688,681
31043,615,375,2879,1491,1357
31044,873,3316,2771,2413,2053
31045,427,262,453,464,563
31046,781,1952,2345,4252,3957
31047,5519,3966,3953,4642,4248
31048,418,1103,3210,3888,3298
31049,222,891,1377,1482,1506
31050,614,294,125,339,261
31051,35,67,13,3,5
31052,1190,667,177,734,619
31053,1718,1733,3427,3267,3223
31054,771,611,819,2082,1943
31055,471,444,1020,1787,2077
31056,22,171,34,39,36
31057,300,702,537,165,156
31058,24,86,62,62,61
31059,1658,1554,593,138,212
31060,407,1035,421,964,720
31061,339,1945,450,186,272
31062,1574,441,158,150,133
31063,1985,444,1800,1110,955
31064,6071,2301,480,242,211
31065,784,2044,2922,2495,2756
31066,2227,885,3540,3473,3398
31067,272,559,876,487,557
31068,2475,5,1547,3946,3440
31069,3197,4008,2824,3863,3046
31070,593,4,1612,2531,2406
31071,92,247,66,121,118
31072,59,252,325,144,209
31073,41,227,125,132,146
31074,503,549,338,81,126
31075,135,2726,1874,2684,2081
31076,62,652,367,93,147
31077,3442,503,639,3739,3626
31078,245,487,463,112,118
31079,152,396,1007,226,218
31080,8540,9084,8938,9134,9111
31081,4725,3612,2694,1421,1416
31082,4578,3919,3055,1760,1712
31083,3339,5704,1843,3317,3622
31084,605,1384,1889,1884,2078
31085,359,944,647,1406,1571
31086,132,2715,2610,2227,2292
31087,379,849,1811,963,980
31088,2361,1146,202,744,766
31089,1466,2372,2302,3342,3704
31090,669,790,673,3621,4158
31091,846,640,169,3034,3529
31092,306,888,2093,1712,1256
31093,167,3597,1489,3987,4190
31094,359,1048,1410,1873,1661
31095,89,3,50,42,50
31096,60,2,54,71,67
31097,381,759,2686,3016,3546
31098,765,145,796,303,337
31099,75,174,617,260,269
31100,4044,4737,3559,5402,5564
31101,92,3,66,78,78
31102,58,549,112,88,105
31103,1212,98,1361,1494,1346
31104,3669,1071,3448,2527,2375
31105,4009,694,3088,1935,1845
31106,2731,2915,2558,3808,3811
31107,593,76,206,230,226
31108,220,207,25,43,13
31109,148,176,63,362,398
31110,9,1,2,134,132
31111,12,0,1,171,160
31112,2448,5399,4578,4627,4901
31113,1035,2239,1052,367,419
31114,4450,4078,6625,8346,8180
31115,758,2337,1683,550,664
31116,271,166,31,4,8
31117,279,246,75,9,17
31118,864,797,1385,2052,2135
31119,5262,1184,3264,2116,2120
31120,2354,3195,3208,3839,3549
31121,5637,1066,3487,3116,2430
31122,937,240,494,348,274
31123,367,719,1097,661,737
31124,757,139,360,191,138
31125,1698,1069,1769,1179,1309
31126,1328,921,2088,5376,5149
31127,1463,1649,1513,911,1086
31128,852,548,1348,1147,1236
31129,764,646,184,139,133
31130,914,877,504,389,364
31131,902,2864,1866,4219,4558
31132,3230,4207,5448,7379,8147
31133,859,1427,4000,4834,4541
31134,676,100,36,145,90
31135,2174,3486,145,410,315
31136,861,2262,956,575,389
31137,532,190,197,168,204
31138,34,115,239,192,185
31139,52,4422,1678,2190,2676
31140,69,152,115,80,69
31141,106,176,212,1141,1071
31142,54,155,1277,3289,3702
31143,2098,1170,2069,1891,1910
31144,355,3688,511,174,166
31145,123,1461,306,71,87
31146,279,1883,365,572,598
31147,353,158,171,119,144
31148,500,369,681,410,439
31149,105,170,1119,1731,1750
31150,384,637,366,1032,1256
31151,717,397,114,717,831
31152,1944,162,186,40,101
31153,2166,3070,1765,1680,1434
31154,1138,82,70,31,33
31155,2576,230,676,411,314
31156,1379,139,116,57,100
31157,176,320,238,179,132
31158,121,149,123,170,207
31159,206,88,64,59,73
31160,2877,1956,190,567,399
31161,303,2455,3819,2899,3230
31162,187,528,1668,1318,1455
31163,2862,2557,2652,1716,1615
31164,860,655,1980,413,350
31165,477,472,1035,861,912
31166,158,233,149,244,240
31167,1568,5597,6345,3943,4268
31168,177,678,59,84,54
31169,864,720,149,218,172
31170,58,1,762,392,421
31171,31,9,130,150,181
31172,211,0,265,121,86
31173,1420,301,1121,169,195
31174,1163,265,273,37,45
31175,2904,5532,2506,1994,1906
31176,209,274,293,1742,1738
31177,978,484,322,138,147
31178,420,604,246,177,211
31179,7,67,312,410,466
31180,2555,826,2059,2389,2514
31181,16,100,374,118,82
31182,510,861,414,204,272
31183,182,736,879,380,353
31184,212,342,59,26,42
31185,132,25,113,47,66
31186,437,17,310,199,259
31187,1401,2950,1099,753,900
31188,3675,3035,703,1148,1261
31189,535,678,81,2238,2193
31190,2033,871,61,766,889
31191,523,1173,1196,515,582
31192,840,889,1006,253,257
31193,2455,2442,2549,4587,4712
31194,2041,832,1863,7559,7762
31195,221,289,191,78,103
31196,223,871,597,224,230
31197,360,242,1011,602,644
31198,279,184,479,188,184
31199,1719,2275,599,207,201
31200,134,1411,3571,3180,3127
31201,143,1408,1213,767,879
31202,88,1438,1049,530,741
31203,419,462,39,460,368
31204,32,96,63,181,221
31205,58,296,833,468,455
31206,1422,215,730,2571,2752
31207,662,160,540,127,112
31208,447,185,378,76,72
31209,339,241,1234,531,438
31210,886,662,745,404,277
31211,35,82,386,309,301
31212,503,1633,1156,1981,2274
31213,744,1003,122,34,34
31214,759,296,332,78,109
31215,352,3291,2958,2688,2683
31216,675,246,657,461,420
31217,258,409,178,228,241
31218,3400,1666,5368,8435,8445
31219,1108,1403,1786,3009,2938
31220,1594,784,1221,3762,3803
31221,1096,1684,3090,2901,2492
31222,685,467,63,101,124
31223,2107,29,58,96,89
31224,505,122,289,309,361
31225,3602,2769,5742,6900,6807
31226,423,177,562,510,570
31227,2595,1990,1515,1518,1443
31228,1077,571,2525,258,291
31229,2371,6376,4986,8693,8723
31230,2018,7,2,2,1
31231,414,3,3,9,4
31232,224,319,487,243,375
31233,3300,1430,106,193,182
31234,1873,2534,259,148,87
31235,651,1835,60,34,27
31236,920,892,1281,1169,1116
31237,646,292,62,56,31
31238,598,280,145,138,103
31239,521,550,541,327,576
31240,1228,1534,1002,589,479
31241,73,676,465,410,555
31242,35,219,249,1908,1481
31243,1629,116,844,1065,956
31244,3251,871,997,2348,1935
31245,971,126,855,264,191
31246,316,38,134,297,343
31247,1630,484,747,834,909
31248,197,1197,531,680,911
31249,623,621,1899,1678,1808
31250,3574,1835,2640,2623,2660
31251,5162,182,181,62,65
31252,25,41,118,59,83
31253,63,418,217,2010,1659
31254,3258,2924,4119,4132,3584
31255,878,3880,728,303,220
31256,1216,1629,288,142,100
31257,2154,2031,79,381,296
31258,1681,2128,891,1367,1483
31259,3151,3507,214,1075,795
31260,3,0,0,0,0
31261,2,0,1,0,0
31262,3778,5262,4830,4662,4609
31263,252,324,48,49,37
31264,320,514,126,75,72
31265,1300,304,333,60,53
31266,599,614,786,666,663
31267,321,461,272,579,749
31268,266,555,353,706,631
31269,3214,524,771,600,673
31270,637,260,1366,743,797
31271,670,522,872,720,677
31272,504,539,742,682,496
31273,2335,277,177,256,280
31274,1032,555,532,396,304
31275,320,476,94,69,57
31276,1367,892,3456,1982,2027
31277,596,894,189,203,214
31278,2634,230,660,293,527
31279,2461,622,3182,1020,1046
31280,2497,49,696,328,507
31281,583,67,1,3,5
31282,445,39,1,6,5
31283,1416,461,488,236,246
31284,843,752,660,2947,2958
31285,8548,9085,8901,8804,8899
31286,934,1192,975,2955,3123
31287,913,76,60,93,91
31288,76,25,30,3,3
31289,70,56,30,6,6
31290,765,671,606,898,1145
31291,245,392,440,475,468
31292,1955,1836,605,4433,4726
31293,816,378,551,867,895
31294,854,463,388,860,977
31295,6431,6697,7698,3876,4125
31296,13,287,448,770,1055
31297,2710,4627,5048,5038,5002
31298,11,428,213,615,865
31299,953,378,3016,5179,4794
31300,1489,2140,3874,2274,2311
31301,3978,5339,4800,1142,745
31302,524,1397,863,2040,2204
31303,899,2160,1158,690,470
31304,1094,2109,1082,465,248
31305,1467,330,677,651,586
31306,1515,559,777,1085,867
31307,1094,400,1543,1392,1382
31308,1467,2484,2312,1222,1022
31309,1102,3830,4155,4627,4798
31310,619,731,707,387,362
31311,275,213,1281,2986,2744
31312,1428,221,807,2136,2073
31313,18,76,219,46,64
31314,92,22,15,2,2
31315,231,79,42,54,43
31316,26,46,64,15,23
31317,2411,276,6404,5566,4770
31318,7,6,2,7,9
31319,28,22,2,2,2
31320,290,1407,954,319,152
31321,0,280,291,244,236
31322,0,482,360,335,380
31323,180,443,433,674,906
31324,538,541,2606,2347,2124
31325,624,927,596,1267,1372
31326,949,615,614,318,300
31327,3303,3606,4747,4843,4640
31328,707,621,692,250,234
31329,2422,838,455,908,969
31330,4328,2513,2114,1834,1925
31331,350,35,1054,1038,1111
31332,499,2659,180,34,46
31333,341,18,4,1,1
31334,237,1393,4,5,2
31335,184,412,887,532,632
31336,413,1030,323,121,147
31337,383,885,421,273,322
31338,1351,672,700,74,83
31339,8259,8385,8168,9013,8981
31340,15,77,199,37,26
31341,507,1186,2680,2759,2533
31342,4231,3371,3100,3736,3852
31343,1215,551,1134,1258,1195
31344,1667,2423,2473,1501,1515
31345,2928,2969,2772,2175,2252
31346,3745,691,840,828,889
31347,2520,3043,4188,3914,3936
31348,744,117,620,298,208
31349,7716,1555,723,330,437
31350,2105,5725,5235,5299,5224
31351,2273,152,62,20,22
31352,1734,315,84,38,42
31353,693,786,717,382,301
31354,9091,7944,8715,8557,8608
31355,633,580,329,212,199
31356,880,653,566,474,289
31357,37,747,246,542,402
31358,16,442,377,619,607
31359,1623,82,71,52,48
31360,566,163,248,438,275
31361,1501,565,206,229,270
31362,385,770,390,425,465
31363,191,923,154,48,73
31364,1215,4171,236,50,76
31365,605,256,411,148,174
31366,390,219,343,205,243
31367,356,304,86,161,184
31368,1420,2054,1511,1213,1260
31369,2047,3539,1841,1978,2014
31370,559,1643,986,911,878
31371,1727,2405,2404,1929,1623
31372,1322,434,110,377,386
31373,1352,1038,1082,180,167
31374,750,822,40,141,126
31375,1856,2717,46,219,234
31376,753,2984,575,58,52
31377,678,1896,1016,104,178
31378,1010,1643,484,1473,1777
31379,2026,1273,990,110,183
31380,607,936,94,358,388
31381,370,480,323,202,205
31382,173,457,42,272,243
31383,862,1838,2633,2773,2249
31384,11,27,41,26,32
31385,361,1998,337,198,196
31386,1271,3301,925,809,715
31387,276,492,2596,2957,2638
31388,487,901,119,48,41
31389,1496,1133,699,476,508
31390,3266,6849,653,1257,976
31391,1405,1137,492,656,584
31392,148,658,344,2137,2390
31393,116,878,1829,1657,2177
31394,1882,2623,1892,4817,5317
31395,181,178,83,709,423
31396,844,55,30,534,587
31397,109,666,332,421,211
31398,283,67,120,1334,1280
31399,69,812,1113,972,1048
31400,51,111,257,1958,1662
31401,2827,3551,940,475,332
31402,4069,2448,956,702,539
31403,2119,2282,1576,785,833
31404,380,418,20,37,25
31405,4381,747,846,534,618
31406,522,702,218,141,112
31407,3026,2445,992,3232,4005
31408,102,602,176,100,176
31409,251,1504,97,88,133
31410,141,255,803,1435,1682
31411,1748,700,1204,2916,3067
31412,210,1760,1209,4534,4026
31413,146,258,116,401,513
31414,250,2559,874,543,665
31415,255,1040,374,210,264
31416,95,974,1738,1036,1017
31417,142,44,1124,1094,1000
31418,523,29,1613,1183,1354
31419,331,719,342,509,552
31420,1048,1349,724,1052,1089
31421,1626,2687,1482,2287,2367
31422,276,710,97,23,32
31423,127,45,177,18,26
31424,21,96,51,41,31
31425,940,1545,1992,1070,1218
31426,1293,1002,225,203,157
31427,872,384,101,76,65
31428,92,161,53,338,367
31429,44,94,145,277,326
31430,333,248,93,142,147
31431,113,191,93,815,823
31432,479,98,90,802,617
31433,71,162,3219,5131,4669
31434,1162,411,35,6,4
31435,12,157,14,4,1
31436,7,659,257,258,219
31437,482,151,666,2145,2077
31438,182,367,648,754,819
31439,144,76,242,1040,1221
31440,566,137,611,277,273
31441,713,1014,1094,571,558
31442,373,2666,1427,627,944
31443,139,93,49,62,56
31444,312,176,145,1909,2405
31445,523,271,93,93,90
31446,440,1017,1539,1357,1282
31447,355,218,644,660,862
31448,2252,389,675,543,495
31449,206,2732,965,1074,929
31450,3405,2158,33,99,153
31451,446,1873,50,130,175
31452,22,14,240,489,437
31453,64,36,211,463,477
31454,72,15,87,480,389
31455,13,102,1448,2135,2813
31456,12,102,118,138,157
31457,7,51,31,22,19
31458,6,11,1,0,0
31459,508,890,95,92,129
31460,330,43,0,1,1
31461,4889,674,177,1211,1647
31462,2579,1077,298,167,193
31463,3454,1277,4755,3703,3757
31464,515,465,325,472,489
31465,291,53,554,445,382
31466,1599,1999,974,1149,1234
31467,2935,776,3161,3004,2675
31468,694,333,1234,2873,3163
31469,1304,3432,4431,3202,2836
31470,601,314,1260,3026,3219
31471,471,1110,1175,2603,2570
31472,313,218,580,1846,1670
31473,2727,362,438,878,858
31474,954,542,664,1049,1025
31475,570,698,561,1033,1002
31476,2252,3404,3039,1836,1406
31477,1875,4543,7006,4675,4690
31478,1317,2140,1848,1343,1198
31479,204,644,1965,667,614
31480,24,4054,1256,2015,2067
31481,19,1673,1916,2267,2478
31482,361,918,161,1192,1355
31483,17,561,69,33,26
31484,7,852,181,77,70
31485,954,779,1821,172,248
31486,327,1633,115,173,201
31487,1026,1152,151,274,219
31488,546,94,245,439,507
31489,1894,1519,850,386,477
31490,890,236,670,722,725
31491,706,475,321,1178,1066
31492,262,468,83,15,32
31493,307,179,549,29,54
31494,678,244,361,354,448
31495,856,929,981,306,416
31496,425,205,614,2073,1941
31497,7,28,261,357,520
31498,1301,3790,2957,1990,2689
31499,1443,1773,191,496,479
31500,299,436,566,1972,2131
31501,421,248,1212,1025,1031
31502,351,946,1563,1117,1164
31503,1645,33,477,152,107
31504,6416,4747,4472,4393,4433
31505,97,35,301,77,116
31506,886,886,863,788,734
31507,403,55,129,50,65
31508,550,81,188,104,151
31509,1719,79,1335,1111,1130
31510,698,551,1751,1593,1675
31511,565,2597,3857,3970,4177
31512,118,17,120,70,59
31513,19,18,27,29,39
31514,18,439,16,24,51
31515,681,280,292,168,133
31516,1656,859,3856,496,494
31517,380,419,256,92,78
31518,151,15,580,355,351
31519,809,1210,1659,1280,1390
31520,455,21,245,225,203
31521,917,414,25,32,56
31522,510,286,24,42,61
31523,3183,6306,7684,7031,7535
31524,405,265,714,1461,1551
31525,374,180,761,1056,938
31526,2520,2690,278,578,553
31527,304,271,93,77,99
31528,180,301,420,331,254
31529,181,1227,2242,2742,2250
31530,1214,462,535,869,724
31531,934,574,1081,1399,1002
31532,915,5474,4431,5789,5594
31533,24,63,140,102,141
31534,1173,555,469,277,387
31535,1385,497,379,911,718
31536,6237,5991,6748,7185,6858
31537,156,90,1720,3630,4072
31538,420,71,1249,2744,2632
31539,5,127,667,1462,1259
31540,1375,94,443,403,323
31541,2279,7181,6985,6426,6501
31542,736,399,815,615,672
31543,1353,1376,3270,7228,6898
31544,1537,1961,3490,2282,2179
31545,70,121,90,56,77
31546,21,52,308,156,224
31547,482,476,38,13,11
31548,485,430,145,525,496
31549,125,743,2429,1436,1243
31550,303,710,419,1730,1704
31551,794,1058,1265,1528,1375
31552,2510,4175,402,341,458
31553,127,210,32,77,107
31554,398,517,324,589,536
31555,508,680,757,975,1014
31556,8909,4614,6043,6704,7519
31557,168,118,1,22,31
31558,6933,7184,7777,6451,6649
31559,534,286,0,6,8
31560,1690,184,885,547,525
31561,129,22,26,7,8
31562,30,10,27,12,6
31563,288,236,56,138,162
31564,760,532,101,259,271
31565,863,432,1354,1141,1239
31566,50,309,12,0,0
31567,7,134,19,0,0
31568,2290,1148,187,224,168
31569,4009,4480,3869,5456,5558
31570,5921,7217,6933,6011,6704
31571,4921,4405,4027,3069,3322
31572,4285,2432,179,334,359
31573,36,25,73,95,78
31574,42,43,129,166,159
31575,310,18,35,32,27
31576,207,4,238,1535,1617
31577,1139,582,1720,1329,1489
31578,46,51,814,490,523
31579,132,18,394,695,860
31580,40,19,606,370,441
31581,1858,1177,1433,796,817
31582,1924,2738,4478,4096,4406
31583,2118,914,996,607,665
31584,4317,1616,841,2101,2293
31585,1,5,32,123,90
31586,489,696,240,173,129
31587,4,57,20,217,297
31588,599,259,116,97,109
31589,28,1528,2609,1892,1519
31590,2441,3163,2018,1129,1040
31591,112,573,86,92,89
31592,43,147,51,66,73
31593,59,120,161,235,260
31594,118,163,275,343,370
31595,85,141,577,672,754
31596,1423,3693,4068,5532,5144
31597,4163,6055,4050,5379,5293
31598,5417,2103,2005,2068,2025
31599,120,73,11,2,3
31600,135,185,494,181,233
31601,268,340,18,2,5
31602,3229,448,2014,1473,1611
31603,2340,5778,4672,7603,7424
31604,5015,477,846,734,872
31605,5,90,30,277,372
31606,28,83,187,564,456
31607,16,51,131,410,527
31608,53,6,53,289,280
31609,57,805,1065,1119,940
31610,49,11,141,752,672
31611,19,141,73,8,7
31612,296,154,804,1050,923
31613,42,363,127,6,5
31614,211,160,208,95,90
31615,423,292,302,147,119
31616,7379,3980,631,1225,1319
31617,580,956,979,254,292
31618,280,919,954,429,419
31619,1133,1710,1535,694,746
31620,85,1019,949,1013,934
31621,18,28,75,42,42
31622,40,64,336,150,157
31623,1153,211,53,163,153
31624,1369,2866,46,78,63
31625,1137,3149,3110,1782,1823
31626,27,120,280,262,266
31627,31,101,118,336,398
31628,163,519,401,511,778
31629,5535,412,845,374,364
31630,3889,5660,5263,4070,4301
31631,2481,437,404,272,236
31632,324,596,967,1229,1108
31633,228,224,414,154,156
31634,816,786,1982,1483,1531
31635,1525,3444,4027,3358,3413
31636,3252,5684,5256,5010,4843
31637,2958,5093,1749,2039,1940
31638,2798,5681,3670,6356,6238
31639,380,3046,1399,2698,3192
31640,1209,5957,3608,6810,6941
31641,388,8,512,455,561
31642,308,0,503,441,562
31643,387,1264,432,264,348
31644,482,48,300,305,315
31645,834,37,101,72,99
31646,2243,50,130,105,121
31647,1216,610,969,1439,1493
31648,5115,1679,623,607,642
31649,3733,3182,3054,2654,2268
31650,1641,2390,1291,3483,3421
31651,2593,3335,6561,6044,6166
31652,2240,3853,3066,5171,5504
31653,2113,5749,6631,6683,7058
31654,1559,4704,2753,1523,1203
31655,2646,4129,2946,1498,1344
31656,117,153,131,179,98
31657,176,370,1411,722,683
31658,1226,237,2953,2321,1787
31659,1431,1667,896,2950,2678
31660,93,196,173,32,41
31661,81,164,153,16,42
31662,279,1080,2732,3574,3274
31663,605,1624,14,9,9
31664,1044,598,1613,560,507
31665,6075,8763,7768,7555,7942
31666,77,10,393,216,221
31667,15,30,86,45,37
31668,7021,184,61,30,26
31669,1425,146,139,166,251
31670,1673,524,173,575,699
31671,5488,1562,1110,5142,4883
31672,4732,1058,472,3097,2980
31673,5946,3486,2728,2863,2702
31674,284,586,136,17,17
31675,875,57,388,484,446
31676,629,837,465,116,116
31677,1001,564,1143,930,856
31678,1307,2367,674,711,628
31679,1350,384,1209,1026,865
31680,438,811,560,1752,2084
31681,891,32,34,20,24
31682,666,14,6,4,6
31683,7,0,0,0,1
31684,323,118,408,22,23
31685,4,0,0,3,4
31686,5598,5597,490,3500,3842
31687,797,1457,1310,2857,3069
31688,382,537,626,2423,2486
31689,1473,1922,1441,1580,1815
31690,1213,69,1719,1979,2104
31691,1779,127,1299,746,688
31692,0,6,8,3,4
31693,639,266,3,171,163
31694,8,0,44,20,23
31695,308,903,2534,2841,2744
31696,327,583,1130,479,431
31697,1277,586,2121,1410,1401
31698,6923,2745,2065,1368,1295
31699,2382,1006,443,800,757
31700,3700,1565,424,1402,1250
31701,3075,1725,2372,1472,1451
31702,8,0,146,132,155
31703,6,0,212,318,349
31704,2583,1434,849,739,671
31705,288,741,122,29,41
31706,53,143,270,87,101
31707,9,596,506,592,461
31708,1676,1508,3906,3361,3558
31709,3,853,980,673,636
31710,29,259,38,31,25
31711,48,405,28,24,16
31712,304,143,419,675,529
31713,263,671,499,114,125
31714,229,440,1074,4942,5045
31715,830,504,391,200,210
31716,2,16,0,0,0
31717,47,390,947,1131,837
31718,24,28,4,46,60
31719,31,137,190,946,947
31720,86,1086,1582,867,1010
31721,116,2137,2466,2020,1964
31722,577,301,301,209,260
31723,848,1758,1897,2201,2180
31724,863,1008,1821,1209,1442
31725,4907,3294,2051,2575,3349
31726,4324,840,1979,1977,2603
31727,6652,1600,6738,5826,5696
31728,158,715,1842,367,406
31729,175,335,764,402,344
31730,192,440,348,227,196
31731,493,145,442,114,128
31732,551,1797,1394,202,316
31733,250,214,469,124,125
31734,1471,476,333,357,314
31735,142,635,331,627,612
31736,2530,1127,990,2747,2267
31737,219,232,437,368,485
31738,745,117,191,256,264
31739,78,302,349,300,322
31740,690,1643,849,1675,1544
31741,950,2224,414,654,572
31742,2978,4288,4444,5167,4672
31743,236,94,15,331,409
31744,188,131,22,335,466
31745,789,618,1346,624,603
31746,778,499,453,154,158
31747,351,327,398,359,435
31748,209,30,136,421,369
31749,154,100,163,248,88
31750,1349,1236,676,509,612
31751,96,566,202,251,117
31752,27,305,1180,2565,1579
31753,3263,667,1374,1248,1617
31754,1718,805,278,450,483
31755,1137,1829,1389,1108,1058
31756,367,352,338,728,716
31757,376,373,148,449,477
31758,374,686,827,1925,2130
31759,326,607,112,52,59
31760,616,996,348,165,166
31761,694,738,960,1536,1479
31762,397,1036,1649,2890,2696
31763,2680,3600,4718,5119,5202
31764,2228,1659,1273,897,859
31765,712,2429,3372,994,854
31766,414,1177,661,1417,1617
31767,140,84,755,617,669
31768,1145,488,466,336,262
31769,1686,729,2293,1455,1368
31770,3142,866,560,247,196
31771,2832,1598,680,304,311
31772,3311,1985,2122,3004,2731
31773,181,20,261,69,115
31774,207,56,338,169,238
31775,434,39,129,236,274
31776,1107,1150,62,62,48
31777,2889,3129,69,53,30
31778,1499,2771,4347,3874,3807
31779,1098,763,1201,1660,1267
31780,346,1015,1190,1118,1121
31781,300,3635,1746,1129,1060
31782,385,143,401,363,429
31783,8973,8572,7149,7671,8028
31784,563,255,354,261,272
31785,3814,5558,5795,6137,6079
31786,923,237,3133,1647,1684
31787,545,179,1038,686,604
31788,856,2389,1569,1341,1256
31789,808,3819,2066,1341,1881
31790,589,2516,1680,1646,1677
31791,1770,1360,63,40,85
31792,855,765,352,1230,1480
31793,882,1367,139,79,114
31794,97,7,175,280,310
31795,729,385,123,96,97
31796,6,39,129,343,244
31797,583,71,716,979,1255
31798,453,637,1177,604,703
31799,1070,138,1983,1159,1204
31800,273,245,100,36,35
31801,52,331,286,2282,2422
31802,12,443,155,42,44
31803,1296,375,32,246,258
31804,309,215,27,249,312
31805,3362,4285,2900,3456,3545
31806,335,307,147,2536,2117
31807,122,417,207,814,997
31808,2518,4594,4349,1939,2057
31809,2618,663,132,362,305
31810,1741,2643,3360,3258,3627
31811,2400,1896,2403,1137,1169
31812,20,50,56,38,40
31813,400,130,21,20,18
31814,42,154,350,140,113
31815,496,1087,1663,859,672
31816,16,703,634,501,669
31817,20,605,1006,491,370
31818,1324,1969,1526,849,1083
31819,2603,3261,3079,2630,3056
31820,625,165,647,207,297
31821,1832,3956,2539,2247,2204
31822,4669,2066,1423,1675,1641
31823,2369,1359,1206,1305,1041
31824,24,284,1521,2457,2544
31825,32,393,761,1332,1152
31826,6293,3912,6050,4316,4979
31827,85,1519,4826,3554,4428
31828,20,1356,3390,2072,2330
31829,1273,395,652,672,737
31830,875,11,256,170,197
31831,582,650,245,93,125
31832,439,7,208,215,161
31833,738,220,323,1176,1420
31834,86,784,510,768,871
31835,70,694,1000,1521,1357
31836,313,143,35,160,194
31837,995,1624,1400,605,536
31838,407,555,513,257,316
31839,11,370,595,510,434
31840,14,308,473,334,252
31841,323,814,808,431,364
31842,479,419,2362,1528,1727
31843,137,143,2169,3046,3553
31844,4107,5266,2721,4492,4817
31845,0,51,87,897,1071
31846,4277,6837,4026,4865,4587
31847,0,41,70,389,456
31848,283,202,1004,1151,1030
31849,1678,875,319,724,687
31850,187,1069,357,1260,1052
31851,3230,6898,4758,3075,2799
31852,2594,226,964,1098,876
31853,3147,4773,2887,2335,1854
31854,165,391,1436,3249,3145
31855,247,276,139,101,104
31856,189,231,208,270,279
31857,18,265,480,617,726
31858,1009,1853,1732,2591,1850
31859,21,223,255,270,311
31860,558,526,499,265,312
31861,877,2323,2836,2622,2299
31862,609,259,368,120,134
31863,428,464,118,156,154
31864,636,203,917,897,871
31865,89,789,106,44,57
31866,964,737,2394,1817,1865
31867,1715,1800,4047,3637,3256
31868,539,832,954,864,812
31869,2135,2840,3936,4237,4513
31870,327,906,2064,1289,1224
31871,255,825,2473,2033,1963
31872,531,192,8,150,72
31873,2642,3623,2334,1401,1127
31874,605,632,47,570,266
31875,1,576,941,380,308
31876,152,456,178,55,48
31877,1,96,845,2393,2563
31878,117,290,448,1213,1285
31879,115,150,245,717,873
31880,219,1304,2562,1270,1669
31881,835,89,16,94,70
31882,119,90,40,1267,1329
31883,0,0,60,46,46
31884,17,44,137,126,194
31885,5319,4213,4332,2046,2037
31886,9,17,51,179,203
31887,154,767,320,293,276
31888,4460,3246,2298,2355,2168
31889,230,1211,220,205,229
31890,8,5,12,14,18
31891,37,20,29,17,15
31892,5,3,12,150,166
31893,1582,3047,3125,3414,3321
31894,845,1253,290,223,197
31895,1426,2555,825,526,450
31896,961,2067,3388,5284,5581
31897,3297,109,378,737,674
31898,1449,83,173,514,492
31899,1718,404,1426,1016,973
31900,634,254,1336,1321,1188
31901,943,500,1445,1655,1375
31902,90,440,1075,1084,1158
31903,4448,2310,285,4746,4733
31904,61,764,1272,1101,1275
31905,32,5,499,317,262
31906,2050,9,440,310,230
31907,28,275,879,2241,2178
31908,303,223,526,1029,1175
31909,141,854,276,166,172
31910,210,90,55,223,256
31911,1254,1085,140,6,4
31912,1565,1952,2203,2565,2731
31913,3081,3103,2591,744,1063
31914,213,668,1425,4878,4744
31915,4195,5829,5268,4939,4244
31916,7007,7695,7389,8123,8284
31917,159,80,28,42,55
31918,26,91,45,20,19
31919,6,21,98,57,64
31920,128,2738,1174,1820,1611
31921,2745,0,14,92,81
31922,2497,5965,4849,5146,4883
31923,98,824,235,139,112
31924,38,349,248,141,176
31925,25,16,2375,1948,1878
31926,12,21,258,180,172
31927,11,14,163,112,117
31928,421,267,756,2062,1882
31929,4315,4735,3717,1036,1209
31930,19,68,246,325,248
31931,2791,1849,5468,5782,5108
31932,664,652,1789,1451,1103
31933,217,915,219,714,540
31934,83,42,36,61,73
31935,188,698,22,29,26
31936,2513,728,4133,2853,3705
31937,3351,860,57,50,41
31938,26,581,44,28,40
31939,396,2383,2737,1174,1295
31940,358,91,20,26,20
31941,3935,5971,3781,3566,3349
31942,314,1137,920,4530,3933
31943,491,208,18,3,1
31944,223,197,12,19,22
31945,125,230,54,69,158
31946,23,1,183,574,554
31947,56,115,26,131,128
31948,2351,1392,1221,293,312
31949,1524,1489,1167,417,496
31950,818,3929,1156,650,375
31951,192,25,61,43,48
31952,39,51,267,296,182
31953,265,269,214,256,237
31954,246,238,2394,1220,825
31955,4477,3080,1891,4062,3786
31956,6,27,0,3,3
31957,2087,2513,1932,2167,2089
31958,318,582,42,294,313
31959,108,99,568,554,462
31960,112,645,404,256,257
31961,14,174,152,392,426
31962,35,69,8,60,89
31963,2439,5085,4890,4708,4627
31964,423,2706,958,494,540
31965,1851,132,2748,1891,2135
31966,1,22,54,82,57
31967,2007,210,2914,1700,1721
31968,3294,1668,1077,889,956
31969,698,522,22,282,309
31970,355,489,2734,4339,5121
31971,4253,2958,2274,1426,1533
31972,3182,96,1731,760,1066
31973,1488,3460,5370,4953,5353
31974,539,291,656,2599,2667
31975,166,782,505,218,259
31976,74,41,7,0,0
31977,106,671,75,2,2
31978,6,743,50,119,45
31979,46,254,102,57,51
31980,671,1081,75,265,228
31981,3358,3451,5440,5502,5673
31982,313,1897,536,2350,2514
31983,844,934,1655,550,710
31984,2447,1431,1125,1444,1588
31985,111,1393,630,673,588
31986,163,262,328,1138,1135
31987,220,107,115,97,108
31988,1790,1094,1064,1174,1284
31989,223,417,1769,1742,1396
31990,5770,2805,3851,3925,4007
31991,191,578,718,1745,1987
31992,8,12,4,1,2
31993,620,2231,1692,1265,963
31994,1962,2753,649,782,622
31995,1120,163,416,889,761
31996,161,91,21,21,15
31997,543,1829,3919,3687,4220
31998,367,136,492,395,358
31999,1115,177,1058,398,457
32000,1324,823,419,283,219
32001,322,116,55,93,190
32002,6246,3154,5798,4842,4867
32003,2677,143,44,7,6
32004,34,17,4,7,8
32005,1888,378,398,1260,1313
32006,91,14,57,44,32
32007,39,341,197,82,95
32008,11,213,358,485,319
32009,1,16,217,788,1025
32010,862,252,338,176,201
32011,2211,1530,182,168,198
32012,33,46,226,75,65
32013,302,197,262,114,143
32014,0,0,1,26,29
32015,288,1236,1702,1281,1239
32016,1287,2765,1342,599,514
32017,59,26,29,30,31
32018,1317,921,244,573,560
32019,12,49,32,141,132
32020,573,334,290,159,201
32021,56,136,31,9,7
32022,1918,526,1818,337,284
32023,2408,74,16,4123,3417
32024,2636,4136,5525,4433,4565
32025,46,341,310,1078,996
32026,31,131,671,555,660
32027,179,40,147,189,243
32028,692,1095,34,26,27
32029,1142,3901,1588,1145,1163
32030,1136,130,474,1401,1245
32031,48,44,184,147,129
32032,669,1495,68,52,38
32033,941,46,971,1274,1647
32034,6,71,838,441,369
32035,276,273,139,111,91
32036,416,32,999,1086,1258
32037,2273,5017,474,175,155
32038,2330,3348,356,1596,1915
32039,1218,720,131,158,157
32040,38,217,163,141,169
32041,53,16,0,0,1
32042,1336,1927,1725,914,1057
32043,6611,5132,2894,1667,2445
32044,582,463,1895,3144,4169
32045,4,65,41,2,2
32046,611,668,1543,2869,3115
32047,581,2,128,122,94
32048,1839,5587,854,540,563
32049,604,3169,3448,3607,3742
32050,187,672,1023,1008,943
32051,213,287,150,123,116
32052,641,585,356,1510,1608
32053,2728,5614,5310,4464,4600
32054,2395,802,796,513,541
32055,3128,1982,85,106,74
32056,67,19,439,182,270
32057,666,1130,2261,2960,2791
32058,19,597,474,117,188
32059,3449,935,1341,4565,4393
32060,1466,959,4142,5866,5809
32061,811,1999,5648,6424,6600
32062,855,248,399,461,467
32063,963,1081,1027,1237,1507
32064,1,46,20,24,19
32065,295,4283,2191,2886,3245
32066,941,376,825,1815,2499
32067,53,5,137,98,109
32068,1521,97,5478,4141,4116
32069,2,0,82,70,70
32070,3072,1916,4908,5094,4976
32071,281,40,26,252,293
32072,72,868,1112,491,418
32073,2021,3724,3853,2226,2153
32074,3743,2519,162,1045,971
32075,28,231,764,325,271
32076,4871,4337,5825,5709,5903
32077,2335,3791,4952,6414,6330
32078,230,758,589,434,317
32079,1843,5324,2401,2901,2893
32080,2118,98,1196,934,1083
32081,75,1480,457,266,341
32082,119,39,549,542,485
32083,328,188,434,818,672
32084,756,160,118,157,71
32085,671,1168,1516,1766,1487
32086,449,555,70,32,26
32087,1403,244,1356,1338,1252
32088,2655,421,3246,2285,2049
32089,2,41,0,0,0
32090,2254,3015,2713,5192,5071
32091,1777,1561,3044,2329,2199
32092,9,279,169,133,154
32093,176,17,9,54,63
32094,124,33,24,38,36
32095,2637,924,1896,1818,1647
32096,1,2,0,0,0
32097,197,236,29,33,11
32098,149,412,148,536,552
32099,233,109,142,45,79
32100,570,21,0,0,0
32101,1899,225,675,570,552
32102,115,345,220,115,105
32103,147,2,240,286,290
32104,24,224,412,102,100
32105,96,34,80,43,59
32106,366,464,1519,1674,1780
32107,6,67,2,0,0
32108,15,14,19,15,23
32109,226,228,200,86,74
32110,586,476,597,325,242
32111,16,190,62,112,150
32112,3162,3683,2702,1700,2083
32113,12,22,691,702,682
32114,100,30,43,358,404
32115,1277,563,112,370,259
32116,17,7,11,0,0
32117,693,546,898,207,194
32118,68,122,303,25,83
32119,42,42,119,266,265
32120,11,1408,267,197,161
32121,155,1421,1411,1056,1610
32122,19,21,134,36,42
32123,200,1,6,21,12
32124,4224,4738,3349,2237,2079
32125,49,245,1,0,0
32126,34,105,18,34,50
32127,47,18,0,1,2
32128,1241,2366,1776,329,429
32129,774,685,538,311,336
32130,239,899,1303,1037,1030
32131,2826,1629,3259,3783,3670
32132,2651,945,1103,519,327
32133,114,599,526,2074,2087
32134,5765,5602,4991,5090,5086
32135,467,264,787,466,481
32136,238,59,1614,1041,1212
32137,305,29,609,518,530
32138,1201,284,1254,941,1145
32139,546,1510,551,872,1090
32140,738,1034,909,799,762
32141,89,241,1908,1585,1969
32142,13,410,118,76,115
32143,175,442,18,23,11
32144,166,92,80,276,339
32145,146,25,178,75,72
32146,1178,310,858,653,627
32147,5793,2460,4628,3953,3229
32148,354,945,2086,2923,3086
32149,104,137,366,124,157
32150,379,2416,1478,1288,1132
32151,224,14,419,81,166
32152,409,4,40,42,37
32153,1071,418,427,134,130
32154,1563,1207,1076,999,1290
32155,1534,2813,227,69,64
32156,0,3,2,1,0
32157,822,221,331,1327,1469
32158,700,395,268,413,390
32159,919,292,1826,1352,1500
32160,191,355,144,74,91
32161,1751,2017,1953,1722,1070
32162,217,173,15,9,9
32163,356,615,509,251,337
32164,630,236,123,86,67
32165,3223,661,1729,769,1049
32166,24,87,1568,789,683
32167,26,455,146,110,112
32168,238,1673,1742,921,1061
32169,697,4030,6275,3398,3808
32170,11,50,133,30,16
32171,11,172,429,515,636
32172,2139,57,74,81,66
32173,26,248,62,20,23
32174,73,923,1065,740,530
32175,108,321,131,386,344
32176,88,40,161,74,86
32177,27,206,232,240,257
32178,773,1380,45,234,313
32179,401,1296,1433,891,808
32180,990,1233,2195,1857,1792
32181,362,1223,154,21,28
32182,1502,4563,6429,6174,5893
32183,63,597,49,24,17
32184,3249,3582,2402,3548,3933
32185,74,187,4,1,0
32186,94,229,611,655,831
32187,150,1100,211,143,196
32188,487,783,212,343,373
32189,1732,3364,5126,5042,5313
32190,172,1449,2057,1273,1386
32191,59,285,39,778,888
32192,402,767,583,454,384
32193,4,32,96,53,44
32194,2591,200,901,126,147
32195,114,679,46,41,51
32196,2308,3283,5159,4637,4600
32197,50,217,433,164,236
32198,1246,3712,1316,5212,4965
32199,622,151,41,63,80
32200,5153,2106,647,3203,3040
32201,25,2,93,47,53
32202,579,2877,2875,2600,2604
32203,0,11,0,0,0
32204,1063,78,728,293,222
32205,44,84,743,404,454
32206,123,453,563,549,716
32207,482,305,961,937,668
32208,97,373,605,650,662
32209,1496,2070,223,1285,1037
32210,161,215,18,3,2
32211,1380,1069,1392,1480,1478
32212,476,868,452,167,120
32213,5008,2346,1544,6206,6507
32214,4490,4334,3717,2983,3024
32215,24,91,857,668,790
32216,28,6,70,83,97
32217,533,1303,75,170,180
32218,3805,605,1328,795,1073
32219,294,209,240,89,106
32220,2748,3911,5452,5441,5647
32221,2781,642,693,345,354
32222,113,599,15,193,136
32223,4085,1792,1132,1800,1780
32224,38,96,53,205,193
32225,301,328,2117,1922,2254
32226,274,1730,2729,2301,2313
32227,203,2,2793,2216,2093
32228,4387,6686,5192,6082,6073
32229,215,678,1923,1568,1581
32230,3704,649,694,329,384
32231,303,109,833,837,1052
32232,960,729,835,647,652
32233,53,2495,5837,5351,5486
32234,622,5008,4348,2551,2653
32235,136,90,175,164,104
32236,2349,4071,5646,5299,5322
32237,218,1300,353,779,866
32238,2343,1499,222,2423,2863
32239,109,51,1,3,3
32240,1239,251,1202,1075,769
32241,17,207,410,379,486
32242,103,401,59,117,124
32243,88,829,283,387,299
32244,92,1466,521,527,630
32245,1713,2812,4528,4209,4405
32246,299,304,1978,1094,1131
32247,203,231,22,29,24
32248,692,982,1156,1165,1251
32249,718,602,4294,3279,3626
32250,42,108,796,1415,1515
32251,441,872,471,347,345
32252,276,341,1317,626,577
32253,3,4,13,8,11
32254,375,190,691,464,568
32255,2790,613,452,958,788
32256,422,213,102,106,139
32257,101,43,628,520,545
32258,276,2198,2697,2309,2241
32259,65,1,3,441,323
32260,94,18,4,12,12
32261,1636,4138,5579,2880,3370
32262,230,278,298,196,173
32263,46,548,659,3021,2667
32264,11,12,39,13,10
32265,23,7,76,71,59
32266,5961,4460,4813,4930,4922
32267,122,990,52,68,64
32268,508,191,457,180,228
32269,899,1735,1336,1368,1339
32270,1054,1480,550,510,490
32271,44,289,232,286,242
32272,667,1593,764,924,1224
32273,130,254,213,98,75
32274,367,1330,4770,3612,3295
32275,68,271,1073,2842,2943
32276,1121,663,316,611,854
32277,21,379,407,329,319
32278,109,262,334,234,243
32279,26,180,70,2369,2895
32280,1288,806,3257,955,1006
32281,2132,1173,708,1534,1711
32282,83,2363,2696,2280,2448
32283,1194,442,228,148,77
32284,3009,4420,651,4141,4407
32285,2505,3683,1251,881,1113
32286,156,132,7,43,40
32287,541,509,114,100,83
32288,373,551,85,30,27
32289,4160,2506,146,727,688
32290,28,9,7,2,0
32291,284,15,448,68,89
32292,1970,2726,4007,2061,2149
32293,1024,257,466,442,515
32294,20,852,745,333,345
32295,899,431,1224,427,513
32296,294,463,191,259,202
32297,636,456,933,530,659
32298,38,596,536,359,456
32299,2555,2476,3429,4505,3979
32300,754,377,425,469,428
32301,41,5,11,17,22
32302,2108,3286,3455,2661,2954
32303,512,601,195,243,342
32304,2339,3111,3080,4034,4010
32305,453,371,1118,1239,1547
32306,1527,83,143,204,231
32307,0,0,0,0,0
32308,96,680,2964,3133,2639
32309,1252,452,1943,4624,4689
32310,126,1828,269,308,258
32311,84,196,15,141,153
32312,5,9,2,0,0
32313,394,176,171,139,140
32314,185,1865,1320,675,600
32315,11,17,304,61,98
32316,419,1242,555,1474,620
32317,401,635,334,3034,3039
32318,1348,1123,690,959,788
32319,27,605,762,495,490
32320,68,53,17,2,2
32321,47,194,2939,2603,2617
32322,2784,2901,3253,3240,2430
32323,19,2068,1124,538,435
32324,121,41,743,232,345
32325,568,1199,622,212,138
32326,1171,1511,2102,2096,2383
32327,464,232,58,336,369
32328,2092,977,1785,1611,1705
32329,1163,599,826,1213,1068
32330,330,35,228,65,67
32331,242,725,219,125,72
32332,67,312,186,119,178
32333,285,15,341,43,45
32334,1402,1355,435,188,174
32335,212,1119,1781,1519,1882
32336,3983,5144,5810,5293,5476
32337,2915,1708,163,256,244
32338,1966,2161,2810,1441,1468
32339,1646,2866,2683,1281,1317
32340,83,457,534,199,229
32341,9,91,77,119,85
32342,36,1387,594,820,838
32343,732,512,1176,1807,1544
32344,51,226,440,479,471
32345,386,174,780,825,704
32346,1477,3701,3022,1143,871
32347,325,593,21,34,40
32348,438,47,1199,2518,2437
32349,575,163,479,497,708
32350,382,213,2693,2475,2574
32351,333,170,442,410,556
32352,5812,2421,1309,2467,2838
32353,314,169,186,75,41
32354,54,156,477,484,409
32355,198,41,189,32,35
32356,1702,123,4,1579,1362
32357,290,5367,979,760,678
32358,244,355,13,20,73
32359,1227,795,222,34,25
32360,806,674,2913,3184,2967
32361,123,569,611,585,784
32362,95,216,576,309,362
32363,197,123,60,58,57
32364,1996,5260,5401,5180,5422
32365,45,18,135,26,28
32366,4,0,1,0,2
32367,18,1072,135,217,223
32368,2909,4148,3276,3327,4109
32369,743,316,1690,1219,1095
32370,16,97,283,311,280
32371,720,995,250,235,170
32372,2099,449,746,153,168
32373,143,163,41,13,15
32374,1023,2420,829,215,186
32375,1018,5407,1449,599,715
32376,5,138,46,22,25
32377,177,134,886,817,695
32378,76,84,340,164,234
32379,4976,2494,5536,4405,5042
32380,1388,2459,2588,2150,1847
32381,3105,1817,224,330,274
32382,651,126,446,468,477
32383,3136,2447,5264,4418,3953
32384,1312,452,892,1154,1524
32385,1940,386,943,1083,1100
32386,12,392,163,180,185
32387,27,212,896,1078,1185
32388,176,531,266,441,467
32389,7065,5246,4435,7654,7435
32390,617,2051,236,714,536
32391,992,1928,835,887,729
32392,1094,480,47,838,773
32393,1375,828,346,531,472
32394,174,20,2323,1087,1499
32395,279,951,1111,1124,1053
32396,713,323,44,341,461
32397,1065,1205,1441,1137,1156
32398,1053,2623,650,408,271
32399,207,86,16,340,303
32400,0,89,456,473,504
32401,375,59,126,40,51
32402,722,2771,1422,2588,3091
32403,32,46,11,3,3
32404,1000,1910,1845,1564,1262
32405,1419,202,81,107,135
32406,273,943,759,491,429
32407,139,143,57,228,246
32408,1709,2079,1874,1033,875
32409,1043,2021,294,223,216
32410,344,4474,431,799,809
32411,24,94,11,13,11
32412,812,536,258,256,233
32413,741,2811,360,558,475
32414,2594,3208,2335,2307,1738
32415,1730,343,2606,1520,1622
32416,24,1,26,16,33
32417,61,115,2544,3816,3923
32418,1103,92,517,1030,1034
32419,32,131,235,101,189
32420,1410,350,833,390,621
32421,181,163,78,2458,2713
32422,1755,17,43,3695,4221
32423,2520,792,1823,3288,3127
32424,313,434,540,91,112
32425,2,122,403,205,231
32426,920,2215,5809,4998,5404
32427,206,251,349,1594,1550
32428,206,2504,1343,1691,1378
32429,3703,806,7,11,11
32430,18,31,20,47,33
32431,49,534,128,68,101
32432,52,108,61,221,220
32433,869,284,600,222,239
32434,1202,346,42,2135,2258
32435,2368,1226,331,286,226
32436,5310,3940,2216,647,823
32437,1198,1084,890,1124,882
32438,2721,2769,1355,378,430
32439,90,84,813,147,119
32440,1344,414,797,361,347
32441,105,115,1139,456,438
32442,586,7,499,104,58
32443,628,613,993,655,900
32444,1076,576,1709,1956,2121
32445,1628,1073,1150,1294,1014
32446,54,47,686,1303,977
32447,473,170,68,104,84
32448,434,14,91,91,67
32449,649,1624,257,422,283
32450,1319,746,1718,978,1303
32451,135,162,27,1,0
32452,966,621,171,477,706
32453,890,454,736,421,286
32454,763,781,341,189,165
32455,210,1980,1224,1570,1366
32456,162,357,44,318,409
32457,2124,5903,4518,4569,4648
32458,671,523,1406,3160,2869
32459,45,42,1143,779,750
32460,256,88,588,211,219
32461,460,1517,2921,3672,3727
32462,375,453,1030,507,294
32463,307,2068,154,41,36
32464,45,13,90,35,32
32465,1611,5895,3516,3158,2991
32466,3121,2623,771,595,829
32467,1179,1003,495,135,125
32468,6754,4018,111,170,321
32469,1566,3732,2622,3586,3114
32470,5378,2262,126,95,83
32471,61,50,252,154,156
32472,14,303,965,399,470
32473,1336,1933,1399,755,667
32474,395,1406,471,2407,2309
32475,880,637,203,354,361
32476,28,307,43,75,124
32477,332,191,220,194,158
32478,1031,537,474,655,812
32479,1727,4853,2863,3918,4161
32480,81,30,58,16,19
32481,2022,2556,1917,826,787
32482,58,24,345,408,444
32483,131,564,386,446,442
32484,14,40,32,6,7
32485,7870,2115,124,10,14
32486,12,132,118,122,89
32487,594,1436,612,205,281
32488,475,121,26,4,8
32489,6,1,19,9,7
32490,3083,550,1076,922,898
32491,3498,5684,8946,8997,8965
32492,557,165,1,0,0
32493,54,3,445,96,124
32494,72,779,385,324,221
32495,240,1741,1659,1211,1224
32496,2087,3917,6027,4451,4800
32497,82,156,69,23,32
32498,150,430,396,561,444
32499,556,2617,76,165,84
32500,1213,745,608,662,817
32501,76,1428,654,1207,1277
32502,1342,1613,400,77,87
32503,190,106,214,619,454
32504,500,168,373,710,649
32505,302,365,423,351,334
32506,4,17,24,23,10
32507,78,1557,636,470,564
32508,749,615,509,148,193
32509,380,38,1052,887,743
32510,1601,983,2613,2506,2659
32511,1304,1660,794,3536,3650
32512,735,356,203,1273,1394
32513,1572,1547,748,1014,1100
32514,43,1347,766,1022,676
32515,966,427,450,601,613
32516,826,1364,893,1118,1148
32517,636,695,382,254,269
32518,1,1,35,67,73
32519,1677,191,344,411,432
32520,2588,339,48,180,216
32521,6,18,76,91,130
32522,3,11,0,0,0
32523,3151,3303,613,754,546
32524,250,183,195,230,244
32525,1011,1392,2720,2767,2679
32526,1197,2317,1777,728,571
32527,10,0,5,4,1
32528,3068,5466,2776,2279,1954
32529,1088,217,211,35,33
32530,378,114,93,38,42
32531,7,477,47,8,21
32532,20,31,42,3,4
32533,42,143,98,102,138
32534,320,1261,554,561,359
32535,140,40,53,113,130
32536,286,7,150,20,17
32537,1187,1018,440,184,163
32538,619,681,118,46,63
32539,1001,2849,1071,698,748
32540,333,655,1455,162,280
32541,1077,740,1965,1781,1907
32542,211,121,857,912,726
32543,545,9,123,30,27
32544,488,239,1006,1656,2114
32545,590,66,1413,2505,1976
32546,1,5,44,393,342
32547,1185,940,5963,6181,6370
32548,117,866,119,452,514
32549,673,572,373,371,299
32550,749,429,1111,2002,2189
32551,876,293,30,50,14
32552,196,2,770,649,568
32553,39,518,1323,985,891
32554,145,789,2323,2638,2842
32555,1481,44,399,342,168
32556,1446,114,27,18,12
32557,1482,3822,2513,2552,2747
32558,101,20,637,543,591
32559,2367,2499,1460,1299,1229
32560,488,169,4,49,55
32561,147,477,608,650,693
32562,1986,1512,1709,1230,1701
32563,802,999,331,165,238
32564,3211,345,922,1864,2192
32565,24,21,96,65,64
32566,87,11,190,266,286
32567,599,342,246,213,158
32568,813,1152,143,70,78
32569,2203,603,5,2,2
32570,482,613,1179,505,435
32571,6552,4422,2479,1836,1267
32572,223,180,230,124,126
32573,1,1,51,88,67
32574,2036,1784,1660,4009,4062
32575,2399,1085,100,91,68
32576,37,0,8,2,7
32577,86,201,18,7,6
32578,473,495,210,123,177
32579,31,305,3,17,35
32580,1296,965,197,2131,2332
32581,2,207,53,814,851
32582,934,872,708,1098,1330
32583,753,1543,1653,1703,1642
32584,1563,588,2170,1950,1676
32585,496,299,251,164,165
32586,2047,4102,573,1050,1016
32587,262,260,15,1,1
32588,1525,3736,1864,1516,1351
32589,3248,7372,7623,6876,6544
32590,81,120,349,34,47
32591,389,1070,2047,1640,1706
32592,142,17,18,27,23
32593,11,99,21,230,232
32594,930,155,26,15,14
32595,313,82,615,762,663
32596,3024,2145,5,4071,3901
32597,138,36,807,1167,1160
32598,1444,338,1268,1119,1462
32599,193,1016,1940,889,888
32600,7462,5780,2017,1007,1592
32601,186,121,43,57,35
32602,2970,2417,2117,1887,1740
32603,18,1400,2347,2178,2067
32604,687,3515,582,480,240
32605,365,221,40,233,259
32606,18,580,2094,758,1067
32607,553,137,11,2421,2148
32608,538,298,327,253,265
32609,679,197,2092,2660,2215
32610,2063,2651,244,587,514
32611,26,523,386,704,679
32612,1425,10,33,55,49
32613,917,101,27,5,4
32614,514,825,122,433,443
32615,40,54,63,44,46
32616,7079,1722,1310,1019,921
32617,80,1832,731,379,481
32618,91,12,28,42,35
32619,126,244,54,93,135
32620,249,349,27,69,47
32621,379,11,54,10,9
32622,118,59,448,326,391
32623,112,197,531,791,956
32624,2182,4628,6856,7676,7744
32625,2113,256,15,11,9
32626,318,56,503,233,167
32627,4691,2630,2908,2741,2742
32628,1574,2213,1022,1066,1175
32629,1149,868,820,330,385
32630,212,412,623,516,566
32631,1739,658,1092,3421,3355
32632,2140,1691,5876,5189,4557
32633,153,541,960,1027,1364
32634,87,222,59,81,107
32635,740,364,1102,904,913
32636,0,8,28,39,45
32637,341,326,45,68,110
32638,514,1784,266,354,252
32639,1322,180,61,775,858
32640,3041,946,654,386,514
32641,1559,1059,248,760,938
32642,20,131,759,359,331
32643,221,100,9,1,1
32644,15,2,37,167,132
32645,1814,3420,1217,1087,773
32646,2545,2343,427,692,746
32647,301,182,297,142,95
32648,2,8,0,0,0
32649,425,165,214,278,251
32650,2,48,754,295,294
32651,276,96,150,18,22
32652,434,413,210,117,169
32653,3172,1034,1026,1322,1167
32654,24,891,994,585,644
32655,1775,865,2413,1489,1493
32656,81,110,89,105,53
32657,781,5,0,5,5
32658,193,1089,389,240,188
32659,2463,1475,258,57,60
32660,21,3,487,358,397
32661,175,72,16,41,78
32662,12,5,0,0,0
32663,542,1904,2053,1361,1503
32664,60,381,608,656,902
32665,0,197,50,531,588
32666,52,212,243,514,697
32667,10,1920,3995,3391,4105
32668,78,3,6,18,18
32669,713,1359,1435,922,924
32670,202,62,37,105,96
32671,109,349,349,127,98
32672,132,6,181,32,68
32673,113,228,27,34,55
32674,22,0,0,0,0
32675,1716,1766,326,1129,970
32676,924,260,30,202,428
32677,112,27,616,1029,1131
32678,2846,987,2546,1855,2131
32679,2712,3777,4631,5357,5634
32680,449,1079,1540,2834,2153
32681,46,137,480,329,318
32682,79,665,278,283,299
32683,655,637,146,81,77
32684,253,208,280,335,359
32685,2999,4193,4110,3632,3366
32686,200,37,108,103,100
32687,555,640,517,448,594
32688,136,188,31,72,71
32689,1255,336,3117,2904,3007
32690,391,466,129,69,111
32691,131,98,386,295,296
32692,389,571,1051,2241,1807
32693,664,545,1278,2203,2571
32694,110,438,220,151,180
32695,509,172,562,362,360
32696,139,9,1090,2264,2434
32697,31,129,131,116,97
32698,454,20,8,44,45
32699,897,42,330,308,302
32700,4142,6288,3078,1159,1235
32701,27,47,967,818,936
32702,398,1569,843,5675,4694
32703,3604,4149,4784,2453,3263
32704,511,1172,1281,823,1016
32705,29,6,130,94,92
32706,3425,2732,770,1152,1249
32707,186,133,8,48,43
32708,121,997,393,414,454
32709,218,269,651,230,222
32710,22,336,532,399,316
32711,331,1481,1120,467,430
32712,426,604,73,147,143
32713,105,122,183,191,190
32714,47,241,722,815,652
32715,356,814,1125,2965,2307
32716,688,1412,2099,1491,1511
32717,164,157,30,375,418
32718,34,129,170,34,40
32719,0,8,38,25,19
32720,269,25,55,91,109
32721,792,366,65,16,11
32722,157,604,302,241,192
32723,257,124,291,281,348
32724,1548,1969,1420,594,698
32725,2,195,11,8,10
32726,39,31,145,115,134
32727,528,584,502,416,411
32728,319,342,433,235,237
32729,597,202,1148,950,1044
32730,3327,1571,2278,2120,2219
32731,272,379,177,129,137
32732,119,75,135,120,166
32733,3447,4358,3338,3026,3307
32734,5044,7317,5713,6705,6356
32735,1306,2067,3687,2568,2806
32736,2978,2633,30,65,53
32737,9,152,49,22,17
32738,23,89,114,116,122
32739,174,5,146,72,164
32740,103,76,57,104,116
32741,2828,1884,5331,5070,5009
32742,228,128,3,403,471
32743,772,986,529,543,590
32744,384,554,610,464,318
32745,158,36,1241,1407,1259
32746,688,511,1658,2327,2463
32747,206,50,624,476,478
32748,6,2,0,0,0
32749,112,43,8,3,13
32750,42,109,0,0,0
32751,67,166,97,183,207
32752,291,815,32,1349,1325
32753,729,50,135,43,39
32754,3187,4229,978,682,921
32755,1071,2499,192,2000,2046
32756,111,395,163,1757,1527
32757,162,63,102,32,32
32758,100,274,313,1216,1445
32759,30,8,35,324,250
32760,2769,6363,1000,402,585
32761,319,162,1789,460,708
32762,17,322,48,50,46
32763,1677,840,1249,813,765
32764,5258,5283,2510,2357,2521
32765,755,241,525,180,261
32766,3646,2323,3380,2125,3059
32767,1376,1036,240,143,139
32768,10,64,40,75,100
32769,1404,1359,364,1344,1044
32770,16,30,4,9,7
32771,1938,368,11,1864,1924
32772,707,397,246,70,62
32773,149,76,353,706,354
32774,402,104,55,13,14
32775,1715,2081,3957,2337,2606
32776,3933,5444,3402,3742,3620
32777,278,28,146,152,65
32778,714,296,1295,837,832
32779,1315,193,143,2451,3200
32780,8,109,16,6,7
32781,1454,4962,5833,4010,3913
32782,467,360,1147,873,1045
32783,2864,2334,4702,3857,4024
32784,1242,1378,1031,1195,1564
32785,249,197,93,120,109
32786,1772,404,402,950,1016
32787,116,13,79,75,74
32788,5531,5351,809,4081,4000
32789,779,2314,2569,2157,2070
32790,3092,2890,3395,4095,3737
32791,317,272,654,422,414
32792,13,1,0,3,1
32793,30,98,168,603,682
32794,50,61,269,290,317
32795,78,137,243,74,39
32796,1534,2333,780,953,791
32797,33,57,83,89,82
32798,0,4,16,10,13
32799,3338,3219,2573,2437,2474
32800,103,14,4,16,21
32801,1702,1548,244,353,330
32802,98,543,447,469,449
32803,15,107,16,11,9
32804,164,1564,231,159,291
32805,58,852,357,541,446
32806,194,1580,3225,2531,2540
32807,220,69,452,499,279
32808,437,86,421,105,108
32809,1565,73,47,28,12
32810,75,63,83,92,85
32811,179,141,4394,3779,3514
32812,1817,497,463,363,351
32813,1221,55,381,275,357
32814,386,408,516,2878,2851
32815,761,312,10,50,26
32816,580,206,59,143,110
32817,34,26,5,9,13
32818,439,458,949,962,1058
32819,1880,5670,3768,5318,5597
32820,1567,69,132,336,417
32821,213,732,540,188,144
32822,524,641,991,315,308
32823,5,163,545,170,148
32824,1226,1821,4445,4803,5268
32825,25,171,57,47,24
32826,900,5226,5490,4915,5157
32827,371,807,408,264,398
32828,102,121,145,130,131
32829,1616,1056,2645,1067,1115
32830,279,1510,12,54,140
32831,2152,997,186,515,396
32832,1808,235,673,618,645
32833,424,535,927,614,806
32834,150,22,39,31,34
32835,36,35,26,105,63
32836,2273,693,127,87,174
32837,5,704,1064,1046,1138
32838,2,172,201,96,124
32839,2002,3939,2254,1403,1365
32840,1504,746,418,610,698
32841,1503,1340,1002,413,514
32842,57,566,2184,1848,2009
32843,248,1300,1472,2747,2747
32844,1,86,85,24,29
32845,105,429,60,33,26
32846,3282,4473,4476,1368,1103
32847,372,687,514,489,507
32848,0,2,1,12,15
32849,291,113,123,63,83
32850,179,270,242,138,178
32851,718,832,137,244,250
32852,57,628,503,650,670
32853,146,179,36,269,302
32854,26,110,109,134,131
32855,242,296,288,43,31
32856,988,935,0,2,2
32857,2,1,18,11,10
32858,322,328,179,119,70
32859,2484,1114,247,276,559
32860,4519,2859,2261,2190,2383
32861,1438,505,174,86,139
32862,1904,1316,125,336,451
32863,1647,1221,764,754,790
32864,5,37,458,317,463
32865,612,1050,616,181,169
32866,844,925,395,1400,1080
32867,613,551,887,854,875
32868,371,340,98,672,525
32869,597,517,372,420,542
32870,329,560,507,256,282
32871,36,130,112,68,64
32872,3939,1538,1037,2081,1868
32873,4071,3113,4293,3674,3680
32874,15,37,63,18,10
32875,702,3717,3424,2481,2555
32876,826,47,636,322,244
32877,23,92,716,348,258
32878,4717,2754,1676,1452,1391
32879,602,851,302,647,715
32880,1130,745,44,501,526
32881,27,22,39,86,61
32882,1084,1321,75,377,310
32883,687,2358,4577,3166,2986
32884,255,155,856,727,934
32885,139,8,370,301,352
32886,149,343,769,212,272
32887,3,60,6,40,36
32888,146,128,22,37,71
32889,142,189,49,62,72
32890,366,33,389,671,611
32891,62,78,30,175,187
32892,105,736,249,280,235
32893,745,3165,418,505,501
32894,1837,11,436,355,477
32895,1450,2247,444,330,233
32896,417,1066,791,1100,1089
32897,304,100,648,819,900
32898,2023,2373,1593,3477,3584
32899,207,3895,1395,1080,909
32900,27,91,20,1302,1316
32901,5944,8270,7779,7609,7830
32902,21,355,597,497,460
32903,782,1979,1671,801,852
32904,337,1906,755,875,720
32905,3788,2487,4437,3161,3511
32906,166,791,123,101,124
32907,3015,1347,1501,1108,1258
32908,1273,3723,4494,3825,3829
32909,5635,4299,1259,1640,1997
32910,268,317,66,245,207
32911,86,12,70,50,36
32912,519,1160,297,614,610
32913,196,209,190,3,3
32914,85,23,0,0,0
32915,1203,50,145,219,227
32916,1785,640,1239,1509,1397
32917,154,144,94,76,71
32918,44,41,19,41,37
32919,147,130,508,106,115
32920,2515,2141,1808,3536,3528
32921,11,26,286,62,47
32922,1159,2369,539,481,309
32923,9,269,514,334,347
32924,133,135,82,200,212
32925,1067,1709,667,3420,3272
32926,98,212,173,365,416
32927,185,21,75,396,413
32928,33,172,688,580,528
32929,1718,12,100,441,449
32930,21,5,126,17,24
32931,30,204,21,11,15
32932,57,240,170,271,308
32933,43,303,68,34,28
32934,3,3,3,2,2
32935,1315,1217,799,633,636
32936,173,188,1255,1325,1103
32937,1280,991,125,178,131
32938,287,216,219,575,630
32939,119,89,36,19,11
32940,845,182,2163,2615,2253
32941,198,1035,1727,1211,1022
32942,129,635,92,355,155
32943,1321,464,213,633,691
32944,0,7,1,3,2
32945,2532,112,648,264,388
32946,659,580,1031,2008,1876
32947,41,22,101,42,36
32948,0,56,440,499,565
32949,37,1283,910,1884,1744
32950,1854,6032,2339,5734,5402
32951,15,554,1842,922,1303
32952,661,638,350,268,321
32953,1498,2548,1527,1218,1333
32954,171,716,105,38,65
32955,2681,1377,3257,2046,2144
32956,2809,4371,1692,1737,1424
32957,2954,914,127,10,10
32958,1854,717,440,1245,1202
32959,613,1300,937,504,475
32960,45,199,135,150,168
32961,71,47,142,49,52
32962,264,271,11,46,43
32963,848,937,440,550,566
32964,489,1337,107,96,117
32965,213,22,1254,912,970
32966,432,71,651,534,474
32967,1,19,31,54,54
32968,358,322,386,395,513
32969,3345,2856,4655,5319,5245
32970,0,451,504,581,572
32971,432,15,81,68,68
32972,465,491,331,42,28
32973,202,136,155,35,42
32974,224,49,3,22,20
32975,313,91,17,42,55
32976,9,9,55,241,155
32977,93,4,107,5,9
32978,15,8,15,8,3
32979,699,415,783,374,317
32980,2898,297,224,131,126
32981,532,337,56,301,329
32982,44,6,35,142,103
32983,122,2172,916,3298,3309
32984,426,39,353,298,261
32985,2783,6,240,204,201
32986,1821,1793,649,644,681
32987,75,104,376,240,170
32988,360,309,1402,2892,2551
32989,698,558,245,173,119
32990,331,954,2134,3919,3988
32991,5,222,81,68,61
32992,317,1488,653,143,134
32993,562,120,83,132,117
32994,208,82,144,381,435
32995,1750,436,167,57,84
32996,2964,1378,302,640,740
32997,1724,2710,1573,890,1208
32998,679,4605,3704,3256,4150
32999,261,105,364,325,340
33000,7,16,630,818,770
33001,370,841,367,1044,932
33002,1042,1032,1143,1217,1583
33003,3709,2396,3303,5041,3668
33004,101,25,1,1,2
33005,301,1141,786,1443,1321
33006,550,759,12,3,3
33007,131,214,220,1175,1029
33008,7,40,86,78,75
33009,728,177,577,372,234
33010,2873,5778,6361,6162,5748
33011,1044,424,837,892,999
33012,3,76,20,258,274
33013,1753,268,1079,2254,2067
33014,1546,36,3517,1921,2045
33015,147,81,30,5,3
33016,2548,990,166,1019,1608
33017,230,14,1678,1451,1238
33018,47,62,18,11,7
33019,232,1109,2519,2355,2389
33020,3960,4695,6317,5727,5543
33021,404,186,200,892,898
33022,84,92,99,509,499
33023,1451,912,662,326,282
33024,5493,1816,1325,3412,3930
33025,273,13,290,1463,1430
33026,55,88,130,24,24
33027,1988,265,376,592,644
33028,93,301,130,105,145
33029,53,195,444,179,251
33030,61,41,206,120,118
33031,105,123,495,674,750
33032,357,529,383,790,805
33033,111,485,223,173,150
33034,1355,1503,364,241,246
33035,161,64,18,132,62
33036,197,29,27,114,92
33037,876,18,9,9,8
33038,71,402,98,973,941
33039,2528,6221,5295,6250,6163
33040,771,1091,484,596,605
33041,1031,588,577,85,99
33042,1483,998,930,678,803
33043,5700,3129,1108,3743,3430
33044,760,120,10,2,2
33045,6890,3358,797,1373,955
33046,24,1,2,0,0
33047,431,416,163,174,120
33048,132,14,559,997,1047
33049,142,683,249,97,140
33050,1203,805,269,135,74
33051,5,637,668,1019,806
33052,347,104,4,5,4
33053,937,11,180,83,100
33054,1680,401,682,461,436
33055,4,1,50,57,52
33056,578,266,259,740,809
33057,1516,3173,4575,155,163
33058,2700,2770,466,81,188
33059,559,180,156,72,55
33060,614,20,98,26,21
33061,1377,586,1135,1708,1810
33062,1038,1231,1549,2396,2310
33063,1027,1948,1055,397,625
33064,418,971,165,157,169
33065,739,2610,1418,3967,4223
33066,1483,595,3832,1996,2233
33067,213,217,532,212,217
33068,893,1555,276,62,71
33069,9,248,357,98,141
33070,637,117,52,36,43
33071,1517,815,999,1179,1187
33072,94,645,93,85,38
33073,628,2457,1792,1956,2385
33074,273,212,1628,2714,2587
33075,14,14,22,6,9
33076,339,498,14,37,26
33077,3478,4526,1889,2051,1472
33078,2528,3733,1853,1676,1584
33079,725,548,1285,909,1062
33080,4436,2101,1447,2464,2852
33081,55,4,64,25,52
33082,32,38,123,59,31
33083,959,699,823,570,640
33084,599,111,326,504,512
33085,288,115,714,1028,1398
33086,667,219,222,245,271
33087,129,765,771,463,393
33088,334,568,1153,815,1062
33089,3372,158,259,228,165
33090,168,935,31,49,44
33091,670,249,648,1397,1824
33092,1168,1563,1676,890,1190
33093,3569,2130,285,375,265
33094,3786,3946,5670,5940,5508
33095,1,31,59,1449,1568
33096,42,1,0,35,68
33097,193,3110,235,528,746
33098,43,128,74,72,83
33099,329,455,25,142,262
33100,426,531,1655,764,903
33101,1156,3729,3970,5464,5598
33102,654,447,332,784,799
33103,16,74,123,228,211
33104,85,263,329,149,125
33105,91,829,162,155,168
33106,68,742,262,522,566
33107,33,279,257,163,152
33108,364,3842,3748,4298,3858
33109,155,31,6,3,5
33110,525,127,359,756,743
33111,8505,2481,1909,2770,3143
33112,354,880,46,24,24
33113,3052,1204,420,238,307
33114,0,24,1,4,4
33115,9,36,210,603,771
33116,495,407,361,2417,2918
33117,352,1336,456,2863,3187
33118,73,804,353,4104,3847
33119,12,165,2,9,7
33120,6836,4844,4379,4407,4858
33121,298,599,569,702,787
33122,1088,3736,705,877,751
33123,0,1,2,0,0
33124,375,492,202,66,86
33125,559,1174,1671,1447,1728
33126,13,36,75,218,242
33127,0,0,0,0,0
33128,836,1667,3866,6930,6484
33129,491,1,393,1129,1150
33130,647,1387,176,4578,4794
33131,1,24,223,79,88
33132,763,1010,235,1617,1809
33133,221,3531,5627,5435,5334
33134,1121,125,62,110,158
33135,36,243,112,89,86
33136,6367,8016,4771,4497,4429
33137,596,907,667,1392,1449
33138,40,370,156,45,53
33139,471,432,37,278,173
33140,3,119,205,694,800
33141,325,341,339,209,180
33142,212,57,28,36,43
33143,223,819,1360,628,526
33144,254,115,445,251,205
33145,1969,1774,1570,2138,2073
33146,21,132,639,770,766
33147,1039,132,16,24,51
33148,2115,1392,2017,1082,1356
33149,335,141,1157,657,827
33150,2514,2391,1908,4321,3730
33151,3988,1797,1149,626,522
33152,171,318,2162,1201,1331
33153,114,41,7,9,13
33154,1161,466,2181,1304,1309
33155,390,493,106,200,154
33156,34,115,334,158,246
33157,184,322,478,801,684
33158,254,540,535,66,57
33159,411,896,381,451,443
33160,209,803,572,593,533
33161,5,0,2,11,10
33162,609,2261,1403,994,1056
33163,599,510,1443,1113,1070
33164,314,895,2351,1663,1788
33165,714,1226,872,531,833
33166,36,667,590,648,508
33167,727,381,101,66,78
33168,574,2218,707,185,175
33169,374,1056,1980,1085,1250
33170,59,9,229,114,118
33171,84,170,266,207,229
33172,1224,2331,471,468,397
33173,271,0,62,174,231
33174,17,965,270,112,104
33175,85,139,90,13,29
33176,46,2,2,2,4
33177,525,47,5,15,7
33178,4905,1574,3391,2686,2750
33179,63,7,4,30,39
33180,256,166,2101,2067,2081
33181,40,2,35,53,39
33182,1307,325,945,3712,3968
33183,2574,764,9,140,166
33184,92,337,1756,4188,4152
33185,3464,1430,473,160,130
33186,102,504,526,675,788
33187,146,50,825,284,320
33188,26,45,1159,1061,1003
33189,474,3,24,56,64
33190,338,26,378,187,307
33191,756,250,522,521,428
33192,2225,13,213,166,230
33193,3303,1430,1942,730,694
33194,373,51,45,30,26
33195,2042,1970,1677,3681,3782
33196,696,1888,1615,1895,2404
33197,672,2391,298,184,263
33198,5920,922,24,6,7
33199,951,267,46,34,45
33200,318,615,384,143,80
33201,8,54,12,7,5
33202,1777,1570,1729,1818,1894
33203,157,123,28,541,540
33204,742,693,674,301,258
33205,224,334,124,58,42
33206,161,210,2,3,3
33207,433,408,532,179,178
33208,8,61,542,244,243
33209,248,540,222,76,53
33210,520,98,153,14,9
33211,31,20,5,16,22
33212,3148,1460,3164,1443,1508
33213,2,1,11,3,4
33214,170,316,27,71,71
33215,662,7,127,218,158
33216,544,203,31,39,24
33217,756,2077,3450,4742,4237
33218,892,184,2405,1849,1551
33219,1144,1553,1214,1467,1273
33220,6793,6925,4800,2924,3744
33221,317,442,127,118,135
33222,1181,2791,2976,1993,2084
33223,1156,481,60,463,369
33224,365,1,4,40,29
33225,1715,1643,3005,4925,4714
33226,286,1635,4275,3517,3824
33227,1454,3612,1056,2305,2609
33228,14,157,718,752,634
33229,91,15,393,85,123
33230,18,0,9,204,170
33231,4025,2357,2478,4110,4031
33232,2622,845,693,2342,2388
33233,1571,1469,2011,1396,1270
33234,557,59,966,589,435
33235,2033,1799,803,4873,4869
33236,2120,2336,556,196,242
33237,479,51,1537,1049,1030
33238,141,722,705,560,604
33239,71,27,8,1,5
33240,486,38,4,5,7
33241,187,1058,488,1847,2350
33242,3091,2976,2014,4280,4686
33243,93,4,0,1,1
33244,160,276,30,229,186
33245,895,1010,1021,1902,2052
33246,991,492,1216,303,326
33247,645,306,1032,404,456
33248,287,39,70,730,885
33249,25,151,566,989,1022
33250,55,371,877,2474,2246
33251,44,3,0,0,0
33252,4245,227,1406,806,774
33253,227,354,767,1418,1522
33254,65,69,3,0,0
33255,865,603,1334,2441,2316
33256,117,461,33,73,87
33257,594,143,374,158,162
33258,3193,670,563,2977,3332
33259,175,89,42,94,125
33260,172,235,624,153,135
33261,603,113,38,6,6
33262,296,80,420,532,509
33263,1539,3045,5542,4511,4399
33264,1031,4223,3230,3106,3150
33265,541,305,140,137,140
33266,506,251,685,287,342
33267,733,366,1293,741,720
33268,705,351,109,215,173
33269,297,1134,1211,1298,1272
33270,60,0,41,434,406
33271,1114,575,147,203,218
33272,1518,1993,2850,2768,2465
33273,282,254,477,1032,1252
33274,112,82,265,381,364
33275,1692,4573,4792,6017,5669
33276,2873,1367,512,305,260
33277,242,8,153,102,97
33278,275,580,266,881,844
33279,482,119,8,0,0
33280,2,10,23,98,146
33281,1078,766,1580,1140,1637
33282,6272,1396,1297,1256,1131
33283,2403,2105,3483,3138,2940
33284,466,508,122,46,57
33285,102,304,30,46,34
33286,49,726,286,136,180
33287,147,265,1,1,1
33288,1396,161,63,69,72
33289,1703,593,121,811,817
33290,24,153,5,1,0
33291,2162,1389,1040,1387,1099
33292,358,42,594,201,160
33293,597,1182,1341,594,761
33294,706,20,165,814,952
33295,4907,1803,823,802,663
33296,7,974,437,542,456
33297,66,3,23,21,21
33298,61,58,44,67,79
33299,783,1165,654,334,413
33300,1175,184,163,16,25
33301,112,392,172,376,400
33302,113,83,222,354,428
33303,1123,4,2480,1804,1981
33304,131,197,492,513,285
33305,97,634,168,76,97
33306,948,123,215,65,91
33307,17,4,12,21,16
