ids,epoch_0
0,5093
1,5093
2,5093
3,5093
4,3424
5,3424
6,3424
7,5093
8,5093
9,5093
10,5093
11,5093
12,5093
13,5093
14,5093
15,5093
16,5093
17,5093
18,2533
19,5093
20,5093
21,5093
22,5093
23,3424
24,5093
25,5093
26,5093
27,5093
28,5093
29,5093
30,5093
31,5093
32,5093
33,5093
34,5093
35,5093
36,3424
37,3424
38,3424
39,5093
40,2533
41,5093
42,5093
43,5093
44,5093
45,5093
46,5093
47,5093
48,5093
49,5093
50,5093
51,5093
52,5093
53,3424
54,5093
55,5093
56,5093
57,5093
58,5093
59,2533
60,2533
61,5093
62,5093
63,5093
64,5093
65,3424
66,5093
67,5093
68,3424
69,5093
70,2533
71,5093
72,5093
73,5093
74,5093
75,5093
76,5093
77,5093
78,5093
79,5093
80,5093
81,5093
82,5093
83,5093
84,5093
85,5093
86,5093
87,5093
88,2533
89,1961
90,5093
91,5093
92,3424
93,5093
94,5093
95,5093
96,3424
97,5093
98,5093
99,5093
100,1961
101,5093
102,5093
103,5093
104,2533
105,2533
106,2533
107,2533
108,5093
109,5093
110,5093
111,5093
112,1961
113,5093
114,5093
115,5093
116,5093
117,2533
118,5093
119,5093
120,5093
121,5093
122,5093
123,3424
124,5093
125,5093
126,5093
127,5093
128,5093
129,2533
130,5093
131,5093
132,5093
133,5093
134,5093
135,3424
136,5093
137,5093
138,3424
139,5093
140,5093
141,1961
142,5093
143,5093
144,5093
145,5093
146,5093
147,3424
148,5093
149,5093
150,3424
151,5093
152,3424
153,3424
154,3424
155,5093
156,3424
157,5093
158,5093
159,5093
160,5093
161,5093
162,5093
163,5093
164,2533
165,5093
166,5093
167,3424
168,5093
169,5093
170,5093
171,5093
172,5093
173,5093
174,5093
175,5093
176,5093
177,5093
178,5093
179,5093
180,5093
181,5093
182,2533
183,5093
184,5093
185,5093
186,5093
187,5093
188,5093
189,5093
190,5093
191,3424
192,5093
193,5093
194,2533
195,5093
196,3424
197,5093
198,5093
199,5093
200,5093
201,1961
202,5093
203,10
204,5093
205,5093
206,5093
207,5093
208,5093
209,5093
210,5093
211,3424
212,5093
213,5093
214,5093
215,5093
216,5093
217,3424
218,5093
219,5093
220,5093
221,5093
222,5093
223,5093
224,5093
225,5093
226,5093
227,5093
228,5093
229,3424
230,5093
231,3424
232,5093
233,5093
234,3424
235,5093
236,5093
237,5093
238,1961
239,5093
240,5093
241,2533
242,5093
243,5093
244,5093
245,5093
246,5093
247,5093
248,5093
249,5093
250,5093
251,5093
252,5093
253,3424
254,2533
255,5093
256,2533
257,5093
258,5093
259,5093
260,5093
261,3424
262,5093
263,5093
264,5093
265,5093
266,5093
267,5093
268,5093
269,5093
270,5093
271,5827
272,5093
273,5093
274,5093
275,5093
276,2533
277,2533
278,5093
279,5093
280,5093
281,5093
282,10
283,5093
284,5093
285,5093
286,5093
287,5093
288,5093
289,5093
290,5093
291,5093
292,5093
293,5093
294,1961
295,3424
296,5093
297,2533
298,3424
299,5093
300,5093
301,5093
302,3424
303,3424
304,5093
305,5093
306,3424
307,3424
308,5093
309,5093
310,5093
311,5093
312,2533
313,3424
314,5093
315,5093
316,3424
317,5093
318,1996
319,5093
320,5093
321,5093
322,5093
323,5093
324,3424
325,5093
326,5093
327,5093
328,5093
329,5093
330,5093
331,5093
332,5093
333,5093
334,5093
335,5093
336,5093
337,5093
338,5093
339,5093
340,2533
341,5093
342,5093
343,3424
344,5093
345,5093
346,5093
347,5093
348,5093
349,5093
350,5093
351,5093
352,5093
353,2533
354,1996
355,1961
356,5093
357,2533
358,5093
359,5093
360,2533
361,5093
362,3424
363,5093
364,5827
365,5093
366,3424
367,5093
368,3424
369,5093
370,5093
371,5093
372,5093
373,3424
374,5093
375,5093
376,5093
377,2533
378,5093
379,5093
380,5093
381,5093
382,5093
383,5093
384,5093
385,5093
386,5093
387,3424
388,2533
389,3424
390,5093
391,3424
392,2533
393,5093
394,5093
395,5093
396,5093
397,5093
398,5093
399,5093
400,5093
401,5093
402,5093
403,2533
404,3424
405,5093
406,5093
407,5093
408,5093
409,5093
410,5093
411,2533
412,2533
413,5093
414,5093
415,5093
416,2533
417,5093
418,2533
419,5093
420,5700
421,3424
422,5093
423,5093
424,5093
425,5093
426,5093
427,5093
428,5093
429,5093
430,5093
431,5093
432,2533
433,5093
434,3424
435,5093
436,5093
437,5093
438,5093
439,5093
440,5093
441,5093
442,5093
443,3424
444,5093
445,3424
446,5093
447,5093
448,5093
449,5093
450,5093
451,5093
452,5093
453,5093
454,2533
455,5093
456,5093
457,5093
458,5093
459,5093
460,5093
461,5093
462,5093
463,5093
464,5093
465,2533
466,5093
467,5093
468,2533
469,5093
470,2533
471,3424
472,5093
473,5093
474,5093
475,5093
476,2533
477,3424
478,2533
479,5093
480,5093
481,5093
482,5093
483,5827
484,5093
485,2533
486,2533
487,2533
488,2533
489,5093
490,5093
491,5093
492,3424
493,5093
494,5093
495,5093
496,1961
497,5093
498,5093
499,5093
500,2533
501,5093
502,5093
503,5093
504,5093
505,3424
506,5093
507,5093
508,5093
509,3424
510,5093
511,5093
512,5093
513,5093
514,5093
515,5093
516,2533
517,5093
518,5093
519,5093
520,5093
521,5093
522,5093
523,3424
524,3424
525,5093
526,5093
527,5093
528,5093
529,3424
530,3424
531,5093
532,5093
533,5093
534,5093
535,5093
536,5093
537,5093
538,5093
539,5093
540,5093
541,5093
542,1996
543,5093
544,5093
545,5093
546,5093
547,5093
548,5093
549,5093
550,3424
551,2533
552,5093
553,2533
554,5093
555,5093
556,5093
557,5093
558,5093
559,5093
560,2533
561,5093
562,5093
563,3424
564,3424
565,2533
566,5093
567,2533
568,5093
569,3424
570,5093
571,5093
572,5093
573,5093
574,5093
575,5093
576,2533
577,1996
578,5093
579,3424
580,5093
581,5093
582,5093
583,5093
584,2533
585,5093
586,5093
587,5093
588,5093
589,3424
590,5093
591,5093
592,5093
593,5093
594,3424
595,2533
596,2533
597,5093
598,5093
599,5093
600,1961
601,5093
602,5093
603,5093
604,5827
605,5093
606,2533
607,5093
608,5093
609,5093
610,5093
611,3424
612,5093
613,5093
614,5093
615,5093
616,5093
617,5093
618,5093
619,3424
620,3424
621,5093
622,2533
623,5093
624,5093
625,5093
626,5093
627,5093
628,5093
629,5093
630,5093
631,5093
632,5093
633,5093
634,3424
635,2533
636,5093
637,5093
638,5093
639,5093
640,5093
641,2533
642,5093
643,5093
644,5093
645,5093
646,5093
647,5093
648,5093
649,5093
650,5093
651,2533
652,5093
653,5093
654,3424
655,5093
656,5093
657,5093
658,5093
659,5093
660,3424
661,3424
662,2533
663,5093
664,3424
665,5093
666,5093
667,3424
668,2533
669,5093
670,5093
671,5093
672,2533
673,5093
674,2533
675,5093
676,5093
677,5093
678,5093
679,5093
680,3424
681,5093
682,5093
683,2533
684,5093
685,5093
686,5093
687,5093
688,5093
689,5093
690,5093
691,5093
692,5093
693,5093
694,5093
695,5093
696,5093
697,3424
698,5093
699,3424
700,2533
701,5093
702,5093
703,5093
704,5093
705,5093
706,5093
707,5093
708,5093
709,5093
710,2533
711,5093
712,5093
713,3424
714,2533
715,5093
716,5093
717,5093
718,5093
719,5093
720,3424
721,5093
722,5093
723,5093
724,5093
725,5093
726,2533
727,3424
728,3424
729,1961
730,5093
731,5093
732,3424
733,2533
734,5093
735,5093
736,5093
737,5093
738,5093
739,5093
740,5093
741,5093
742,2533
743,5093
744,5093
745,5093
746,5093
747,5827
748,5093
749,5093
750,5093
751,5093
752,5093
753,5093
754,3424
755,5093
756,5093
757,5093
758,2333
759,5093
760,2533
761,5093
762,5093
763,5093
764,5093
765,5093
766,2533
767,2533
768,5093
769,2533
770,5093
771,5093
772,5093
773,5093
774,5093
775,5093
776,5093
777,3424
778,5093
779,5093
780,5093
781,5093
782,5093
783,5093
784,3424
785,5093
786,2533
787,5093
788,5093
789,2533
790,5093
791,3424
792,5093
793,5093
794,5093
795,5093
796,1996
797,1961
798,5093
799,5093
800,5093
801,5093
802,5093
803,5093
804,5093
805,5093
806,5093
807,5093
808,5093
809,5093
810,5093
811,5093
812,10
813,5093
814,5093
815,5093
816,5093
817,5093
818,5093
819,3424
820,5093
821,5093
822,5093
823,5093
824,5093
825,5093
826,5093
827,5093
828,2533
829,5093
830,2533
831,5093
832,5093
833,2533
834,5093
835,5093
836,5093
837,2533
838,5093
839,5093
840,5093
841,5093
842,5093
843,3424
844,3424
845,2533
846,5093
847,1961
848,5093
849,5093
850,5093
851,5093
852,3424
853,5093
854,5093
855,5093
856,5093
857,5093
858,5093
859,5093
860,3424
861,5093
862,5093
863,5093
864,5093
865,5093
866,5093
867,2533
868,5093
869,3424
870,5093
871,2533
872,2533
873,5093
874,5093
875,5093
876,5093
877,5093
878,5093
879,5093
880,5093
881,3424
882,5093
883,2533
884,5093
885,5093
886,5093
887,5093
888,5093
889,5093
890,5093
891,5093
892,5093
893,5093
894,5093
895,5093
896,5093
897,5093
898,5093
899,5093
900,5093
901,5093
902,5093
903,5093
904,5093
905,5093
906,5093
907,5093
908,5093
909,5093
910,5093
911,2533
912,5093
913,3424
914,5093
915,5093
916,5093
917,5093
918,3424
919,5093
920,5093
921,5093
922,3424
923,5093
924,5093
925,5093
926,5093
927,3424
928,2533
929,5093
930,5093
931,5093
932,5093
933,5093
934,5093
935,5093
936,5093
937,2533
938,3424
939,5093
940,5093
941,5093
942,5093
943,5093
944,5093
945,5093
946,3424
947,5093
948,5093
949,5093
950,5093
951,5093
952,5093
953,5093
954,5093
955,5093
956,5093
957,5093
958,5093
959,5093
960,5093
961,5093
962,5093
963,5093
964,5093
965,5093
966,5093
967,5093
968,1996
969,5093
970,5093
971,5093
972,5093
973,2533
974,5093
975,3424
976,5093
977,5093
978,5093
979,3424
980,5093
981,5093
982,5093
983,5093
984,3424
985,5093
986,5093
987,3424
988,5093
989,5093
990,5093
991,5093
992,5093
993,5093
994,2533
995,3424
996,3424
997,5093
998,5093
999,5093
1000,5093
1001,2533
1002,5093
1003,5093
1004,5093
1005,5093
1006,5093
1007,5093
1008,5093
1009,5093
1010,5700
1011,3424
1012,5093
1013,5093
1014,5093
1015,5093
1016,5093
1017,5093
1018,5093
1019,2533
1020,5093
1021,3424
1022,5093
1023,5093
1024,2533
1025,5093
1026,5093
1027,5093
1028,5093
1029,5093
1030,5093
1031,5093
1032,5093
1033,5093
1034,5827
1035,5093
1036,5093
1037,5093
1038,5093
1039,5093
1040,5093
1041,5093
1042,5093
1043,3424
1044,5093
1045,5093
1046,5093
1047,3424
1048,3424
1049,5093
1050,3424
1051,5093
1052,5093
1053,5093
1054,3424
1055,5093
1056,5093
1057,5093
1058,3424
1059,5093
1060,5093
1061,5093
1062,5093
1063,5093
1064,3424
1065,5093
1066,3424
1067,5093
1068,5093
1069,5093
1070,5093
1071,5093
1072,5093
1073,3424
1074,5093
1075,5093
1076,5093
1077,5093
1078,4015
1079,5093
1080,5093
1081,3424
1082,5093
1083,2533
1084,5093
1085,5093
1086,2533
1087,5093
1088,5093
1089,5093
1090,5093
1091,3424
1092,3424
1093,5093
1094,5093
1095,5093
1096,5093
1097,5093
1098,3424
1099,5093
1100,5093
1101,5093
1102,5093
1103,5093
1104,5093
1105,5093
1106,5093
1107,5093
1108,5093
1109,5093
1110,5093
1111,3424
1112,3424
1113,5093
1114,5093
1115,5093
1116,5093
1117,5093
1118,2533
1119,3424
1120,5093
1121,3424
1122,2533
1123,2533
1124,3424
1125,5093
1126,5093
1127,3424
1128,5093
1129,5093
1130,2533
1131,5093
1132,2533
1133,5093
1134,5093
1135,5093
1136,5093
1137,5093
1138,5093
1139,5093
1140,5093
1141,5093
1142,5093
1143,5093
1144,5093
1145,5093
1146,5093
1147,5093
1148,5093
1149,5093
1150,5093
1151,5093
1152,5093
1153,3424
1154,2533
1155,2533
1156,5093
1157,5093
1158,5093
1159,5093
1160,5093
1161,5093
1162,5093
1163,5093
1164,5093
1165,5093
1166,5093
1167,5093
1168,5093
1169,5093
1170,3424
1171,5093
1172,5093
1173,5093
1174,5093
1175,5093
1176,3424
1177,3424
1178,5093
1179,5093
1180,5093
1181,5093
1182,5093
1183,5093
1184,5093
1185,3424
1186,5093
1187,5093
1188,5093
1189,5093
1190,5093
1191,2533
1192,5093
1193,3424
1194,5093
1195,5093
1196,5093
1197,5093
1198,5093
1199,5093
1200,5093
1201,5093
1202,2533
1203,5093
1204,2533
1205,3424
1206,5093
1207,5093
1208,5093
1209,5093
1210,5093
1211,1996
1212,5093
1213,5093
1214,2533
1215,5093
1216,5093
1217,5093
1218,5093
1219,5093
1220,5093
1221,5093
1222,5093
1223,5093
1224,5093
1225,3424
1226,5093
1227,3424
1228,5093
1229,5093
1230,3424
1231,5093
1232,5093
1233,3424
1234,3424
1235,3424
1236,5093
1237,5093
1238,2533
1239,5093
1240,5093
1241,5093
1242,3424
1243,5093
1244,3424
1245,5093
1246,5093
1247,5093
1248,5093
1249,5093
1250,5093
1251,5093
1252,5093
1253,5093
1254,5093
1255,5093
1256,5093
1257,5093
1258,5093
1259,5093
1260,5093
1261,5093
1262,5093
1263,5093
1264,5093
1265,2533
1266,5093
1267,2533
1268,2533
1269,5093
1270,5093
1271,5093
1272,5093
1273,5093
1274,5093
1275,5093
1276,2533
1277,5093
1278,5093
1279,5093
1280,5093
1281,5093
1282,3424
1283,5093
1284,2533
1285,1996
1286,3424
1287,5093
1288,2533
1289,5093
1290,5093
1291,5093
1292,5093
1293,5093
1294,5093
1295,5093
1296,5093
1297,5093
1298,5093
1299,5093
1300,5093
1301,5093
1302,5093
1303,5093
1304,5093
1305,5093
1306,5093
1307,5093
1308,5093
1309,5093
1310,5093
1311,5093
1312,3424
1313,2533
1314,5093
1315,5093
1316,5093
1317,5093
1318,2533
1319,5093
1320,5093
1321,5093
1322,5093
1323,5093
1324,5093
1325,3424
1326,3424
1327,5093
1328,5093
1329,5093
1330,5093
1331,5093
1332,5093
1333,5093
1334,3424
1335,5093
1336,3424
1337,3424
1338,5093
1339,5093
1340,3424
1341,3424
1342,5093
1343,5093
1344,5093
1345,5093
1346,5093
1347,5093
1348,5093
1349,5093
1350,2533
1351,5093
1352,5093
1353,5093
1354,5093
1355,5093
1356,5093
1357,2533
1358,2533
1359,5093
1360,2533
1361,3424
1362,5093
1363,5093
1364,5093
1365,5093
1366,5093
1367,5093
1368,5093
1369,5093
1370,5093
1371,2533
1372,5093
1373,1961
1374,5093
1375,2533
1376,3424
1377,5093
1378,5093
1379,5093
1380,5093
1381,5093
1382,5093
1383,5093
1384,5093
1385,5093
1386,5093
1387,5093
1388,5093
1389,5093
1390,5093
1391,5093
1392,5093
1393,5093
1394,5093
1395,5093
1396,3424
1397,5093
1398,5093
1399,5093
1400,5093
1401,2533
1402,5093
1403,5093
1404,5093
1405,5093
1406,3424
1407,3424
1408,5093
1409,5093
1410,3424
1411,5093
1412,5093
1413,3424
1414,3424
1415,3424
1416,5093
1417,5093
1418,5093
1419,5093
1420,5093
1421,5093
1422,5093
1423,5093
1424,3424
1425,5093
1426,5093
1427,5093
1428,5093
1429,5093
1430,3424
1431,5093
1432,5093
1433,5093
1434,5093
1435,5093
1436,5093
1437,5093
1438,5093
1439,5093
1440,2533
1441,3424
1442,3424
1443,5093
1444,5093
1445,5093
1446,3424
1447,5093
1448,5093
1449,5093
1450,5093
1451,5093
1452,5093
1453,5093
1454,5093
1455,3424
1456,5093
1457,1961
1458,5093
1459,5093
1460,5093
1461,5093
1462,5093
1463,5093
1464,5093
1465,5093
1466,5093
1467,2533
1468,2533
1469,5093
1470,5093
1471,3424
1472,5093
1473,5093
1474,2533
1475,5093
1476,2533
1477,5093
1478,3424
1479,5093
1480,5093
1481,5093
1482,2533
1483,5093
1484,5093
1485,3424
1486,5093
1487,2533
1488,5093
1489,5093
1490,2533
1491,5093
1492,5093
1493,5093
1494,5093
1495,5093
1496,5093
1497,5093
1498,5093
1499,5093
1500,5093
1501,3424
1502,5093
1503,1961
1504,5093
1505,5093
1506,5093
1507,3424
1508,5093
1509,5093
1510,5093
1511,5093
1512,3424
1513,5093
1514,5093
1515,5093
1516,3424
1517,5093
1518,2533
1519,3424
1520,5093
1521,2533
1522,5093
1523,3424
1524,5093
1525,5093
1526,5093
1527,5093
1528,5093
1529,5827
1530,3424
1531,5093
1532,5093
1533,5093
1534,5093
1535,5093
1536,5093
1537,5093
1538,5093
1539,5093
1540,5093
1541,3424
1542,5093
1543,5093
1544,2533
1545,5093
1546,5093
1547,5093
1548,2533
1549,2533
1550,5093
1551,3424
1552,2533
1553,2533
1554,3424
1555,5093
1556,5093
1557,5093
1558,5093
1559,5093
1560,5093
1561,5093
1562,5093
1563,5093
1564,5093
1565,5093
1566,5093
1567,3424
1568,5093
1569,5093
1570,5093
1571,3424
1572,5093
1573,3424
1574,5093
1575,5093
1576,5093
1577,5093
1578,5093
1579,3424
1580,5093
1581,5093
1582,5093
1583,3424
1584,2533
1585,3424
1586,5093
1587,5093
1588,5093
1589,5093
1590,5093
1591,5093
1592,5093
1593,5093
1594,5093
1595,5093
1596,3424
1597,5093
1598,5093
1599,5093
1600,3424
1601,5093
1602,5093
1603,5093
1604,5093
1605,5093
1606,3424
1607,5093
1608,5093
1609,5093
1610,5093
1611,5093
1612,3424
1613,5093
1614,5093
1615,5093
1616,5093
1617,5093
1618,5093
1619,5093
1620,5093
1621,3424
1622,2533
1623,5093
1624,5093
1625,5093
1626,2533
1627,2533
1628,5093
1629,5093
1630,5093
1631,2533
1632,5093
1633,5093
1634,5093
1635,5093
1636,5093
1637,5093
1638,5093
1639,5093
1640,5093
1641,5093
1642,3424
1643,5093
1644,5093
1645,5093
1646,3424
1647,5093
1648,3424
1649,2533
1650,2533
1651,2533
1652,5093
1653,5093
1654,5093
1655,2533
1656,5093
1657,5093
1658,3424
1659,3424
1660,5093
1661,3424
1662,3424
1663,5093
1664,5093
1665,5093
1666,5093
1667,5093
1668,5093
1669,3424
1670,5093
1671,5093
1672,2533
1673,5093
1674,5093
1675,5093
1676,5093
1677,3424
1678,5093
1679,5093
1680,5093
1681,2533
1682,5093
1683,5093
1684,5093
1685,3424
1686,5093
1687,2533
1688,5093
1689,5093
1690,5093
1691,5093
1692,5093
1693,5093
1694,5093
1695,5093
1696,5093
1697,5093
1698,5093
1699,2533
1700,5093
1701,5093
1702,1961
1703,5093
1704,5093
1705,5093
1706,1961
1707,3424
1708,5093
1709,5093
1710,5093
1711,5093
1712,5093
1713,5093
1714,5093
1715,5093
1716,5093
1717,5093
1718,5093
1719,5093
1720,5093
1721,5093
1722,5093
1723,5093
1724,5093
1725,5093
1726,3424
1727,5093
1728,5093
1729,5093
1730,5093
1731,5093
1732,3424
1733,5093
1734,3424
1735,5093
1736,1961
1737,5827
1738,5093
1739,2533
1740,5093
1741,5093
1742,5093
1743,5093
1744,5093
1745,5093
1746,5093
1747,5093
1748,3424
1749,5093
1750,5093
1751,5093
1752,3424
1753,5093
1754,5093
1755,5093
1756,2533
1757,5093
1758,5093
1759,3424
1760,5093
1761,2533
1762,5093
1763,5093
1764,5093
1765,2533
1766,5093
1767,2533
1768,5093
1769,5093
1770,5093
1771,3424
1772,5093
1773,5093
1774,5093
1775,5093
1776,5093
1777,5093
1778,5093
1779,5093
1780,5093
1781,5093
1782,5093
1783,5093
1784,5093
1785,5093
1786,3424
1787,5093
1788,5093
1789,5093
1790,5093
1791,5093
1792,5093
1793,5093
1794,5093
1795,3424
1796,5093
1797,5093
1798,2533
1799,5093
1800,2533
1801,5093
1802,5093
1803,5093
1804,2533
1805,3424
1806,5093
1807,3424
1808,5093
1809,5093
1810,5093
1811,2533
1812,5093
1813,5093
1814,5093
1815,5093
1816,5093
1817,5093
1818,5093
1819,5093
1820,5093
1821,5093
1822,5093
1823,5093
1824,5093
1825,5093
1826,5093
1827,5093
1828,2533
1829,3424
1830,5093
1831,5093
1832,5093
1833,5093
1834,3424
1835,5093
1836,5093
1837,5093
1838,5093
1839,5093
1840,5093
1841,5093
1842,5093
1843,5093
1844,5093
1845,5093
1846,5093
1847,5093
1848,5093
1849,3424
1850,5093
1851,5093
1852,2533
1853,5093
1854,5093
1855,1961
1856,5093
1857,5093
1858,5093
1859,5093
1860,2533
1861,3424
1862,3424
1863,5093
1864,5093
1865,5093
1866,5093
1867,5093
1868,2533
1869,5093
1870,5093
1871,5093
1872,3424
1873,5093
1874,5093
1875,5093
1876,5093
1877,5093
1878,5093
1879,3424
1880,5093
1881,5093
1882,5093
1883,5093
1884,5093
1885,5093
1886,5093
1887,5093
1888,5093
1889,5093
1890,5093
1891,2533
1892,5093
1893,3424
1894,5093
1895,3424
1896,5093
1897,5093
1898,2533
1899,2533
1900,2533
1901,2533
1902,5093
1903,5093
1904,5093
1905,2533
1906,2533
1907,5093
1908,5093
1909,2533
1910,1996
1911,2533
1912,3424
1913,2533
1914,5093
1915,5093
1916,5093
1917,5093
1918,5093
1919,5093
1920,5093
1921,5093
1922,2533
1923,5093
1924,5093
1925,5093
1926,5827
1927,5093
1928,5093
1929,5093
1930,5093
1931,3424
1932,5093
1933,5093
1934,3424
1935,3424
1936,5093
1937,5093
1938,2533
1939,5093
1940,5093
1941,5093
1942,2533
1943,5093
1944,5093
1945,5093
1946,5093
1947,5093
1948,5093
1949,5093
1950,5093
1951,5093
1952,5093
1953,2533
1954,5093
1955,5093
1956,2533
1957,5093
1958,1996
1959,2533
1960,5093
1961,3424
1962,5093
1963,5093
1964,5093
1965,5093
1966,5093
1967,5093
1968,3424
1969,5093
1970,5093
1971,3424
1972,5093
1973,2533
1974,5093
1975,5093
1976,2533
1977,3424
1978,5093
1979,5093
1980,3424
1981,5093
1982,5093
1983,3424
1984,5093
1985,5093
1986,5093
1987,5093
1988,5093
1989,5093
1990,5093
1991,5093
1992,5093
1993,5093
1994,5093
1995,5093
1996,5093
1997,5093
1998,5093
1999,5093
2000,5093
2001,5093
2002,5093
2003,5093
2004,5093
2005,5093
2006,5093
2007,5093
2008,5093
2009,5093
2010,2533
2011,3424
2012,2533
2013,5093
2014,5093
2015,2533
2016,5093
2017,5093
2018,5093
2019,5093
2020,5093
2021,5093
2022,5093
2023,3424
2024,5093
2025,5093
2026,5093
2027,3424
2028,5093
2029,5093
2030,5093
2031,5093
2032,5093
2033,5093
2034,5093
2035,2533
2036,5093
2037,3424
2038,5093
2039,5093
2040,5093
2041,5093
2042,5093
2043,5093
2044,5093
2045,2533
2046,5093
2047,5093
2048,5093
2049,5093
2050,5093
2051,2533
2052,3424
2053,5093
2054,5093
2055,5093
2056,5093
2057,2533
2058,3424
2059,2533
2060,5093
2061,5093
2062,3424
2063,5093
2064,5093
2065,2533
2066,5093
2067,5093
2068,5093
2069,5093
2070,5093
2071,5093
2072,5093
2073,5093
2074,5093
2075,5093
2076,5093
2077,2533
2078,3424
2079,2533
2080,5093
2081,5093
2082,5093
2083,3424
2084,2533
2085,5093
2086,5093
2087,5093
2088,5093
2089,5093
2090,5093
2091,5093
2092,5093
2093,3424
2094,5093
2095,3424
2096,5093
2097,5093
2098,5093
2099,5093
2100,5093
2101,2533
2102,5093
2103,5093
2104,3424
2105,2533
2106,5093
2107,5093
2108,5093
2109,5093
2110,5093
2111,5093
2112,2533
2113,5093
2114,5093
2115,4337
2116,5093
2117,2533
2118,5093
2119,5093
2120,5093
2121,5093
2122,5093
2123,5093
2124,5093
2125,5093
2126,5093
2127,5093
2128,5093
2129,5093
2130,5093
2131,10
2132,5093
2133,5093
2134,3424
2135,5093
2136,5093
2137,5093
2138,5093
2139,5093
2140,1961
2141,5093
2142,5093
2143,3424
2144,5093
2145,5093
2146,5093
2147,3424
2148,5093
2149,2533
2150,5093
2151,5093
2152,5093
2153,2533
2154,5093
2155,5093
2156,5093
2157,5093
2158,5093
2159,2533
2160,2533
2161,5093
2162,5093
2163,3424
2164,3424
2165,5093
2166,5093
2167,5093
2168,3424
2169,2533
2170,5093
2171,5093
2172,5093
2173,5093
2174,5093
2175,5093
2176,5093
2177,5093
2178,5093
2179,5093
2180,2533
2181,5093
2182,5093
2183,5093
2184,5093
2185,5093
2186,5093
2187,5093
2188,5093
2189,5093
2190,5093
2191,5093
2192,2533
2193,5093
2194,5093
2195,3424
2196,5093
2197,5093
2198,5093
2199,3424
2200,5093
2201,5093
2202,3424
2203,2533
2204,3424
2205,5093
2206,5093
2207,5093
2208,5093
2209,2533
2210,5093
2211,5093
2212,2533
2213,5093
2214,5093
2215,5093
2216,5093
2217,5093
2218,3424
2219,5093
2220,5093
2221,5093
2222,5093
2223,5093
2224,3424
2225,5093
2226,5093
2227,5093
2228,5093
2229,5093
2230,5093
2231,5093
2232,2533
2233,5093
2234,5093
2235,3424
2236,5093
2237,5093
2238,5093
2239,5093
2240,5093
2241,5093
2242,5093
2243,5093
2244,5093
2245,5093
2246,5093
2247,2533
2248,5093
2249,3424
2250,5093
2251,5093
2252,5093
2253,5093
2254,2533
2255,2533
2256,5093
2257,2533
2258,5093
2259,2533
2260,5093
2261,5093
2262,2533
2263,5827
2264,5093
2265,5093
2266,5093
2267,5093
2268,5093
2269,5093
2270,5093
2271,2533
2272,5093
2273,5093
2274,5093
2275,5093
2276,5093
2277,5093
2278,5093
2279,5093
2280,5093
2281,1961
2282,3424
2283,3424
2284,5093
2285,5093
2286,5093
2287,5093
2288,3424
2289,5093
2290,3424
2291,5093
2292,5093
2293,5093
2294,5093
2295,5093
2296,2533
2297,5093
2298,5093
2299,5093
2300,2533
2301,5093
2302,5093
2303,5093
2304,5093
2305,5093
2306,5093
2307,5093
2308,3424
2309,2533
2310,5093
2311,1996
2312,5093
2313,5093
2314,5093
2315,5093
2316,2533
2317,5093
2318,5093
2319,5093
2320,3424
2321,5093
2322,5093
2323,3424
2324,10
2325,5093
2326,5093
2327,3424
2328,5093
2329,5093
2330,5093
2331,5093
2332,5093
2333,5093
2334,2533
2335,5093
2336,5093
2337,5093
2338,3424
2339,5093
2340,5093
2341,5093
2342,5093
2343,2533
2344,5093
2345,5093
2346,5093
2347,5093
2348,5093
2349,5093
2350,5093
2351,4015
2352,5093
2353,5093
2354,5093
2355,5093
2356,5093
2357,5093
2358,2533
2359,5093
2360,5093
2361,5093
2362,5093
2363,5093
2364,5093
2365,2533
2366,5093
2367,5093
2368,5093
2369,5093
2370,4015
2371,5093
2372,5093
2373,2533
2374,5093
2375,5093
2376,5093
2377,2533
2378,5093
2379,5093
2380,5093
2381,5093
2382,5093
2383,3424
2384,5093
2385,3424
2386,5093
2387,5093
2388,5093
2389,5093
2390,5093
2391,2533
2392,5093
2393,5093
2394,5093
2395,5093
2396,2533
2397,5093
2398,5093
2399,5093
2400,5093
2401,5093
2402,5093
2403,5093
2404,5093
2405,5093
2406,2533
2407,5093
2408,5093
2409,5093
2410,5093
2411,5093
2412,5093
2413,5093
2414,5093
2415,5093
2416,3424
2417,3424
2418,5093
2419,3424
2420,5093
2421,5093
2422,5093
2423,2533
2424,2533
2425,2533
2426,3424
2427,5093
2428,5093
2429,3424
2430,5093
2431,2533
2432,3424
2433,5093
2434,5093
2435,2333
2436,2533
2437,5093
2438,5093
2439,5093
2440,5093
2441,2533
2442,5093
2443,5093
2444,5093
2445,5093
2446,5093
2447,5093
2448,5093
2449,5093
2450,2533
2451,5093
2452,3424
2453,2533
2454,5093
2455,5093
2456,5093
2457,5093
2458,2533
2459,5093
2460,5093
2461,5093
2462,5093
2463,3424
2464,3424
2465,5093
2466,5093
2467,5093
2468,5093
2469,5093
2470,5093
2471,5093
2472,5093
2473,5093
2474,1961
2475,3424
2476,5093
2477,5093
2478,5093
2479,5093
2480,5093
2481,3424
2482,2533
2483,5093
2484,5093
2485,5093
2486,5093
2487,2533
2488,5093
2489,2533
2490,5093
2491,5093
2492,3424
2493,5093
2494,5093
2495,5093
2496,5093
2497,5093
2498,5093
2499,5093
2500,5093
2501,5093
2502,5093
2503,5093
2504,5093
2505,5827
2506,5093
2507,3424
2508,5093
2509,2533
2510,5093
2511,3424
2512,5093
2513,5093
2514,5093
2515,5093
2516,5093
2517,5093
2518,5093
2519,2533
2520,5093
2521,3424
2522,5093
2523,5093
2524,5093
2525,5093
2526,5093
2527,5093
2528,5093
2529,3424
2530,3424
2531,2533
2532,2533
2533,5093
2534,5093
2535,2533
2536,5093
2537,5093
2538,3424
2539,5093
2540,5093
2541,5093
2542,5093
2543,5093
2544,5093
2545,5093
2546,5093
2547,5093
2548,5093
2549,5093
2550,2533
2551,3424
2552,5093
2553,3424
2554,3424
2555,5093
2556,5093
2557,5093
2558,5093
2559,5093
2560,5093
2561,5093
2562,5093
2563,5093
2564,2533
2565,5093
2566,5093
2567,2533
2568,5093
2569,5093
2570,3424
2571,3424
2572,1996
2573,3424
2574,5093
2575,5093
2576,2533
2577,5093
2578,5093
2579,10
2580,5093
2581,5093
2582,5093
2583,5093
2584,5093
2585,5093
2586,5093
2587,2533
2588,5093
2589,5093
2590,5093
2591,3424
2592,5093
2593,5093
2594,5093
2595,5093
2596,3424
2597,2533
2598,3424
2599,5093
2600,5093
2601,5093
2602,5093
2603,5093
2604,5093
2605,5093
2606,5093
2607,5093
2608,5093
2609,5093
2610,3424
2611,5093
2612,2533
2613,5093
2614,5093
2615,5093
2616,5093
2617,3424
2618,5093
2619,3424
2620,5093
2621,5093
2622,5093
2623,3424
2624,3424
2625,5093
2626,3424
2627,5093
2628,5093
2629,5093
2630,2533
2631,5093
2632,5093
2633,3424
2634,5093
2635,5093
2636,5093
2637,5093
2638,5093
2639,5093
2640,3424
2641,5093
2642,5093
2643,5093
2644,5093
2645,5093
2646,3424
2647,2533
2648,5093
2649,2533
2650,5093
2651,2533
2652,5093
2653,2533
2654,5093
2655,5093
2656,5093
2657,3424
2658,2533
2659,5093
2660,2533
2661,5093
2662,5093
2663,5093
2664,5093
2665,5093
2666,5093
2667,5093
2668,5093
2669,5093
2670,5093
2671,5093
2672,2533
2673,5093
2674,5093
2675,3424
2676,5093
2677,3424
2678,5093
2679,5093
2680,5093
2681,3424
2682,5093
2683,5093
2684,5093
2685,3424
2686,5093
2687,5093
2688,2533
2689,5093
2690,3424
2691,3424
2692,5093
2693,2533
2694,5093
2695,5093
2696,5093
2697,5093
2698,5093
2699,1996
2700,5093
2701,5093
2702,3424
2703,5093
2704,3424
2705,5093
2706,3424
2707,5093
2708,5093
2709,5093
2710,10
2711,5093
2712,5093
2713,5093
2714,5093
2715,5093
2716,5093
2717,5093
2718,3424
2719,5093
2720,5093
2721,5093
2722,5093
2723,5093
2724,5093
2725,5093
2726,5093
2727,5093
2728,5093
2729,5093
2730,2533
2731,5093
2732,5093
2733,1961
2734,5093
2735,5093
2736,5093
2737,5093
2738,5093
2739,3424
2740,5093
2741,5093
2742,5093
2743,5093
2744,5093
2745,5093
2746,5093
2747,5093
2748,5093
2749,2533
2750,3424
2751,5093
2752,5093
2753,3424
2754,3424
2755,5093
2756,5093
2757,5093
2758,5093
2759,5093
2760,5093
2761,2533
2762,5093
2763,5093
2764,5093
2765,5093
2766,5093
2767,5093
2768,3424
2769,5093
2770,5093
2771,5093
2772,5093
2773,5093
2774,5700
2775,5093
2776,5093
2777,5093
2778,5093
2779,3424
2780,5093
2781,2533
2782,5093
2783,5093
2784,5093
2785,3424
2786,5093
2787,2533
2788,5093
2789,5093
2790,5093
2791,5093
2792,5093
2793,5093
2794,5093
2795,5093
2796,5093
2797,2533
2798,2533
2799,3424
2800,5093
2801,5093
2802,5093
2803,3424
2804,3424
2805,5093
2806,5093
2807,5093
2808,5093
2809,5093
2810,5093
2811,5093
2812,5093
2813,5093
2814,2533
2815,5093
2816,3424
2817,5093
2818,5093
2819,3424
2820,5093
2821,5093
2822,5093
2823,5093
2824,5093
2825,5093
2826,3424
2827,5093
2828,5093
2829,5093
2830,5093
2831,3424
2832,5093
2833,3424
2834,5093
2835,3424
2836,3424
2837,3424
2838,2533
2839,3424
2840,5093
2841,5093
2842,5093
2843,5093
2844,5093
2845,3424
2846,5093
2847,5093
2848,5093
2849,5093
2850,5093
2851,5093
2852,5093
2853,5093
2854,5093
2855,5093
2856,2533
2857,5093
2858,5093
2859,5093
2860,5093
2861,5093
2862,3424
2863,5093
2864,5093
2865,5093
2866,5093
2867,5093
2868,3424
2869,5093
2870,2533
2871,5093
2872,5093
2873,3424
2874,5093
2875,5093
2876,5093
2877,5093
2878,3424
2879,5093
2880,5093
2881,5093
2882,5093
2883,2533
2884,5093
2885,3424
2886,5093
2887,5093
2888,5093
2889,5093
2890,5093
2891,5093
2892,3424
2893,5093
2894,5093
2895,1961
2896,5093
2897,5093
2898,5093
2899,5093
2900,5093
2901,5093
2902,5093
2903,2533
2904,5093
2905,5093
2906,5093
2907,5093
2908,5093
2909,5093
2910,5093
2911,5093
2912,5093
2913,2533
2914,5093
2915,5093
2916,5093
2917,5093
2918,3424
2919,2533
2920,5093
2921,2533
2922,3424
2923,2533
2924,5093
2925,5093
2926,5093
2927,5093
2928,3424
2929,5093
2930,5093
2931,5093
2932,5093
2933,5093
2934,5093
2935,5093
2936,5093
2937,5093
2938,5093
2939,5093
2940,3424
2941,3424
2942,2533
2943,3424
2944,2533
2945,5093
2946,5093
2947,5093
2948,3424
2949,5093
2950,3424
2951,5093
2952,5093
2953,5093
2954,5093
2955,5093
2956,5093
2957,5093
2958,5093
2959,5093
2960,5093
2961,5093
2962,3424
2963,2533
2964,5093
2965,5093
2966,5093
2967,5093
2968,5093
2969,3424
2970,5093
2971,5093
2972,5093
2973,5093
2974,5093
2975,5093
2976,5093
2977,5093
2978,5093
2979,3424
2980,2533
2981,5093
2982,3424
2983,3424
2984,3424
2985,5093
2986,5093
2987,5093
2988,5093
2989,5093
2990,5700
2991,3424
2992,3424
2993,5093
2994,2533
2995,5093
2996,5093
2997,5093
2998,2533
2999,5093
3000,5093
3001,2533
3002,3424
3003,5093
3004,2533
3005,5093
3006,5093
3007,5093
3008,3424
3009,5093
3010,5093
3011,5093
3012,5093
3013,5093
3014,5093
3015,5093
3016,5093
3017,5093
3018,5093
3019,5093
3020,5093
3021,5093
3022,5093
3023,5093
3024,2533
3025,3424
3026,3424
3027,5093
3028,3424
3029,5093
3030,2533
3031,5093
3032,5093
3033,5093
3034,3424
3035,5093
3036,5093
3037,5093
3038,2533
3039,5093
3040,5093
3041,5093
3042,5093
3043,5093
3044,5093
3045,5093
3046,5093
3047,5093
3048,5093
3049,5093
3050,5093
3051,3424
3052,5093
3053,5093
3054,3424
3055,2533
3056,5093
3057,3424
3058,5093
3059,5093
3060,5093
3061,2533
3062,5093
3063,5093
3064,5093
3065,5093
3066,5093
3067,5093
3068,5093
3069,5093
3070,5093
3071,5093
3072,5093
3073,5093
3074,5093
3075,5093
3076,5093
3077,5093
3078,3424
3079,5093
3080,5093
3081,5093
3082,5093
3083,5093
3084,3424
3085,5093
3086,5093
3087,5093
3088,5093
3089,2533
3090,5093
3091,5093
3092,5093
3093,5093
3094,5093
3095,5093
3096,5093
3097,5093
3098,2533
3099,3424
3100,5093
3101,5093
3102,5093
3103,5093
3104,5093
3105,2533
3106,2533
3107,5093
3108,3424
3109,5093
3110,5093
3111,5093
3112,5093
3113,2533
3114,5093
3115,3424
3116,5093
3117,5093
3118,5093
3119,5093
3120,5093
3121,5093
3122,5093
3123,3424
3124,3424
3125,1961
3126,3424
3127,2533
3128,5093
3129,2533
3130,5093
3131,5093
3132,5093
3133,5093
3134,5093
3135,5093
3136,6258
3137,5093
3138,5093
3139,5093
3140,3424
3141,5093
3142,2533
3143,5093
3144,5093
3145,5093
3146,5093
3147,5093
3148,5093
3149,5093
3150,5093
3151,5093
3152,5093
3153,5093
3154,5093
3155,5093
3156,2533
3157,5093
3158,5093
3159,5093
3160,5093
3161,5093
3162,2533
3163,5093
3164,5093
3165,5093
3166,5093
3167,5093
3168,5093
3169,5093
3170,5093
3171,5093
3172,5093
3173,5093
3174,5093
3175,5093
3176,3424
3177,3424
3178,5093
3179,3424
3180,2533
3181,5093
3182,5093
3183,5093
3184,5093
3185,3424
3186,5093
3187,5093
3188,3424
3189,5093
3190,2533
3191,3424
3192,5093
3193,5093
3194,5093
3195,5093
3196,5093
3197,3424
3198,5093
3199,5093
3200,5093
3201,5093
3202,3424
3203,5093
3204,5093
3205,2533
3206,10
3207,5093
3208,3424
3209,5093
3210,5093
3211,5093
3212,5093
3213,5093
3214,5093
3215,1996
3216,2533
3217,2533
3218,5093
3219,5093
3220,5093
3221,2533
3222,5093
3223,5093
3224,5093
3225,5093
3226,5093
3227,5093
3228,5093
3229,5093
3230,5093
3231,5093
3232,5093
3233,5093
3234,3424
3235,5093
3236,2533
3237,5093
3238,3424
3239,5093
3240,5093
3241,5093
3242,5093
3243,5093
3244,1961
3245,5093
3246,5093
3247,5093
3248,5093
3249,3424
3250,5093
3251,3424
3252,5093
3253,5093
3254,5093
3255,2533
3256,5093
3257,5093
3258,5093
3259,5093
3260,3424
3261,5093
3262,5093
3263,5093
3264,5093
3265,5093
3266,3424
3267,3424
3268,2533
3269,5093
3270,3424
3271,5093
3272,3424
3273,5093
3274,5093
3275,5093
3276,5093
3277,5093
3278,5093
3279,5093
3280,5093
3281,5093
3282,5093
3283,5093
3284,5093
3285,5093
3286,5827
3287,5093
3288,5093
3289,5093
3290,5093
3291,5093
3292,5093
3293,5093
3294,2533
3295,5093
3296,5093
3297,5093
3298,3424
3299,5093
3300,5093
3301,5093
3302,2533
3303,5093
3304,5093
3305,5093
3306,5093
3307,5093
3308,5093
3309,3424
3310,5093
3311,2533
3312,5093
3313,5093
3314,2533
3315,5093
3316,5093
3317,2533
3318,5093
3319,3424
3320,5093
3321,5093
3322,5093
3323,2533
3324,5093
3325,5093
3326,5093
3327,5093
3328,5093
3329,5093
3330,5093
3331,2533
3332,3424
3333,5093
3334,5093
3335,5093
3336,3424
3337,5093
3338,1996
3339,5093
3340,3424
3341,5093
3342,2533
3343,5093
3344,5093
3345,5093
3346,5093
3347,3424
3348,5093
3349,3424
3350,2533
3351,3424
3352,5093
3353,5093
3354,5093
3355,5093
3356,5093
3357,5093
3358,5093
3359,5093
3360,5093
3361,5093
3362,5093
3363,2533
3364,5093
3365,2533
3366,5093
3367,5093
3368,5093
3369,5093
3370,5093
3371,5093
3372,2533
3373,5093
3374,5093
3375,2533
3376,5093
3377,5093
3378,5093
3379,5093
3380,3424
3381,5093
3382,1961
3383,5093
3384,5093
3385,5093
3386,5093
3387,5093
3388,5093
3389,5093
3390,2533
3391,5093
3392,3424
3393,5093
3394,5093
3395,3424
3396,5093
3397,5093
3398,5093
3399,10
3400,3424
3401,3424
3402,5093
3403,5093
3404,5093
3405,5093
3406,5093
3407,5093
3408,5093
3409,5093
3410,2533
3411,5093
3412,2533
3413,5093
3414,5093
3415,5093
3416,5093
3417,5093
3418,5093
3419,5093
3420,5093
3421,5093
3422,3424
3423,5093
3424,5093
3425,5093
3426,5093
3427,3424
3428,5093
3429,5093
3430,5093
3431,5093
3432,3424
3433,5093
3434,3424
3435,5093
3436,5093
3437,3424
3438,5093
3439,1961
3440,5093
3441,5093
3442,5093
3443,5093
3444,3424
3445,2533
3446,5093
3447,5093
3448,5093
3449,5093
3450,5093
3451,5093
3452,5827
3453,5093
3454,2533
3455,5093
3456,3424
3457,3424
3458,2533
3459,5093
3460,5093
3461,5093
3462,5093
3463,3424
3464,5093
3465,2533
3466,2533
3467,5093
3468,2533
3469,3424
3470,5093
3471,5093
3472,5093
3473,3424
3474,5093
3475,2533
3476,2533
3477,5093
3478,5093
3479,5093
3480,5093
3481,5093
3482,5093
3483,2533
3484,5093
3485,5093
3486,5093
3487,5093
3488,5093
3489,2533
3490,5093
3491,5093
3492,3424
3493,5093
3494,5093
3495,5093
3496,2533
3497,1961
3498,5093
3499,5093
3500,5093
3501,5093
3502,5093
3503,2533
3504,3424
3505,2533
3506,3424
3507,5093
3508,2533
3509,5093
3510,5093
3511,5093
3512,5093
3513,5093
3514,5093
3515,3424
3516,5093
3517,2533
3518,5093
3519,3424
3520,2533
3521,5093
3522,5093
3523,5093
3524,2533
3525,5093
3526,5093
3527,2533
3528,5093
3529,5093
3530,5093
3531,5093
3532,5093
3533,5093
3534,5093
3535,3424
3536,5093
3537,5093
3538,5093
3539,5093
3540,5093
3541,5093
3542,5093
3543,5093
3544,3424
3545,5093
3546,5093
3547,5093
3548,3424
3549,5093
3550,5093
3551,5093
3552,5093
3553,5093
3554,5093
3555,5093
3556,5093
3557,5093
3558,5093
3559,5093
3560,5093
3561,5093
3562,5093
3563,3424
3564,2533
3565,5093
3566,5093
3567,5093
3568,5093
3569,5093
3570,2533
3571,3424
3572,5093
3573,5093
3574,5093
3575,5093
3576,5093
3577,5093
3578,5093
3579,3424
3580,5093
3581,3424
3582,5093
3583,5093
3584,5093
3585,5093
3586,5093
3587,5093
3588,5093
3589,5093
3590,5093
3591,5093
3592,5093
3593,5093
3594,5093
3595,5093
3596,5093
3597,5093
3598,2533
3599,5093
3600,5093
3601,5093
3602,5093
3603,5093
3604,1961
3605,5093
3606,5093
3607,5093
3608,5093
3609,5093
3610,5093
3611,5093
3612,3424
3613,2533
3614,5093
3615,5093
3616,1996
3617,5093
3618,5093
3619,5093
3620,5093
3621,5093
3622,5093
3623,5093
3624,5093
3625,5093
3626,5093
3627,2533
3628,5093
3629,5093
3630,5093
3631,3424
3632,3424
3633,5093
3634,3424
3635,5093
3636,5093
3637,5093
3638,5093
3639,5093
3640,5093
3641,3424
3642,5093
3643,5093
3644,3424
3645,5093
3646,5093
3647,5093
3648,5093
3649,5093
3650,2533
3651,5093
3652,5093
3653,5093
3654,5093
3655,5093
3656,5093
3657,3424
3658,5093
3659,2533
3660,5093
3661,5093
3662,5093
3663,5093
3664,5093
3665,5093
3666,5093
3667,5093
3668,5093
3669,5093
3670,5093
3671,5093
3672,5093
3673,5093
3674,5093
3675,5093
3676,3424
3677,3424
3678,5093
3679,5093
3680,5093
3681,3424
3682,5093
3683,3424
3684,5093
3685,5093
3686,2533
3687,5093
3688,2533
3689,5093
3690,5093
3691,3424
3692,5093
3693,2533
3694,2533
3695,5093
3696,3424
3697,5093
3698,5093
3699,5093
3700,5093
3701,5093
3702,5093
3703,5093
3704,5093
3705,3424
3706,2533
3707,5093
3708,5093
3709,5093
3710,2533
3711,2533
3712,5093
3713,5093
3714,3424
3715,5093
3716,5093
3717,5093
3718,5093
3719,3424
3720,3424
3721,2533
3722,3424
3723,5093
3724,2533
3725,2533
3726,5093
3727,2533
3728,5093
3729,5093
3730,5093
3731,5093
3732,5093
3733,5093
3734,5093
3735,5093
3736,5093
3737,5093
3738,5093
3739,5093
3740,5093
3741,5093
3742,5093
3743,5093
3744,3424
3745,5093
3746,1961
3747,5093
3748,5093
3749,5093
3750,5093
3751,5093
3752,5093
3753,5093
3754,5093
3755,5093
3756,5093
3757,5093
3758,2533
3759,5093
3760,5093
3761,5093
3762,5093
3763,5093
3764,2533
3765,2533
3766,10
3767,5093
3768,5093
3769,5093
3770,5093
3771,5093
3772,5093
3773,5093
3774,5093
3775,5093
3776,5093
3777,3424
3778,3424
3779,5093
3780,3424
3781,5093
3782,5093
3783,5093
3784,3424
3785,5093
3786,2533
3787,5093
3788,5093
3789,3424
3790,3424
3791,5093
3792,5093
3793,5093
3794,3424
3795,5093
3796,5093
3797,5093
3798,5093
3799,5093
3800,5093
3801,5093
3802,3424
3803,5093
3804,5093
3805,5093
3806,5093
3807,5093
3808,5093
3809,5093
3810,2533
3811,5093
3812,3424
3813,5093
3814,5093
3815,5093
3816,5093
3817,5093
3818,2533
3819,5093
3820,5093
3821,5093
3822,5093
3823,5093
3824,5093
3825,2533
3826,5093
3827,5093
3828,2533
3829,3424
3830,5093
3831,5093
3832,5093
3833,3424
3834,5093
3835,5093
3836,5093
3837,5093
3838,5093
3839,5093
3840,5093
3841,5093
3842,5093
3843,5093
3844,5093
3845,2533
3846,5093
3847,5093
3848,5093
3849,3424
3850,5093
3851,5093
3852,5093
3853,5093
3854,5093
3855,5093
3856,3424
3857,3424
3858,5093
3859,5093
3860,5093
3861,5093
3862,5093
3863,3424
3864,5093
3865,5093
3866,2533
3867,5093
3868,5093
3869,5093
3870,5093
3871,5093
3872,2533
3873,3424
3874,5093
3875,1996
3876,5093
3877,5093
3878,5093
3879,5093
3880,5093
3881,5093
3882,3424
3883,3424
3884,5093
3885,2533
3886,3424
3887,5093
3888,5093
3889,5093
3890,2533
3891,2533
3892,2533
3893,5093
3894,5093
3895,5093
3896,5093
3897,5093
3898,5093
3899,5093
3900,5093
3901,5093
3902,3424
3903,5093
3904,5093
3905,1996
3906,5093
3907,5093
3908,5093
3909,1961
3910,1996
3911,5093
3912,5093
3913,5093
3914,5093
3915,5093
3916,5093
3917,2533
3918,2533
3919,5093
3920,5093
3921,2533
3922,5093
3923,5093
3924,5093
3925,5093
3926,5093
3927,5093
3928,5093
3929,5093
3930,5093
3931,5093
3932,5093
3933,3424
3934,1961
3935,2533
3936,5093
3937,3424
3938,5093
3939,5093
3940,2533
3941,5093
3942,5093
3943,5093
3944,5093
3945,5093
3946,3424
3947,5093
3948,5093
3949,3424
3950,2533
3951,5093
3952,5093
3953,5093
3954,5093
3955,5093
3956,5093
3957,5093
3958,5093
3959,2533
3960,5093
3961,5093
3962,5093
3963,5093
3964,5093
3965,5093
3966,5093
3967,5093
3968,5093
3969,2533
3970,5093
3971,5093
3972,3424
3973,5093
3974,5093
3975,3424
3976,5093
3977,5093
3978,1961
3979,5093
3980,5093
3981,2533
3982,5093
3983,5093
3984,5093
3985,5093
3986,5093
3987,5093
3988,5093
3989,5093
3990,5093
3991,5093
3992,5093
3993,5093
3994,5093
3995,5093
3996,5093
3997,5093
3998,5093
3999,1961
4000,5093
4001,5093
4002,5093
4003,5093
4004,5093
4005,5093
4006,5093
4007,5093
4008,3424
4009,5093
4010,5093
4011,2533
4012,5093
4013,5093
4014,5093
4015,5093
4016,5093
4017,3424
4018,5093
4019,5093
4020,5093
4021,5093
4022,5093
4023,5093
4024,5093
4025,5093
4026,5093
4027,3424
4028,5093
4029,5093
4030,3424
4031,5093
4032,5093
4033,5093
4034,5093
4035,5093
4036,5093
4037,5093
4038,5093
4039,5093
4040,5093
4041,5093
4042,5093
4043,3424
4044,2533
4045,5093
4046,5827
4047,5093
4048,5093
4049,5093
4050,5093
4051,5093
4052,5093
4053,5093
4054,5093
4055,5093
4056,5093
4057,3424
4058,5093
4059,5093
4060,5093
4061,5093
4062,5093
4063,5093
4064,5093
4065,5093
4066,3424
4067,5093
4068,3424
4069,5093
4070,5093
4071,5093
4072,3424
4073,3424
4074,5093
4075,5093
4076,5093
4077,5093
4078,5093
4079,5093
4080,5093
4081,5093
4082,5093
4083,5093
4084,2533
4085,5093
4086,3424
4087,5093
4088,5093
4089,5093
4090,5093
4091,5093
4092,3424
4093,5093
4094,5093
4095,5093
4096,5093
4097,5093
4098,5093
4099,5093
4100,5093
4101,5093
4102,5093
4103,5093
4104,5093
4105,5093
4106,5093
4107,5093
4108,5093
4109,3424
4110,5093
4111,5093
4112,5093
4113,3424
4114,5093
4115,5093
4116,5093
4117,5093
4118,5093
4119,5093
4120,3424
4121,2533
4122,3424
4123,5093
4124,5093
4125,2533
4126,3424
4127,5093
4128,5093
4129,5093
4130,5093
4131,3424
4132,5093
4133,5093
4134,5093
4135,5093
4136,2533
4137,5093
4138,5093
4139,5093
4140,5093
4141,5093
4142,5093
4143,5093
4144,5093
4145,5093
4146,5093
4147,5093
4148,5093
4149,5093
4150,5093
4151,5093
4152,5093
4153,5093
4154,5093
4155,3424
4156,5093
4157,5093
4158,5093
4159,5093
4160,5093
4161,5093
4162,5093
4163,1961
4164,5093
4165,2533
4166,3424
4167,5093
4168,5093
4169,5093
4170,5093
4171,5093
4172,5093
4173,5093
4174,5093
4175,5093
4176,5093
4177,5093
4178,5093
4179,3424
4180,5093
4181,5093
4182,5093
4183,5093
4184,5093
4185,5093
4186,5093
4187,5093
4188,5093
4189,5093
4190,2533
4191,5093
4192,3424
4193,3424
4194,5093
4195,5093
4196,5093
4197,2533
4198,3424
4199,3424
4200,2533
4201,2533
4202,2533
4203,5093
4204,2533
4205,5093
4206,5093
4207,3424
4208,5093
4209,5093
4210,1961
4211,5093
4212,3424
4213,3424
4214,5093
4215,5093
4216,5093
4217,5093
4218,2533
4219,5093
4220,3424
4221,5093
4222,5093
4223,5093
4224,5093
4225,5093
4226,5093
4227,5093
4228,5093
4229,3424
4230,2533
4231,5093
4232,5093
4233,5093
4234,5093
4235,5093
4236,5093
4237,5093
4238,3424
4239,5093
4240,5093
4241,5093
4242,5093
4243,5093
4244,5093
4245,3424
4246,5093
4247,3424
4248,5093
4249,5093
4250,5093
4251,2533
4252,5093
4253,5093
4254,5093
4255,5093
4256,3424
4257,5093
4258,5093
4259,5093
4260,5093
4261,5093
4262,5093
4263,5093
4264,5093
4265,3424
4266,5093
4267,5093
4268,3424
4269,5093
4270,5093
4271,2533
4272,2533
4273,3424
4274,3424
4275,5093
4276,5093
4277,3424
4278,5093
4279,3424
4280,5093
4281,5093
4282,5093
4283,5093
4284,5093
4285,5093
4286,5093
4287,5093
4288,5093
4289,5093
4290,2533
4291,5093
4292,5093
4293,5093
4294,5093
4295,5093
4296,5093
4297,5093
4298,3424
4299,5093
4300,5093
4301,5093
4302,5093
4303,5093
4304,2533
4305,5093
4306,5093
4307,5093
4308,5093
4309,5093
4310,5093
4311,5093
4312,5093
4313,5093
4314,5093
4315,5093
4316,5093
4317,5093
4318,5093
4319,5093
4320,5093
4321,5093
4322,5093
4323,5093
4324,5093
4325,5093
4326,5093
4327,2533
4328,2533
4329,5093
4330,5827
4331,5093
4332,5093
4333,5093
4334,5093
4335,5093
4336,5093
4337,5093
4338,5093
4339,2533
4340,5093
4341,1996
4342,5093
4343,3424
4344,5093
4345,1961
4346,3424
4347,3424
4348,3424
4349,5093
4350,5093
4351,5093
4352,2533
4353,5093
4354,5093
4355,5093
4356,5093
4357,5093
4358,2533
4359,2533
4360,5093
4361,5093
4362,3424
4363,5093
4364,2533
4365,5093
4366,5093
4367,5093
4368,5093
4369,5093
4370,5093
4371,2533
4372,5093
4373,3424
4374,5093
4375,2533
4376,3424
4377,5093
4378,3424
4379,5093
4380,5093
4381,5093
4382,5093
4383,5093
4384,2533
4385,5093
4386,5093
4387,5093
4388,5093
4389,5093
4390,5093
4391,5093
4392,5093
4393,5093
4394,5093
4395,5093
4396,5093
4397,5093
4398,2533
4399,1961
4400,5093
4401,5093
4402,3424
4403,5093
4404,5093
4405,3424
4406,5093
4407,5093
4408,3424
4409,5093
4410,5093
4411,5093
4412,5093
4413,5093
4414,5093
4415,5093
4416,5093
4417,5093
4418,5093
4419,5093
4420,3424
4421,2533
4422,5093
4423,5093
4424,5093
4425,3424
4426,5093
4427,5093
4428,5093
4429,5093
4430,5093
4431,5093
4432,5093
4433,3424
4434,5093
4435,3424
4436,5093
4437,5093
4438,5093
4439,5093
4440,5093
4441,5093
4442,5093
4443,5093
4444,5093
4445,3424
4446,3424
4447,5093
4448,2533
4449,5093
4450,5093
4451,5093
4452,5093
4453,5093
4454,5093
4455,2533
4456,3424
4457,5093
4458,3424
4459,3424
4460,5093
4461,5093
4462,5093
4463,3424
4464,5093
4465,5093
4466,5093
4467,5093
4468,5093
4469,5093
4470,5093
4471,5093
4472,3424
4473,5093
4474,5093
4475,5093
4476,5093
4477,5093
4478,5093
4479,5093
4480,5093
4481,5700
4482,5093
4483,3424
4484,1961
4485,5093
4486,5093
4487,5093
4488,5093
4489,5093
4490,5093
4491,5093
4492,5093
4493,5093
4494,3424
4495,5093
4496,3424
4497,5093
4498,1961
4499,5093
4500,5093
4501,5093
4502,5093
4503,5093
4504,5093
4505,1996
4506,10
4507,5093
4508,2533
4509,5093
4510,5093
4511,5093
4512,5093
4513,5093
4514,5093
4515,5093
4516,5093
4517,5093
4518,5093
4519,5093
4520,5093
4521,3424
4522,5093
4523,5093
4524,3424
4525,5093
4526,5093
4527,5093
4528,5093
4529,5093
4530,5093
4531,2533
4532,5093
4533,5093
4534,2533
4535,5093
4536,5093
4537,5093
4538,5093
4539,5093
4540,5093
4541,5093
4542,5093
4543,5093
4544,5093
4545,5093
4546,5093
4547,5093
4548,5093
4549,3424
4550,3424
4551,5093
4552,5093
4553,5093
4554,5093
4555,2533
4556,3424
4557,5093
4558,5093
4559,5093
4560,5093
4561,5093
4562,3424
4563,5093
4564,5093
4565,5093
4566,5093
4567,5093
4568,5093
4569,5093
4570,5093
4571,5093
4572,5093
4573,2533
4574,5093
4575,2533
4576,5093
4577,5093
4578,5093
4579,5093
4580,5093
4581,5093
4582,3424
4583,5093
4584,5093
4585,5093
4586,5093
4587,5093
4588,5093
4589,5093
4590,5093
4591,1961
4592,5093
4593,4015
4594,5093
4595,5093
4596,5093
4597,3424
4598,1961
4599,5093
4600,5093
4601,5093
4602,5093
4603,5093
4604,5093
4605,5093
4606,2533
4607,5093
4608,2533
4609,5093
4610,5093
4611,5093
4612,3424
4613,3424
4614,5093
4615,5093
4616,5093
4617,3424
4618,5093
4619,2533
4620,5093
4621,2533
4622,5093
4623,5093
4624,5093
4625,5093
4626,5093
4627,5093
4628,3424
4629,2533
4630,5093
4631,5093
4632,2533
4633,5093
4634,5093
4635,3424
4636,3424
4637,5093
4638,5093
4639,5093
4640,5093
4641,5093
4642,3424
4643,5093
4644,5093
4645,5093
4646,5093
4647,5093
4648,3424
4649,2533
4650,3424
4651,5093
4652,5093
4653,5093
4654,3424
4655,5093
4656,5093
4657,5093
4658,5093
4659,2533
4660,5093
4661,5093
4662,5093
4663,5093
4664,5093
4665,3424
4666,3424
4667,5093
4668,5093
4669,2533
4670,5093
4671,5093
4672,5093
4673,5093
4674,5093
4675,5093
4676,5093
4677,5093
4678,3424
4679,5093
4680,5093
4681,5093
4682,3424
4683,5093
4684,5093
4685,5093
4686,5093
4687,3424
4688,5093
4689,5093
4690,5093
4691,2533
4692,5093
4693,5093
4694,5093
4695,5093
4696,5093
4697,3424
4698,3424
4699,5093
4700,5093
4701,3424
4702,5093
4703,5093
4704,5093
4705,5093
4706,5093
4707,3424
4708,5093
4709,5093
4710,5093
4711,5093
4712,5093
4713,5093
4714,5093
4715,5093
4716,5093
4717,5093
4718,5093
4719,2533
4720,5093
4721,5093
4722,5093
4723,2533
4724,5093
4725,5093
4726,1996
4727,3424
4728,5093
4729,5093
4730,5093
4731,2533
4732,5093
4733,5093
4734,3424
4735,5093
4736,5093
4737,5093
4738,2533
4739,5093
4740,5093
4741,5093
4742,5093
4743,3424
4744,5093
4745,5093
4746,5093
4747,5093
4748,3424
4749,5093
4750,5093
4751,5093
4752,3424
4753,5093
4754,5093
4755,5093
4756,5093
4757,5093
4758,5093
4759,5093
4760,3424
4761,5093
4762,5093
4763,5093
4764,5093
4765,5093
4766,5093
4767,3424
4768,5093
4769,5093
4770,5093
4771,5093
4772,5093
4773,5093
4774,5093
4775,3424
4776,5093
4777,5093
4778,2533
4779,1961
4780,5093
4781,5093
4782,5093
4783,5093
4784,5093
4785,5093
4786,5093
4787,2533
4788,5093
4789,5093
4790,5093
4791,5093
4792,5093
4793,5093
4794,5093
4795,5093
4796,5093
4797,5093
4798,5093
4799,3424
4800,5093
4801,3424
4802,3424
4803,5093
4804,2533
4805,5093
4806,5093
4807,2533
4808,5093
4809,5093
4810,5093
4811,5093
4812,5093
4813,2533
4814,3424
4815,3424
4816,3424
4817,5093
4818,1961
4819,5093
4820,3424
4821,5093
4822,5093
4823,3424
4824,5093
4825,5093
4826,5093
4827,3424
4828,5093
4829,5093
4830,5093
4831,5093
4832,5093
4833,5093
4834,3424
4835,2533
4836,5093
4837,5093
4838,2533
4839,3424
4840,5093
4841,5093
4842,5093
4843,5093
4844,5093
4845,5093
4846,2533
4847,5093
4848,5093
4849,5093
4850,5093
4851,2533
4852,5093
4853,5093
4854,5093
4855,3424
4856,5093
4857,5093
4858,3424
4859,5093
4860,5093
4861,5093
4862,5093
4863,5093
4864,5093
4865,5093
4866,5093
4867,5093
4868,5093
4869,5093
4870,2533
4871,5093
4872,3424
4873,5093
4874,2533
4875,2533
4876,5093
4877,5093
4878,5093
4879,3424
4880,5093
4881,5093
4882,5093
4883,3424
4884,2533
4885,5093
4886,5093
4887,5093
4888,2533
4889,5093
4890,5093
4891,5093
4892,5093
4893,5093
4894,5093
4895,5093
4896,5093
4897,5093
4898,5093
4899,5093
4900,5093
4901,3424
4902,5093
4903,5093
4904,5093
4905,5093
4906,3424
4907,5093
4908,5093
4909,5093
4910,5093
4911,5093
4912,3424
4913,5093
4914,3424
4915,5093
4916,5093
4917,5093
4918,5093
4919,5093
4920,5093
4921,5093
4922,5093
4923,5093
4924,2533
4925,5093
4926,5093
4927,5093
4928,5093
4929,2533
4930,2533
4931,5093
4932,5093
4933,5093
4934,5093
4935,5093
4936,5093
4937,5093
4938,5093
4939,5093
4940,5093
4941,5093
4942,5093
4943,2533
4944,5093
4945,5093
4946,5093
4947,3424
4948,5093
4949,5093
4950,5093
4951,5093
4952,5093
4953,5093
4954,5093
4955,5093
4956,5093
4957,5093
4958,5093
4959,2533
4960,5093
4961,5093
4962,5093
4963,2533
4964,5093
4965,5093
4966,5093
4967,5093
4968,5093
4969,3424
4970,3424
4971,5093
4972,3424
4973,5093
4974,5093
4975,5093
4976,5093
4977,2533
4978,5093
4979,5093
4980,5093
4981,5093
4982,5093
4983,2533
4984,5093
4985,3424
4986,5093
4987,5093
4988,2533
4989,3424
4990,5093
4991,5093
4992,5093
4993,5093
4994,5093
4995,5093
4996,5093
4997,3424
4998,2533
4999,5093
5000,5093
5001,5093
5002,1961
5003,5093
5004,5093
5005,2533
5006,5093
5007,5093
5008,5093
5009,5093
5010,3424
5011,5093
5012,5093
5013,3424
5014,3424
5015,5093
5016,3424
5017,3424
5018,5093
5019,5093
5020,5093
5021,5093
5022,5093
5023,5093
5024,5093
5025,5093
5026,5093
5027,5093
5028,1996
5029,3424
5030,5093
5031,5093
5032,5093
5033,5093
5034,5093
5035,2533
5036,5093
5037,5093
5038,2533
5039,5093
5040,5093
5041,3424
5042,5093
5043,5093
5044,3424
5045,5093
5046,5093
5047,5093
5048,5093
5049,5093
5050,5093
5051,5093
5052,5093
5053,5093
5054,5093
5055,3424
5056,5093
5057,5093
5058,5093
5059,5093
5060,5093
5061,5093
5062,2533
5063,2533
5064,5093
5065,5093
5066,5093
5067,5093
5068,5093
5069,5093
5070,2533
5071,5093
5072,3424
5073,5093
5074,5093
5075,2533
5076,5093
5077,5093
5078,5093
5079,2533
5080,5093
5081,5093
5082,5093
5083,5093
5084,5093
5085,2533
5086,5093
5087,5093
5088,5093
5089,5093
5090,5093
5091,5093
5092,3424
5093,5093
5094,5093
5095,3424
5096,5093
5097,5093
5098,5093
5099,5093
5100,5093
5101,3424
5102,5093
5103,5093
5104,5093
5105,5093
5106,5093
5107,5093
5108,3424
5109,5093
5110,5093
5111,3424
5112,5093
5113,5093
5114,5093
5115,5093
5116,2533
5117,5093
5118,5093
5119,5093
5120,3424
5121,1961
5122,5093
5123,5093
5124,2533
5125,5093
5126,5093
5127,5093
5128,5093
5129,5093
5130,5093
5131,5093
5132,5093
5133,5093
5134,5093
5135,5093
5136,3424
5137,2533
5138,5093
5139,5093
5140,2533
5141,5093
5142,5093
5143,3424
5144,5093
5145,2533
5146,5093
5147,5093
5148,5093
5149,5093
5150,5093
5151,5093
5152,5093
5153,5093
5154,5093
5155,5093
5156,5093
5157,5093
5158,5093
5159,3424
5160,5093
5161,5093
5162,5093
5163,5093
5164,5093
5165,5093
5166,5093
5167,5093
5168,5093
5169,3424
5170,3424
5171,5093
5172,5093
5173,5093
5174,5093
5175,5093
5176,5093
5177,5093
5178,3424
5179,5093
5180,5093
5181,5093
5182,5093
5183,5093
5184,3424
5185,5093
5186,2533
5187,5093
5188,5093
5189,5093
5190,5093
5191,2533
5192,5093
5193,5093
5194,1961
5195,5093
5196,5093
5197,5093
5198,5093
5199,5093
5200,5093
5201,5093
5202,5093
5203,5093
5204,5093
5205,5093
5206,1961
5207,5093
5208,5093
5209,5093
5210,5093
5211,5093
5212,5093
5213,5093
5214,5093
5215,2533
5216,3424
5217,5093
5218,3424
5219,5093
5220,5093
5221,2533
5222,5093
5223,5093
5224,5093
5225,5093
5226,5093
5227,5093
5228,5093
5229,5093
5230,5093
5231,2533
5232,5093
5233,3424
5234,2533
5235,5093
5236,5093
5237,5093
5238,5093
5239,5093
5240,2533
5241,5093
5242,5093
5243,2533
5244,5093
5245,5093
5246,5093
5247,5093
5248,3424
5249,3424
5250,5093
5251,5093
5252,5093
5253,5093
5254,5093
5255,5093
5256,5093
5257,5093
5258,3424
5259,5093
5260,5093
5261,5093
5262,5093
5263,3424
5264,5093
5265,5093
5266,5093
5267,5093
5268,5093
5269,5093
5270,5093
5271,1961
5272,2533
5273,5093
5274,5093
5275,5093
5276,5093
5277,3424
5278,5093
5279,5093
5280,5093
5281,5093
5282,5093
5283,3424
5284,5093
5285,5093
5286,5093
5287,5093
5288,2533
5289,5093
5290,5093
5291,5093
5292,5093
5293,5093
5294,5093
5295,5093
5296,5093
5297,5093
5298,3424
5299,5093
5300,2533
5301,5093
5302,5093
5303,5093
5304,5093
5305,5093
5306,5093
5307,5093
5308,5093
5309,5093
5310,5093
5311,5093
5312,3424
5313,5093
5314,5093
5315,5093
5316,2533
5317,5093
5318,5093
5319,5093
5320,5093
5321,5093
5322,5093
5323,5093
5324,5093
5325,5093
5326,5093
5327,5093
5328,5093
5329,5093
5330,5093
5331,5093
5332,3424
5333,3424
5334,5093
5335,5093
5336,5093
5337,5093
5338,5093
5339,5093
5340,2533
5341,5093
5342,2533
5343,1961
5344,5093
5345,5093
5346,3424
5347,2533
5348,5093
5349,5093
5350,5093
5351,5827
5352,5093
5353,5093
5354,5093
5355,5093
5356,5093
5357,5093
5358,5093
5359,5093
5360,2533
5361,5093
5362,5093
5363,5093
5364,2533
5365,5093
5366,5093
5367,5093
5368,5093
5369,5093
5370,5093
5371,3424
5372,5093
5373,5093
5374,5093
5375,3424
5376,5093
5377,2533
5378,5093
5379,5093
5380,5093
5381,5093
5382,3424
5383,5093
5384,5093
5385,5093
5386,5093
5387,5093
5388,5093
5389,3424
5390,5093
5391,5093
5392,5093
5393,5093
5394,5093
5395,5093
5396,5093
5397,5093
5398,5093
5399,5093
5400,3424
5401,5093
5402,5093
5403,5093
5404,5093
5405,5093
5406,5093
5407,5093
5408,5093
5409,5093
5410,5093
5411,5093
5412,5093
5413,5093
5414,5093
5415,5093
5416,3424
5417,5093
5418,5093
5419,5093
5420,3424
5421,5093
5422,5093
5423,2533
5424,5093
5425,5093
5426,5093
5427,5093
5428,5093
5429,5093
5430,5093
5431,5093
5432,5093
5433,5093
5434,5093
5435,5093
5436,5093
5437,5093
5438,5093
5439,5093
5440,5093
5441,5093
5442,5093
5443,5093
5444,5093
5445,5093
5446,5093
5447,5093
5448,5093
5449,2533
5450,5093
5451,5093
5452,5093
5453,3424
5454,5093
5455,5093
5456,5093
5457,5093
5458,5093
5459,5093
5460,5093
5461,5093
5462,2533
5463,5093
5464,5093
5465,5093
5466,2533
5467,5093
5468,5093
5469,3424
5470,5093
5471,5093
5472,5093
5473,5093
5474,6258
5475,5093
5476,5093
5477,2533
5478,5093
5479,5093
5480,5093
5481,5093
5482,5093
5483,3424
5484,5093
5485,5093
5486,5093
5487,5093
5488,5093
5489,5093
5490,5093
5491,5093
5492,5093
5493,5093
5494,5093
5495,5093
5496,5093
5497,5093
5498,3424
5499,2533
5500,5093
5501,3424
5502,5093
5503,5093
5504,5093
5505,5093
5506,3424
5507,5093
5508,5093
5509,2533
5510,5093
5511,5093
5512,5093
5513,2533
5514,3424
5515,3424
5516,5093
5517,5093
5518,5093
5519,5093
5520,5093
5521,3424
5522,3424
5523,5093
5524,5093
5525,5093
5526,5093
5527,5093
5528,5093
5529,5093
5530,5093
5531,5093
5532,3424
5533,5093
5534,5093
5535,5093
5536,5093
5537,5093
5538,4015
5539,5093
5540,5093
5541,5093
5542,5093
5543,5093
5544,5093
5545,5093
5546,5093
5547,2533
5548,5093
5549,5093
5550,5093
5551,5093
5552,5093
5553,5093
5554,2533
5555,5093
5556,5093
5557,5093
5558,5093
5559,5093
5560,5093
5561,5093
5562,2533
5563,5093
5564,5827
5565,5093
5566,5093
5567,2533
5568,5093
5569,3424
5570,5093
5571,5093
5572,5093
5573,5093
5574,5093
5575,5093
5576,5093
5577,5093
5578,2533
5579,5093
5580,2533
5581,5093
5582,5093
5583,5093
5584,3424
5585,5093
5586,2533
5587,5093
5588,5093
5589,5093
5590,5093
5591,5093
5592,2533
5593,5093
5594,2533
5595,5093
5596,5093
5597,5093
5598,5093
5599,5093
5600,5093
5601,3424
5602,5093
5603,5093
5604,5093
5605,5093
5606,5093
5607,5093
5608,3424
5609,3424
5610,5093
5611,5093
5612,5093
5613,5093
5614,5093
5615,5093
5616,5093
5617,5093
5618,5093
5619,3424
5620,5093
5621,5093
5622,5093
5623,5093
5624,2533
5625,5093
5626,5093
5627,5093
5628,5093
5629,5093
5630,3424
5631,5093
5632,5093
5633,5093
5634,3424
5635,5093
5636,5093
5637,5700
5638,5093
5639,5093
5640,5093
5641,5093
5642,3424
5643,5093
5644,3424
5645,5093
5646,5093
5647,5093
5648,5093
5649,5093
5650,5093
5651,5093
5652,5093
5653,5093
5654,3424
5655,5093
5656,5093
5657,5093
5658,5093
5659,5093
5660,3424
5661,5093
5662,5093
5663,5093
5664,5093
5665,3424
5666,5093
5667,5093
5668,5093
5669,5093
5670,3424
5671,5093
5672,5093
5673,2533
5674,5093
5675,5093
5676,5093
5677,5093
5678,3424
5679,3424
5680,5093
5681,2533
5682,5093
5683,2533
5684,3424
5685,5093
5686,5093
5687,5093
5688,5093
5689,5093
5690,5093
5691,5093
5692,5093
5693,2533
5694,1961
5695,5093
5696,5093
5697,5093
5698,5093
5699,5093
5700,5093
5701,5093
5702,5093
5703,3424
5704,5093
5705,5093
5706,3424
5707,5093
5708,5093
5709,5093
5710,2533
5711,5093
5712,5093
5713,5093
5714,3424
5715,5093
5716,5093
5717,5093
5718,5093
5719,5093
5720,5093
5721,5093
5722,3424
5723,5093
5724,5093
5725,5093
5726,5093
5727,5093
5728,3424
5729,3424
5730,2533
5731,5093
5732,5093
5733,5093
5734,3424
5735,3424
5736,5093
5737,5093
5738,3424
5739,5093
5740,5093
5741,5093
5742,5093
5743,5093
5744,5093
5745,5093
5746,5093
5747,3424
5748,3424
5749,5093
5750,5093
5751,2533
5752,5093
5753,2533
5754,5093
5755,5093
5756,5093
5757,5093
5758,5093
5759,2533
5760,2533
5761,3424
5762,5093
5763,5093
5764,5093
5765,5093
5766,5093
5767,3424
5768,5093
5769,5093
5770,5093
5771,5093
5772,3424
5773,3424
5774,5093
5775,3424
5776,3424
5777,5093
5778,5093
5779,5093
5780,2533
5781,5093
5782,5093
5783,5093
5784,5093
5785,5093
5786,5093
5787,5093
5788,5093
5789,3424
5790,5093
5791,5093
5792,5093
5793,2533
5794,5093
5795,5093
5796,5093
5797,5093
5798,5093
5799,5093
5800,5093
5801,3424
5802,3424
5803,5093
5804,2533
5805,3424
5806,5093
5807,3424
5808,5093
5809,3424
5810,5093
5811,5093
5812,5093
5813,3424
5814,5093
5815,3424
5816,5093
5817,5093
5818,5093
5819,5093
5820,5093
5821,3424
5822,2533
5823,3424
5824,5093
5825,5093
5826,2533
5827,2533
5828,5093
5829,5093
5830,5093
5831,5093
5832,5093
5833,5093
5834,3424
5835,5093
5836,5093
5837,2533
5838,5093
5839,5093
5840,5093
5841,5093
5842,5093
5843,5093
5844,5093
5845,5093
5846,5093
5847,5093
5848,5093
5849,5093
5850,5093
5851,5093
5852,5093
5853,5093
5854,5093
5855,5093
5856,5093
5857,5093
5858,5093
5859,5093
5860,2533
5861,5093
5862,5093
5863,3424
5864,5093
5865,5093
5866,5093
5867,5093
5868,5093
5869,5093
5870,2533
5871,3424
5872,3424
5873,5093
5874,5093
5875,2533
5876,5093
5877,5093
5878,5093
5879,5093
5880,5093
5881,5093
5882,2533
5883,5093
5884,5093
5885,5093
5886,5093
5887,3424
5888,3424
5889,5093
5890,5093
5891,5093
5892,5093
5893,5093
5894,5093
5895,5093
5896,5093
5897,5093
5898,5093
5899,3424
5900,5093
5901,5093
5902,3424
5903,5093
5904,5093
5905,5093
5906,5093
5907,5093
5908,5093
5909,5093
5910,2533
5911,5093
5912,5093
5913,2533
5914,1996
5915,5093
5916,5093
5917,5093
5918,5093
5919,5093
5920,5093
5921,5093
5922,5093
5923,2533
5924,5093
5925,5093
5926,5093
5927,5093
5928,2533
5929,5093
5930,5093
5931,5093
5932,5093
5933,2533
5934,5093
5935,5093
5936,5093
5937,5093
5938,5093
5939,2533
5940,5093
5941,5093
5942,5093
5943,3424
5944,5093
5945,3424
5946,5093
5947,5093
5948,3424
5949,5093
5950,2533
5951,5093
5952,5093
5953,5093
5954,5093
5955,5093
5956,5093
5957,5093
5958,5093
5959,5093
5960,5093
5961,5093
5962,5093
5963,3424
5964,5093
5965,5093
5966,5093
5967,5093
5968,5093
5969,5093
5970,5093
5971,5093
5972,5093
5973,5093
5974,5093
5975,5093
5976,5093
5977,5093
5978,5093
5979,5093
5980,5093
5981,2533
5982,3424
5983,3424
5984,5093
5985,5093
5986,5093
5987,2533
5988,5093
5989,5093
5990,5093
5991,5093
5992,3424
5993,5093
5994,5093
5995,5093
5996,5093
5997,5093
5998,5093
5999,5093
6000,3424
6001,5093
6002,3424
6003,5093
6004,5093
6005,5093
6006,5093
6007,5093
6008,5093
6009,5093
6010,2533
6011,3424
6012,5093
6013,5093
6014,5093
6015,5093
6016,5093
6017,5093
6018,5093
6019,2533
6020,5093
6021,5093
6022,5093
6023,5093
6024,3424
6025,5093
6026,3424
6027,5093
6028,5093
6029,5093
6030,5093
6031,2533
6032,5093
6033,3424
6034,2533
6035,3424
6036,5093
6037,5093
6038,2533
6039,5093
6040,5093
6041,5093
6042,5093
6043,3424
6044,5093
6045,3424
6046,5093
6047,5093
6048,5093
6049,5093
6050,5093
6051,5093
6052,5093
6053,5093
6054,5093
6055,5093
6056,3424
6057,5093
6058,5093
6059,5093
6060,5093
6061,5093
6062,3424
6063,3424
6064,5093
6065,3424
6066,5093
6067,5093
6068,5093
6069,10
6070,2533
6071,5093
6072,2533
6073,5093
6074,3424
6075,3424
6076,5093
6077,2533
6078,5093
6079,5093
6080,5093
6081,5093
6082,5093
6083,5093
6084,5093
6085,5093
6086,5093
6087,5093
6088,5093
6089,2533
6090,5093
6091,5093
6092,5093
6093,2533
6094,5093
6095,5093
6096,5093
6097,5093
6098,3424
6099,5093
6100,5093
6101,5093
6102,3424
6103,5093
6104,5093
6105,5093
6106,5093
6107,5093
6108,3424
6109,2533
6110,5093
6111,5093
6112,1961
6113,5093
6114,5093
6115,5093
6116,2533
6117,5093
6118,5093
6119,3424
6120,5093
6121,5093
6122,3424
6123,5093
6124,5093
6125,5093
6126,5093
6127,5093
6128,5093
6129,5093
6130,5093
6131,3424
6132,2533
6133,5093
6134,5093
6135,5093
6136,5093
6137,2533
6138,3424
6139,5093
6140,5093
6141,3424
6142,5093
6143,5093
6144,5093
6145,5093
6146,2533
6147,3424
6148,5093
6149,5093
6150,5093
6151,5093
6152,5093
6153,5093
6154,5093
6155,5093
6156,5093
6157,5093
6158,2533
6159,5700
6160,5093
6161,5093
6162,5093
6163,3424
6164,5827
6165,3424
6166,5093
6167,5093
6168,5093
6169,5093
6170,5093
6171,5093
6172,5093
6173,5093
6174,5093
6175,5093
6176,5093
6177,5093
6178,5093
6179,5093
6180,5093
6181,5093
6182,5093
6183,2533
6184,5093
6185,5093
6186,5093
6187,5093
6188,2533
6189,5093
6190,5093
6191,2533
6192,2533
6193,5093
6194,5093
6195,2533
6196,5093
6197,5093
6198,5093
6199,2533
6200,5093
6201,5093
6202,5093
6203,5093
6204,5093
6205,5093
6206,5093
6207,5093
6208,5093
6209,2533
6210,5093
6211,5093
6212,2533
6213,5093
6214,3424
6215,5093
6216,2533
6217,5093
6218,5093
6219,3424
6220,5093
6221,5093
6222,2533
6223,5093
6224,5093
6225,3424
6226,3424
6227,5093
6228,5093
6229,5093
6230,5093
6231,5093
6232,5093
6233,3424
6234,2533
6235,5093
6236,3424
6237,5093
6238,5093
6239,5093
6240,2533
6241,2533
6242,5093
6243,5093
6244,5093
6245,5093
6246,5093
6247,5093
6248,5093
6249,5093
6250,5093
6251,5093
6252,5093
6253,3424
6254,5093
6255,5093
6256,5093
6257,3424
6258,5093
6259,5093
6260,5093
6261,5093
6262,5093
6263,5093
6264,5093
6265,5093
6266,5093
6267,1961
6268,5093
6269,5093
6270,3424
6271,10
6272,3424
6273,5093
6274,5093
6275,5093
6276,5093
6277,5093
6278,5093
6279,5093
6280,5093
6281,3424
6282,5093
6283,2533
6284,5093
6285,3424
6286,5093
6287,5093
6288,5093
6289,3424
6290,5827
6291,2533
6292,5093
6293,5093
6294,2533
6295,5093
6296,5093
6297,2533
6298,5093
6299,3424
6300,5093
6301,5093
6302,5093
6303,5093
6304,5093
6305,3424
6306,1961
6307,3424
6308,5093
6309,5093
6310,2533
6311,5093
6312,3424
6313,5093
6314,5093
6315,5093
6316,2533
6317,5093
6318,3424
6319,5093
6320,3424
6321,5093
6322,5093
6323,5093
6324,3424
6325,5093
6326,5093
6327,2533
6328,5093
6329,5093
6330,5093
6331,5093
6332,5093
6333,5093
6334,5093
6335,2533
6336,5093
6337,5093
6338,5093
6339,5093
6340,2533
6341,5093
6342,3424
6343,5093
6344,2533
6345,5093
6346,5093
6347,5093
6348,5093
6349,5093
6350,5093
6351,3424
6352,3424
6353,5093
6354,5093
6355,2533
6356,3424
6357,5093
6358,5093
6359,5093
6360,5093
6361,5093
6362,5093
6363,5093
6364,2533
6365,5093
6366,5093
6367,5093
6368,5093
6369,5093
6370,5093
6371,5093
6372,5093
6373,5093
6374,5093
6375,5093
6376,5093
6377,5093
6378,1961
6379,5093
6380,5093
6381,5093
6382,3424
6383,5093
6384,2533
6385,5093
6386,3424
6387,5093
6388,5093
6389,5093
6390,3424
6391,5093
6392,5093
6393,5093
6394,5093
6395,5093
6396,5093
6397,2533
6398,5093
6399,2533
6400,5093
6401,3424
6402,5093
6403,5093
6404,5093
6405,5093
6406,2533
6407,3424
6408,5093
6409,2533
6410,5093
6411,2533
6412,5093
6413,5093
6414,5093
6415,3424
6416,5093
6417,5093
6418,2533
6419,5093
6420,5093
6421,1961
6422,5093
6423,1996
6424,1996
6425,5093
6426,5093
6427,5093
6428,5093
6429,5093
6430,5093
6431,5093
6432,5093
6433,2533
6434,5093
6435,5093
6436,5093
6437,5093
6438,5093
6439,5093
6440,3424
6441,5093
6442,5093
6443,3424
6444,5093
6445,5093
6446,5093
6447,5093
6448,5093
6449,2533
6450,5093
6451,5093
6452,3424
6453,5093
6454,5093
6455,2533
6456,2533
6457,5093
6458,5093
6459,3424
6460,3424
6461,5093
6462,5093
6463,5093
6464,5093
6465,5093
6466,5093
6467,5093
6468,5093
6469,3424
6470,5093
6471,5093
6472,5093
6473,5093
6474,5093
6475,5093
6476,5093
6477,5093
6478,5093
6479,5093
6480,5093
6481,2533
6482,5093
6483,3424
6484,5093
6485,5093
6486,5093
6487,5093
6488,2533
6489,5093
6490,5093
6491,5093
6492,5093
6493,5093
6494,5093
6495,3424
6496,2533
6497,5093
6498,5093
6499,5093
6500,5093
6501,3424
6502,5093
6503,5093
6504,2533
6505,5093
6506,5093
6507,5093
6508,5093
6509,5093
6510,5093
6511,3424
6512,2533
6513,5093
6514,5093
6515,5093
6516,3424
6517,5093
6518,5093
6519,5093
6520,3424
6521,5093
6522,3424
6523,5093
6524,5093
6525,3424
6526,5093
6527,3424
6528,5093
6529,5093
6530,5093
6531,5093
6532,5093
6533,5093
6534,5093
6535,5093
6536,5093
6537,5093
6538,5093
6539,5093
6540,5093
6541,5093
6542,5093
6543,2533
6544,5093
6545,3424
6546,5093
6547,5093
6548,5093
6549,2533
6550,5093
6551,5093
6552,5093
6553,5093
6554,5093
6555,5093
6556,5093
6557,5093
6558,5093
6559,5093
6560,5093
6561,2533
6562,5093
6563,5093
6564,5093
6565,5093
6566,5093
6567,5093
6568,5093
6569,3424
6570,5093
6571,3424
6572,5093
6573,5093
6574,5093
6575,5093
6576,5093
6577,5093
6578,3424
6579,5093
6580,5093
6581,5093
6582,5093
6583,5093
6584,5093
6585,2533
6586,5093
6587,5093
6588,5093
6589,5093
6590,5093
6591,5093
6592,5093
6593,3424
6594,5093
6595,3424
6596,5093
6597,5093
6598,5093
6599,5093
6600,5093
6601,5093
6602,2533
6603,5093
6604,5093
6605,5093
6606,5093
6607,5093
6608,5093
6609,3424
6610,5093
6611,5093
6612,5093
6613,5700
6614,5093
6615,5093
6616,5093
6617,2533
6618,5093
6619,5093
6620,2533
6621,5093
6622,5093
6623,5093
6624,5093
6625,5093
6626,5093
6627,5093
6628,2533
6629,5093
6630,5093
6631,5093
6632,5093
6633,5093
6634,3424
6635,5093
6636,5093
6637,5093
6638,5093
6639,2533
6640,5093
6641,2533
6642,5093
6643,5093
6644,5093
6645,5093
6646,5093
6647,5093
6648,5093
6649,5093
6650,5093
6651,5093
6652,5093
6653,5093
6654,3424
6655,5093
6656,5093
6657,5093
6658,5093
6659,2533
6660,3424
6661,2533
6662,5093
6663,3424
6664,5093
6665,5093
6666,5093
6667,5093
6668,3424
6669,2533
6670,5093
6671,5093
6672,5093
6673,5093
6674,5093
6675,5093
6676,5093
6677,3424
6678,5093
6679,5093
6680,2533
6681,5093
6682,5093
6683,5093
6684,5093
6685,5093
6686,2533
6687,5093
6688,5093
6689,5093
6690,2533
6691,5093
6692,5093
6693,5093
6694,5093
6695,3424
6696,5093
6697,5093
6698,5093
6699,5093
6700,5093
6701,5093
6702,5093
6703,3424
6704,5093
6705,2533
6706,5093
6707,2533
6708,5093
6709,3424
6710,3424
6711,5093
6712,5093
6713,2533
6714,5093
6715,5093
6716,5093
6717,5093
6718,5093
6719,5093
6720,3424
6721,5093
6722,3424
6723,5093
6724,5093
6725,5093
6726,5093
6727,2533
6728,5093
6729,3424
6730,5093
6731,2533
6732,3424
6733,5093
6734,5093
6735,3424
6736,5093
6737,5093
6738,5093
6739,5093
6740,3424
6741,3424
6742,5093
6743,5093
6744,5093
6745,5093
6746,5093
6747,5093
6748,5093
6749,3424
6750,5093
6751,5093
6752,5093
6753,5093
6754,2533
6755,3424
6756,5093
6757,5093
6758,5093
6759,5093
6760,5093
6761,3424
6762,5093
6763,3424
6764,5093
6765,5093
6766,3424
6767,5093
6768,5093
6769,5093
6770,5093
6771,5093
6772,3424
6773,2533
6774,5093
6775,5093
6776,5093
6777,5093
6778,5093
6779,5093
6780,5093
6781,2533
6782,1961
6783,5093
6784,5093
6785,5093
6786,3424
6787,5093
6788,3424
6789,5093
6790,2533
6791,3424
6792,5093
6793,5093
6794,5093
6795,5093
6796,5093
6797,5093
6798,5093
6799,5093
6800,3424
6801,5093
6802,2533
6803,5093
6804,5093
6805,2533
6806,5093
6807,5093
6808,5093
6809,2533
6810,5093
6811,5093
6812,2533
6813,5093
6814,5093
6815,10
6816,5093
6817,5093
6818,5093
6819,5093
6820,5093
6821,3424
6822,5093
6823,3424
6824,5093
6825,5093
6826,5093
6827,5093
6828,5093
6829,5093
6830,5093
6831,5093
6832,5093
6833,5093
6834,3424
6835,5093
6836,5093
6837,2533
6838,5093
6839,3424
6840,3424
6841,5093
6842,5093
6843,5093
6844,5093
6845,5093
6846,5093
6847,5093
6848,5093
6849,5093
6850,5093
6851,3424
6852,2533
6853,5093
6854,2533
6855,5093
6856,5093
6857,5093
6858,5093
6859,5093
6860,5093
6861,5093
6862,5093
6863,5093
6864,5093
6865,3424
6866,3424
6867,2533
6868,5093
6869,3424
6870,5093
6871,5093
6872,3424
6873,5093
6874,5093
6875,5093
6876,5093
6877,5093
6878,3424
6879,5827
6880,5093
6881,5093
6882,5093
6883,5093
6884,5093
6885,5093
6886,5093
6887,5093
6888,5093
6889,5093
6890,5093
6891,5093
6892,5093
6893,5093
6894,5093
6895,3424
6896,3424
6897,5093
6898,3424
6899,5093
6900,5093
6901,5093
6902,5093
6903,2533
6904,2533
6905,5093
6906,5093
6907,2533
6908,5093
6909,5093
6910,5093
6911,5093
6912,5093
6913,5093
6914,5093
6915,3424
6916,5093
6917,3424
6918,5827
6919,5093
6920,5093
6921,5093
6922,5093
6923,5093
6924,5093
6925,3424
6926,5093
6927,5093
6928,5093
6929,5093
6930,5093
6931,5093
6932,5093
6933,5093
6934,3424
6935,5093
6936,5093
6937,5093
6938,5093
6939,3424
6940,5093
6941,5093
6942,5093
6943,5093
6944,5093
6945,5093
6946,5093
6947,5093
6948,5093
6949,5093
6950,5093
6951,5093
6952,5093
6953,5093
6954,10
6955,5093
6956,2333
6957,5093
6958,2533
6959,5093
6960,3424
6961,3424
6962,5093
6963,5093
6964,5093
6965,5093
6966,3424
6967,5093
6968,5093
6969,5093
6970,5093
6971,5093
6972,5093
6973,5093
6974,5093
6975,5093
6976,5093
6977,3424
6978,5093
6979,5093
6980,3424
6981,3424
6982,5093
6983,5093
6984,5093
6985,2533
6986,5093
6987,5093
6988,5093
6989,5093
6990,3424
6991,5093
6992,5093
6993,5093
6994,5093
6995,2533
6996,3424
6997,5093
6998,5093
6999,5093
7000,5093
7001,5093
7002,5093
7003,5093
7004,5093
7005,5093
7006,5093
7007,5093
7008,1996
7009,5093
7010,5093
7011,5093
7012,2533
7013,5093
7014,5093
7015,5093
7016,3424
7017,5093
7018,5093
7019,5093
7020,5093
7021,5093
7022,5093
7023,2533
7024,5093
7025,5093
7026,5093
7027,5093
7028,5093
7029,1961
7030,5093
7031,5093
7032,5093
7033,5093
7034,5093
7035,5093
7036,5093
7037,5093
7038,2533
7039,5093
7040,5827
7041,5093
7042,5093
7043,5093
7044,2533
7045,5093
7046,5093
7047,5093
7048,3424
7049,5093
7050,5093
7051,5093
7052,5093
7053,5093
7054,5093
7055,2533
7056,5093
7057,1996
7058,5093
7059,3424
7060,5093
7061,5093
7062,2533
7063,5093
7064,5093
7065,5093
7066,5093
7067,5093
7068,5093
7069,5093
7070,5093
7071,3424
7072,5093
7073,5093
7074,5093
7075,5093
7076,3424
7077,5093
7078,5093
7079,5093
7080,5093
7081,5093
7082,5093
7083,5093
7084,5093
7085,5093
7086,5093
7087,5093
7088,5093
7089,3424
7090,5093
7091,3424
7092,5093
7093,3424
7094,3424
7095,5093
7096,5093
7097,5093
7098,5093
7099,5093
7100,3424
7101,5093
7102,5093
7103,5093
7104,3424
7105,5093
7106,2533
7107,5093
7108,5093
7109,5093
7110,5093
7111,5093
7112,5093
7113,5093
7114,5093
7115,5093
7116,5093
7117,1961
7118,5093
7119,5093
7120,5093
7121,5093
7122,5093
7123,3424
7124,3424
7125,5093
7126,5093
7127,5093
7128,5093
7129,5093
7130,2533
7131,5093
7132,5093
7133,5093
7134,5093
7135,5093
7136,5093
7137,5093
7138,5093
7139,5093
7140,5093
7141,5093
7142,5093
7143,5093
7144,1961
7145,5093
7146,5093
7147,5093
7148,5093
7149,5093
7150,5093
7151,5093
7152,5093
7153,5093
7154,5093
7155,5093
7156,3424
7157,2533
7158,5093
7159,5093
7160,2533
7161,5093
7162,5093
7163,2533
7164,5093
7165,5093
7166,2533
7167,5093
7168,5093
7169,3424
7170,5093
7171,5093
7172,5093
7173,5093
7174,5093
7175,5093
7176,5093
7177,5093
7178,5093
7179,5093
7180,3424
7181,5093
7182,3424
7183,3424
7184,5093
7185,5093
7186,5093
7187,5093
7188,5093
7189,5093
7190,5093
7191,5093
7192,5093
7193,5093
7194,5093
7195,5093
7196,5093
7197,5093
7198,5093
7199,5093
7200,5093
7201,3424
7202,5093
7203,5093
7204,5093
7205,3424
7206,5093
7207,5093
7208,5093
7209,3424
7210,5093
7211,3424
7212,5827
7213,2533
7214,3424
7215,5093
7216,2533
7217,5093
7218,5093
7219,5093
7220,5093
7221,5093
7222,2533
7223,2533
7224,5093
7225,5093
7226,5093
7227,5093
7228,3424
7229,2533
7230,2533
7231,5093
7232,5093
7233,5093
7234,5093
7235,3424
7236,5093
7237,2533
7238,2533
7239,2533
7240,5093
7241,5093
7242,5093
7243,5093
7244,5093
7245,5093
7246,5093
7247,5093
7248,5093
7249,5093
7250,5093
7251,5093
7252,5093
7253,5093
7254,5093
7255,5093
7256,5093
7257,3424
7258,5093
7259,5093
7260,5093
7261,5093
7262,5093
7263,5093
7264,2533
7265,5093
7266,5093
7267,5093
7268,3424
7269,2533
7270,5093
7271,5093
7272,1961
7273,5093
7274,5093
7275,5093
7276,3424
7277,5093
7278,1961
7279,5093
7280,5093
7281,5093
7282,5093
7283,5093
7284,3424
7285,5093
7286,5093
7287,5093
7288,3424
7289,5093
7290,5093
7291,5093
7292,5093
7293,5093
7294,3424
7295,5093
7296,5093
7297,5093
7298,5093
7299,5093
7300,5093
7301,3424
7302,5093
7303,5093
7304,2533
7305,5093
7306,5093
7307,2533
7308,5093
7309,5093
7310,5093
7311,5093
7312,5093
7313,2533
7314,2533
7315,5093
7316,5093
7317,5093
7318,5093
7319,5093
7320,5093
7321,5093
7322,3424
7323,2533
7324,5093
7325,5093
7326,5093
7327,3424
7328,3424
7329,5093
7330,3424
7331,5093
7332,5093
7333,3424
7334,5093
7335,5093
7336,5093
7337,5093
7338,5093
7339,5093
7340,5093
7341,2533
7342,5093
7343,3424
7344,3424
7345,5093
7346,5093
7347,3424
7348,5093
7349,5093
7350,5093
7351,5093
7352,2533
7353,5093
7354,5093
7355,5093
7356,3424
7357,3424
7358,5093
7359,5093
7360,5093
7361,3424
7362,5093
7363,2533
7364,5093
7365,5093
7366,2533
7367,5093
7368,5093
7369,3424
7370,5093
7371,5093
7372,5093
7373,5093
7374,5093
7375,5093
7376,5093
7377,5093
7378,5093
7379,5093
7380,5093
7381,5093
7382,5093
7383,5093
7384,3424
7385,2533
7386,5093
7387,3424
7388,3424
7389,5093
7390,5093
7391,5093
7392,5093
7393,5093
7394,5093
7395,5093
7396,5093
7397,5093
7398,3424
7399,5093
7400,5093
7401,3424
7402,5093
7403,5093
7404,5093
7405,2533
7406,3424
7407,5093
7408,5093
7409,5093
7410,5093
7411,5093
7412,5093
7413,5700
7414,5093
7415,5093
7416,2533
7417,5093
7418,3424
7419,5093
7420,3424
7421,5093
7422,5093
7423,5093
7424,5093
7425,5093
7426,5093
7427,5093
7428,5093
7429,5093
7430,5093
7431,5093
7432,5093
7433,3424
7434,5093
7435,2533
7436,5093
7437,5093
7438,5093
7439,2533
7440,5093
7441,3424
7442,5093
7443,5093
7444,5093
7445,10
7446,5093
7447,5093
7448,5093
7449,5093
7450,5093
7451,5827
7452,5093
7453,5093
7454,5093
7455,5093
7456,5093
7457,3424
7458,2533
7459,5093
7460,3424
7461,5093
7462,5093
7463,2533
7464,5093
7465,5093
7466,2533
7467,5093
7468,5093
7469,5093
7470,5093
7471,5093
7472,5093
7473,2533
7474,5093
7475,2533
7476,5093
7477,3424
7478,2533
7479,5093
7480,5093
7481,2533
7482,3424
7483,3424
7484,5093
7485,5093
7486,5093
7487,5093
7488,5093
7489,5093
7490,5093
7491,3424
7492,3424
7493,5093
7494,3424
7495,5093
7496,5093
7497,5093
7498,5093
7499,2533
7500,2533
7501,5093
7502,3424
7503,5093
7504,5093
7505,5093
7506,5093
7507,5093
7508,5093
7509,5093
7510,2533
7511,5093
7512,5093
7513,5093
7514,5093
7515,2533
7516,2533
7517,5093
7518,5093
7519,5093
7520,5093
7521,3424
7522,5093
7523,2533
7524,5093
7525,5093
7526,5093
7527,3424
7528,5093
7529,3424
7530,5093
7531,5093
7532,5093
7533,5093
7534,5093
7535,5093
7536,3424
7537,5093
7538,5093
7539,2533
7540,3424
7541,2533
7542,5093
7543,5093
7544,3424
7545,2533
7546,5093
7547,2533
7548,5093
7549,5093
7550,3424
7551,5093
7552,5093
7553,5093
7554,5093
7555,5093
7556,5093
7557,5093
7558,5093
7559,5093
7560,5093
7561,5093
7562,5093
7563,5093
7564,3424
7565,5093
7566,5093
7567,5093
7568,5093
7569,5093
7570,5093
7571,5093
7572,5093
7573,5093
7574,3424
7575,5093
7576,3424
7577,5093
7578,5093
7579,3424
7580,5093
7581,5093
7582,5093
7583,5093
7584,2533
7585,5093
7586,5093
7587,3424
7588,5093
7589,5093
7590,5093
7591,5093
7592,5093
7593,5093
7594,3424
7595,3424
7596,2533
7597,5093
7598,5093
7599,5093
7600,5093
7601,5093
7602,5093
7603,5093
7604,5093
7605,5093
7606,5093
7607,5093
7608,5093
7609,5093
7610,5093
7611,5093
7612,5093
7613,5093
7614,1996
7615,5093
7616,5093
7617,5093
7618,5093
7619,2533
7620,5093
7621,5093
7622,5093
7623,3424
7624,5093
7625,5093
7626,5093
7627,5093
7628,3424
7629,2533
7630,5093
7631,5093
7632,5093
7633,5093
7634,5093
7635,5093
7636,5093
7637,3424
7638,2533
7639,2533
7640,5093
7641,3424
7642,5093
7643,5093
7644,5093
7645,3424
7646,5093
7647,5093
7648,5093
7649,3424
7650,3424
7651,5093
7652,1996
7653,3424
7654,2533
7655,5093
7656,2533
7657,5093
7658,5093
7659,2533
7660,3424
7661,5093
7662,5093
7663,5093
7664,5093
7665,5093
7666,3424
7667,5093
7668,3424
7669,5093
7670,2533
7671,5093
7672,5093
7673,2533
7674,3424
7675,4015
7676,5093
7677,5093
7678,5093
7679,1611
7680,5093
7681,2533
7682,5093
7683,5093
7684,2533
7685,5093
7686,5093
7687,5093
7688,5093
7689,5093
7690,5093
7691,5093
7692,2533
7693,5093
7694,5093
7695,5093
7696,5093
7697,5093
7698,5093
7699,5093
7700,5093
7701,2533
7702,5093
7703,5093
7704,5093
7705,3424
7706,5093
7707,3424
7708,5093
7709,5093
7710,5093
7711,5093
7712,5093
7713,5093
7714,2533
7715,2533
7716,3424
7717,3424
7718,3424
7719,5093
7720,5093
7721,3424
7722,3424
7723,3424
7724,3424
7725,5093
7726,5093
7727,5093
7728,2533
7729,5093
7730,5093
7731,3424
7732,3424
7733,5093
7734,5093
7735,5093
7736,5093
7737,5093
7738,5093
7739,5093
7740,5093
7741,5093
7742,5093
7743,2533
7744,5093
7745,2533
7746,5093
7747,5093
7748,4015
7749,5093
7750,5093
7751,2533
7752,5093
7753,5093
7754,5093
7755,5093
7756,5093
7757,5093
7758,5093
7759,5093
7760,5093
7761,5093
7762,5093
7763,5093
7764,5093
7765,5093
7766,2533
7767,5093
7768,5093
7769,5093
7770,2533
7771,5827
7772,5093
7773,2533
7774,2533
7775,5093
7776,2533
7777,2533
7778,5093
7779,5093
7780,3424
7781,4015
7782,5093
7783,5093
7784,5093
7785,5093
7786,2533
7787,5093
7788,1961
7789,5093
7790,5093
7791,5093
7792,5093
7793,5093
7794,5093
7795,5093
7796,5093
7797,2533
7798,2533
7799,3424
7800,5093
7801,2533
7802,5093
7803,5093
7804,5093
7805,5093
7806,5093
7807,5093
7808,2533
7809,5093
7810,5093
7811,2533
7812,2533
7813,5093
7814,5093
7815,5093
7816,5093
7817,2533
7818,5093
7819,5093
7820,5093
7821,5093
7822,5093
7823,5093
7824,5093
7825,3424
7826,5093
7827,5093
7828,3424
7829,2533
7830,2533
7831,3424
7832,5093
7833,5093
7834,5093
7835,5093
7836,2533
7837,2533
7838,5093
7839,5093
7840,5093
7841,5093
7842,5093
7843,3424
7844,2533
7845,5093
7846,5093
7847,5093
7848,5093
7849,5093
7850,5093
7851,5093
7852,5827
7853,5093
7854,5093
7855,2533
7856,5093
7857,2533
7858,5093
7859,1961
7860,5093
7861,2533
7862,5093
7863,3424
7864,5093
7865,5093
7866,3424
7867,5093
7868,5093
7869,5093
7870,5093
7871,5093
7872,5093
7873,5093
7874,2533
7875,5093
7876,5093
7877,2533
7878,3424
7879,5093
7880,5093
7881,5093
7882,5093
7883,5093
7884,5093
7885,5093
7886,5093
7887,5093
7888,3424
7889,5093
7890,5093
7891,5093
7892,5093
7893,5093
7894,5093
7895,5093
7896,3424
7897,2533
7898,5093
7899,5093
7900,3424
7901,5093
7902,5093
7903,5093
7904,5093
7905,5093
7906,3424
7907,5093
7908,3424
7909,5093
7910,5093
7911,2533
7912,2533
7913,2533
7914,5093
7915,5093
7916,5093
7917,5093
7918,5093
7919,5093
7920,5093
7921,2533
7922,1961
7923,5093
7924,5093
7925,5093
7926,5093
7927,5093
7928,5093
7929,2533
7930,5093
7931,3424
7932,5093
7933,10
7934,2533
7935,2533
7936,2533
7937,1996
7938,5093
7939,5093
7940,5093
7941,5093
7942,5093
7943,5093
7944,5093
7945,10
7946,5093
7947,5093
7948,5093
7949,5093
7950,2533
7951,5093
7952,5093
7953,5093
7954,2533
7955,3424
7956,5093
7957,5093
7958,5093
7959,5093
7960,5093
7961,5093
7962,5093
7963,5093
7964,3424
7965,6258
7966,5093
7967,3424
7968,5093
7969,5093
7970,3424
7971,5093
7972,2533
7973,2533
7974,2533
7975,3424
7976,2533
7977,5093
7978,5093
7979,5093
7980,5093
7981,3424
7982,2533
7983,1961
7984,5093
7985,5093
7986,2533
7987,5093
7988,5093
7989,5093
7990,5093
7991,5093
7992,5093
7993,2533
7994,5093
7995,5093
7996,5093
7997,5093
7998,5093
7999,5093
8000,3424
8001,5093
8002,5093
8003,3424
8004,2533
8005,5093
8006,5093
8007,5093
8008,3424
8009,5093
8010,5093
8011,5093
8012,5093
8013,5093
8014,5093
8015,5093
8016,5093
8017,5093
8018,3424
8019,2533
8020,5093
8021,5093
8022,5093
8023,3424
8024,5093
8025,5700
8026,5093
8027,5093
8028,5093
8029,5093
8030,5093
8031,5093
8032,2533
8033,5093
8034,5093
8035,2533
8036,5093
8037,2533
8038,5093
8039,5093
8040,5093
8041,2533
8042,2533
8043,2533
8044,5093
8045,5093
8046,5093
8047,5093
8048,1961
8049,5093
8050,3424
8051,3424
8052,3424
8053,2533
8054,5093
8055,3424
8056,3424
8057,5093
8058,5093
8059,5093
8060,5093
8061,5093
8062,5093
8063,5093
8064,5093
8065,5093
8066,5093
8067,5093
8068,5093
8069,5093
8070,5093
8071,5093
8072,5093
8073,5093
8074,5093
8075,5700
8076,5700
8077,5093
8078,5093
8079,5093
8080,5093
8081,5093
8082,5093
8083,5093
8084,5093
8085,3424
8086,3424
8087,2533
8088,5093
8089,5093
8090,2533
8091,5093
8092,3424
8093,5093
8094,5093
8095,5093
8096,5093
8097,5093
8098,5093
8099,5093
8100,5093
8101,3424
8102,2533
8103,5093
8104,5093
8105,5093
8106,2533
8107,5093
8108,5093
8109,5093
8110,5093
8111,3424
8112,2533
8113,5093
8114,5093
8115,5093
8116,5093
8117,5093
8118,5093
8119,5093
8120,5093
8121,3424
8122,5093
8123,4015
8124,5093
8125,5093
8126,3424
8127,2533
8128,5093
8129,3424
8130,5093
8131,5093
8132,4015
8133,5093
8134,5093
8135,5093
8136,5093
8137,5093
8138,5093
8139,2533
8140,5093
8141,5093
8142,1996
8143,5093
8144,5093
8145,5093
8146,3424
8147,5093
8148,3424
8149,5093
8150,3424
8151,10
8152,5093
8153,5093
8154,2533
8155,5093
8156,5093
8157,5093
8158,5093
8159,2533
8160,5093
8161,3424
8162,5093
8163,5093
8164,5093
8165,5093
8166,3424
8167,3424
8168,5093
8169,5093
8170,5093
8171,2533
8172,5093
8173,3424
8174,2533
8175,5093
8176,5093
8177,2533
8178,5093
8179,5093
8180,3424
8181,5093
8182,5093
8183,5093
8184,5093
8185,1961
8186,5093
8187,2533
8188,1961
8189,5093
8190,2533
8191,5093
8192,5093
8193,5093
8194,3424
8195,5093
8196,5093
8197,5093
8198,5093
8199,5093
8200,3424
8201,5093
8202,1961
8203,2533
8204,5093
8205,5093
8206,5093
8207,5093
8208,3424
8209,5093
8210,2533
8211,5093
8212,3424
8213,2533
8214,5093
8215,5093
8216,5093
8217,2533
8218,5093
8219,5827
8220,5093
8221,5093
8222,5093
8223,5093
8224,5093
8225,5093
8226,5093
8227,5093
8228,5093
8229,5093
8230,5093
8231,5093
8232,5093
8233,5093
8234,5093
8235,5093
8236,5093
8237,5093
8238,5093
8239,5093
8240,5093
8241,3424
8242,3424
8243,5093
8244,3424
8245,5093
8246,2533
8247,3424
8248,5093
8249,5093
8250,5093
8251,5093
8252,5093
8253,5093
8254,5093
8255,5093
8256,5093
8257,5093
8258,5093
8259,3424
8260,5093
8261,5093
8262,2533
8263,5093
8264,5093
8265,5093
8266,5093
8267,5093
8268,5093
8269,5093
8270,5093
8271,5093
8272,5093
8273,3424
8274,5093
8275,5093
8276,5093
8277,5093
8278,5093
8279,2533
8280,5093
8281,2533
8282,3424
8283,5093
8284,5093
8285,5093
8286,2533
8287,5093
8288,2533
8289,5093
8290,5093
8291,5093
8292,2533
8293,3424
8294,5093
8295,4015
8296,5093
8297,5093
8298,5093
8299,5093
8300,5093
8301,5093
8302,5093
8303,2533
8304,5093
8305,5093
8306,5093
8307,2533
8308,5093
8309,5093
8310,10
8311,5093
8312,5093
8313,5093
8314,1961
8315,5093
8316,2533
8317,2533
8318,5093
8319,5093
8320,5093
8321,5093
8322,5093
8323,5093
8324,5093
8325,5093
8326,5093
8327,5093
8328,5093
8329,5093
8330,5093
8331,5093
8332,5093
8333,3424
8334,10
8335,5093
8336,3424
8337,5093
8338,5093
8339,5093
8340,5093
8341,5093
8342,5093
8343,5093
8344,5093
8345,5093
8346,5093
8347,1961
8348,3424
8349,5093
8350,5093
8351,5093
8352,5093
8353,5093
8354,5093
8355,5093
8356,2533
8357,2533
8358,5093
8359,2533
8360,5093
8361,5093
8362,5093
8363,5093
8364,5093
8365,5093
8366,5093
8367,2533
8368,3424
8369,5093
8370,5093
8371,2533
8372,3424
8373,2533
8374,5093
8375,5093
8376,5093
8377,5827
8378,5827
8379,2533
8380,5093
8381,5093
8382,5093
8383,3424
8384,5093
8385,5093
8386,3424
8387,5093
8388,5093
8389,5093
8390,5093
8391,5093
8392,5093
8393,5093
8394,5093
8395,2533
8396,5093
8397,5093
8398,5093
8399,5093
8400,3424
8401,5093
8402,5093
8403,2533
8404,5093
8405,5093
8406,5093
8407,3424
8408,5093
8409,5093
8410,3424
8411,3424
8412,5093
8413,5093
8414,2533
8415,5093
8416,3424
8417,5093
8418,5093
8419,2533
8420,5093
8421,3424
8422,5093
8423,5093
8424,5093
8425,5093
8426,2533
8427,5093
8428,2533
8429,5093
8430,3424
8431,5093
8432,5093
8433,2533
8434,5093
8435,5093
8436,5093
8437,4015
8438,5093
8439,5093
8440,2533
8441,3424
8442,5093
8443,5093
8444,3424
8445,5093
8446,5093
8447,2533
8448,5093
8449,5093
8450,5093
8451,5093
8452,3424
8453,3424
8454,5093
8455,3424
8456,2533
8457,5093
8458,5093
8459,5093
8460,5093
8461,5093
8462,5093
8463,5093
8464,1961
8465,5093
8466,5093
8467,5093
8468,2533
8469,5093
8470,5093
8471,5093
8472,5093
8473,2533
8474,5093
8475,5093
8476,5093
8477,5093
8478,2533
8479,3424
8480,5093
8481,5093
8482,1996
8483,2533
8484,5093
8485,5093
8486,2533
8487,5093
8488,5093
8489,2533
8490,2533
8491,3424
8492,5093
8493,5093
8494,5093
8495,5093
8496,3424
8497,5093
8498,5093
8499,3424
8500,2533
8501,3424
8502,2533
8503,3424
8504,5093
8505,2533
8506,5093
8507,2533
8508,5093
8509,2533
8510,5093
8511,5093
8512,2533
8513,1961
8514,5093
8515,5093
8516,5093
8517,5093
8518,3424
8519,5093
8520,4015
8521,5093
8522,5093
8523,5093
8524,5093
8525,5093
8526,5093
8527,5093
8528,2533
8529,5093
8530,3424
8531,5093
8532,5093
8533,5093
8534,2533
8535,2533
8536,5093
8537,5093
8538,2533
8539,5093
8540,2533
8541,2533
8542,5093
8543,2533
8544,5093
8545,5093
8546,5093
8547,3424
8548,2533
8549,5093
8550,5093
8551,5093
8552,5093
8553,5093
8554,3424
8555,5093
8556,5093
8557,5093
8558,5093
8559,5093
8560,5093
8561,5093
8562,5093
8563,5093
8564,5093
8565,5093
8566,5093
8567,2533
8568,2533
8569,5093
8570,5093
8571,5093
8572,2533
8573,2533
8574,5093
8575,5093
8576,5093
8577,5093
8578,2533
8579,3424
8580,2533
8581,5093
8582,3424
8583,3424
8584,3424
8585,5093
8586,5093
8587,3424
8588,5093
8589,5093
8590,5093
8591,5093
8592,5093
8593,2533
8594,2533
8595,2533
8596,2533
8597,2533
8598,5093
8599,5093
8600,2533
8601,5093
8602,5093
8603,5093
8604,5093
8605,5093
8606,2533
8607,5093
8608,5093
8609,5093
8610,5093
8611,5093
8612,5093
8613,5093
8614,3424
8615,5093
8616,5093
8617,5093
8618,2533
8619,5093
8620,5093
8621,2533
8622,5093
8623,3424
8624,5093
8625,5093
8626,5093
8627,5093
8628,3424
8629,2533
8630,5093
8631,5093
8632,3424
8633,3424
8634,5093
8635,5093
8636,5093
8637,5093
8638,5093
8639,5093
8640,5093
8641,5093
8642,5093
8643,5093
8644,5093
8645,2533
8646,5093
8647,2533
8648,5827
8649,2533
8650,5093
8651,5093
8652,5093
8653,2533
8654,5093
8655,2533
8656,5093
8657,2533
8658,2533
8659,5093
8660,5093
8661,2533
8662,5093
8663,1961
8664,5093
8665,5093
8666,5093
8667,5093
8668,5093
8669,3424
8670,5093
8671,5093
8672,5093
8673,2533
8674,5093
8675,5093
8676,3424
8677,5093
8678,5093
8679,3424
8680,5093
8681,5093
8682,5093
8683,5093
8684,2533
8685,5093
8686,5093
8687,5093
8688,5093
8689,5093
8690,5093
8691,2533
8692,5093
8693,3424
8694,5093
8695,5093
8696,5093
8697,5093
8698,5093
8699,5093
8700,5093
8701,5093
8702,5093
8703,5093
8704,5093
8705,5093
8706,2533
8707,5093
8708,5093
8709,2533
8710,3424
8711,3424
8712,5093
8713,5093
8714,5093
8715,5093
8716,5093
8717,5093
8718,5093
8719,5093
8720,5093
8721,5093
8722,5093
8723,5093
8724,5093
8725,3424
8726,5093
8727,5093
8728,5093
8729,3424
8730,5093
8731,2533
8732,5093
8733,5093
8734,5093
8735,5093
8736,3424
8737,5093
8738,5093
8739,3424
8740,5093
8741,5093
8742,5093
8743,5093
8744,2533
8745,5093
8746,5093
8747,5093
8748,5093
8749,2533
8750,5093
8751,5093
8752,5093
8753,1961
8754,2533
8755,5093
8756,5093
8757,5093
8758,5093
8759,5827
8760,2533
8761,5093
8762,3424
8763,3424
8764,3424
8765,5093
8766,5093
8767,5093
8768,5093
8769,5093
8770,5093
8771,5093
8772,5093
8773,5093
8774,5093
8775,5093
8776,5093
8777,5093
8778,5093
8779,5093
8780,2533
8781,3424
8782,5093
8783,5093
8784,1996
8785,5093
8786,5093
8787,2533
8788,3424
8789,2533
8790,2533
8791,5093
8792,5093
8793,5093
8794,5093
8795,5093
8796,3424
8797,5093
8798,2533
8799,5093
8800,5093
8801,2533
8802,5093
8803,5093
8804,3424
8805,5093
8806,5093
8807,5093
8808,2533
8809,5093
8810,5093
8811,3424
8812,5093
8813,5093
8814,5093
8815,2533
8816,4015
8817,5093
8818,5093
8819,5093
8820,2533
8821,5093
8822,5093
8823,5093
8824,5093
8825,2533
8826,5093
8827,5093
8828,3424
8829,5093
8830,5093
8831,5093
8832,5093
8833,3424
8834,2533
8835,5093
8836,5093
8837,5093
8838,5093
8839,5093
8840,5093
8841,5093
8842,5093
8843,5093
8844,5093
8845,2533
8846,5093
8847,5093
8848,5093
8849,5093
8850,5093
8851,5093
8852,2533
8853,5093
8854,5093
8855,5093
8856,3424
8857,5093
8858,5093
8859,3424
8860,5093
8861,5093
8862,5093
8863,5093
8864,5093
8865,3424
8866,5093
8867,5093
8868,3424
8869,5093
8870,2533
8871,5093
8872,2533
8873,2533
8874,5093
8875,5093
8876,2533
8877,5093
8878,5093
8879,5093
8880,2533
8881,2533
8882,3424
8883,5093
8884,5093
8885,5093
8886,5093
8887,3424
8888,5093
8889,5093
8890,5093
8891,5093
8892,2533
8893,5093
8894,5093
8895,5093
8896,5093
8897,5093
8898,5093
8899,3424
8900,5093
8901,5093
8902,5093
8903,2533
8904,10
8905,3424
8906,3424
8907,2533
8908,2533
8909,2533
8910,3424
8911,5093
8912,5093
8913,5093
8914,5093
8915,5093
8916,5093
8917,5093
8918,1961
8919,5093
8920,5093
8921,5093
8922,5093
8923,2533
8924,5093
8925,2533
8926,5093
8927,5093
8928,5093
8929,5093
8930,5093
8931,2533
8932,3424
8933,5093
8934,5093
8935,2533
8936,5093
8937,5093
8938,5093
8939,3424
8940,5093
8941,2533
8942,5093
8943,2533
8944,3424
8945,5093
8946,5093
8947,2533
8948,5093
8949,5093
8950,5093
8951,5093
8952,5093
8953,3424
8954,5093
8955,5093
8956,2533
8957,5093
8958,5093
8959,5093
8960,2533
8961,2533
8962,5093
8963,5093
8964,5093
8965,5093
8966,5093
8967,5093
8968,5093
8969,3424
8970,5093
8971,2533
8972,5093
8973,5093
8974,2533
8975,2533
8976,5093
8977,5093
8978,5093
8979,5093
8980,5093
8981,3424
8982,2533
8983,1961
8984,2533
8985,3424
8986,5093
8987,3424
8988,5093
8989,5093
8990,3424
8991,3424
8992,5093
8993,3424
8994,2533
8995,5093
8996,2533
8997,5093
8998,5093
8999,5093
9000,2533
9001,5093
9002,5093
9003,2533
9004,5093
9005,5093
9006,2533
9007,5093
9008,5093
9009,5093
9010,5093
9011,5093
9012,5093
9013,5093
9014,5093
9015,5093
9016,5093
9017,5093
9018,3424
9019,5093
9020,5093
9021,5093
9022,5093
9023,5093
9024,5093
9025,2533
9026,5093
9027,5093
9028,5093
9029,5093
9030,5093
9031,2533
9032,2533
9033,5093
9034,6258
9035,2533
9036,5093
9037,5093
9038,5093
9039,2533
9040,5093
9041,5093
9042,2533
9043,5093
9044,5093
9045,5093
9046,5093
9047,5093
9048,5093
9049,5093
9050,5093
9051,5093
9052,5093
9053,2533
9054,5093
9055,3424
9056,2533
9057,5093
9058,5093
9059,5093
9060,5093
9061,5093
9062,2533
9063,2533
9064,5093
9065,4337
9066,5093
9067,5093
9068,5093
9069,5093
9070,5093
9071,3424
9072,5093
9073,5093
9074,5093
9075,5093
9076,3424
9077,5093
9078,2533
9079,4015
9080,5093
9081,2533
9082,5827
9083,5093
9084,5093
9085,5093
9086,5093
9087,5093
9088,5093
9089,5093
9090,3424
9091,5093
9092,5093
9093,3424
9094,3424
9095,5093
9096,5093
9097,5093
9098,1961
9099,5093
9100,3424
9101,5093
9102,5093
9103,5093
9104,2533
9105,5093
9106,5093
9107,3424
9108,3424
9109,5093
9110,5093
9111,3424
9112,5093
9113,5093
9114,2533
9115,2533
9116,3424
9117,5093
9118,2533
9119,5093
9120,5093
9121,2533
9122,5093
9123,2533
9124,2533
9125,2533
9126,5093
9127,5093
9128,5093
9129,3424
9130,2533
9131,5093
9132,5093
9133,3424
9134,5093
9135,5093
9136,2533
9137,5093
9138,5093
9139,5093
9140,5093
9141,5093
9142,5093
9143,5093
9144,5093
9145,5093
9146,3424
9147,5093
9148,5093
9149,5093
9150,5093
9151,2533
9152,5093
9153,5093
9154,5093
9155,5093
9156,5093
9157,5093
9158,5093
9159,5093
9160,5093
9161,3424
9162,5093
9163,5093
9164,5093
9165,5093
9166,5093
9167,5093
9168,5093
9169,3424
9170,2533
9171,5093
9172,5093
9173,5093
9174,5093
9175,5093
9176,2533
9177,2533
9178,5093
9179,5093
9180,2533
9181,10
9182,2533
9183,5093
9184,5093
9185,5093
9186,5093
9187,5093
9188,2533
9189,5093
9190,2533
9191,5093
9192,5093
9193,2533
9194,5093
9195,3424
9196,5093
9197,5093
9198,5093
9199,2533
9200,5093
9201,3424
9202,3424
9203,5093
9204,5093
9205,5093
9206,5093
9207,5093
9208,5093
9209,5093
9210,5093
9211,2533
9212,5093
9213,3424
9214,3424
9215,2533
9216,5093
9217,5093
9218,5093
9219,5093
9220,2533
9221,5093
9222,5093
9223,5093
9224,5093
9225,5093
9226,2533
9227,5093
9228,5093
9229,2533
9230,5093
9231,5093
9232,5093
9233,5093
9234,3424
9235,3424
9236,2533
9237,5093
9238,2533
9239,2533
9240,5093
9241,5093
9242,5093
9243,5093
9244,5093
9245,5093
9246,1961
9247,5093
9248,5093
9249,3424
9250,5093
9251,5093
9252,5093
9253,5093
9254,5093
9255,5093
9256,5093
9257,5093
9258,5093
9259,10
9260,5093
9261,5093
9262,5093
9263,5093
9264,5093
9265,5093
9266,5093
9267,2533
9268,5093
9269,5093
9270,2533
9271,5093
9272,5093
9273,5827
9274,5093
9275,2533
9276,5093
9277,5093
9278,5093
9279,5093
9280,5093
9281,5093
9282,5093
9283,2533
9284,5093
9285,5093
9286,5093
9287,5093
9288,5093
9289,5093
9290,5093
9291,2533
9292,5093
9293,5093
9294,5093
9295,5093
9296,5093
9297,5093
9298,5093
9299,1961
9300,2533
9301,2533
9302,5093
9303,5093
9304,5093
9305,2533
9306,5093
9307,5093
9308,5093
9309,5093
9310,5093
9311,2533
9312,5093
9313,5093
9314,5093
9315,5093
9316,5093
9317,5093
9318,5093
9319,5093
9320,5093
9321,5093
9322,5093
9323,10
9324,2533
9325,5093
9326,5093
9327,2533
9328,5093
9329,3424
9330,5093
9331,5093
9332,2533
9333,5093
9334,5093
9335,5093
9336,5093
9337,2533
9338,2533
9339,5093
9340,5093
9341,5093
9342,5093
9343,5093
9344,3424
9345,5093
9346,4015
9347,3424
9348,5093
9349,3424
9350,5093
9351,5093
9352,2533
9353,3424
9354,2533
9355,5093
9356,5093
9357,2533
9358,5093
9359,5093
9360,5093
9361,5093
9362,5093
9363,5093
9364,5093
9365,5093
9366,2533
9367,1961
9368,5093
9369,5093
9370,5093
9371,3424
9372,5093
9373,5093
9374,5093
9375,5093
9376,5093
9377,5093
9378,5093
9379,2533
9380,2533
9381,5093
9382,2533
9383,5093
9384,1961
9385,5093
9386,5093
9387,5093
9388,5093
9389,2533
9390,5093
9391,5093
9392,5093
9393,5093
9394,2533
9395,5093
9396,5093
9397,5093
9398,5093
9399,5093
9400,2533
9401,2533
9402,5093
9403,5093
9404,5093
9405,5093
9406,3424
9407,5093
9408,5093
9409,5093
9410,5093
9411,5093
9412,5093
9413,5093
9414,5093
9415,5093
9416,5093
9417,5093
9418,5093
9419,5093
9420,5093
9421,5093
9422,5093
9423,1961
9424,5093
9425,4015
9426,5093
9427,5093
9428,5093
9429,5093
9430,2533
9431,2533
9432,5093
9433,5093
9434,3424
9435,5093
9436,5093
9437,5093
9438,5093
9439,5093
9440,3424
9441,5093
9442,2533
9443,5093
9444,5093
9445,2533
9446,5093
9447,5093
9448,5093
9449,5093
9450,5093
9451,5093
9452,5093
9453,5093
9454,2533
9455,5093
9456,5093
9457,5093
9458,5093
9459,3424
9460,1996
9461,2533
9462,5093
9463,5093
9464,2533
9465,2533
9466,5093
9467,5093
9468,5093
9469,5093
9470,5093
9471,5093
9472,5093
9473,5093
9474,3424
9475,2533
9476,5093
9477,5093
9478,5093
9479,5093
9480,5093
9481,5093
9482,5093
9483,2533
9484,5093
9485,5093
9486,5093
9487,2533
9488,5093
9489,5093
9490,5093
9491,5093
9492,5093
9493,5093
9494,5093
9495,5093
9496,5093
9497,5093
9498,5093
9499,5093
9500,3424
9501,5093
9502,5093
9503,4015
9504,5093
9505,2533
9506,5093
9507,2533
9508,5093
9509,5093
9510,5093
9511,5093
9512,2533
9513,5093
9514,5093
9515,5093
9516,5093
9517,5093
9518,5093
9519,5093
9520,5093
9521,5093
9522,2533
9523,5093
9524,2533
9525,2533
9526,5093
9527,5093
9528,5093
9529,2533
9530,3424
9531,2533
9532,5093
9533,2533
9534,5093
9535,5093
9536,5093
9537,2533
9538,5093
9539,5093
9540,2533
9541,5093
9542,3424
9543,5093
9544,5093
9545,5093
9546,5093
9547,2533
9548,5093
9549,5093
9550,5093
9551,3424
9552,2533
9553,5093
9554,5093
9555,3424
9556,5093
9557,5093
9558,5093
9559,2533
9560,5093
9561,5093
9562,2533
9563,5093
9564,5093
9565,5093
9566,3424
9567,2533
9568,5093
9569,5093
9570,5093
9571,5093
9572,5093
9573,5093
9574,2533
9575,2533
9576,3424
9577,5093
9578,5093
9579,3424
9580,5093
9581,5093
9582,2533
9583,5093
9584,5093
9585,5093
9586,2533
9587,5093
9588,5093
9589,5093
9590,5093
9591,5093
9592,5093
9593,5093
9594,5093
9595,5093
9596,5093
9597,5093
9598,5093
9599,5093
9600,5093
9601,5093
9602,2533
9603,5093
9604,5093
9605,2533
9606,2533
9607,5093
9608,5093
9609,2533
9610,5093
9611,5093
9612,5093
9613,5093
9614,3424
9615,2533
9616,5093
9617,2533
9618,5093
9619,3424
9620,5093
9621,5093
9622,5093
9623,5093
9624,5093
9625,5093
9626,5093
9627,5093
9628,5093
9629,5093
9630,5093
9631,5093
9632,5093
9633,5093
9634,5093
9635,3424
9636,2533
9637,5093
9638,5093
9639,5093
9640,5093
9641,2533
9642,5093
9643,5093
9644,5093
9645,2533
9646,5093
9647,5093
9648,5093
9649,5093
9650,5093
9651,5093
9652,5093
9653,5093
9654,3424
9655,2533
9656,2533
9657,5093
9658,5093
9659,5700
9660,5827
9661,5093
9662,5093
9663,5093
9664,5093
9665,5093
9666,5093
9667,5093
9668,5093
9669,5093
9670,5093
9671,5093
9672,5093
9673,3424
9674,5093
9675,2533
9676,5093
9677,5093
9678,2533
9679,5093
9680,5093
9681,2533
9682,5093
9683,5093
9684,5093
9685,5093
9686,2533
9687,3424
9688,5093
9689,5093
9690,5093
9691,5093
9692,5093
9693,5093
9694,5093
9695,2533
9696,5093
9697,5093
9698,5093
9699,5093
9700,2533
9701,5093
9702,5093
9703,5093
9704,3424
9705,5093
9706,3424
9707,5093
9708,3424
9709,5093
9710,2533
9711,5093
9712,2533
9713,5093
9714,5093
9715,5093
9716,5093
9717,2533
9718,5093
9719,5093
9720,2533
9721,5093
9722,2533
9723,5093
9724,5093
9725,5093
9726,5093
9727,5093
9728,5093
9729,5093
9730,5093
9731,5093
9732,5093
9733,5093
9734,5093
9735,5093
9736,5093
9737,5093
9738,5093
9739,2533
9740,5093
9741,2533
9742,5827
9743,5093
9744,5093
9745,5093
9746,5093
9747,5093
9748,5093
9749,5093
9750,5093
9751,5093
9752,5093
9753,1961
9754,2533
9755,5093
9756,5093
9757,5093
9758,5093
9759,5093
9760,5093
9761,10
9762,3424
9763,5093
9764,5093
9765,5093
9766,1961
9767,2533
9768,5093
9769,5093
9770,3424
9771,5093
9772,5093
9773,5093
9774,5093
9775,5093
9776,5093
9777,5093
9778,2533
9779,2533
9780,5093
9781,5093
9782,5093
9783,5093
9784,5093
9785,5093
9786,5093
9787,2533
9788,5093
9789,3424
9790,5093
9791,5093
9792,5093
9793,5093
9794,5093
9795,5093
9796,5093
9797,5093
9798,5093
9799,5093
9800,5093
9801,3424
9802,5093
9803,2533
9804,5093
9805,5093
9806,5093
9807,5093
9808,2533
9809,5093
9810,2533
9811,5093
9812,2533
9813,5093
9814,5093
9815,2533
9816,5093
9817,5093
9818,5093
9819,5093
9820,5093
9821,5093
9822,5093
9823,5093
9824,5093
9825,3424
9826,5093
9827,5093
9828,5093
9829,5093
9830,2533
9831,5093
9832,3424
9833,5093
9834,5093
9835,5093
9836,5093
9837,5093
9838,5093
9839,5093
9840,5093
9841,3424
9842,5093
9843,5093
9844,5093
9845,1961
9846,5093
9847,3424
9848,5093
9849,5093
9850,2533
9851,5093
9852,5093
9853,5093
9854,3424
9855,5093
9856,5093
9857,5093
9858,5093
9859,5093
9860,5093
9861,5093
9862,5093
9863,5093
9864,5093
9865,5093
9866,3424
9867,2533
9868,1961
9869,5093
9870,5093
9871,5093
9872,5093
9873,5093
9874,5093
9875,5093
9876,5093
9877,3424
9878,5093
9879,5093
9880,5093
9881,2533
9882,2533
9883,5093
9884,3424
9885,5093
9886,5093
9887,5093
9888,5093
9889,3424
9890,5093
9891,5093
9892,5093
9893,5093
9894,5093
9895,5093
9896,5093
9897,5093
9898,2533
9899,5093
9900,5093
9901,5093
9902,2533
9903,5093
9904,5093
9905,5093
9906,3424
9907,5093
9908,3424
9909,5093
9910,5093
9911,5093
9912,5093
9913,5093
9914,5093
9915,5093
9916,5093
9917,5093
9918,5093
9919,5093
9920,5093
9921,5093
9922,5093
9923,3424
9924,5093
9925,5093
9926,5093
9927,5093
9928,3424
9929,5093
9930,5093
9931,2533
9932,5093
9933,5093
9934,5093
9935,3424
9936,3424
9937,5093
9938,5093
9939,3424
9940,5093
9941,5093
9942,5093
9943,5093
9944,5093
9945,3424
9946,5093
9947,3424
9948,2533
9949,5093
9950,3424
9951,5093
9952,5093
9953,5093
9954,2533
9955,2533
9956,5093
9957,5093
9958,3424
9959,5093
9960,5093
9961,5093
9962,5093
9963,5093
9964,5093
9965,2533
9966,2533
9967,5093
9968,2533
9969,3424
9970,5093
9971,5093
9972,5093
9973,5093
9974,5093
9975,5093
9976,2533
9977,5093
9978,5093
9979,3424
9980,5093
9981,5093
9982,5093
9983,5093
9984,5093
9985,2533
9986,5093
9987,5093
9988,5093
9989,5093
9990,3424
9991,5093
9992,5093
9993,5093
9994,5093
9995,5093
9996,5093
9997,3424
9998,5093
9999,5093
10000,5093
10001,2533
10002,5093
10003,5093
10004,5093
10005,2533
10006,5093
10007,2533
10008,2533
10009,5093
10010,5093
10011,5093
10012,5093
10013,2533
10014,5093
10015,5093
10016,2533
10017,3424
10018,2533
10019,2533
10020,5093
10021,1961
10022,5093
10023,3424
10024,5093
10025,2533
10026,5093
10027,3424
10028,5093
10029,5093
10030,2533
10031,3424
10032,5093
10033,5093
10034,5093
10035,5093
10036,1961
10037,5093
10038,2533
10039,5093
10040,5093
10041,3424
10042,5093
10043,5093
10044,5093
10045,2533
10046,5093
10047,2533
10048,5093
10049,5093
10050,5093
10051,5093
10052,5093
10053,5093
10054,5093
10055,5093
10056,5093
10057,5093
10058,5093
10059,5093
10060,5093
10061,5093
10062,5093
10063,5093
10064,5093
10065,5093
10066,1961
10067,5093
10068,5093
10069,5093
10070,5093
10071,2533
10072,5093
10073,5093
10074,5093
10075,3424
10076,5093
10077,5093
10078,5093
10079,5093
10080,5093
10081,5093
10082,5093
10083,5093
10084,2533
10085,5093
10086,5093
10087,5093
10088,5093
10089,5093
10090,5093
10091,5093
10092,2533
10093,5093
10094,5093
10095,2533
10096,5093
10097,5093
10098,5093
10099,5093
10100,3424
10101,2533
10102,5093
10103,5093
10104,5093
10105,5093
10106,5093
10107,5093
10108,5093
10109,5093
10110,5093
10111,2533
10112,5093
10113,3424
10114,5093
10115,5093
10116,5093
10117,5093
10118,5093
10119,5093
10120,5093
10121,5093
10122,5093
10123,5093
10124,3424
10125,5093
10126,3424
10127,5093
10128,3424
10129,2533
10130,5093
10131,5093
10132,5093
10133,4015
10134,5093
10135,2533
10136,5093
10137,5093
10138,5093
10139,2533
10140,5093
10141,5093
10142,5093
10143,5093
10144,5093
10145,3424
10146,5093
10147,5093
10148,2533
10149,5093
10150,5093
10151,5093
10152,5093
10153,5093
10154,2533
10155,5093
10156,5093
10157,3424
10158,2533
10159,5093
10160,5093
10161,5093
10162,5093
10163,5827
10164,5093
10165,5093
10166,5093
10167,3424
10168,5093
10169,5827
10170,3424
10171,5093
10172,2533
10173,5093
10174,5093
10175,2533
10176,5093
10177,5093
10178,2533
10179,5093
10180,2533
10181,5093
10182,3424
10183,2533
10184,2533
10185,5093
10186,3424
10187,2533
10188,5093
10189,5827
10190,5093
10191,5093
10192,2533
10193,3424
10194,5093
10195,5093
10196,5093
10197,5093
10198,5093
10199,5093
10200,5093
10201,5093
10202,5093
10203,5093
10204,5093
10205,2533
10206,5093
10207,2533
10208,2533
10209,2533
10210,5093
10211,5093
10212,5093
10213,3424
10214,5093
10215,5093
10216,2533
10217,5093
10218,2533
10219,5093
10220,5093
10221,5093
10222,2533
10223,5093
10224,2533
10225,5093
10226,3424
10227,5093
10228,2533
10229,5093
10230,3424
10231,5093
10232,5093
10233,2533
10234,3424
10235,5093
10236,5093
10237,5093
10238,5093
10239,5093
10240,2533
10241,5093
10242,3424
10243,3424
10244,5093
10245,5093
10246,5093
10247,5093
10248,3424
10249,1961
10250,5093
10251,5093
10252,2533
10253,5093
10254,5093
10255,5093
10256,5093
10257,5093
10258,5093
10259,3424
10260,5093
10261,5093
10262,3424
10263,5093
10264,5093
10265,5093
10266,1996
10267,3424
10268,5093
10269,5093
10270,3424
10271,5093
10272,5093
10273,2533
10274,3424
10275,2533
10276,5093
10277,5093
10278,5093
10279,5093
10280,2533
10281,5093
10282,5093
10283,5093
10284,3424
10285,5093
10286,5093
10287,5093
10288,2533
10289,5093
10290,5093
10291,5827
10292,5093
10293,5093
10294,5093
10295,5093
10296,5093
10297,5093
10298,3424
10299,2533
10300,5093
10301,5093
10302,5093
10303,5093
10304,2533
10305,5093
10306,2533
10307,2533
10308,5093
10309,5093
10310,5093
10311,5093
10312,3424
10313,2533
10314,5093
10315,2533
10316,3424
10317,5093
10318,2533
10319,2533
10320,5093
10321,5093
10322,3424
10323,5093
10324,5093
10325,5093
10326,5093
10327,5093
10328,5093
10329,5093
10330,5093
10331,5093
10332,5093
10333,2533
10334,5093
10335,2533
10336,5093
10337,5093
10338,5093
10339,5093
10340,5093
10341,5093
10342,10
10343,3424
10344,5093
10345,5093
10346,5093
10347,5093
10348,5093
10349,5093
10350,5093
10351,5093
10352,3424
10353,5093
10354,5093
10355,5093
10356,2533
10357,5093
10358,3424
10359,5093
10360,5093
10361,5093
10362,4015
10363,5093
10364,5093
10365,5093
10366,5093
10367,5093
10368,5093
10369,3424
10370,2533
10371,5093
10372,5093
10373,5093
10374,5093
10375,5093
10376,3424
10377,5093
10378,5093
10379,5093
10380,2533
10381,2533
10382,2533
10383,5093
10384,5093
10385,5093
10386,5093
10387,5093
10388,2533
10389,3424
10390,5093
10391,5093
10392,5093
10393,2533
10394,5093
10395,5093
10396,5093
10397,5093
10398,3424
10399,2533
10400,5093
10401,5093
10402,5093
10403,5093
10404,5093
10405,3424
10406,3424
10407,5093
10408,5093
10409,3424
10410,5093
10411,2533
10412,5093
10413,2533
10414,5093
10415,5093
10416,5093
10417,5093
10418,5093
10419,2533
10420,5093
10421,5093
10422,5093
10423,5093
10424,5093
10425,5093
10426,5093
10427,5093
10428,5093
10429,5093
10430,3424
10431,5093
10432,3424
10433,2533
10434,5093
10435,5093
10436,5093
10437,3424
10438,5093
10439,5093
10440,5093
10441,3424
10442,5093
10443,5093
10444,2533
10445,5093
10446,5093
10447,1961
10448,5093
10449,5093
10450,3424
10451,5093
10452,2533
10453,5093
10454,5093
10455,5093
10456,5093
10457,3424
10458,3424
10459,3424
10460,2533
10461,5093
10462,5093
10463,5093
10464,1961
10465,5093
10466,5093
10467,5093
10468,5093
10469,5093
10470,5093
10471,5093
10472,2533
10473,5093
10474,5093
10475,5093
10476,5093
10477,5093
10478,5093
10479,5093
10480,5093
10481,2533
10482,5093
10483,5093
10484,2533
10485,5093
10486,5093
10487,5093
10488,2533
10489,5093
10490,5093
10491,5093
10492,5093
10493,2533
10494,5093
10495,5093
10496,3424
10497,5093
10498,5093
10499,2533
10500,5093
10501,3424
10502,5093
10503,3424
10504,5093
10505,5093
10506,5093
10507,5093
10508,3424
10509,5093
10510,3424
10511,3424
10512,2533
10513,5093
10514,5093
10515,5093
10516,5093
10517,5093
10518,5093
10519,3424
10520,5093
10521,2533
10522,5093
10523,5093
10524,5093
10525,5093
10526,5093
10527,5093
10528,2533
10529,5093
10530,5093
10531,5093
10532,5093
10533,5093
10534,5093
10535,5093
10536,5093
10537,5093
10538,5093
10539,5093
10540,5093
10541,5093
10542,5093
10543,5093
10544,5093
10545,5093
10546,5093
10547,5093
10548,5093
10549,2533
10550,5093
10551,2533
10552,5093
10553,5093
10554,2533
10555,5093
10556,5093
10557,3424
10558,5093
10559,5093
10560,5093
10561,5093
10562,5093
10563,5093
10564,5093
10565,3424
10566,2533
10567,5827
10568,1996
10569,5827
10570,5093
10571,5093
10572,5093
10573,2533
10574,3424
10575,5093
10576,5093
10577,5093
10578,5093
10579,1961
10580,5093
10581,2533
10582,5093
10583,5093
10584,5093
10585,5093
10586,3424
10587,5093
10588,3424
10589,5093
10590,2533
10591,5093
10592,5093
10593,5093
10594,2533
10595,5093
10596,5093
10597,2533
10598,5093
10599,3424
10600,5093
10601,3424
10602,5093
10603,5093
10604,5093
10605,5093
10606,5093
10607,5093
10608,5093
10609,3424
10610,5093
10611,5093
10612,5093
10613,5093
10614,5093
10615,2533
10616,5093
10617,2533
10618,2533
10619,5093
10620,1961
10621,3424
10622,5093
10623,5093
10624,5093
10625,2533
10626,5093
10627,5093
10628,5093
10629,5093
10630,1961
10631,5093
10632,5093
10633,5093
10634,5093
10635,5093
10636,2533
10637,5093
10638,5093
10639,5093
10640,2533
10641,5093
10642,5093
10643,2533
10644,5093
10645,5093
10646,5093
10647,5093
10648,5093
10649,5093
10650,5093
10651,3424
10652,5093
10653,5093
10654,5093
10655,5093
10656,5093
10657,5093
10658,5093
10659,5093
10660,2533
10661,2533
10662,5093
10663,5093
10664,5093
10665,5093
10666,5093
10667,5093
10668,2533
10669,5093
10670,5093
10671,5093
10672,3424
10673,5093
10674,5093
10675,3424
10676,2533
10677,2533
10678,2533
10679,5093
10680,5093
10681,3424
10682,5093
10683,5093
10684,5093
10685,2533
10686,5093
10687,5093
10688,5093
10689,3424
10690,5093
10691,5093
10692,1961
10693,2533
10694,5093
10695,5093
10696,5093
10697,5093
10698,5093
10699,5093
10700,5093
10701,5093
10702,5093
10703,5093
10704,5093
10705,5093
10706,5093
10707,5093
10708,5093
10709,2533
10710,5093
10711,5093
10712,5093
10713,5093
10714,5093
10715,3424
10716,2533
10717,5093
10718,5093
10719,2533
10720,5093
10721,5093
10722,5093
10723,5093
10724,5093
10725,2533
10726,2533
10727,5093
10728,3424
10729,5093
10730,5093
10731,4015
10732,5093
10733,3424
10734,2533
10735,5093
10736,2533
10737,5093
10738,5093
10739,3424
10740,5093
10741,3424
10742,5093
10743,5093
10744,2533
10745,5093
10746,5093
10747,5093
10748,5093
10749,5093
10750,5093
10751,3424
10752,5093
10753,5093
10754,5093
10755,5093
10756,2533
10757,5093
10758,5093
10759,3424
10760,2533
10761,2533
10762,5093
10763,3424
10764,3424
10765,2533
10766,5093
10767,5093
10768,5093
10769,5093
10770,5093
10771,5093
10772,5093
10773,3424
10774,5093
10775,5093
10776,5093
10777,2533
10778,5093
10779,2533
10780,5093
10781,5093
10782,5093
10783,2533
10784,5093
10785,5093
10786,2533
10787,5093
10788,5093
10789,5093
10790,5093
10791,5093
10792,5093
10793,5093
10794,5093
10795,5093
10796,5093
10797,5093
10798,3424
10799,3424
10800,1961
10801,3424
10802,2533
10803,3424
10804,5093
10805,5093
10806,2533
10807,5093
10808,3424
10809,5093
10810,5093
10811,5093
10812,5093
10813,2533
10814,2533
10815,5093
10816,2533
10817,5093
10818,3424
10819,5093
10820,5093
10821,5093
10822,5093
10823,5093
10824,5093
10825,5093
10826,5093
10827,5093
10828,5093
10829,2533
10830,2533
10831,5093
10832,2533
10833,2533
10834,5093
10835,5093
10836,5093
10837,5093
10838,5093
10839,2533
10840,5093
10841,5093
10842,5093
10843,5093
10844,5093
10845,3424
10846,3424
10847,5093
10848,5093
10849,5093
10850,5827
10851,2533
10852,5093
10853,5093
10854,5093
10855,2533
10856,2533
10857,2533
10858,5093
10859,5093
10860,2533
10861,5093
10862,4337
10863,5093
10864,5093
10865,5093
10866,5093
10867,5093
10868,5093
10869,3424
10870,5093
10871,5093
10872,5093
10873,2533
10874,5093
10875,5093
10876,2533
10877,5093
10878,5093
10879,5093
10880,5093
10881,5093
10882,5093
10883,1961
10884,5093
10885,5093
10886,5093
10887,3424
10888,5093
10889,5093
10890,5093
10891,5093
10892,5093
10893,5093
10894,5093
10895,2533
10896,5093
10897,5093
10898,3424
10899,5093
10900,5093
10901,5093
10902,5093
10903,5093
10904,2533
10905,2533
10906,2533
10907,5093
10908,5093
10909,5093
10910,2533
10911,5093
10912,5093
10913,2533
10914,5093
10915,2533
10916,3424
10917,5093
10918,5093
10919,5093
10920,2533
10921,5093
10922,5093
10923,5093
10924,5093
10925,2533
10926,5093
10927,5093
10928,5093
10929,5093
10930,5093
10931,5093
10932,2533
10933,5093
10934,2533
10935,5093
10936,2533
10937,5093
10938,3424
10939,5093
10940,5093
10941,5093
10942,5093
10943,3424
10944,5093
10945,5093
10946,5093
10947,2533
10948,5093
10949,3424
10950,5093
10951,5093
10952,3424
10953,5093
10954,5093
10955,2533
10956,5093
10957,5093
10958,5093
10959,5093
10960,5093
10961,5093
10962,2533
10963,5093
10964,3424
10965,5093
10966,2533
10967,5093
10968,2533
10969,5093
10970,5093
10971,2533
10972,2533
10973,5093
10974,5093
10975,2533
10976,5093
10977,5093
10978,2533
10979,5093
10980,5093
10981,5093
10982,1961
10983,5093
10984,5093
10985,5093
10986,5093
10987,3424
10988,3424
10989,5093
10990,2533
10991,5093
10992,5093
10993,5093
10994,5093
10995,5093
10996,5093
10997,2533
10998,5093
10999,4015
11000,2533
11001,5093
11002,5093
11003,5093
11004,5093
11005,5093
11006,3424
11007,5093
11008,5093
11009,2533
11010,5093
11011,5093
11012,5093
11013,5093
11014,5093
11015,5093
11016,5093
11017,5093
11018,2533
11019,5093
11020,5093
11021,3424
11022,5093
11023,5093
11024,3424
11025,5093
11026,2533
11027,5093
11028,5093
11029,5093
11030,5827
11031,5093
11032,5093
11033,5093
11034,5093
11035,5093
11036,5093
11037,5093
11038,5093
11039,5093
11040,2533
11041,5093
11042,3424
11043,5093
11044,5093
11045,5093
11046,5093
11047,2533
11048,2533
11049,5093
11050,5093
11051,5093
11052,5093
11053,5093
11054,5093
11055,5093
11056,5093
11057,5093
11058,5093
11059,2533
11060,3424
11061,5093
11062,2533
11063,2533
11064,5093
11065,5093
11066,5093
11067,2533
11068,5093
11069,5093
11070,5093
11071,5093
11072,10
11073,5093
11074,5093
11075,5093
11076,5093
11077,2533
11078,5093
11079,5093
11080,5093
11081,5093
11082,3424
11083,5093
11084,5093
11085,5093
11086,5093
11087,5093
11088,5093
11089,3424
11090,2533
11091,5093
11092,5093
11093,3424
11094,5093
11095,5093
11096,5093
11097,5093
11098,5093
11099,2533
11100,5093
11101,3424
11102,5093
11103,5093
11104,1961
11105,5093
11106,2533
11107,5093
11108,5093
11109,2533
11110,5093
11111,5093
11112,5093
11113,5093
11114,5093
11115,5093
11116,5093
11117,5093
11118,2533
11119,5093
11120,5093
11121,5093
11122,5093
11123,5093
11124,5093
11125,2533
11126,5093
11127,2533
11128,2533
11129,2533
11130,5093
11131,5093
11132,5093
11133,2533
11134,3424
11135,1961
11136,5093
11137,5093
11138,5093
11139,3424
11140,5093
11141,5093
11142,2533
11143,5093
11144,5093
11145,5093
11146,2533
11147,5093
11148,5093
11149,2533
11150,5093
11151,2533
11152,5093
11153,5093
11154,5093
11155,5093
11156,5093
11157,3424
11158,5093
11159,5093
11160,5093
11161,3424
11162,2533
11163,5093
11164,5093
11165,2533
11166,3424
11167,5093
11168,5093
11169,4015
11170,5093
11171,5093
11172,5093
11173,5093
11174,5093
11175,5093
11176,5093
11177,3424
11178,2533
11179,5093
11180,2533
11181,5093
11182,5093
11183,5093
11184,2533
11185,5093
11186,5093
11187,3424
11188,5093
11189,5093
11190,2533
11191,5093
11192,5093
11193,5093
11194,5093
11195,2533
11196,2533
11197,5093
11198,5093
11199,5093
11200,5093
11201,5093
11202,5093
11203,5093
11204,2533
11205,5093
11206,5093
11207,5093
11208,5093
11209,5093
11210,5093
11211,5093
11212,5093
11213,5093
11214,5093
11215,5093
11216,1961
11217,5093
11218,5093
11219,2533
11220,5093
11221,5093
11222,3424
11223,3424
11224,5093
11225,2533
11226,2533
11227,5093
11228,5093
11229,5093
11230,3424
11231,5093
11232,2533
11233,5093
11234,5093
11235,5093
11236,2533
11237,5093
11238,3424
11239,2533
11240,5093
11241,5093
11242,5093
11243,3424
11244,5093
11245,5093
11246,5093
11247,5093
11248,2533
11249,5093
11250,5093
11251,5093
11252,5093
11253,3424
11254,5093
11255,5093
11256,1996
11257,3424
11258,5093
11259,5093
11260,5093
11261,2533
11262,5093
11263,3424
11264,5093
11265,5093
11266,2533
11267,2533
11268,5093
11269,5093
11270,5093
11271,2533
11272,5093
11273,3424
11274,5093
11275,2533
11276,5093
11277,5093
11278,5093
11279,5093
11280,2533
11281,2533
11282,2533
11283,5093
11284,5093
11285,1961
11286,5093
11287,5093
11288,5093
11289,5093
11290,5093
11291,5093
11292,2533
11293,5093
11294,3424
11295,5093
11296,5093
11297,5093
11298,2533
11299,5093
11300,5093
11301,5093
11302,2533
11303,5093
11304,5093
11305,5093
11306,4015
11307,5093
11308,5093
11309,5093
11310,5093
11311,5093
11312,5093
11313,5093
11314,5093
11315,3424
11316,5093
11317,5093
11318,3424
11319,2533
11320,2533
11321,3424
11322,5093
11323,5093
11324,5093
11325,5093
11326,2533
11327,5093
11328,5093
11329,4015
11330,5093
11331,2533
11332,5093
11333,5093
11334,3424
11335,5093
11336,5093
11337,5093
11338,5093
11339,5093
11340,5093
11341,2533
11342,5093
11343,5093
11344,5093
11345,3424
11346,2533
11347,5093
11348,3424
11349,1961
11350,5093
11351,5093
11352,5093
11353,5093
11354,2533
11355,5093
11356,5093
11357,2533
11358,5093
11359,5093
11360,5093
11361,5093
11362,5093
11363,5093
11364,5093
11365,1961
11366,2533
11367,5093
11368,5093
11369,5093
11370,5093
11371,3424
11372,5093
11373,5093
11374,5093
11375,2533
11376,2533
11377,5093
11378,5093
11379,5093
11380,5093
11381,5093
11382,3424
11383,5827
11384,5093
11385,5093
11386,5093
11387,5093
11388,3424
11389,3424
11390,5093
11391,5093
11392,5093
11393,5827
11394,5093
11395,5093
11396,2533
11397,5093
11398,5093
11399,5093
11400,5093
11401,5093
11402,5093
11403,5093
11404,5093
11405,5093
11406,5093
11407,5093
11408,5093
11409,1961
11410,5093
11411,5093
11412,3424
11413,5093
11414,2533
11415,5093
11416,5093
11417,5093
11418,5093
11419,5093
11420,3424
11421,5093
11422,5093
11423,5093
11424,5093
11425,5093
11426,5093
11427,5093
11428,5093
11429,2533
11430,5093
11431,5093
11432,5093
11433,5093
11434,2533
11435,2533
11436,5093
11437,5093
11438,5093
11439,5093
11440,5093
11441,5093
11442,5093
11443,5093
11444,5093
11445,5093
11446,2533
11447,2533
11448,5093
11449,2533
11450,5093
11451,5093
11452,5093
11453,5093
11454,5093
11455,2533
11456,5093
11457,3424
11458,5093
11459,5093
11460,5093
11461,2533
11462,5093
11463,5093
11464,5093
11465,5093
11466,3424
11467,3424
11468,2533
11469,5093
11470,5093
11471,2533
11472,5093
11473,5093
11474,5093
11475,5093
11476,2533
11477,3424
11478,5093
11479,2533
11480,5093
11481,5093
11482,5093
11483,5093
11484,5093
11485,5093
11486,5093
11487,5093
11488,5093
11489,5093
11490,5093
11491,5093
11492,5093
11493,5093
11494,5093
11495,5093
11496,3424
11497,3424
11498,3424
11499,5093
11500,1961
11501,5093
11502,5093
11503,2533
11504,3424
11505,5093
11506,5093
11507,2533
11508,5093
11509,2533
11510,2533
11511,5093
11512,5093
11513,5093
11514,5093
11515,5093
11516,5093
11517,5093
11518,5093
11519,5093
11520,5093
11521,3424
11522,2533
11523,5093
11524,5093
11525,1996
11526,5093
11527,5093
11528,5093
11529,5093
11530,2533
11531,2533
11532,5093
11533,5093
11534,5093
11535,5093
11536,5093
11537,5093
11538,5093
11539,5093
11540,5093
11541,5093
11542,5093
11543,5093
11544,5093
11545,5093
11546,5093
11547,5093
11548,5093
11549,5093
11550,5093
11551,5093
11552,5093
11553,3424
11554,5093
11555,5093
11556,5093
11557,3424
11558,2533
11559,5093
11560,5093
11561,5093
11562,2533
11563,5827
11564,5093
11565,5093
11566,2533
11567,3424
11568,5093
11569,5093
11570,5093
11571,5093
11572,5093
11573,5093
11574,1996
11575,5093
11576,2533
11577,5093
11578,5093
11579,5093
11580,2533
11581,5093
11582,2533
11583,5093
11584,5093
11585,5093
11586,3424
11587,5093
11588,5093
11589,5093
11590,5093
11591,5093
11592,5093
11593,5093
11594,2533
11595,3424
11596,5093
11597,5093
11598,5093
11599,2533
11600,5093
11601,5093
11602,2533
11603,5093
11604,3424
11605,5093
11606,5093
11607,5093
11608,5093
11609,2533
11610,5093
11611,1961
11612,5093
11613,5093
11614,3424
11615,5093
11616,5093
11617,5093
11618,1961
11619,5093
11620,2533
11621,5093
11622,5093
11623,5093
11624,5093
11625,5093
11626,5093
11627,5093
11628,2533
11629,5093
11630,5093
11631,5827
11632,5093
11633,5093
11634,5093
11635,5093
11636,5093
11637,2533
11638,2533
11639,5093
11640,5093
11641,5093
11642,5093
11643,5093
11644,3424
11645,5093
11646,2533
11647,5093
11648,3424
11649,5093
11650,5093
11651,3424
11652,5093
11653,3424
11654,5093
11655,5093
11656,2533
11657,5093
11658,5093
11659,5093
11660,3424
11661,5093
11662,3424
11663,5093
11664,5093
11665,5093
11666,5093
11667,5093
11668,5093
11669,3424
11670,5093
11671,5093
11672,5093
11673,5093
11674,5093
11675,5093
11676,5093
11677,5093
11678,5093
11679,3424
11680,5093
11681,2533
11682,5093
11683,5093
11684,5093
11685,5093
11686,5093
11687,5093
11688,5093
11689,5093
11690,3424
11691,5093
11692,5093
11693,3424
11694,5093
11695,5093
11696,5093
11697,3424
11698,5093
11699,5093
11700,5093
11701,5093
11702,5093
11703,5093
11704,5093
11705,5093
11706,2533
11707,5093
11708,2533
11709,5093
11710,5093
11711,5093
11712,5827
11713,5093
11714,3424
11715,5093
11716,5093
11717,2533
11718,5093
11719,2533
11720,5093
11721,5093
11722,3424
11723,5093
11724,5093
11725,5093
11726,3424
11727,5093
11728,5093
11729,5093
11730,5093
11731,2533
11732,5093
11733,5093
11734,2533
11735,5093
11736,3424
11737,5093
11738,2533
11739,5093
11740,5093
11741,5093
11742,5093
11743,2533
11744,5093
11745,5093
11746,5093
11747,3424
11748,5093
11749,5093
11750,5093
11751,5093
11752,5093
11753,5093
11754,2533
11755,5093
11756,2533
11757,5093
11758,5093
11759,5093
11760,5093
11761,3424
11762,5093
11763,5093
11764,5093
11765,5093
11766,3424
11767,5093
11768,5093
11769,2533
11770,5093
11771,5093
11772,5093
11773,3424
11774,5093
11775,2533
11776,5093
11777,5093
11778,5093
11779,3424
11780,5093
11781,5093
11782,5093
11783,5093
11784,3424
11785,3424
11786,5093
11787,5093
11788,5093
11789,5093
11790,5093
11791,3424
11792,5093
11793,5093
11794,5093
11795,5093
11796,5093
11797,5093
11798,5093
11799,5093
11800,5093
11801,5093
11802,5093
11803,5093
11804,5093
11805,3424
11806,5093
11807,5093
11808,10
11809,5093
11810,5093
11811,3424
11812,2533
11813,5093
11814,5093
11815,5093
11816,2533
11817,5093
11818,5093
11819,5093
11820,5093
11821,5093
11822,5093
11823,5093
11824,5093
11825,5093
11826,5093
11827,5093
11828,5093
11829,5093
11830,5093
11831,5093
11832,3424
11833,5093
11834,2533
11835,5093
11836,5093
11837,5093
11838,5093
11839,2533
11840,5093
11841,5093
11842,2533
11843,5093
11844,5093
11845,5093
11846,5093
11847,5093
11848,5093
11849,5093
11850,5093
11851,5093
11852,5093
11853,2533
11854,5093
11855,5093
11856,5093
11857,5093
11858,5093
11859,5093
11860,5093
11861,5093
11862,3424
11863,2533
11864,5093
11865,5093
11866,5093
11867,5093
11868,5093
11869,5093
11870,5093
11871,5093
11872,5093
11873,5093
11874,2533
11875,2533
11876,5093
11877,5093
11878,5093
11879,3424
11880,5093
11881,3424
11882,5093
11883,5093
11884,5093
11885,5093
11886,5093
11887,3424
11888,5093
11889,3424
11890,5093
11891,2533
11892,5093
11893,5093
11894,5093
11895,3424
11896,5093
11897,5093
11898,5093
11899,5093
11900,1961
11901,5093
11902,3424
11903,1961
11904,5093
11905,5093
11906,3424
11907,2533
11908,5093
11909,2533
11910,5093
11911,5093
11912,5093
11913,5093
11914,3424
11915,5093
11916,5093
11917,3424
11918,2533
11919,5093
11920,5093
11921,5093
11922,5093
11923,2533
11924,5093
11925,5093
11926,5093
11927,3424
11928,3424
11929,5093
11930,5093
11931,5093
11932,2533
11933,5093
11934,5093
11935,5093
11936,2533
11937,2533
11938,5093
11939,5093
11940,5093
11941,2533
11942,5093
11943,2533
11944,5093
11945,3424
11946,5093
11947,5827
11948,3424
11949,5093
11950,5093
11951,2533
11952,5093
11953,5093
11954,5093
11955,5093
11956,3424
11957,5093
11958,5093
11959,5093
11960,3424
11961,5093
11962,5093
11963,3424
11964,3424
11965,5093
11966,5093
11967,2533
11968,2533
11969,5093
11970,5093
11971,5093
11972,5093
11973,3424
11974,5093
11975,5093
11976,2533
11977,5093
11978,2533
11979,2533
11980,5093
11981,5093
11982,5093
11983,4015
11984,5093
11985,5093
11986,5093
11987,5093
11988,2533
11989,3424
11990,5093
11991,5093
11992,5093
11993,5093
11994,5093
11995,2533
11996,5093
11997,1961
11998,5093
11999,5093
12000,5093
12001,5093
12002,2533
12003,1961
12004,2533
12005,5093
12006,3424
12007,3424
12008,5093
12009,5093
12010,5093
12011,3424
12012,2533
12013,5093
12014,5093
12015,5093
12016,5093
12017,5093
12018,5093
12019,5093
12020,5093
12021,2533
12022,3424
12023,5093
12024,2533
12025,5093
12026,5093
12027,5093
12028,5093
12029,5093
12030,5093
12031,5093
12032,5093
12033,5093
12034,5093
12035,5093
12036,3424
12037,2533
12038,5093
12039,5093
12040,2533
12041,5093
12042,5093
12043,5093
12044,5093
12045,5093
12046,5093
12047,2533
12048,5093
12049,5093
12050,5093
12051,5093
12052,2533
12053,5093
12054,5093
12055,3424
12056,3424
12057,5093
12058,2533
12059,5093
12060,5093
12061,5093
12062,2533
12063,5093
12064,5093
12065,5093
12066,5093
12067,5093
12068,5093
12069,5093
12070,5093
12071,2533
12072,5093
12073,4015
12074,5093
12075,5093
12076,5093
12077,5093
12078,3424
12079,2533
12080,2533
12081,3424
12082,3424
12083,5093
12084,2533
12085,5093
12086,5093
12087,5093
12088,5093
12089,3424
12090,2533
12091,2533
12092,5093
12093,5093
12094,5093
12095,3424
12096,5093
12097,5093
12098,5093
12099,2533
12100,2533
12101,5093
12102,2533
12103,5093
12104,2533
12105,5093
12106,3424
12107,5093
12108,5093
12109,5093
12110,5093
12111,5093
12112,5093
12113,5093
12114,5093
12115,3424
12116,5093
12117,5093
12118,5093
12119,5093
12120,5093
12121,5093
12122,5093
12123,5093
12124,5093
12125,2533
12126,3424
12127,5093
12128,3424
12129,5093
12130,5093
12131,5093
12132,5093
12133,5093
12134,5093
12135,5093
12136,5093
12137,5093
12138,5093
12139,3424
12140,5093
12141,5093
12142,3424
12143,5093
12144,5093
12145,3424
12146,5093
12147,5093
12148,2533
12149,5093
12150,5093
12151,5093
12152,5093
12153,5093
12154,3424
12155,5093
12156,5093
12157,5093
12158,5093
12159,5093
12160,5093
12161,5093
12162,5093
12163,5093
12164,5093
12165,5093
12166,5093
12167,5093
12168,3424
12169,5093
12170,5093
12171,5093
12172,5093
12173,5093
12174,5093
12175,5093
12176,5093
12177,5093
12178,2533
12179,5093
12180,5093
12181,2533
12182,5093
12183,2533
12184,5093
12185,5093
12186,5093
12187,5093
12188,5093
12189,5093
12190,5093
12191,2533
12192,2533
12193,3424
12194,5093
12195,5093
12196,5093
12197,2533
12198,5093
12199,2533
12200,5093
12201,5093
12202,5093
12203,5093
12204,2533
12205,5093
12206,5093
12207,5093
12208,5093
12209,5093
12210,5093
12211,5093
12212,3424
12213,5093
12214,5093
12215,2533
12216,5093
12217,5093
12218,5093
12219,5093
12220,5093
12221,5093
12222,5093
12223,5093
12224,5093
12225,5093
12226,5093
12227,2533
12228,5093
12229,5093
12230,5093
12231,5093
12232,2533
12233,5093
12234,5093
12235,5093
12236,5093
12237,3424
12238,2533
12239,5093
12240,5093
12241,5093
12242,5093
12243,5093
12244,5093
12245,5093
12246,5093
12247,2533
12248,2533
12249,5093
12250,5093
12251,5093
12252,5093
12253,3424
12254,5093
12255,2533
12256,3424
12257,5093
12258,5093
12259,5093
12260,5093
12261,5093
12262,5093
12263,5093
12264,5093
12265,5093
12266,2533
12267,2533
12268,3424
12269,5093
12270,5093
12271,5093
12272,5093
12273,5093
12274,5093
12275,5093
12276,5093
12277,5093
12278,5093
12279,5093
12280,5093
12281,5093
12282,5093
12283,2533
12284,2533
12285,5093
12286,5093
12287,5093
12288,5093
12289,3424
12290,5093
12291,5093
12292,5093
12293,5093
12294,5093
12295,5093
12296,2533
12297,5093
12298,5093
12299,5093
12300,5093
12301,2533
12302,2533
12303,5093
12304,3424
12305,5093
12306,5093
12307,5093
12308,5093
12309,5093
12310,5093
12311,5093
12312,5093
12313,5093
12314,3424
12315,3424
12316,2533
12317,5093
12318,5093
12319,2533
12320,5093
12321,5093
12322,5093
12323,3424
12324,5093
12325,5093
12326,5093
12327,5093
12328,3424
12329,3424
12330,5093
12331,2533
12332,5093
12333,2533
12334,5093
12335,5093
12336,5093
12337,5093
12338,5093
12339,5093
12340,3424
12341,5093
12342,5093
12343,5093
12344,5093
12345,2533
12346,5093
12347,5093
12348,5093
12349,3424
12350,2533
12351,5093
12352,2533
12353,3424
12354,5093
12355,2533
12356,5093
12357,5093
12358,3424
12359,5093
12360,5093
12361,4015
12362,5093
12363,2533
12364,5093
12365,5093
12366,5093
12367,5093
12368,5093
12369,5093
12370,5093
12371,5093
12372,5093
12373,2533
12374,5093
12375,5093
12376,5093
12377,2533
12378,5093
12379,5093
12380,5093
12381,5093
12382,5093
12383,3424
12384,5093
12385,2533
12386,5093
12387,3424
12388,5093
12389,5093
12390,2533
12391,5093
12392,5093
12393,5093
12394,5093
12395,5093
12396,5093
12397,5093
12398,5093
12399,5093
12400,5093
12401,5093
12402,5093
12403,5093
12404,5093
12405,3424
12406,5093
12407,5093
12408,5093
12409,2533
12410,5093
12411,5093
12412,2533
12413,3424
12414,5093
12415,5093
12416,5093
12417,5093
12418,2533
12419,5093
12420,2533
12421,5093
12422,2533
12423,5093
12424,2533
12425,2533
12426,5093
12427,3424
12428,2533
12429,3424
12430,5093
12431,5093
12432,5093
12433,5093
12434,2533
12435,5093
12436,5093
12437,2533
12438,5093
12439,5093
12440,3424
12441,5827
12442,5093
12443,2533
12444,5093
12445,5093
12446,5093
12447,5093
12448,5093
12449,5093
12450,2533
12451,5093
12452,5093
12453,2533
12454,5093
12455,5093
12456,5093
12457,5093
12458,5093
12459,5093
12460,5093
12461,5093
12462,5093
12463,3424
12464,5093
12465,2533
12466,5093
12467,5093
12468,5093
12469,3424
12470,2533
12471,5093
12472,5093
12473,5093
12474,5093
12475,3424
12476,3424
12477,5093
12478,5093
12479,3424
12480,5093
12481,5093
12482,5093
12483,5093
12484,5093
12485,5093
12486,2533
12487,5093
12488,5093
12489,3424
12490,2533
12491,3424
12492,2533
12493,5093
12494,5093
12495,5093
12496,5093
12497,2533
12498,5093
12499,3424
12500,5093
12501,5093
12502,5093
12503,5093
12504,2533
12505,2533
12506,5093
12507,2533
12508,5093
12509,5093
12510,3424
12511,5093
12512,5093
12513,5093
12514,5093
12515,5093
12516,5093
12517,5093
12518,5093
12519,5093
12520,5093
12521,5093
12522,5093
12523,2533
12524,3424
12525,3424
12526,5093
12527,5093
12528,5093
12529,5093
12530,5093
12531,5093
12532,5093
12533,5093
12534,5093
12535,5093
12536,5093
12537,2533
12538,2533
12539,5093
12540,3424
12541,2533
12542,5093
12543,5093
12544,5093
12545,3424
12546,3424
12547,5093
12548,2533
12549,10
12550,5093
12551,5093
12552,5093
12553,2533
12554,5093
12555,5093
12556,2533
12557,5093
12558,5093
12559,5093
12560,5093
12561,5093
12562,5093
12563,5093
12564,5093
12565,5093
12566,5093
12567,2533
12568,5093
12569,3424
12570,5093
12571,5093
12572,5093
12573,5093
12574,5093
12575,5093
12576,5093
12577,5093
12578,5093
12579,5093
12580,5093
12581,5093
12582,5093
12583,5093
12584,2533
12585,2533
12586,5093
12587,3424
12588,5093
12589,5093
12590,2533
12591,5093
12592,5093
12593,5093
12594,5093
12595,3424
12596,5093
12597,2533
12598,5093
12599,5093
12600,5093
12601,5093
12602,5093
12603,5093
12604,5093
12605,2533
12606,5093
12607,5093
12608,5093
12609,5093
12610,5093
12611,2533
12612,5093
12613,5093
12614,2533
12615,2533
12616,5093
12617,5093
12618,3424
12619,5093
12620,5093
12621,5093
12622,5093
12623,3424
12624,5093
12625,5093
12626,5093
12627,5093
12628,5093
12629,5093
12630,5093
12631,2533
12632,5093
12633,5093
12634,5093
12635,5093
12636,5093
12637,3424
12638,5093
12639,5093
12640,5093
12641,5093
12642,5093
12643,5093
12644,5093
12645,5093
12646,5093
12647,5093
12648,5093
12649,3424
12650,5093
12651,5093
12652,5093
12653,5093
12654,2533
12655,5093
12656,2533
12657,5093
12658,5093
12659,3424
12660,3424
12661,3424
12662,2533
12663,5093
12664,5093
12665,5093
12666,5093
12667,5093
12668,5093
12669,2533
12670,5093
12671,5093
12672,5093
12673,5093
12674,5093
12675,2533
12676,5093
12677,5093
12678,2533
12679,5093
12680,5093
12681,5093
12682,5093
12683,5093
12684,5827
12685,5093
12686,5093
12687,2533
12688,5093
12689,3424
12690,5093
12691,5093
12692,5093
12693,5093
12694,2533
12695,3424
12696,5093
12697,5093
12698,2533
12699,5093
12700,5093
12701,5093
12702,5093
12703,5093
12704,2533
12705,5093
12706,5093
12707,5093
12708,5093
12709,5093
12710,5093
12711,5093
12712,5093
12713,5093
12714,5093
12715,5093
12716,5093
12717,5093
12718,2533
12719,5093
12720,1961
12721,5093
12722,5093
12723,2533
12724,5093
12725,5093
12726,5093
12727,5093
12728,5093
12729,5093
12730,5093
12731,5093
12732,5093
12733,5093
12734,3424
12735,5093
12736,1961
12737,5093
12738,5093
12739,2533
12740,5093
12741,5093
12742,5093
12743,2533
12744,3424
12745,5093
12746,5093
12747,3424
12748,2533
12749,5093
12750,2533
12751,5093
12752,5093
12753,2533
12754,5093
12755,2533
12756,5093
12757,5093
12758,5093
12759,5093
12760,5093
12761,5093
12762,5093
12763,5093
12764,2533
12765,5093
12766,2533
12767,5093
12768,5093
12769,5093
12770,3424
12771,5093
12772,5093
12773,5093
12774,5093
12775,5093
12776,5093
12777,5093
12778,2533
12779,5093
12780,5093
12781,5093
12782,5093
12783,2533
12784,5093
12785,5093
12786,5093
12787,5093
12788,2533
12789,5093
12790,5093
12791,3424
12792,5093
12793,5093
12794,5093
12795,5093
12796,3424
12797,5093
12798,5093
12799,5093
12800,5093
12801,5093
12802,1961
12803,2533
12804,5093
12805,5093
12806,3424
12807,3424
12808,5093
12809,5093
12810,10
12811,5093
12812,5093
12813,5093
12814,5093
12815,3424
12816,2533
12817,5093
12818,5093
12819,5093
12820,5093
12821,5093
12822,5093
12823,5093
12824,5093
12825,5093
12826,10
12827,2533
12828,5093
12829,5093
12830,5093
12831,2533
12832,5093
12833,2533
12834,5093
12835,5093
12836,5093
12837,5093
12838,5093
12839,5093
12840,5093
12841,2533
12842,2533
12843,5093
12844,5093
12845,2533
12846,5093
12847,2533
12848,5093
12849,2533
12850,5093
12851,5093
12852,2533
12853,5093
12854,3424
12855,5093
12856,5093
12857,5093
12858,2533
12859,5093
12860,5093
12861,5093
12862,5093
12863,3424
12864,2533
12865,3424
12866,5093
12867,5093
12868,5093
12869,5093
12870,5093
12871,2533
12872,5093
12873,5093
12874,5700
12875,2533
12876,5093
12877,5093
12878,5093
12879,5093
12880,3424
12881,5093
12882,5093
12883,5093
12884,5093
12885,2533
12886,5093
12887,5093
12888,2533
12889,3424
12890,5093
12891,5093
12892,5093
12893,2533
12894,5093
12895,5093
12896,5093
12897,2533
12898,5093
12899,5093
12900,5093
12901,2533
12902,5093
12903,5093
12904,5093
12905,3424
12906,5093
12907,5093
12908,5093
12909,5093
12910,5093
12911,5093
12912,5093
12913,5093
12914,5093
12915,5093
12916,5093
12917,5093
12918,5093
12919,5093
12920,2533
12921,5093
12922,3424
12923,5093
12924,3424
12925,5093
12926,3424
12927,5093
12928,5093
12929,5093
12930,2533
12931,5093
12932,5093
12933,5093
12934,5093
12935,3424
12936,5093
12937,5093
12938,5093
12939,5093
12940,5093
12941,5093
12942,3424
12943,5093
12944,5093
12945,5093
12946,5093
12947,5093
12948,2533
12949,2533
12950,5093
12951,5093
12952,5093
12953,5093
12954,2533
12955,5093
12956,5093
12957,2533
12958,3424
12959,5093
12960,5093
12961,2533
12962,5093
12963,5093
12964,5093
12965,5093
12966,5093
12967,5093
12968,5093
12969,5093
12970,4015
12971,5093
12972,5093
12973,5093
12974,5093
12975,5093
12976,5093
12977,1996
12978,10
12979,5093
12980,2533
12981,5093
12982,5093
12983,5093
12984,2533
12985,5093
12986,5093
12987,5093
12988,2533
12989,5093
12990,5093
12991,2533
12992,3424
12993,5093
12994,5093
12995,5093
12996,5093
12997,2533
12998,4015
12999,2533
13000,5093
13001,2533
13002,5093
13003,3424
13004,5093
13005,5093
13006,5093
13007,5093
13008,5093
13009,5093
13010,5093
13011,5093
13012,3424
13013,5093
13014,5093
13015,5093
13016,5093
13017,1996
13018,5093
13019,5093
13020,3424
13021,5093
13022,2533
13023,3424
13024,3424
13025,5093
13026,5093
13027,5093
13028,5093
13029,3424
13030,1996
13031,5093
13032,5093
13033,5093
13034,3424
13035,5093
13036,5093
13037,5093
13038,3424
13039,5093
13040,5093
13041,5093
13042,5093
13043,2533
13044,5093
13045,5093
13046,5093
13047,5093
13048,2533
13049,5093
13050,5093
13051,5093
13052,5093
13053,5093
13054,5093
13055,5093
13056,3424
13057,5093
13058,5093
13059,5093
13060,5093
13061,5093
13062,5093
13063,3424
13064,3424
13065,5093
13066,5093
13067,5093
13068,5093
13069,2533
13070,5093
13071,5093
13072,5093
13073,1961
13074,5093
13075,5093
13076,5093
13077,5093
13078,5093
13079,5093
13080,5093
13081,2533
13082,5093
13083,3424
13084,5093
13085,5093
13086,5093
13087,5093
13088,5093
13089,5093
13090,3424
13091,5093
13092,2533
13093,5093
13094,2533
13095,5093
13096,2533
13097,5093
13098,5093
13099,5093
13100,5093
13101,2533
13102,5093
13103,2533
13104,5093
13105,5093
13106,5093
13107,5093
13108,3424
13109,3424
13110,2533
13111,5093
13112,2533
13113,5093
13114,5093
13115,5093
13116,5093
13117,5093
13118,5093
13119,5093
13120,5093
13121,5093
13122,5827
13123,5093
13124,5093
13125,2533
13126,2533
13127,2533
13128,5093
13129,3424
13130,5093
13131,5093
13132,5093
13133,5093
13134,5093
13135,5093
13136,5093
13137,5093
13138,5093
13139,5093
13140,5093
13141,5093
13142,5093
13143,5093
13144,3424
13145,5093
13146,5093
13147,5093
13148,2533
13149,5093
13150,5093
13151,5093
13152,5093
13153,3424
13154,5093
13155,5093
13156,5093
13157,2533
13158,5093
13159,2533
13160,2533
13161,3424
13162,5093
13163,5093
13164,5093
13165,3424
13166,5093
13167,2533
13168,3424
13169,5093
13170,5093
13171,5093
13172,2533
13173,5093
13174,5093
13175,1961
13176,5093
13177,5093
13178,5093
13179,5093
13180,2533
13181,5093
13182,5093
13183,5093
13184,5093
13185,5093
13186,3424
13187,5093
13188,4015
13189,5093
13190,5093
13191,5093
13192,5093
13193,3424
13194,5093
13195,10
13196,5093
13197,5093
13198,2533
13199,5093
13200,5093
13201,5093
13202,2533
13203,5093
13204,5093
13205,5093
13206,5093
13207,5093
13208,5093
13209,2533
13210,5093
13211,3424
13212,3424
13213,5093
13214,2533
13215,3424
13216,5093
13217,5093
13218,1961
13219,2533
13220,5093
13221,5093
13222,5093
13223,5093
13224,5093
13225,5093
13226,3424
13227,5093
13228,5093
13229,5093
13230,5093
13231,5093
13232,3424
13233,5093
13234,5093
13235,5093
13236,5093
13237,2533
13238,5093
13239,5093
13240,5093
13241,5093
13242,5093
13243,5093
13244,5093
13245,5093
13246,5093
13247,5093
13248,2533
13249,2533
13250,5093
13251,5093
13252,3424
13253,5093
13254,2533
13255,5093
13256,5093
13257,5093
13258,3424
13259,2533
13260,5093
13261,5093
13262,2533
13263,2533
13264,5827
13265,5093
13266,5093
13267,3424
13268,2533
13269,5093
13270,5093
13271,5093
13272,5093
13273,5093
13274,5093
13275,5093
13276,5093
13277,5093
13278,2533
13279,5093
13280,5093
13281,5093
13282,3424
13283,2533
13284,3424
13285,5093
13286,2533
13287,5093
13288,5093
13289,5093
13290,5093
13291,5093
13292,5093
13293,5093
13294,5093
13295,2533
13296,5093
13297,3424
13298,5093
13299,2533
13300,5093
13301,5093
13302,5093
13303,5093
13304,5093
13305,5093
13306,5093
13307,5093
13308,5093
13309,5093
13310,3424
13311,5093
13312,5093
13313,5093
13314,5093
13315,5700
13316,5093
13317,5093
13318,5827
13319,5093
13320,5093
13321,5093
13322,5093
13323,5093
13324,5093
13325,3424
13326,5093
13327,5093
13328,2533
13329,5093
13330,5093
13331,2533
13332,5093
13333,5093
13334,5093
13335,2533
13336,5093
13337,1961
13338,2533
13339,5093
13340,5093
13341,5093
13342,5093
13343,5093
13344,5093
13345,2533
13346,5093
13347,5093
13348,5093
13349,5093
13350,5093
13351,5093
13352,5093
13353,5093
13354,5093
13355,5093
13356,5093
13357,5093
13358,5093
13359,5093
13360,3424
13361,5093
13362,5093
13363,5093
13364,2533
13365,5093
13366,5093
13367,5093
13368,5093
13369,5093
13370,1996
13371,5093
13372,3424
13373,2533
13374,2533
13375,5093
13376,5093
13377,2533
13378,5093
13379,5093
13380,5093
13381,2533
13382,3424
13383,5093
13384,2533
13385,5093
13386,5093
13387,5093
13388,5093
13389,5093
13390,5093
13391,5093
13392,5093
13393,5093
13394,2533
13395,5093
13396,5093
13397,5093
13398,5093
13399,5093
13400,5093
13401,5093
13402,2533
13403,5093
13404,5093
13405,5093
13406,2533
13407,5093
13408,3424
13409,3424
13410,5093
13411,5093
13412,1961
13413,5093
13414,5093
13415,5093
13416,5093
13417,3424
13418,2533
13419,2533
13420,5093
13421,5093
13422,5093
13423,5093
13424,5093
13425,5093
13426,5093
13427,2533
13428,5093
13429,5093
13430,5093
13431,2533
13432,5093
13433,5093
13434,2533
13435,5093
13436,5093
13437,5093
13438,5093
13439,5093
13440,2533
13441,2533
13442,2533
13443,5093
13444,2533
13445,2533
13446,2533
13447,5093
13448,2533
13449,2533
13450,5093
13451,2533
13452,5093
13453,5093
13454,3424
13455,5093
13456,5093
13457,5093
13458,3424
13459,5093
13460,1961
13461,5093
13462,5093
13463,2533
13464,3424
13465,5093
13466,5093
13467,5093
13468,5093
13469,2533
13470,5093
13471,5093
13472,5093
13473,5093
13474,5093
13475,5093
13476,5093
13477,5093
13478,3424
13479,5093
13480,5093
13481,5093
13482,2533
13483,2533
13484,2533
13485,5093
13486,5093
13487,5093
13488,5093
13489,5093
13490,5093
13491,5093
13492,3424
13493,2533
13494,5093
13495,5093
13496,5093
13497,5093
13498,5093
13499,5093
13500,5093
13501,5093
13502,5093
13503,5093
13504,5093
13505,3424
13506,5093
13507,5093
13508,5093
13509,2533
13510,5093
13511,5093
13512,5093
13513,5093
13514,2533
13515,5093
13516,5093
13517,5093
13518,5093
13519,5093
13520,5093
13521,5093
13522,2533
13523,3424
13524,5093
13525,5093
13526,5093
13527,5093
13528,5093
13529,5093
13530,2533
13531,5093
13532,5093
13533,5093
13534,2533
13535,2533
13536,5093
13537,5093
13538,5093
13539,5093
13540,2533
13541,5093
13542,5093
13543,5093
13544,2533
13545,5093
13546,5093
13547,5093
13548,2533
13549,2533
13550,5093
13551,5093
13552,5093
13553,3424
13554,5093
13555,5093
13556,5093
13557,5093
13558,5093
13559,5093
13560,5093
13561,5093
13562,5093
13563,5093
13564,2533
13565,5093
13566,5093
13567,5093
13568,5093
13569,5093
13570,2533
13571,5093
13572,2533
13573,5093
13574,5093
13575,5093
13576,5093
13577,3424
13578,5093
13579,5093
13580,5093
13581,2533
13582,5093
13583,5093
13584,5093
13585,2533
13586,1996
13587,2533
13588,5093
13589,5093
13590,2533
13591,5093
13592,5093
13593,5093
13594,2533
13595,5093
13596,2533
13597,2533
13598,2533
13599,5093
13600,5093
13601,5093
13602,2533
13603,5093
13604,5093
13605,5827
13606,5093
13607,5093
13608,5093
13609,5093
13610,5093
13611,3424
13612,2533
13613,2533
13614,5093
13615,5093
13616,5093
13617,5093
13618,2533
13619,2533
13620,5093
13621,5093
13622,5093
13623,2533
13624,4015
13625,5093
13626,2533
13627,2533
13628,5093
13629,5093
13630,5093
13631,5093
13632,5093
13633,5093
13634,5093
13635,5093
13636,2533
13637,5093
13638,5093
13639,3424
13640,2533
13641,5093
13642,5093
13643,5093
13644,2533
13645,2533
13646,5093
13647,5093
13648,5093
13649,5093
13650,5093
13651,5093
13652,5093
13653,2533
13654,5093
13655,5093
13656,2533
13657,2533
13658,2533
13659,5093
13660,2533
13661,3424
13662,2533
13663,5093
13664,5093
13665,5093
13666,5093
13667,5093
13668,5093
13669,5093
13670,2533
13671,5093
13672,3424
13673,5093
13674,5827
13675,5093
13676,5093
13677,5093
13678,5093
13679,5093
13680,2533
13681,2533
13682,5093
13683,5093
13684,5093
13685,5093
13686,5093
13687,5093
13688,5093
13689,5093
13690,5093
13691,5093
13692,5093
13693,5093
13694,5093
13695,5093
13696,5093
13697,5093
13698,5093
13699,3424
13700,5093
13701,5093
13702,5093
13703,3424
13704,5093
13705,5093
13706,2533
13707,5093
13708,5093
13709,5093
13710,5093
13711,5093
13712,3424
13713,5093
13714,3424
13715,5093
13716,2533
13717,5093
13718,5093
13719,2533
13720,5093
13721,5093
13722,5093
13723,5093
13724,5093
13725,2533
13726,3424
13727,2533
13728,5093
13729,5093
13730,5093
13731,5093
13732,5093
13733,5093
13734,5093
13735,5093
13736,5093
13737,5093
13738,5093
13739,5093
13740,5093
13741,5093
13742,5093
13743,5093
13744,5093
13745,5093
13746,5093
13747,3424
13748,5093
13749,5093
13750,1961
13751,5093
13752,5093
13753,5093
13754,1961
13755,2533
13756,5093
13757,3424
13758,5093
13759,5093
13760,5093
13761,5093
13762,5093
13763,2533
13764,5093
13765,5093
13766,2533
13767,5093
13768,5093
13769,5093
13770,5093
13771,2533
13772,5093
13773,5093
13774,5093
13775,4015
13776,5093
13777,5093
13778,2533
13779,5093
13780,5093
13781,3424
13782,5093
13783,5093
13784,5093
13785,2533
13786,5093
13787,5093
13788,5093
13789,1961
13790,3424
13791,5093
13792,2533
13793,5093
13794,5093
13795,2533
13796,5093
13797,5093
13798,5093
13799,5093
13800,5093
13801,5093
13802,5093
13803,5093
13804,5093
13805,5093
13806,5093
13807,5093
13808,2533
13809,5093
13810,5093
13811,5093
13812,2533
13813,5093
13814,5093
13815,5093
13816,5093
13817,2533
13818,5093
13819,2533
13820,5093
13821,5093
13822,5093
13823,5093
13824,2533
13825,5093
13826,5093
13827,2533
13828,5093
13829,5093
13830,5093
13831,5093
13832,5093
13833,5093
13834,5093
13835,5093
13836,3424
13837,5093
13838,5093
13839,5093
13840,5093
13841,5093
13842,2533
13843,5093
13844,5093
13845,3424
13846,5093
13847,5093
13848,5093
13849,5093
13850,5093
13851,5093
13852,5093
13853,1961
13854,5093
13855,5093
13856,5093
13857,5093
13858,2533
13859,2533
13860,5093
13861,3424
13862,5093
13863,5093
13864,5093
13865,5093
13866,2533
13867,5700
13868,3424
13869,2533
13870,5093
13871,5093
13872,5093
13873,5093
13874,2533
13875,3424
13876,5093
13877,5093
13878,2533
13879,5093
13880,1961
13881,5093
13882,5093
13883,5093
13884,3424
13885,2533
13886,5093
13887,5093
13888,5093
13889,5093
13890,5093
13891,5093
13892,2533
13893,5093
13894,5093
13895,2533
13896,2533
13897,5093
13898,2533
13899,5093
13900,2533
13901,5093
13902,5093
13903,5827
13904,5093
13905,5093
13906,5093
13907,5093
13908,4015
13909,5093
13910,5093
13911,5093
13912,3424
13913,5093
13914,5093
13915,5093
13916,5093
13917,5093
13918,2533
13919,2533
13920,5093
13921,5093
13922,5093
13923,5093
13924,5093
13925,5093
13926,5093
13927,5093
13928,5093
13929,6258
13930,5093
13931,5093
13932,5093
13933,5093
13934,5093
13935,3424
13936,5093
13937,5093
13938,5093
13939,5093
13940,5093
13941,5093
13942,2533
13943,2533
13944,5093
13945,3424
13946,2533
13947,5093
13948,2533
13949,5093
13950,5093
13951,5093
13952,5093
13953,5093
13954,3424
13955,5093
13956,5093
13957,5093
13958,5093
13959,3424
13960,2533
13961,3424
13962,5093
13963,5093
13964,5093
13965,5093
13966,5093
13967,5093
13968,5093
13969,5093
13970,5093
13971,5093
13972,5093
13973,2533
13974,5093
13975,5093
13976,5093
13977,5093
13978,2533
13979,5093
13980,5093
13981,5093
13982,5093
13983,5093
13984,5093
13985,5093
13986,5093
13987,5093
13988,5093
13989,5093
13990,5093
13991,5093
13992,3424
13993,3424
13994,5093
13995,3424
13996,6258
13997,5093
13998,5093
13999,5093
14000,5093
14001,5093
14002,5093
14003,5093
14004,2533
14005,1996
14006,5093
14007,5093
14008,5093
14009,5093
14010,2533
14011,5093
14012,1961
14013,5093
14014,3424
14015,5093
14016,5093
14017,3424
14018,5093
14019,5093
14020,5093
14021,5093
14022,5093
14023,5093
14024,5093
14025,2533
14026,2533
14027,5093
14028,5093
14029,5093
14030,5093
14031,5093
14032,5093
14033,5093
14034,5093
14035,5093
14036,5093
14037,5093
14038,5093
14039,5093
14040,2533
14041,5093
14042,5093
14043,5093
14044,5093
14045,5093
14046,1961
14047,5093
14048,5093
14049,3424
14050,5093
14051,2533
14052,5093
14053,5093
14054,5093
14055,5093
14056,5093
14057,5093
14058,5093
14059,5093
14060,2533
14061,5093
14062,5093
14063,5093
14064,5093
14065,2533
14066,5093
14067,5093
14068,5093
14069,5093
14070,5093
14071,5093
14072,5093
14073,5093
14074,5093
14075,5093
14076,5827
14077,2533
14078,3424
14079,5093
14080,3424
14081,5093
14082,2533
14083,3424
14084,5093
14085,5093
14086,5093
14087,3424
14088,2533
14089,2533
14090,3424
14091,5093
14092,5093
14093,5093
14094,3424
14095,5093
14096,2533
14097,5093
14098,5093
14099,5093
14100,3424
14101,5093
14102,5093
14103,5093
14104,5093
14105,2533
14106,5093
14107,1961
14108,5093
14109,5093
14110,5093
14111,5093
14112,3424
14113,2533
14114,5093
14115,2533
14116,5093
14117,3424
14118,3424
14119,2533
14120,5093
14121,2533
14122,5093
14123,5093
14124,3424
14125,5093
14126,5093
14127,3424
14128,5093
14129,5093
14130,2533
14131,5093
14132,5093
14133,3424
14134,2533
14135,2533
14136,5093
14137,5093
14138,5093
14139,5093
14140,5093
14141,1961
14142,5093
14143,5093
14144,5093
14145,5093
14146,2533
14147,2533
14148,5093
14149,5093
14150,5093
14151,5093
14152,5093
14153,5093
14154,5093
14155,2533
14156,5093
14157,5093
14158,2533
14159,5093
14160,2533
14161,5093
14162,3424
14163,2533
14164,2533
14165,5093
14166,2533
14167,5093
14168,2533
14169,5093
14170,3424
14171,5093
14172,2533
14173,5093
14174,3424
14175,3424
14176,5093
14177,5093
14178,5093
14179,5093
14180,5093
14181,2533
14182,5093
14183,2533
14184,5093
14185,5093
14186,5093
14187,5093
14188,3424
14189,1961
14190,5093
14191,5093
14192,5093
14193,5093
14194,5093
14195,5093
14196,5093
14197,5093
14198,5093
14199,5093
14200,3424
14201,5093
14202,5093
14203,5093
14204,2533
14205,5093
14206,5093
14207,5093
14208,5093
14209,5093
14210,5093
14211,2533
14212,1961
14213,5093
14214,5093
14215,5093
14216,1961
14217,5093
14218,5093
14219,5093
14220,5093
14221,5093
14222,5093
14223,5093
14224,5093
14225,2533
14226,5093
14227,2533
14228,2533
14229,5093
14230,5093
14231,5093
14232,5093
14233,5093
14234,5093
14235,5093
14236,3424
14237,5093
14238,5093
14239,5093
14240,3424
14241,5093
14242,5093
14243,2533
14244,5093
14245,5093
14246,2533
14247,5093
14248,5093
14249,5093
14250,2533
14251,5093
14252,5827
14253,5093
14254,5093
14255,5093
14256,5093
14257,5093
14258,5093
14259,5093
14260,3424
14261,5827
14262,5093
14263,2533
14264,5093
14265,5093
14266,5827
14267,2533
14268,5093
14269,5093
14270,5093
14271,5093
14272,2533
14273,5093
14274,5093
14275,5093
14276,5093
14277,5093
14278,5093
14279,2533
14280,5093
14281,5093
14282,2533
14283,5093
14284,5093
14285,3424
14286,5093
14287,3424
14288,2533
14289,5093
14290,2533
14291,5093
14292,5093
14293,5093
14294,2533
14295,5093
14296,5093
14297,5093
14298,5093
14299,5093
14300,5093
14301,5093
14302,5093
14303,2533
14304,5093
14305,2533
14306,2533
14307,5093
14308,5093
14309,2533
14310,2533
14311,5093
14312,5093
14313,5093
14314,5093
14315,5093
14316,5093
14317,2533
14318,5093
14319,5093
14320,5093
14321,3424
14322,5093
14323,5093
14324,5093
14325,5093
14326,5093
14327,2533
14328,5093
14329,5093
14330,3424
14331,5093
14332,3424
14333,5093
14334,5093
14335,5093
14336,5093
14337,5093
14338,5093
14339,5093
14340,3424
14341,3424
14342,5093
14343,5093
14344,5093
14345,3424
14346,5093
14347,5093
14348,2533
14349,5093
14350,3424
14351,5093
14352,5093
14353,3424
14354,5093
14355,2533
14356,3424
14357,5093
14358,2533
14359,2533
14360,5093
14361,5093
14362,5093
14363,5093
14364,5093
14365,1961
14366,5093
14367,5093
14368,2533
14369,3424
14370,2533
14371,5093
14372,5093
14373,3424
14374,5093
14375,5093
14376,5093
14377,5093
14378,10
14379,2533
14380,2533
14381,1961
14382,5093
14383,5093
14384,3424
14385,5093
14386,5093
14387,2533
14388,5093
14389,5093
14390,5093
14391,5093
14392,2533
14393,3424
14394,2533
14395,5093
14396,2533
14397,5093
14398,2533
14399,5093
14400,5093
14401,5093
14402,5093
14403,5093
14404,5093
14405,3424
14406,3424
14407,5093
14408,5093
14409,5093
14410,2533
14411,5093
14412,3424
14413,5093
14414,5093
14415,5093
14416,3424
14417,3424
14418,5093
14419,5093
14420,5093
14421,2533
14422,5093
14423,3424
14424,5093
14425,5093
14426,2533
14427,5093
14428,3424
14429,5093
14430,5093
14431,5093
14432,5093
14433,5093
14434,2533
14435,5093
14436,5093
14437,5093
14438,5093
14439,5093
14440,5093
14441,5093
14442,5093
14443,3424
14444,2533
14445,5093
14446,5093
14447,5093
14448,5093
14449,5093
14450,5093
14451,2533
14452,5093
14453,2533
14454,5093
14455,5093
14456,5093
14457,5093
14458,3424
14459,5093
14460,10
14461,5093
14462,5093
14463,5093
14464,2533
14465,5093
14466,5093
14467,5093
14468,5093
14469,5093
14470,5093
14471,5093
14472,2533
14473,5093
14474,5093
14475,5093
14476,5093
14477,5093
14478,5093
14479,5093
14480,5093
14481,5093
14482,5093
14483,5093
14484,5093
14485,5093
14486,5093
14487,5093
14488,5093
14489,5093
14490,5093
14491,5093
14492,2533
14493,2533
14494,5093
14495,5093
14496,3424
14497,5093
14498,5093
14499,5093
14500,5093
14501,5093
14502,5093
14503,5093
14504,5093
14505,5093
14506,2533
14507,5093
14508,5093
14509,5093
14510,5093
14511,5093
14512,5093
14513,2533
14514,5093
14515,2533
14516,5093
14517,2533
14518,10
14519,5093
14520,2533
14521,3424
14522,5093
14523,5093
14524,5093
14525,5093
14526,5093
14527,2533
14528,5093
14529,5093
14530,5093
14531,2533
14532,5093
14533,5093
14534,5093
14535,5093
14536,5093
14537,5093
14538,5093
14539,5093
14540,5093
14541,5093
14542,2533
14543,5093
14544,5093
14545,5093
14546,5093
14547,5093
14548,2533
14549,3424
14550,5093
14551,5093
14552,2533
14553,5093
14554,5700
14555,5093
14556,5093
14557,2533
14558,2533
14559,5093
14560,1961
14561,5093
14562,5093
14563,5093
14564,3424
14565,2533
14566,5093
14567,5093
14568,5093
14569,5093
14570,5093
14571,5093
14572,5093
14573,3424
14574,5093
14575,5093
14576,3424
14577,5093
14578,5093
14579,2533
14580,2533
14581,5093
14582,5093
14583,5093
14584,5093
14585,5093
14586,5093
14587,5093
14588,3424
14589,5093
14590,5093
14591,5093
14592,5093
14593,5093
14594,5093
14595,2533
14596,5093
14597,3424
14598,5093
14599,5093
14600,5093
14601,5093
14602,2533
14603,5093
14604,5093
14605,2533
14606,2533
14607,5093
14608,2533
14609,2533
14610,5093
14611,5093
14612,3424
14613,5093
14614,2533
14615,5093
14616,5093
14617,5093
14618,5093
14619,5093
14620,2533
14621,2533
14622,5093
14623,2533
14624,5093
14625,5093
14626,3424
14627,5093
14628,5093
14629,3424
14630,2533
14631,5093
14632,3424
14633,5093
14634,5093
14635,5093
14636,5093
14637,5093
14638,3424
14639,2533
14640,2533
14641,5093
14642,5093
14643,5093
14644,3424
14645,5093
14646,5093
14647,5093
14648,2533
14649,5827
14650,5093
14651,2533
14652,5093
14653,5093
14654,2533
14655,2533
14656,2533
14657,5093
14658,3424
14659,5093
14660,5093
14661,2533
14662,5093
14663,2533
14664,5093
14665,5093
14666,5093
14667,2533
14668,5093
14669,5093
14670,3424
14671,5093
14672,5093
14673,5093
14674,5093
14675,2533
14676,5093
14677,5093
14678,3424
14679,5093
14680,5093
14681,5827
14682,5093
14683,5093
14684,2533
14685,5093
14686,5093
14687,3424
14688,5093
14689,1961
14690,5093
14691,2533
14692,1961
14693,5093
14694,5093
14695,2533
14696,5093
14697,5093
14698,5093
14699,5093
14700,5093
14701,5093
14702,5093
14703,5093
14704,5093
14705,10
14706,3424
14707,2533
14708,5093
14709,5093
14710,5093
14711,5093
14712,5093
14713,5093
14714,2533
14715,5093
14716,2533
14717,5093
14718,5093
14719,5093
14720,5093
14721,5093
14722,3424
14723,5093
14724,5093
14725,5093
14726,5093
14727,5093
14728,5093
14729,5093
14730,5093
14731,5093
14732,2533
14733,5093
14734,3424
14735,5093
14736,5093
14737,5093
14738,5093
14739,5093
14740,2533
14741,1961
14742,5093
14743,5093
14744,5093
14745,5093
14746,2533
14747,5093
14748,1961
14749,2533
14750,5093
14751,2533
14752,5093
14753,3424
14754,2533
14755,5093
14756,5093
14757,2533
14758,5093
14759,5093
14760,5093
14761,3424
14762,5093
14763,2533
14764,1996
14765,2533
14766,5093
14767,5093
14768,5093
14769,5093
14770,5093
14771,5827
14772,5093
14773,5093
14774,5093
14775,5093
14776,5093
14777,5093
14778,5093
14779,5093
14780,5093
14781,5093
14782,5093
14783,5093
14784,5093
14785,2533
14786,2533
14787,5093
14788,5093
14789,5093
14790,5093
14791,3424
14792,5093
14793,5093
14794,2533
14795,5093
14796,5093
14797,5093
14798,3424
14799,5093
14800,2533
14801,5093
14802,5093
14803,5093
14804,5093
14805,5093
14806,3424
14807,5093
14808,2533
14809,5093
14810,3424
14811,5093
14812,5093
14813,5093
14814,5093
14815,5093
14816,5093
14817,5827
14818,5093
14819,5093
14820,5093
14821,5093
14822,3424
14823,5093
14824,5093
14825,5093
14826,5093
14827,5093
14828,3424
14829,5093
14830,5093
14831,5093
14832,5093
14833,5093
14834,2533
14835,2533
14836,5093
14837,5093
14838,5093
14839,3424
14840,5093
14841,5093
14842,3424
14843,5093
14844,5093
14845,3424
14846,2533
14847,5093
14848,5093
14849,1961
14850,2533
14851,5093
14852,1996
14853,3424
14854,5093
14855,5093
14856,5093
14857,5093
14858,3424
14859,5093
14860,5093
14861,2533
14862,5093
14863,5093
14864,5093
14865,3424
14866,2533
14867,5093
14868,5093
14869,5093
14870,2533
14871,5093
14872,5093
14873,5093
14874,3424
14875,5093
14876,5093
14877,5093
14878,5093
14879,5093
14880,5093
14881,2533
14882,5093
14883,5093
14884,5093
14885,3424
14886,5093
14887,5093
14888,5093
14889,1961
14890,5093
14891,5093
14892,2533
14893,5093
14894,5093
14895,5093
14896,5093
14897,2533
14898,2533
14899,3424
14900,5093
14901,5093
14902,5093
14903,5093
14904,3424
14905,5093
14906,5093
14907,5093
14908,5093
14909,5093
14910,5093
14911,5093
14912,5093
14913,5093
14914,2533
14915,5093
14916,5093
14917,5093
14918,2533
14919,5093
14920,5093
14921,5093
14922,2533
14923,5093
14924,5093
14925,5093
14926,5093
14927,2533
14928,5093
14929,5093
14930,5093
14931,2533
14932,2533
14933,5093
14934,5093
14935,5093
14936,5093
14937,3424
14938,3424
14939,3424
14940,5093
14941,5093
14942,5093
14943,5093
14944,1996
14945,3424
14946,5093
14947,5093
14948,5093
14949,5093
14950,3424
14951,5093
14952,5093
14953,5093
14954,5093
14955,2533
14956,5093
14957,5093
14958,5093
14959,5093
14960,5093
14961,2533
14962,2533
14963,5093
14964,5827
14965,5093
14966,5093
14967,3424
14968,5093
14969,5093
14970,5093
14971,2533
14972,5093
14973,5093
14974,2533
14975,5093
14976,5093
14977,5093
14978,5093
14979,2533
14980,5093
14981,5093
14982,5093
14983,5093
14984,5093
14985,5093
14986,5093
14987,2533
14988,5093
14989,5093
14990,5093
14991,5093
14992,5093
14993,5093
14994,5093
14995,5093
14996,5093
14997,2533
14998,2533
14999,5093
15000,5093
15001,5093
15002,5093
15003,2533
15004,5093
15005,5093
15006,5093
15007,5093
15008,5093
15009,5093
15010,5093
15011,5093
15012,5093
15013,5093
15014,5093
15015,2533
15016,5093
15017,5093
15018,5093
15019,2533
15020,5093
15021,5093
15022,3424
15023,2533
15024,3424
15025,5093
15026,5093
15027,5093
15028,5093
15029,5093
15030,5093
15031,5093
15032,5093
15033,3424
15034,5093
15035,5093
15036,2533
15037,5093
15038,5093
15039,3424
15040,5093
15041,5093
15042,5093
15043,5093
15044,5093
15045,5093
15046,2533
15047,3424
15048,5093
15049,3424
15050,5093
15051,5093
15052,5093
15053,5093
15054,5093
15055,5093
15056,5093
15057,2533
15058,5093
15059,5093
15060,5093
15061,5093
15062,5093
15063,5093
15064,5093
15065,2533
15066,5093
15067,5093
15068,3424
15069,3424
15070,2533
15071,3424
15072,5093
15073,5093
15074,5093
15075,3424
15076,5093
15077,5093
15078,2533
15079,5093
15080,5093
15081,5093
15082,5093
15083,5093
15084,2533
15085,2533
15086,5093
15087,5093
15088,2533
15089,5093
15090,2533
15091,2533
15092,5093
15093,2533
15094,5093
15095,5093
15096,5093
15097,5093
15098,3424
15099,5093
15100,5093
15101,5093
15102,5093
15103,5093
15104,5093
15105,2533
15106,5093
15107,5093
15108,2533
15109,5093
15110,5093
15111,2533
15112,5093
15113,5093
15114,5093
15115,5093
15116,5093
15117,3424
15118,5093
15119,5093
15120,5093
15121,5093
15122,5093
15123,5093
15124,5093
15125,2533
15126,5093
15127,3424
15128,5093
15129,5093
15130,5093
15131,5093
15132,5093
15133,2533
15134,5093
15135,5093
15136,2533
15137,2533
15138,5093
15139,2533
15140,5093
15141,5093
15142,2533
15143,5093
15144,5093
15145,5093
15146,5093
15147,2533
15148,5093
15149,2533
15150,5093
15151,3424
15152,5093
15153,5093
15154,5093
15155,5093
15156,5093
15157,5093
15158,5093
15159,2533
15160,5093
15161,5093
15162,5093
15163,5093
15164,5093
15165,5093
15166,5093
15167,5093
15168,5093
15169,5093
15170,5093
15171,5093
15172,2533
15173,5093
15174,5093
15175,5093
15176,5093
15177,5093
15178,2533
15179,3424
15180,5093
15181,5093
15182,5093
15183,5093
15184,5093
15185,5093
15186,5093
15187,5093
15188,2533
15189,3424
15190,2533
15191,5093
15192,5093
15193,5093
15194,2533
15195,5093
15196,5093
15197,2533
15198,5093
15199,5093
15200,5093
15201,5093
15202,3424
15203,5093
15204,5093
15205,2533
15206,5093
15207,2533
15208,5093
15209,5093
15210,2533
15211,5093
15212,5093
15213,2533
15214,5093
15215,5093
15216,3424
15217,2533
15218,2533
15219,5093
15220,5093
15221,5093
15222,2533
15223,2533
15224,5093
15225,2533
15226,5093
15227,5093
15228,2533
15229,5093
15230,5093
15231,5093
15232,3424
15233,5093
15234,5093
15235,5093
15236,5093
15237,2533
15238,5093
15239,2533
15240,5093
15241,2533
15242,5093
15243,2533
15244,5700
15245,5093
15246,5093
15247,5093
15248,2533
15249,5093
15250,5093
15251,5093
15252,5093
15253,5093
15254,5093
15255,5827
15256,2533
15257,5093
15258,5093
15259,5093
15260,5093
15261,2533
15262,3424
15263,5093
15264,5093
15265,5093
15266,5093
15267,2533
15268,2533
15269,3424
15270,2533
15271,2533
