ids,epoch_19,epoch_29
0,240,240
1,240,240
2,240,240
3,240,240
4,240,240
5,240,240
6,240,240
7,240,240
8,240,240
9,240,240
10,240,240
11,240,240
12,240,240
13,240,240
14,240,240
15,240,240
16,240,240
17,240,240
18,240,240
19,240,240
20,240,240
21,240,240
22,240,240
23,240,240
24,240,240
25,240,240
26,240,240
27,240,240
28,240,240
29,240,240
30,240,240
31,240,240
32,240,240
33,240,240
34,240,240
35,240,240
36,240,240
37,240,240
38,240,240
39,240,240
40,240,240
41,240,240
42,240,240
43,240,240
44,240,240
45,240,240
46,240,240
47,240,240
48,240,240
49,240,240
50,240,240
51,240,240
52,240,240
53,240,240
54,240,240
55,240,240
56,240,240
57,240,240
58,240,240
59,240,240
60,240,240
61,240,240
62,240,240
63,240,240
64,240,240
65,240,240
66,240,240
67,240,240
68,240,240
69,240,240
70,240,240
71,240,240
72,240,240
73,240,240
74,240,240
75,240,240
76,240,240
77,240,240
78,240,240
79,240,240
80,240,240
81,240,240
82,240,240
83,240,240
84,240,240
85,240,240
86,240,240
87,240,240
88,240,240
89,240,240
90,240,240
91,240,240
92,240,240
93,240,240
94,240,240
95,240,240
96,240,240
97,240,240
98,240,240
99,240,240
100,240,240
101,240,240
102,240,240
103,240,240
104,240,240
105,240,240
106,240,240
107,240,240
108,240,240
109,240,240
110,240,240
111,240,240
112,240,240
113,240,240
114,240,240
115,240,240
116,240,240
117,240,240
118,240,240
119,240,240
120,240,240
121,240,240
122,240,240
123,240,240
124,240,240
125,240,240
126,240,240
127,240,240
128,240,240
129,240,240
130,240,240
131,240,240
132,240,240
133,240,240
134,240,240
135,240,240
136,240,240
137,240,240
138,240,240
139,240,240
140,240,240
141,240,240
142,240,240
143,240,240
144,240,240
145,240,240
146,240,240
147,240,240
148,240,240
149,240,240
150,240,240
151,240,240
152,240,240
153,240,240
154,240,240
155,240,240
156,240,240
157,240,240
158,240,240
159,240,240
160,240,240
161,240,240
162,240,240
163,240,240
164,240,240
165,240,240
166,240,240
167,240,240
168,240,240
169,240,240
170,240,240
171,240,240
172,240,240
173,240,240
174,240,240
175,240,240
176,240,240
177,240,240
178,240,240
179,240,240
180,240,240
181,240,240
182,240,240
183,240,240
184,240,240
185,240,240
186,240,240
187,240,240
188,240,240
189,240,240
190,240,240
191,240,240
192,240,240
193,240,240
194,240,240
195,240,240
196,240,240
197,240,240
198,240,240
199,240,240
200,240,240
201,240,240
202,240,240
203,240,240
204,240,240
205,240,240
206,240,240
207,240,240
208,240,240
209,240,240
210,240,240
211,240,240
212,240,240
213,240,240
214,240,240
215,240,240
216,240,240
217,240,240
218,240,240
219,240,240
220,240,240
221,240,240
222,240,240
223,240,240
224,240,240
225,240,240
226,240,240
227,240,240
228,240,240
229,240,240
230,240,240
231,240,240
232,240,240
233,240,240
234,240,240
235,240,240
236,240,240
237,240,240
238,240,240
239,240,240
240,240,240
241,240,240
242,240,240
243,240,240
244,240,240
245,240,240
246,240,240
247,240,240
248,240,240
249,240,240
250,240,240
251,240,240
252,240,240
253,240,240
254,240,240
255,240,240
256,240,240
257,240,240
258,240,240
259,240,240
260,240,240
261,240,240
262,240,240
263,240,240
264,240,240
265,240,240
266,240,240
267,240,240
268,240,240
269,240,240
270,240,240
271,240,240
272,240,240
273,240,240
274,240,240
275,240,240
276,240,240
277,240,240
278,240,240
279,240,240
280,240,240
281,240,240
282,240,240
283,240,240
284,240,240
285,240,240
286,240,240
287,240,240
288,240,240
289,240,240
290,240,240
291,240,240
292,240,240
293,240,240
294,240,240
295,240,240
296,240,240
297,240,240
298,240,240
299,240,240
300,240,240
301,240,240
302,240,240
303,240,240
304,240,240
305,240,240
306,240,240
307,240,240
308,240,240
309,240,240
310,240,240
311,240,240
312,240,240
313,240,240
314,240,240
315,240,240
316,240,240
317,240,240
318,240,240
319,240,240
320,240,240
321,240,240
322,240,240
323,240,240
324,240,240
325,240,240
326,240,240
327,240,240
328,240,240
329,240,240
330,240,240
331,240,240
332,240,240
333,240,240
334,240,240
335,240,240
336,240,240
337,240,240
338,240,240
339,240,240
340,240,240
341,240,240
342,240,240
343,240,240
344,240,240
345,240,240
346,240,240
347,240,240
348,240,240
349,240,240
350,240,240
351,240,240
352,240,240
353,240,240
354,240,240
355,240,240
356,240,240
357,240,240
358,240,240
359,240,240
360,240,240
361,240,240
362,240,240
363,240,240
364,240,240
365,240,240
366,240,240
367,240,240
368,240,240
369,240,240
370,240,240
371,240,240
372,240,240
373,240,240
374,240,240
375,240,240
376,240,240
377,240,240
378,240,240
379,240,240
380,240,240
381,240,240
382,240,240
383,240,240
384,240,240
385,240,240
386,240,240
387,240,240
388,240,240
389,240,240
390,240,240
391,240,240
392,240,240
393,240,240
394,240,240
395,240,240
396,240,240
397,240,240
398,240,240
399,240,240
400,240,240
401,240,240
402,240,240
403,240,240
404,240,240
405,240,240
406,240,240
407,240,240
408,240,240
409,240,240
410,240,240
411,240,240
412,240,240
413,240,240
414,240,240
415,240,240
416,240,240
417,240,240
418,240,240
419,240,240
420,240,240
421,240,240
422,240,240
423,240,240
424,240,240
425,240,240
426,240,240
427,240,240
428,240,240
429,240,240
430,240,240
431,240,240
432,240,240
433,240,240
434,240,240
435,240,240
436,240,240
437,240,240
438,240,240
439,240,240
440,240,240
441,240,240
442,240,240
443,240,240
444,240,240
445,240,240
446,240,240
447,240,240
448,240,240
449,240,240
450,240,240
451,240,240
452,240,240
453,240,240
454,240,240
455,240,240
456,240,240
457,240,240
458,240,240
459,240,240
460,240,240
461,240,240
462,240,240
463,240,240
464,240,240
465,240,240
466,240,240
467,240,240
468,240,240
469,240,240
470,240,240
471,240,240
472,240,240
473,240,240
474,240,240
475,240,240
476,240,240
477,240,240
478,240,240
479,240,240
480,240,240
481,240,240
482,240,240
483,240,240
484,240,240
485,240,240
486,240,240
487,240,240
488,240,240
489,240,240
490,240,240
491,240,240
492,240,240
493,240,240
494,240,240
495,240,240
496,240,240
497,240,240
498,240,240
499,240,240
500,240,240
501,240,240
502,240,240
503,240,240
504,240,240
505,240,240
506,240,240
507,240,240
508,240,240
509,240,240
510,240,240
511,240,240
512,240,240
513,240,240
514,240,240
515,240,240
516,240,240
517,240,240
518,240,240
519,240,240
520,240,240
521,240,240
522,240,240
523,240,240
524,240,240
525,240,240
526,240,240
527,240,240
528,240,240
529,240,240
530,240,240
531,240,240
532,240,240
533,240,240
534,240,240
535,240,240
536,240,240
537,240,240
538,240,240
539,240,240
540,240,240
541,240,240
542,240,240
543,240,240
544,240,240
545,240,240
546,240,240
547,240,240
548,240,240
549,240,240
550,240,240
551,240,240
552,240,240
553,240,240
554,240,240
555,240,240
556,240,240
557,240,240
558,240,240
559,240,240
560,240,240
561,240,240
562,240,240
563,240,240
564,240,240
565,240,240
566,240,240
567,240,240
568,240,240
569,240,240
570,240,240
571,240,240
572,240,240
573,240,240
574,240,240
575,240,240
576,240,240
577,240,240
578,240,240
579,240,240
580,240,240
581,240,240
582,240,240
583,240,240
584,240,240
585,240,240
586,240,240
587,240,240
588,240,240
589,240,240
590,240,240
591,240,240
592,240,240
593,240,240
594,240,240
595,240,240
596,240,240
597,240,240
598,240,240
599,240,240
600,240,240
601,240,240
602,240,240
603,240,240
604,240,240
605,240,240
606,240,240
607,240,240
608,240,240
609,240,240
610,240,240
611,240,240
612,240,240
613,240,240
614,240,240
615,240,240
616,240,240
617,240,240
618,240,240
619,240,240
620,240,240
621,240,240
622,240,240
623,240,240
624,240,240
625,240,240
626,240,240
627,240,240
628,240,240
629,240,240
630,240,240
631,240,240
632,240,240
633,240,240
634,240,240
635,240,240
636,240,240
637,240,240
638,240,240
639,240,240
640,240,240
641,240,240
642,240,240
643,240,240
644,240,240
645,240,240
646,240,240
647,240,240
648,240,240
649,240,240
650,240,240
651,240,240
652,240,240
653,240,240
654,240,240
655,240,240
656,240,240
657,240,240
658,240,240
659,240,240
660,240,240
661,240,240
662,240,240
663,240,240
664,240,240
665,240,240
666,240,240
667,240,240
668,240,240
669,240,240
670,240,240
671,240,240
672,240,240
673,240,240
674,240,240
675,240,240
676,240,240
677,240,240
678,240,240
679,240,240
680,240,240
681,240,240
682,240,240
683,240,240
684,240,240
685,240,240
686,240,240
687,240,240
688,240,240
689,240,240
690,240,240
691,240,240
692,240,240
693,240,240
694,240,240
695,240,240
696,240,240
697,240,240
698,240,240
699,240,240
700,240,240
701,240,240
702,240,240
703,240,240
704,240,240
705,240,240
706,240,240
707,240,240
708,240,240
709,240,240
710,240,240
711,240,240
712,240,240
713,240,240
714,240,240
715,240,240
716,240,240
717,240,240
718,240,240
719,240,240
720,240,240
721,240,240
722,240,240
723,240,240
724,240,240
725,240,240
726,240,240
727,240,240
728,240,240
729,240,240
730,240,240
731,240,240
732,240,240
733,240,240
734,240,240
735,240,240
736,240,240
737,240,240
738,240,240
739,240,240
740,240,240
741,240,240
742,240,240
743,240,240
744,240,240
745,240,240
746,240,240
747,240,240
748,240,240
749,240,240
750,240,240
751,240,240
752,240,240
753,240,240
754,240,240
755,240,240
756,240,240
757,240,240
758,240,240
759,240,240
760,240,240
761,240,240
762,240,240
763,240,240
764,240,240
765,240,240
766,240,240
767,240,240
768,240,240
769,240,240
770,240,240
771,240,240
772,240,240
773,240,240
774,240,240
775,240,240
776,240,240
777,240,240
778,240,240
779,240,240
780,240,240
781,240,240
782,240,240
783,240,240
784,240,240
785,240,240
786,240,240
787,240,240
788,240,240
789,240,240
790,240,240
791,240,240
792,240,240
793,240,240
794,240,240
795,240,240
796,240,240
797,240,240
798,240,240
799,240,240
800,240,240
801,240,240
802,240,240
803,240,240
804,240,240
805,240,240
806,240,240
807,240,240
808,240,240
809,240,240
810,240,240
811,240,240
812,240,240
813,240,240
814,240,240
815,240,240
816,240,240
817,240,240
818,240,240
819,240,240
820,240,240
821,240,240
822,240,240
823,240,240
824,240,240
825,240,240
826,240,240
827,240,240
828,240,240
829,240,240
830,240,240
831,240,240
832,240,240
833,240,240
834,240,240
835,240,240
836,240,240
837,240,240
838,240,240
839,240,240
840,240,240
841,240,240
842,240,240
843,240,240
844,240,240
845,240,240
846,240,240
847,240,240
848,240,240
849,240,240
850,240,240
851,240,240
852,240,240
853,240,240
854,240,240
855,240,240
856,240,240
857,240,240
858,240,240
859,240,240
860,240,240
861,240,240
862,240,240
863,240,240
864,240,240
865,240,240
866,240,240
867,240,240
868,240,240
869,240,240
870,240,240
871,240,240
872,240,240
873,240,240
874,240,240
875,240,240
876,240,240
877,240,240
878,240,240
879,240,240
880,240,240
881,240,240
882,240,240
883,240,240
884,240,240
885,240,240
886,240,240
887,240,240
888,240,240
889,240,240
890,240,240
891,240,240
892,240,240
893,240,240
894,240,240
895,240,240
896,240,240
897,240,240
898,240,240
899,240,240
900,240,240
901,240,240
902,240,240
903,240,240
904,240,240
905,240,240
906,240,240
907,240,240
908,240,240
909,240,240
910,240,240
911,240,240
912,240,240
913,240,240
914,240,240
915,240,240
916,240,240
917,240,240
918,240,240
919,240,240
920,240,240
921,240,240
922,240,240
923,240,240
924,240,240
925,240,240
926,240,240
927,240,240
928,240,240
929,240,240
930,240,240
931,240,240
932,240,240
933,240,240
934,240,240
935,240,240
936,240,240
937,240,240
938,240,240
939,240,240
940,240,240
941,240,240
942,240,240
943,240,240
944,240,240
945,240,240
946,240,240
947,240,240
948,240,240
949,240,240
950,240,240
951,240,240
952,240,240
953,240,240
954,240,240
955,240,240
956,240,240
957,240,240
958,240,240
959,240,240
960,240,240
961,240,240
962,240,240
963,240,240
964,240,240
965,240,240
966,240,240
967,240,240
968,240,240
969,240,240
970,240,240
971,240,240
972,240,240
973,240,240
974,240,240
975,240,240
976,240,240
977,240,240
978,240,240
979,240,240
980,240,240
981,240,240
982,240,240
983,240,240
984,240,240
985,240,240
986,240,240
987,240,240
988,240,240
989,240,240
990,240,240
991,240,240
992,240,240
993,240,240
994,240,240
995,240,240
996,240,240
997,240,240
998,240,240
999,240,240
1000,240,240
1001,240,240
1002,240,240
1003,240,240
1004,240,240
1005,240,240
1006,240,240
1007,240,240
1008,240,240
1009,240,240
1010,240,240
1011,240,240
1012,240,240
1013,240,240
1014,240,240
1015,240,240
1016,240,240
1017,240,240
1018,240,240
1019,240,240
1020,240,240
1021,240,240
1022,240,240
1023,240,240
1024,240,240
1025,240,240
1026,240,240
1027,240,240
1028,240,240
1029,240,240
1030,240,240
1031,240,240
1032,240,240
1033,240,240
1034,240,240
1035,240,240
1036,240,240
1037,240,240
1038,240,240
1039,240,240
1040,240,240
1041,240,240
1042,240,240
1043,240,240
1044,240,240
1045,240,240
1046,240,240
1047,240,240
1048,240,240
1049,240,240
1050,240,240
1051,240,240
1052,240,240
1053,240,240
1054,240,240
1055,240,240
1056,240,240
1057,240,240
1058,240,240
1059,240,240
1060,240,240
1061,240,240
1062,240,240
1063,240,240
1064,240,240
1065,240,240
1066,240,240
1067,240,240
1068,240,240
1069,240,240
1070,240,240
1071,240,240
1072,240,240
1073,240,240
1074,240,240
1075,240,240
1076,240,240
1077,240,240
1078,240,240
1079,240,240
1080,240,240
1081,240,240
1082,240,240
1083,240,240
1084,240,240
1085,240,240
1086,240,240
1087,240,240
1088,240,240
1089,240,240
1090,240,240
1091,240,240
1092,240,240
1093,240,240
1094,240,240
1095,240,240
1096,240,240
1097,240,240
1098,240,240
1099,240,240
1100,240,240
1101,240,240
1102,240,240
1103,240,240
1104,240,240
1105,240,240
1106,240,240
1107,240,240
1108,240,240
1109,240,240
1110,240,240
1111,240,240
1112,240,240
1113,240,240
1114,240,240
1115,240,240
1116,240,240
1117,240,240
1118,240,240
1119,240,240
1120,240,240
1121,240,240
1122,240,240
1123,240,240
1124,240,240
1125,240,240
1126,240,240
1127,240,240
1128,240,240
1129,240,240
1130,240,240
1131,240,240
1132,240,240
1133,240,240
1134,240,240
1135,240,240
1136,240,240
1137,240,240
1138,240,240
1139,240,240
1140,240,240
1141,240,240
1142,240,240
1143,240,240
1144,240,240
1145,240,240
1146,240,240
1147,240,240
1148,240,240
1149,240,240
1150,240,240
1151,240,240
1152,240,240
1153,240,240
1154,240,240
1155,240,240
1156,240,240
1157,240,240
1158,240,240
1159,240,240
1160,240,240
1161,240,240
1162,240,240
1163,240,240
1164,240,240
1165,240,240
1166,240,240
1167,240,240
1168,240,240
1169,240,240
1170,240,240
1171,240,240
1172,240,240
1173,240,240
1174,240,240
1175,240,240
1176,240,240
1177,240,240
1178,240,240
1179,240,240
1180,240,240
1181,240,240
1182,240,240
1183,240,240
1184,240,240
1185,240,240
1186,240,240
1187,240,240
1188,240,240
1189,240,240
1190,240,240
1191,240,240
1192,240,240
1193,240,240
1194,240,240
1195,240,240
1196,240,240
1197,240,240
1198,240,240
1199,240,240
1200,240,240
1201,240,240
1202,240,240
1203,240,240
1204,240,240
1205,240,240
1206,240,240
1207,240,240
1208,240,240
1209,240,240
1210,240,240
1211,240,240
1212,240,240
1213,240,240
1214,240,240
1215,240,240
1216,240,240
1217,240,240
1218,240,240
1219,240,240
1220,240,240
1221,240,240
1222,240,240
1223,240,240
1224,240,240
1225,240,240
1226,240,240
1227,240,240
1228,240,240
1229,240,240
1230,240,240
1231,240,240
1232,240,240
1233,240,240
1234,240,240
1235,240,240
1236,240,240
1237,240,240
1238,240,240
1239,240,240
1240,240,240
1241,240,240
1242,240,240
1243,240,240
1244,240,240
1245,240,240
1246,240,240
1247,240,240
1248,240,240
1249,240,240
1250,240,240
1251,240,240
1252,240,240
1253,240,240
1254,240,240
1255,240,240
1256,240,240
1257,240,240
1258,240,240
1259,240,240
1260,240,240
1261,240,240
1262,240,240
1263,240,240
1264,240,240
1265,240,240
1266,240,240
1267,240,240
1268,240,240
1269,240,240
1270,240,240
1271,240,240
1272,240,240
1273,240,240
1274,240,240
1275,240,240
1276,240,240
1277,240,240
1278,240,240
1279,240,240
1280,240,240
1281,240,240
1282,240,240
1283,240,240
1284,240,240
1285,240,240
1286,240,240
1287,240,240
1288,240,240
1289,240,240
1290,240,240
1291,240,240
1292,240,240
1293,240,240
1294,240,240
1295,240,240
1296,240,240
1297,240,240
1298,240,240
1299,240,240
1300,240,240
1301,240,240
1302,240,240
1303,240,240
1304,240,240
1305,240,240
1306,240,240
1307,240,240
1308,240,240
1309,240,240
1310,240,240
1311,240,240
1312,240,240
1313,240,240
1314,240,240
1315,240,240
1316,240,240
1317,240,240
1318,240,240
1319,240,240
1320,240,240
1321,240,240
1322,240,240
1323,240,240
1324,240,240
1325,240,240
1326,240,240
1327,240,240
1328,240,240
1329,240,240
1330,240,240
1331,240,240
1332,240,240
1333,240,240
1334,240,240
1335,240,240
1336,240,240
1337,240,240
1338,240,240
1339,240,240
1340,240,240
1341,240,240
1342,240,240
1343,240,240
1344,240,240
1345,240,240
1346,240,240
1347,240,240
1348,240,240
1349,240,240
1350,240,240
1351,240,240
1352,240,240
1353,240,240
1354,240,240
1355,240,240
1356,240,240
1357,240,240
1358,240,240
1359,240,240
1360,240,240
1361,240,240
1362,240,240
1363,240,240
1364,240,240
1365,240,240
1366,240,240
1367,240,240
1368,240,240
1369,240,240
1370,240,240
1371,240,240
1372,240,240
1373,240,240
1374,240,240
1375,240,240
1376,240,240
1377,240,240
1378,240,240
1379,240,240
1380,240,240
1381,240,240
1382,240,240
1383,240,240
1384,240,240
1385,240,240
1386,240,240
1387,240,240
1388,240,240
1389,240,240
1390,240,240
1391,240,240
1392,240,240
1393,240,240
1394,240,240
1395,240,240
1396,240,240
1397,240,240
1398,240,240
1399,240,240
1400,240,240
1401,240,240
1402,240,240
1403,240,240
1404,240,240
1405,240,240
1406,240,240
1407,240,240
1408,240,240
1409,240,240
1410,240,240
1411,240,240
1412,240,240
1413,240,240
1414,240,240
1415,240,240
1416,240,240
1417,240,240
1418,240,240
1419,240,240
1420,240,240
1421,240,240
1422,240,240
1423,240,240
1424,240,240
1425,240,240
1426,240,240
1427,240,240
1428,240,240
1429,240,240
1430,240,240
1431,240,240
1432,240,240
1433,240,240
1434,240,240
1435,240,240
1436,240,240
1437,240,240
1438,240,240
1439,240,240
1440,240,240
1441,240,240
1442,240,240
1443,240,240
1444,240,240
1445,240,240
1446,240,240
1447,240,240
1448,240,240
1449,240,240
1450,240,240
1451,240,240
1452,240,240
1453,240,240
1454,240,240
1455,240,240
1456,240,240
1457,240,240
1458,240,240
1459,240,240
1460,240,240
1461,240,240
1462,240,240
1463,240,240
1464,240,240
1465,240,240
1466,240,240
1467,240,240
1468,240,240
1469,240,240
1470,240,240
1471,240,240
1472,240,240
1473,240,240
1474,240,240
1475,240,240
1476,240,240
1477,240,240
1478,240,240
1479,240,240
1480,240,240
1481,240,240
1482,240,240
1483,240,240
1484,240,240
1485,240,240
1486,240,240
1487,240,240
1488,240,240
1489,240,240
1490,240,240
1491,240,240
1492,240,240
1493,240,240
1494,240,240
1495,240,240
1496,240,240
1497,240,240
1498,240,240
1499,240,240
1500,240,240
1501,240,240
1502,240,240
1503,240,240
1504,240,240
1505,240,240
1506,240,240
1507,240,240
1508,240,240
1509,240,240
1510,240,240
1511,240,240
1512,240,240
1513,240,240
1514,240,240
1515,240,240
1516,240,240
1517,240,240
1518,240,240
1519,240,240
1520,240,240
1521,240,240
1522,240,240
1523,240,240
1524,240,240
1525,240,240
1526,240,240
1527,240,240
1528,240,240
1529,240,240
1530,240,240
1531,240,240
1532,240,240
1533,240,240
1534,240,240
1535,240,240
1536,240,240
1537,240,240
1538,240,240
1539,240,240
1540,240,240
1541,240,240
1542,240,240
1543,240,240
1544,240,240
1545,240,240
1546,240,240
1547,240,240
1548,240,240
1549,240,240
1550,240,240
1551,240,240
1552,240,240
1553,240,240
1554,240,240
1555,240,240
1556,240,240
1557,240,240
1558,240,240
1559,240,240
1560,240,240
1561,240,240
1562,240,240
1563,240,240
1564,240,240
1565,240,240
1566,240,240
1567,240,240
1568,240,240
1569,240,240
1570,240,240
1571,240,240
1572,240,240
1573,240,240
1574,240,240
1575,240,240
1576,240,240
1577,240,240
1578,240,240
1579,240,240
1580,240,240
1581,240,240
1582,240,240
1583,240,240
1584,240,240
1585,240,240
1586,240,240
1587,240,240
1588,240,240
1589,240,240
1590,240,240
1591,240,240
1592,240,240
1593,240,240
1594,240,240
1595,240,240
1596,240,240
1597,240,240
1598,240,240
1599,240,240
1600,240,240
1601,240,240
1602,240,240
1603,240,240
1604,240,240
1605,240,240
1606,240,240
1607,240,240
1608,240,240
1609,240,240
1610,240,240
1611,240,240
1612,240,240
1613,240,240
1614,240,240
1615,240,240
1616,240,240
1617,240,240
1618,240,240
1619,240,240
1620,240,240
1621,240,240
1622,240,240
1623,240,240
1624,240,240
1625,240,240
1626,240,240
1627,240,240
1628,240,240
1629,240,240
1630,240,240
1631,240,240
1632,240,240
1633,240,240
1634,240,240
1635,240,240
1636,240,240
1637,240,240
1638,240,240
1639,240,240
1640,240,240
1641,240,240
1642,240,240
1643,240,240
1644,240,240
1645,240,240
1646,240,240
1647,240,240
1648,240,240
1649,240,240
1650,240,240
1651,240,240
1652,240,240
1653,240,240
1654,240,240
1655,240,240
1656,240,240
1657,240,240
1658,240,240
1659,240,240
1660,240,240
1661,240,240
1662,240,240
1663,240,240
1664,240,240
1665,240,240
1666,240,240
1667,240,240
1668,240,240
1669,240,240
1670,240,240
1671,240,240
1672,240,240
1673,240,240
1674,240,240
1675,240,240
1676,240,240
1677,240,240
1678,240,240
1679,240,240
1680,240,240
1681,240,240
1682,240,240
1683,240,240
1684,240,240
1685,240,240
1686,240,240
1687,240,240
1688,240,240
1689,240,240
1690,240,240
1691,240,240
1692,240,240
1693,240,240
1694,240,240
1695,240,240
1696,240,240
1697,240,240
1698,240,240
1699,240,240
1700,240,240
1701,240,240
1702,240,240
1703,240,240
1704,240,240
1705,240,240
1706,240,240
1707,240,240
1708,240,240
1709,240,240
1710,240,240
1711,240,240
1712,240,240
1713,240,240
1714,240,240
1715,240,240
1716,240,240
1717,240,240
1718,240,240
1719,240,240
1720,240,240
1721,240,240
1722,240,240
1723,240,240
1724,240,240
1725,240,240
1726,240,240
1727,240,240
1728,240,240
1729,240,240
1730,240,240
1731,240,240
1732,240,240
1733,240,240
1734,240,240
1735,240,240
1736,240,240
1737,240,240
1738,240,240
1739,240,240
1740,240,240
1741,240,240
1742,240,240
1743,240,240
1744,240,240
1745,240,240
1746,240,240
1747,240,240
1748,240,240
1749,240,240
1750,240,240
1751,240,240
1752,240,240
1753,240,240
1754,240,240
1755,240,240
1756,240,240
1757,240,240
1758,240,240
1759,240,240
1760,240,240
1761,240,240
1762,240,240
1763,240,240
1764,240,240
1765,240,240
1766,240,240
1767,240,240
1768,240,240
1769,240,240
1770,240,240
1771,240,240
1772,240,240
1773,240,240
1774,240,240
1775,240,240
1776,240,240
1777,240,240
1778,240,240
1779,240,240
1780,240,240
1781,240,240
1782,240,240
1783,240,240
1784,240,240
1785,240,240
1786,240,240
1787,240,240
1788,240,240
1789,240,240
1790,240,240
1791,240,240
1792,240,240
1793,240,240
1794,240,240
1795,240,240
1796,240,240
1797,240,240
1798,240,240
1799,240,240
1800,240,240
1801,240,240
1802,240,240
1803,240,240
1804,240,240
1805,240,240
1806,240,240
1807,240,240
1808,240,240
1809,240,240
1810,240,240
1811,240,240
1812,240,240
1813,240,240
1814,240,240
1815,240,240
1816,240,240
1817,240,240
1818,240,240
1819,240,240
1820,240,240
1821,240,240
1822,240,240
1823,240,240
1824,240,240
1825,240,240
1826,240,240
1827,240,240
1828,240,240
1829,240,240
1830,240,240
1831,240,240
1832,240,240
1833,240,240
1834,240,240
1835,240,240
1836,240,240
1837,240,240
1838,240,240
1839,240,240
1840,240,240
1841,240,240
1842,240,240
1843,240,240
1844,240,240
1845,240,240
1846,240,240
1847,240,240
1848,240,240
1849,240,240
1850,240,240
1851,240,240
1852,240,240
1853,240,240
1854,240,240
1855,240,240
1856,240,240
1857,240,240
1858,240,240
1859,240,240
1860,240,240
1861,240,240
1862,240,240
1863,240,240
1864,240,240
1865,240,240
1866,240,240
1867,240,240
1868,240,240
1869,240,240
1870,240,240
1871,240,240
1872,240,240
1873,240,240
1874,240,240
1875,240,240
1876,240,240
1877,240,240
1878,240,240
1879,240,240
1880,240,240
1881,240,240
1882,240,240
1883,240,240
1884,240,240
1885,240,240
1886,240,240
1887,240,240
1888,240,240
1889,240,240
1890,240,240
1891,240,240
1892,240,240
1893,240,240
1894,240,240
1895,240,240
1896,240,240
1897,240,240
1898,240,240
1899,240,240
1900,240,240
1901,240,240
1902,240,240
1903,240,240
1904,240,240
1905,240,240
1906,240,240
1907,240,240
1908,240,240
1909,240,240
1910,240,240
1911,240,240
1912,240,240
1913,240,240
1914,240,240
1915,240,240
1916,240,240
1917,240,240
1918,240,240
1919,240,240
1920,240,240
1921,240,240
1922,240,240
1923,240,240
1924,240,240
1925,240,240
1926,240,240
1927,240,240
1928,240,240
1929,240,240
1930,240,240
1931,240,240
1932,240,240
1933,240,240
1934,240,240
1935,240,240
1936,240,240
1937,240,240
1938,240,240
1939,240,240
1940,240,240
1941,240,240
1942,240,240
1943,240,240
1944,240,240
1945,240,240
1946,240,240
1947,240,240
1948,240,240
1949,240,240
1950,240,240
1951,240,240
1952,240,240
1953,240,240
1954,240,240
1955,240,240
1956,240,240
1957,240,240
1958,240,240
1959,240,240
1960,240,240
1961,240,240
1962,240,240
1963,240,240
1964,240,240
1965,240,240
1966,240,240
1967,240,240
1968,240,240
1969,240,240
1970,240,240
1971,240,240
1972,240,240
1973,240,240
1974,240,240
1975,240,240
1976,240,240
1977,240,240
1978,240,240
1979,240,240
1980,240,240
1981,240,240
1982,240,240
1983,240,240
1984,240,240
1985,240,240
1986,240,240
1987,240,240
1988,240,240
1989,240,240
1990,240,240
1991,240,240
1992,240,240
1993,240,240
1994,240,240
1995,240,240
1996,240,240
1997,240,240
1998,240,240
1999,240,240
2000,240,240
2001,240,240
2002,240,240
2003,240,240
2004,240,240
2005,240,240
2006,240,240
2007,240,240
2008,240,240
2009,240,240
2010,240,240
2011,240,240
2012,240,240
2013,240,240
2014,240,240
2015,240,240
2016,240,240
2017,240,240
2018,240,240
2019,240,240
2020,240,240
2021,240,240
2022,240,240
2023,240,240
2024,240,240
2025,240,240
2026,240,240
2027,240,240
2028,240,240
2029,240,240
2030,240,240
2031,240,240
2032,240,240
2033,240,240
2034,240,240
2035,240,240
2036,240,240
2037,240,240
2038,240,240
2039,240,240
2040,240,240
2041,240,240
2042,240,240
2043,240,240
2044,240,240
2045,240,240
2046,240,240
2047,240,240
2048,240,240
2049,240,240
2050,240,240
2051,240,240
2052,240,240
2053,240,240
2054,240,240
2055,240,240
2056,240,240
2057,240,240
2058,240,240
2059,240,240
2060,240,240
2061,240,240
2062,240,240
2063,240,240
2064,240,240
2065,240,240
2066,240,240
2067,240,240
2068,240,240
2069,240,240
2070,240,240
2071,240,240
2072,240,240
2073,240,240
2074,240,240
2075,240,240
2076,240,240
2077,240,240
2078,240,240
2079,240,240
2080,240,240
2081,240,240
2082,240,240
2083,240,240
2084,240,240
2085,240,240
2086,240,240
2087,240,240
2088,240,240
2089,240,240
2090,240,240
2091,240,240
2092,240,240
2093,240,240
2094,240,240
2095,240,240
2096,240,240
2097,240,240
2098,240,240
2099,240,240
2100,240,240
2101,240,240
2102,240,240
2103,240,240
2104,240,240
2105,240,240
2106,240,240
2107,240,240
2108,240,240
2109,240,240
2110,240,240
2111,240,240
2112,240,240
2113,240,240
2114,240,240
2115,240,240
2116,240,240
2117,240,240
2118,240,240
2119,240,240
2120,240,240
2121,240,240
2122,240,240
2123,240,240
2124,240,240
2125,240,240
2126,240,240
2127,240,240
2128,240,240
2129,240,240
2130,240,240
2131,240,240
2132,240,240
2133,240,240
2134,240,240
2135,240,240
2136,240,240
2137,240,240
2138,240,240
2139,240,240
2140,240,240
2141,240,240
2142,240,240
2143,240,240
2144,240,240
2145,240,240
2146,240,240
2147,240,240
2148,240,240
2149,240,240
2150,240,240
2151,240,240
2152,240,240
2153,240,240
2154,240,240
2155,240,240
2156,240,240
2157,240,240
2158,240,240
2159,240,240
2160,240,240
2161,240,240
2162,240,240
2163,240,240
2164,240,240
2165,240,240
2166,240,240
2167,240,240
2168,240,240
2169,240,240
2170,240,240
2171,240,240
2172,240,240
2173,240,240
2174,240,240
2175,240,240
2176,240,240
2177,240,240
2178,240,240
2179,240,240
2180,240,240
2181,240,240
2182,240,240
2183,240,240
2184,240,240
2185,240,240
2186,240,240
2187,240,240
2188,240,240
2189,240,240
2190,240,240
2191,240,240
2192,240,240
2193,240,240
2194,240,240
2195,240,240
2196,240,240
2197,240,240
2198,240,240
2199,240,240
2200,240,240
2201,240,240
2202,240,240
2203,240,240
2204,240,240
2205,240,240
2206,240,240
2207,240,240
2208,240,240
2209,240,240
2210,240,240
2211,240,240
2212,240,240
2213,240,240
2214,240,240
2215,240,240
2216,240,240
2217,240,240
2218,240,240
2219,240,240
2220,240,240
2221,240,240
2222,240,240
2223,240,240
2224,240,240
2225,240,240
2226,240,240
2227,240,240
2228,240,240
2229,240,240
2230,240,240
2231,240,240
2232,240,240
2233,240,240
2234,240,240
2235,240,240
2236,240,240
2237,240,240
2238,240,240
2239,240,240
2240,240,240
2241,240,240
2242,240,240
2243,240,240
2244,240,240
2245,240,240
2246,240,240
2247,240,240
2248,240,240
2249,240,240
2250,240,240
2251,240,240
2252,240,240
2253,240,240
2254,240,240
2255,240,240
2256,240,240
2257,240,240
2258,240,240
2259,240,240
2260,240,240
2261,240,240
2262,240,240
2263,240,240
2264,240,240
2265,240,240
2266,240,240
2267,240,240
2268,240,240
2269,240,240
2270,240,240
2271,240,240
2272,240,240
2273,240,240
2274,240,240
2275,240,240
2276,240,240
2277,240,240
2278,240,240
2279,240,240
2280,240,240
2281,240,240
2282,240,240
2283,240,240
2284,240,240
2285,240,240
2286,240,240
2287,240,240
2288,240,240
2289,240,240
2290,240,240
2291,240,240
2292,240,240
2293,240,240
2294,240,240
2295,240,240
2296,240,240
2297,240,240
2298,240,240
2299,240,240
2300,240,240
2301,240,240
2302,240,240
2303,240,240
2304,240,240
2305,240,240
2306,240,240
2307,240,240
2308,240,240
2309,240,240
2310,240,240
2311,240,240
2312,240,240
2313,240,240
2314,240,240
2315,240,240
2316,240,240
2317,240,240
2318,240,240
2319,240,240
2320,240,240
2321,240,240
2322,240,240
2323,240,240
2324,240,240
2325,240,240
2326,240,240
2327,240,240
2328,240,240
2329,240,240
2330,240,240
2331,240,240
2332,240,240
2333,240,240
2334,240,240
2335,240,240
2336,240,240
2337,240,240
2338,240,240
2339,240,240
2340,240,240
2341,240,240
2342,240,240
2343,240,240
2344,240,240
2345,240,240
2346,240,240
2347,240,240
2348,240,240
2349,240,240
2350,240,240
2351,240,240
2352,240,240
2353,240,240
2354,240,240
2355,240,240
2356,240,240
2357,240,240
2358,240,240
2359,240,240
2360,240,240
2361,240,240
2362,240,240
2363,240,240
2364,240,240
2365,240,240
2366,240,240
2367,240,240
2368,240,240
2369,240,240
2370,240,240
2371,240,240
2372,240,240
2373,240,240
2374,240,240
2375,240,240
2376,240,240
2377,240,240
2378,240,240
2379,240,240
2380,240,240
2381,240,240
2382,240,240
2383,240,240
2384,240,240
2385,240,240
2386,240,240
2387,240,240
2388,240,240
2389,240,240
2390,240,240
2391,240,240
2392,240,240
2393,240,240
2394,240,240
2395,240,240
2396,240,240
2397,240,240
2398,240,240
2399,240,240
2400,240,240
2401,240,240
2402,240,240
2403,240,240
2404,240,240
2405,240,240
2406,240,240
2407,240,240
2408,240,240
2409,240,240
2410,240,240
2411,240,240
2412,240,240
2413,240,240
2414,240,240
2415,240,240
2416,240,240
2417,240,240
2418,240,240
2419,240,240
2420,240,240
2421,240,240
2422,240,240
2423,240,240
2424,240,240
2425,240,240
2426,240,240
2427,240,240
2428,240,240
2429,240,240
2430,240,240
2431,240,240
2432,240,240
2433,240,240
2434,240,240
2435,240,240
2436,240,240
2437,240,240
2438,240,240
2439,240,240
2440,240,240
2441,240,240
2442,240,240
2443,240,240
2444,240,240
2445,240,240
2446,240,240
2447,240,240
2448,240,240
2449,240,240
2450,240,240
2451,240,240
2452,240,240
2453,240,240
2454,240,240
2455,240,240
2456,240,240
2457,240,240
2458,240,240
2459,240,240
2460,240,240
2461,240,240
2462,240,240
2463,240,240
2464,240,240
2465,240,240
2466,240,240
2467,240,240
2468,240,240
2469,240,240
2470,240,240
2471,240,240
2472,240,240
2473,240,240
2474,240,240
2475,240,240
2476,240,240
2477,240,240
2478,240,240
2479,240,240
2480,240,240
2481,240,240
2482,240,240
2483,240,240
2484,240,240
2485,240,240
2486,240,240
2487,240,240
2488,240,240
2489,240,240
2490,240,240
2491,240,240
2492,240,240
2493,240,240
2494,240,240
2495,240,240
2496,240,240
2497,240,240
2498,240,240
2499,240,240
2500,240,240
2501,240,240
2502,240,240
2503,240,240
2504,240,240
2505,240,240
2506,240,240
2507,240,240
2508,240,240
2509,240,240
2510,240,240
2511,240,240
2512,240,240
2513,240,240
2514,240,240
2515,240,240
2516,240,240
2517,240,240
2518,240,240
2519,240,240
2520,240,240
2521,240,240
2522,240,240
2523,240,240
2524,240,240
2525,240,240
2526,240,240
2527,240,240
2528,240,240
2529,240,240
2530,240,240
2531,240,240
2532,240,240
2533,240,240
2534,240,240
2535,240,240
2536,240,240
2537,240,240
2538,240,240
2539,240,240
2540,240,240
2541,240,240
2542,240,240
2543,240,240
2544,240,240
2545,240,240
2546,240,240
2547,240,240
2548,240,240
2549,240,240
2550,240,240
2551,240,240
2552,240,240
2553,240,240
2554,240,240
2555,240,240
2556,240,240
2557,240,240
2558,240,240
2559,240,240
2560,240,240
2561,240,240
2562,240,240
2563,240,240
2564,240,240
2565,240,240
2566,240,240
2567,240,240
2568,240,240
2569,240,240
2570,240,240
2571,240,240
2572,240,240
2573,240,240
2574,240,240
2575,240,240
2576,240,240
2577,240,240
2578,240,240
2579,240,240
2580,240,240
2581,240,240
2582,240,240
2583,240,240
2584,240,240
2585,240,240
2586,240,240
2587,240,240
2588,240,240
2589,240,240
2590,240,240
2591,240,240
2592,240,240
2593,240,240
2594,240,240
2595,240,240
2596,240,240
2597,240,240
2598,240,240
2599,240,240
2600,240,240
2601,240,240
2602,240,240
2603,240,240
2604,240,240
2605,240,240
2606,240,240
2607,240,240
2608,240,240
2609,240,240
2610,240,240
2611,240,240
2612,240,240
2613,240,240
2614,240,240
2615,240,240
2616,240,240
2617,240,240
2618,240,240
2619,240,240
2620,240,240
2621,240,240
2622,240,240
2623,240,240
2624,240,240
2625,240,240
2626,240,240
2627,240,240
2628,240,240
2629,240,240
2630,240,240
2631,240,240
2632,240,240
2633,240,240
2634,240,240
2635,240,240
2636,240,240
2637,240,240
2638,240,240
2639,240,240
2640,240,240
2641,240,240
2642,240,240
2643,240,240
2644,240,240
2645,240,240
2646,240,240
2647,240,240
2648,240,240
2649,240,240
2650,240,240
2651,240,240
2652,240,240
2653,240,240
2654,240,240
2655,240,240
2656,240,240
2657,240,240
2658,240,240
2659,240,240
2660,240,240
2661,240,240
2662,240,240
2663,240,240
2664,240,240
2665,240,240
2666,240,240
2667,240,240
2668,240,240
2669,240,240
2670,240,240
2671,240,240
2672,240,240
2673,240,240
2674,240,240
2675,240,240
2676,240,240
2677,240,240
2678,240,240
2679,240,240
2680,240,240
2681,240,240
2682,240,240
2683,240,240
2684,240,240
2685,240,240
2686,240,240
2687,240,240
2688,240,240
2689,240,240
2690,240,240
2691,240,240
2692,240,240
2693,240,240
2694,240,240
2695,240,240
2696,240,240
2697,240,240
2698,240,240
2699,240,240
2700,240,240
2701,240,240
2702,240,240
2703,240,240
2704,240,240
2705,240,240
2706,240,240
2707,240,240
2708,240,240
2709,240,240
2710,240,240
2711,240,240
2712,240,240
2713,240,240
2714,240,240
2715,240,240
2716,240,240
2717,240,240
2718,240,240
2719,240,240
2720,240,240
2721,240,240
2722,240,240
2723,240,240
2724,240,240
2725,240,240
2726,240,240
2727,240,240
2728,240,240
2729,240,240
2730,240,240
2731,240,240
2732,240,240
2733,240,240
2734,240,240
2735,240,240
2736,240,240
2737,240,240
2738,240,240
2739,240,240
2740,240,240
2741,240,240
2742,240,240
2743,240,240
2744,240,240
2745,240,240
2746,240,240
2747,240,240
2748,240,240
2749,240,240
2750,240,240
2751,240,240
2752,240,240
2753,240,240
2754,240,240
2755,240,240
2756,240,240
2757,240,240
2758,240,240
2759,240,240
2760,240,240
2761,240,240
2762,240,240
2763,240,240
2764,240,240
2765,240,240
2766,240,240
2767,240,240
2768,240,240
2769,240,240
2770,240,240
2771,240,240
2772,240,240
2773,240,240
2774,240,240
2775,240,240
2776,240,240
2777,240,240
2778,240,240
2779,240,240
2780,240,240
2781,240,240
2782,240,240
2783,240,240
2784,240,240
2785,240,240
2786,240,240
2787,240,240
2788,240,240
2789,240,240
2790,240,240
2791,240,240
2792,240,240
2793,240,240
2794,240,240
2795,240,240
2796,240,240
2797,240,240
2798,240,240
2799,240,240
2800,240,240
2801,240,240
2802,240,240
2803,240,240
2804,240,240
2805,240,240
2806,240,240
2807,240,240
2808,240,240
2809,240,240
2810,240,240
2811,240,240
2812,240,240
2813,240,240
2814,240,240
2815,240,240
2816,240,240
2817,240,240
2818,240,240
2819,240,240
2820,240,240
2821,240,240
2822,240,240
2823,240,240
2824,240,240
2825,240,240
2826,240,240
2827,240,240
2828,240,240
2829,240,240
2830,240,240
2831,240,240
2832,240,240
2833,240,240
2834,240,240
2835,240,240
2836,240,240
2837,240,240
2838,240,240
2839,240,240
2840,240,240
2841,240,240
2842,240,240
2843,240,240
2844,240,240
2845,240,240
2846,240,240
2847,240,240
2848,240,240
2849,240,240
2850,240,240
2851,240,240
2852,240,240
2853,240,240
2854,240,240
2855,240,240
2856,240,240
2857,240,240
2858,240,240
2859,240,240
2860,240,240
2861,240,240
2862,240,240
2863,240,240
2864,240,240
2865,240,240
2866,240,240
2867,240,240
2868,240,240
2869,240,240
2870,240,240
2871,240,240
2872,240,240
2873,240,240
2874,240,240
2875,240,240
2876,240,240
2877,240,240
2878,240,240
2879,240,240
2880,240,240
2881,240,240
2882,240,240
2883,240,240
2884,240,240
2885,240,240
2886,240,240
2887,240,240
2888,240,240
2889,240,240
2890,240,240
2891,240,240
2892,240,240
2893,240,240
2894,240,240
2895,240,240
2896,240,240
2897,240,240
2898,240,240
2899,240,240
2900,240,240
2901,240,240
2902,240,240
2903,240,240
2904,240,240
2905,240,240
2906,240,240
2907,240,240
2908,240,240
2909,240,240
2910,240,240
2911,240,240
2912,240,240
2913,240,240
2914,240,240
2915,240,240
2916,240,240
2917,240,240
2918,240,240
2919,240,240
2920,240,240
2921,240,240
2922,240,240
2923,240,240
2924,240,240
2925,240,240
2926,240,240
2927,240,240
2928,240,240
2929,240,240
2930,240,240
2931,240,240
2932,240,240
2933,240,240
2934,240,240
2935,240,240
2936,240,240
2937,240,240
2938,240,240
2939,240,240
2940,240,240
2941,240,240
2942,240,240
2943,240,240
2944,240,240
2945,240,240
2946,240,240
2947,240,240
2948,240,240
2949,240,240
2950,240,240
2951,240,240
2952,240,240
2953,240,240
2954,240,240
2955,240,240
2956,240,240
2957,240,240
2958,240,240
2959,240,240
2960,240,240
2961,240,240
2962,240,240
2963,240,240
2964,240,240
2965,240,240
2966,240,240
2967,240,240
2968,240,240
2969,240,240
2970,240,240
2971,240,240
2972,240,240
2973,240,240
2974,240,240
2975,240,240
2976,240,240
2977,240,240
2978,240,240
2979,240,240
2980,240,240
2981,240,240
2982,240,240
2983,240,240
2984,240,240
2985,240,240
2986,240,240
2987,240,240
2988,240,240
2989,240,240
2990,240,240
2991,240,240
2992,240,240
2993,240,240
2994,240,240
2995,240,240
2996,240,240
2997,240,240
2998,240,240
2999,240,240
3000,240,240
3001,240,240
3002,240,240
3003,240,240
3004,240,240
3005,240,240
3006,240,240
3007,240,240
3008,240,240
3009,240,240
3010,240,240
3011,240,240
3012,240,240
3013,240,240
3014,240,240
3015,240,240
3016,240,240
3017,240,240
3018,240,240
3019,240,240
3020,240,240
3021,240,240
3022,240,240
3023,240,240
3024,240,240
3025,240,240
3026,240,240
3027,240,240
3028,240,240
3029,240,240
3030,240,240
3031,240,240
3032,240,240
3033,240,240
3034,240,240
3035,240,240
3036,240,240
3037,240,240
3038,240,240
3039,240,240
3040,240,240
3041,240,240
3042,240,240
3043,240,240
3044,240,240
3045,240,240
3046,240,240
3047,240,240
3048,240,240
3049,240,240
3050,240,240
3051,240,240
3052,240,240
3053,240,240
3054,240,240
3055,240,240
3056,240,240
3057,240,240
3058,240,240
3059,240,240
3060,240,240
3061,240,240
3062,240,240
3063,240,240
3064,240,240
3065,240,240
3066,240,240
3067,240,240
3068,240,240
3069,240,240
3070,240,240
3071,240,240
3072,240,240
3073,240,240
3074,240,240
3075,240,240
3076,240,240
3077,240,240
3078,240,240
3079,240,240
3080,240,240
3081,240,240
3082,240,240
3083,240,240
3084,240,240
3085,240,240
3086,240,240
3087,240,240
3088,240,240
3089,240,240
3090,240,240
3091,240,240
3092,240,240
3093,240,240
3094,240,240
3095,240,240
3096,240,240
3097,240,240
3098,240,240
3099,240,240
3100,240,240
3101,240,240
3102,240,240
3103,240,240
3104,240,240
3105,240,240
3106,240,240
3107,240,240
3108,240,240
3109,240,240
3110,240,240
3111,240,240
3112,240,240
3113,240,240
3114,240,240
3115,240,240
3116,240,240
3117,240,240
3118,240,240
3119,240,240
3120,240,240
3121,240,240
3122,240,240
3123,240,240
3124,240,240
3125,240,240
3126,240,240
3127,240,240
3128,240,240
3129,240,240
3130,240,240
3131,240,240
3132,240,240
3133,240,240
3134,240,240
3135,240,240
3136,240,240
3137,240,240
3138,240,240
3139,240,240
3140,240,240
3141,240,240
3142,240,240
3143,240,240
3144,240,240
3145,240,240
3146,240,240
3147,240,240
3148,240,240
3149,240,240
3150,240,240
3151,240,240
3152,240,240
3153,240,240
3154,240,240
3155,240,240
3156,240,240
3157,240,240
3158,240,240
3159,240,240
3160,240,240
3161,240,240
3162,240,240
3163,240,240
3164,240,240
3165,240,240
3166,240,240
3167,240,240
3168,240,240
3169,240,240
3170,240,240
3171,240,240
3172,240,240
3173,240,240
3174,240,240
3175,240,240
3176,240,240
3177,240,240
3178,240,240
3179,240,240
3180,240,240
3181,240,240
3182,240,240
3183,240,240
3184,240,240
3185,240,240
3186,240,240
3187,240,240
3188,240,240
3189,240,240
3190,240,240
3191,240,240
3192,240,240
3193,240,240
3194,240,240
3195,240,240
3196,240,240
3197,240,240
3198,240,240
3199,240,240
3200,240,240
3201,240,240
3202,240,240
3203,240,240
3204,240,240
3205,240,240
3206,240,240
3207,240,240
3208,240,240
3209,240,240
3210,240,240
3211,240,240
3212,240,240
3213,240,240
3214,240,240
3215,240,240
3216,240,240
3217,240,240
3218,240,240
3219,240,240
3220,240,240
3221,240,240
3222,240,240
3223,240,240
3224,240,240
3225,240,240
3226,240,240
3227,240,240
3228,240,240
3229,240,240
3230,240,240
3231,240,240
3232,240,240
3233,240,240
3234,240,240
3235,240,240
3236,240,240
3237,240,240
3238,240,240
3239,240,240
3240,240,240
3241,240,240
3242,240,240
3243,240,240
3244,240,240
3245,240,240
3246,240,240
3247,240,240
3248,240,240
3249,240,240
3250,240,240
3251,240,240
3252,240,240
3253,240,240
3254,240,240
3255,240,240
3256,240,240
3257,240,240
3258,240,240
3259,240,240
3260,240,240
3261,240,240
3262,240,240
3263,240,240
3264,240,240
3265,240,240
3266,240,240
3267,240,240
3268,240,240
3269,240,240
3270,240,240
3271,240,240
3272,240,240
3273,240,240
3274,240,240
3275,240,240
3276,240,240
3277,240,240
3278,240,240
3279,240,240
3280,240,240
3281,240,240
3282,240,240
3283,240,240
3284,240,240
3285,240,240
3286,240,240
3287,240,240
3288,240,240
3289,240,240
3290,240,240
3291,240,240
3292,240,240
3293,240,240
3294,240,240
3295,240,240
3296,240,240
3297,240,240
3298,240,240
3299,240,240
3300,240,240
3301,240,240
3302,240,240
3303,240,240
3304,240,240
3305,240,240
3306,240,240
3307,240,240
3308,240,240
3309,240,240
3310,240,240
3311,240,240
3312,240,240
3313,240,240
3314,240,240
3315,240,240
3316,240,240
3317,240,240
3318,240,240
3319,240,240
3320,240,240
3321,240,240
3322,240,240
3323,240,240
3324,240,240
3325,240,240
3326,240,240
3327,240,240
3328,240,240
3329,240,240
3330,240,240
3331,240,240
3332,240,240
3333,240,240
3334,240,240
3335,240,240
3336,240,240
3337,240,240
3338,240,240
3339,240,240
3340,240,240
3341,240,240
3342,240,240
3343,240,240
3344,240,240
3345,240,240
3346,240,240
3347,240,240
3348,240,240
3349,240,240
3350,240,240
3351,240,240
3352,240,240
3353,240,240
3354,240,240
3355,240,240
3356,240,240
3357,240,240
3358,240,240
3359,240,240
3360,240,240
3361,240,240
3362,240,240
3363,240,240
3364,240,240
3365,240,240
3366,240,240
3367,240,240
3368,240,240
3369,240,240
3370,240,240
3371,240,240
3372,240,240
3373,240,240
3374,240,240
3375,240,240
3376,240,240
3377,240,240
3378,240,240
3379,240,240
3380,240,240
3381,240,240
3382,240,240
3383,240,240
3384,240,240
3385,240,240
3386,240,240
3387,240,240
3388,240,240
3389,240,240
3390,240,240
3391,240,240
3392,240,240
3393,240,240
3394,240,240
3395,240,240
3396,240,240
3397,240,240
3398,240,240
3399,240,240
3400,240,240
3401,240,240
3402,240,240
3403,240,240
3404,240,240
3405,240,240
3406,240,240
3407,240,240
3408,240,240
3409,240,240
3410,240,240
3411,240,240
3412,240,240
3413,240,240
3414,240,240
3415,240,240
3416,240,240
3417,240,240
3418,240,240
3419,240,240
3420,240,240
3421,240,240
3422,240,240
3423,240,240
3424,240,240
3425,240,240
3426,240,240
3427,240,240
3428,240,240
3429,240,240
3430,240,240
3431,240,240
3432,240,240
3433,240,240
3434,240,240
3435,240,240
3436,240,240
3437,240,240
3438,240,240
3439,240,240
3440,240,240
3441,240,240
3442,240,240
3443,240,240
3444,240,240
3445,240,240
3446,240,240
3447,240,240
3448,240,240
3449,240,240
3450,240,240
3451,240,240
3452,240,240
3453,240,240
3454,240,240
3455,240,240
3456,240,240
3457,240,240
3458,240,240
3459,240,240
3460,240,240
3461,240,240
3462,240,240
3463,240,240
3464,240,240
3465,240,240
3466,240,240
3467,240,240
3468,240,240
3469,240,240
3470,240,240
3471,240,240
3472,240,240
3473,240,240
3474,240,240
3475,240,240
3476,240,240
3477,240,240
3478,240,240
3479,240,240
3480,240,240
3481,240,240
3482,240,240
3483,240,240
3484,240,240
3485,240,240
3486,240,240
3487,240,240
3488,240,240
3489,240,240
3490,240,240
3491,240,240
3492,240,240
3493,240,240
3494,240,240
3495,240,240
3496,240,240
3497,240,240
3498,240,240
3499,240,240
3500,240,240
3501,240,240
3502,240,240
3503,240,240
3504,240,240
3505,240,240
3506,240,240
3507,240,240
3508,240,240
3509,240,240
3510,240,240
3511,240,240
3512,240,240
3513,240,240
3514,240,240
3515,240,240
3516,240,240
3517,240,240
3518,240,240
3519,240,240
3520,240,240
3521,240,240
3522,240,240
3523,240,240
3524,240,240
3525,240,240
3526,240,240
3527,240,240
3528,240,240
3529,240,240
3530,240,240
3531,240,240
3532,240,240
3533,240,240
3534,240,240
3535,240,240
3536,240,240
3537,240,240
3538,240,240
3539,240,240
3540,240,240
3541,240,240
3542,240,240
3543,240,240
3544,240,240
3545,240,240
3546,240,240
3547,240,240
3548,240,240
3549,240,240
3550,240,240
3551,240,240
3552,240,240
3553,240,240
3554,240,240
3555,240,240
3556,240,240
3557,240,240
3558,240,240
3559,240,240
3560,240,240
3561,240,240
3562,240,240
3563,240,240
3564,240,240
3565,240,240
3566,240,240
3567,240,240
3568,240,240
3569,240,240
3570,240,240
3571,240,240
3572,240,240
3573,240,240
3574,240,240
3575,240,240
3576,240,240
3577,240,240
3578,240,240
3579,240,240
3580,240,240
3581,240,240
3582,240,240
3583,240,240
3584,240,240
3585,240,240
3586,240,240
3587,240,240
3588,240,240
3589,240,240
3590,240,240
3591,240,240
3592,240,240
3593,240,240
3594,240,240
3595,240,240
3596,240,240
3597,240,240
3598,240,240
3599,240,240
3600,240,240
3601,240,240
3602,240,240
3603,240,240
3604,240,240
3605,240,240
3606,240,240
3607,240,240
3608,240,240
3609,240,240
3610,240,240
3611,240,240
3612,240,240
3613,240,240
3614,240,240
3615,240,240
3616,240,240
3617,240,240
3618,240,240
3619,240,240
3620,240,240
3621,240,240
3622,240,240
3623,240,240
3624,240,240
3625,240,240
3626,240,240
3627,240,240
3628,240,240
3629,240,240
3630,240,240
3631,240,240
3632,240,240
3633,240,240
3634,240,240
3635,240,240
3636,240,240
3637,240,240
3638,240,240
3639,240,240
3640,240,240
3641,240,240
3642,240,240
3643,240,240
3644,240,240
3645,240,240
3646,240,240
3647,240,240
3648,240,240
3649,240,240
3650,240,240
3651,240,240
3652,240,240
3653,240,240
3654,240,240
3655,240,240
3656,240,240
3657,240,240
3658,240,240
3659,240,240
3660,240,240
3661,240,240
3662,240,240
3663,240,240
3664,240,240
3665,240,240
3666,240,240
3667,240,240
3668,240,240
3669,240,240
3670,240,240
3671,240,240
3672,240,240
3673,240,240
3674,240,240
3675,240,240
3676,240,240
3677,240,240
3678,240,240
3679,240,240
3680,240,240
3681,240,240
3682,240,240
3683,240,240
3684,240,240
3685,240,240
3686,240,240
3687,240,240
3688,240,240
3689,240,240
3690,240,240
3691,240,240
3692,240,240
3693,240,240
3694,240,240
3695,240,240
3696,240,240
3697,240,240
3698,240,240
3699,240,240
3700,240,240
3701,240,240
3702,240,240
3703,240,240
3704,240,240
3705,240,240
3706,240,240
3707,240,240
3708,240,240
3709,240,240
3710,240,240
3711,240,240
3712,240,240
3713,240,240
3714,240,240
3715,240,240
3716,240,240
3717,240,240
3718,240,240
3719,240,240
3720,240,240
3721,240,240
3722,240,240
3723,240,240
3724,240,240
3725,240,240
3726,240,240
3727,240,240
3728,240,240
3729,240,240
3730,240,240
3731,240,240
3732,240,240
3733,240,240
3734,240,240
3735,240,240
3736,240,240
3737,240,240
3738,240,240
3739,240,240
3740,240,240
3741,240,240
3742,240,240
3743,240,240
3744,240,240
3745,240,240
3746,240,240
3747,240,240
3748,240,240
3749,240,240
3750,240,240
3751,240,240
3752,240,240
3753,240,240
3754,240,240
3755,240,240
3756,240,240
3757,240,240
3758,240,240
3759,240,240
3760,240,240
3761,240,240
3762,240,240
3763,240,240
3764,240,240
3765,240,240
3766,240,240
3767,240,240
3768,240,240
3769,240,240
3770,240,240
3771,240,240
3772,240,240
3773,240,240
3774,240,240
3775,240,240
3776,240,240
3777,240,240
3778,240,240
3779,240,240
3780,240,240
3781,240,240
3782,240,240
3783,240,240
3784,240,240
3785,240,240
3786,240,240
3787,240,240
3788,240,240
3789,240,240
3790,240,240
3791,240,240
3792,240,240
3793,240,240
3794,240,240
3795,240,240
3796,240,240
3797,240,240
3798,240,240
3799,240,240
3800,240,240
3801,240,240
3802,240,240
3803,240,240
3804,240,240
3805,240,240
3806,240,240
3807,240,240
3808,240,240
3809,240,240
3810,240,240
3811,240,240
3812,240,240
3813,240,240
3814,240,240
3815,240,240
3816,240,240
3817,240,240
3818,240,240
3819,240,240
3820,240,240
3821,240,240
3822,240,240
3823,240,240
3824,240,240
3825,240,240
3826,240,240
3827,240,240
3828,240,240
3829,240,240
3830,240,240
3831,240,240
3832,240,240
3833,240,240
3834,240,240
3835,240,240
3836,240,240
3837,240,240
3838,240,240
3839,240,240
3840,240,240
3841,240,240
3842,240,240
3843,240,240
3844,240,240
3845,240,240
3846,240,240
3847,240,240
3848,240,240
3849,240,240
3850,240,240
3851,240,240
3852,240,240
3853,240,240
3854,240,240
3855,240,240
3856,240,240
3857,240,240
3858,240,240
3859,240,240
3860,240,240
3861,240,240
3862,240,240
3863,240,240
3864,240,240
3865,240,240
3866,240,240
3867,240,240
3868,240,240
3869,240,240
3870,240,240
3871,240,240
3872,240,240
3873,240,240
3874,240,240
3875,240,240
3876,240,240
3877,240,240
3878,240,240
3879,240,240
3880,240,240
3881,240,240
3882,240,240
3883,240,240
3884,240,240
3885,240,240
3886,240,240
3887,240,240
3888,240,240
3889,240,240
3890,240,240
3891,240,240
3892,240,240
3893,240,240
3894,240,240
3895,240,240
3896,240,240
3897,240,240
3898,240,240
3899,240,240
3900,240,240
3901,240,240
3902,240,240
3903,240,240
3904,240,240
3905,240,240
3906,240,240
3907,240,240
3908,240,240
3909,240,240
3910,240,240
3911,240,240
3912,240,240
3913,240,240
3914,240,240
3915,240,240
3916,240,240
3917,240,240
3918,240,240
3919,240,240
3920,240,240
3921,240,240
3922,240,240
3923,240,240
3924,240,240
3925,240,240
3926,240,240
3927,240,240
3928,240,240
3929,240,240
3930,240,240
3931,240,240
3932,240,240
3933,240,240
3934,240,240
3935,240,240
3936,240,240
3937,240,240
3938,240,240
3939,240,240
3940,240,240
3941,240,240
3942,240,240
3943,240,240
3944,240,240
3945,240,240
3946,240,240
3947,240,240
3948,240,240
3949,240,240
3950,240,240
3951,240,240
3952,240,240
3953,240,240
3954,240,240
3955,240,240
3956,240,240
3957,240,240
3958,240,240
3959,240,240
3960,240,240
3961,240,240
3962,240,240
3963,240,240
3964,240,240
3965,240,240
3966,240,240
3967,240,240
3968,240,240
3969,240,240
3970,240,240
3971,240,240
3972,240,240
3973,240,240
3974,240,240
3975,240,240
3976,240,240
3977,240,240
3978,240,240
3979,240,240
3980,240,240
3981,240,240
3982,240,240
3983,240,240
3984,240,240
3985,240,240
3986,240,240
3987,240,240
3988,240,240
3989,240,240
3990,240,240
3991,240,240
3992,240,240
3993,240,240
3994,240,240
3995,240,240
3996,240,240
3997,240,240
3998,240,240
3999,240,240
4000,240,240
4001,240,240
4002,240,240
4003,240,240
4004,240,240
4005,240,240
4006,240,240
4007,240,240
4008,240,240
4009,240,240
4010,240,240
4011,240,240
4012,240,240
4013,240,240
4014,240,240
4015,240,240
4016,240,240
4017,240,240
4018,240,240
4019,240,240
4020,240,240
4021,240,240
4022,240,240
4023,240,240
4024,240,240
4025,240,240
4026,240,240
4027,240,240
4028,240,240
4029,240,240
4030,240,240
4031,240,240
4032,240,240
4033,240,240
4034,240,240
4035,240,240
4036,240,240
4037,240,240
4038,240,240
4039,240,240
4040,240,240
4041,240,240
4042,240,240
4043,240,240
4044,240,240
4045,240,240
4046,240,240
4047,240,240
4048,240,240
4049,240,240
4050,240,240
4051,240,240
4052,240,240
4053,240,240
4054,240,240
4055,240,240
4056,240,240
4057,240,240
4058,240,240
4059,240,240
4060,240,240
4061,240,240
4062,240,240
4063,240,240
4064,240,240
4065,240,240
4066,240,240
4067,240,240
4068,240,240
4069,240,240
4070,240,240
4071,240,240
4072,240,240
4073,240,240
4074,240,240
4075,240,240
4076,240,240
4077,240,240
4078,240,240
4079,240,240
4080,240,240
4081,240,240
4082,240,240
4083,240,240
4084,240,240
4085,240,240
4086,240,240
4087,240,240
4088,240,240
4089,240,240
4090,240,240
4091,240,240
4092,240,240
4093,240,240
4094,240,240
4095,240,240
4096,240,240
4097,240,240
4098,240,240
4099,240,240
4100,240,240
4101,240,240
4102,240,240
4103,240,240
4104,240,240
4105,240,240
4106,240,240
4107,240,240
4108,240,240
4109,240,240
4110,240,240
4111,240,240
4112,240,240
4113,240,240
4114,240,240
4115,240,240
4116,240,240
4117,240,240
4118,240,240
4119,240,240
4120,240,240
4121,240,240
4122,240,240
4123,240,240
4124,240,240
4125,240,240
4126,240,240
4127,240,240
4128,240,240
4129,240,240
4130,240,240
4131,240,240
4132,240,240
4133,240,240
4134,240,240
4135,240,240
4136,240,240
4137,240,240
4138,240,240
4139,240,240
4140,240,240
4141,240,240
4142,240,240
4143,240,240
4144,240,240
4145,240,240
4146,240,240
4147,240,240
4148,240,240
4149,240,240
4150,240,240
4151,240,240
4152,240,240
4153,240,240
4154,240,240
4155,240,240
4156,240,240
4157,240,240
4158,240,240
4159,240,240
4160,240,240
4161,240,240
4162,240,240
4163,240,240
4164,240,240
4165,240,240
4166,240,240
4167,240,240
4168,240,240
4169,240,240
4170,240,240
4171,240,240
4172,240,240
4173,240,240
4174,240,240
4175,240,240
4176,240,240
4177,240,240
4178,240,240
4179,240,240
4180,240,240
4181,240,240
4182,240,240
4183,240,240
4184,240,240
4185,240,240
4186,240,240
4187,240,240
4188,240,240
4189,240,240
4190,240,240
4191,240,240
4192,240,240
4193,240,240
4194,240,240
4195,240,240
4196,240,240
4197,240,240
4198,240,240
4199,240,240
4200,240,240
4201,240,240
4202,240,240
4203,240,240
4204,240,240
4205,240,240
4206,240,240
4207,240,240
4208,240,240
4209,240,240
4210,240,240
4211,240,240
4212,240,240
4213,240,240
4214,240,240
4215,240,240
4216,240,240
4217,240,240
4218,240,240
4219,240,240
4220,240,240
4221,240,240
4222,240,240
4223,240,240
4224,240,240
4225,240,240
4226,240,240
4227,240,240
4228,240,240
4229,240,240
4230,240,240
4231,240,240
4232,240,240
4233,240,240
4234,240,240
4235,240,240
4236,240,240
4237,240,240
4238,240,240
4239,240,240
4240,240,240
4241,240,240
4242,240,240
4243,240,240
4244,240,240
4245,240,240
4246,240,240
4247,240,240
4248,240,240
4249,240,240
4250,240,240
4251,240,240
4252,240,240
4253,240,240
4254,240,240
4255,240,240
4256,240,240
4257,240,240
4258,240,240
4259,240,240
4260,240,240
4261,240,240
4262,240,240
4263,240,240
4264,240,240
4265,240,240
4266,240,240
4267,240,240
4268,240,240
4269,240,240
4270,240,240
4271,240,240
4272,240,240
4273,240,240
4274,240,240
4275,240,240
4276,240,240
4277,240,240
4278,240,240
4279,240,240
4280,240,240
4281,240,240
4282,240,240
4283,240,240
4284,240,240
4285,240,240
4286,240,240
4287,240,240
4288,240,240
4289,240,240
4290,240,240
4291,240,240
4292,240,240
4293,240,240
4294,240,240
4295,240,240
4296,240,240
4297,240,240
4298,240,240
4299,240,240
4300,240,240
4301,240,240
4302,240,240
4303,240,240
4304,240,240
4305,240,240
4306,240,240
4307,240,240
4308,240,240
4309,240,240
4310,240,240
4311,240,240
4312,240,240
4313,240,240
4314,240,240
4315,240,240
4316,240,240
4317,240,240
4318,240,240
4319,240,240
4320,240,240
4321,240,240
4322,240,240
4323,240,240
4324,240,240
4325,240,240
4326,240,240
4327,240,240
4328,240,240
4329,240,240
4330,240,240
4331,240,240
4332,240,240
4333,240,240
4334,240,240
4335,240,240
4336,240,240
4337,240,240
4338,240,240
4339,240,240
4340,240,240
4341,240,240
4342,240,240
4343,240,240
4344,240,240
4345,240,240
4346,240,240
4347,240,240
4348,240,240
4349,240,240
4350,240,240
4351,240,240
4352,240,240
4353,240,240
4354,240,240
4355,240,240
4356,240,240
4357,240,240
4358,240,240
4359,240,240
4360,240,240
4361,240,240
4362,240,240
4363,240,240
4364,240,240
4365,240,240
4366,240,240
4367,240,240
4368,240,240
4369,240,240
4370,240,240
4371,240,240
4372,240,240
4373,240,240
4374,240,240
4375,240,240
4376,240,240
4377,240,240
4378,240,240
4379,240,240
4380,240,240
4381,240,240
4382,240,240
4383,240,240
4384,240,240
4385,240,240
4386,240,240
4387,240,240
4388,240,240
4389,240,240
4390,240,240
4391,240,240
4392,240,240
4393,240,240
4394,240,240
4395,240,240
4396,240,240
4397,240,240
4398,240,240
4399,240,240
4400,240,240
4401,240,240
4402,240,240
4403,240,240
4404,240,240
4405,240,240
4406,240,240
4407,240,240
4408,240,240
4409,240,240
4410,240,240
4411,240,240
4412,240,240
4413,240,240
4414,240,240
4415,240,240
4416,240,240
4417,240,240
4418,240,240
4419,240,240
4420,240,240
4421,240,240
4422,240,240
4423,240,240
4424,240,240
4425,240,240
4426,240,240
4427,240,240
4428,240,240
4429,240,240
4430,240,240
4431,240,240
4432,240,240
4433,240,240
4434,240,240
4435,240,240
4436,240,240
4437,240,240
4438,240,240
4439,240,240
4440,240,240
4441,240,240
4442,240,240
4443,240,240
4444,240,240
4445,240,240
4446,240,240
4447,240,240
4448,240,240
4449,240,240
4450,240,240
4451,240,240
4452,240,240
4453,240,240
4454,240,240
4455,240,240
4456,240,240
4457,240,240
4458,240,240
4459,240,240
4460,240,240
4461,240,240
4462,240,240
4463,240,240
4464,240,240
4465,240,240
4466,240,240
4467,240,240
4468,240,240
4469,240,240
4470,240,240
4471,240,240
4472,240,240
4473,240,240
4474,240,240
4475,240,240
4476,240,240
4477,240,240
4478,240,240
4479,240,240
4480,240,240
4481,240,240
4482,240,240
4483,240,240
4484,240,240
4485,240,240
4486,240,240
4487,240,240
4488,240,240
4489,240,240
4490,240,240
4491,240,240
4492,240,240
4493,240,240
4494,240,240
4495,240,240
4496,240,240
4497,240,240
4498,240,240
4499,240,240
4500,240,240
4501,240,240
4502,240,240
4503,240,240
4504,240,240
4505,240,240
4506,240,240
4507,240,240
4508,240,240
4509,240,240
4510,240,240
4511,240,240
4512,240,240
4513,240,240
4514,240,240
4515,240,240
4516,240,240
4517,240,240
4518,240,240
4519,240,240
4520,240,240
4521,240,240
4522,240,240
4523,240,240
4524,240,240
4525,240,240
4526,240,240
4527,240,240
4528,240,240
4529,240,240
4530,240,240
4531,240,240
4532,240,240
4533,240,240
4534,240,240
4535,240,240
4536,240,240
4537,240,240
4538,240,240
4539,240,240
4540,240,240
4541,240,240
4542,240,240
4543,240,240
4544,240,240
4545,240,240
4546,240,240
4547,240,240
4548,240,240
4549,240,240
4550,240,240
4551,240,240
4552,240,240
4553,240,240
4554,240,240
4555,240,240
4556,240,240
4557,240,240
4558,240,240
4559,240,240
4560,240,240
4561,240,240
4562,240,240
4563,240,240
4564,240,240
4565,240,240
4566,240,240
4567,240,240
4568,240,240
4569,240,240
4570,240,240
4571,240,240
4572,240,240
4573,240,240
4574,240,240
4575,240,240
4576,240,240
4577,240,240
4578,240,240
4579,240,240
4580,240,240
4581,240,240
4582,240,240
4583,240,240
4584,240,240
4585,240,240
4586,240,240
4587,240,240
4588,240,240
4589,240,240
4590,240,240
4591,240,240
4592,240,240
4593,240,240
4594,240,240
4595,240,240
4596,240,240
4597,240,240
4598,240,240
4599,240,240
4600,240,240
4601,240,240
4602,240,240
4603,240,240
4604,240,240
4605,240,240
4606,240,240
4607,240,240
4608,240,240
4609,240,240
4610,240,240
4611,240,240
4612,240,240
4613,240,240
4614,240,240
4615,240,240
4616,240,240
4617,240,240
4618,240,240
4619,240,240
4620,240,240
4621,240,240
4622,240,240
4623,240,240
4624,240,240
4625,240,240
4626,240,240
4627,240,240
4628,240,240
4629,240,240
4630,240,240
4631,240,240
4632,240,240
4633,240,240
4634,240,240
4635,240,240
4636,240,240
4637,240,240
4638,240,240
4639,240,240
4640,240,240
4641,240,240
4642,240,240
4643,240,240
4644,240,240
4645,240,240
4646,240,240
4647,240,240
4648,240,240
4649,240,240
4650,240,240
4651,240,240
4652,240,240
4653,240,240
4654,240,240
4655,240,240
4656,240,240
4657,240,240
4658,240,240
4659,240,240
4660,240,240
4661,240,240
4662,240,240
4663,240,240
4664,240,240
4665,240,240
4666,240,240
4667,240,240
4668,240,240
4669,240,240
4670,240,240
4671,240,240
4672,240,240
4673,240,240
4674,240,240
4675,240,240
4676,240,240
4677,240,240
4678,240,240
4679,240,240
4680,240,240
4681,240,240
4682,240,240
4683,240,240
4684,240,240
4685,240,240
4686,240,240
4687,240,240
4688,240,240
4689,240,240
4690,240,240
4691,240,240
4692,240,240
4693,240,240
4694,240,240
4695,240,240
4696,240,240
4697,240,240
4698,240,240
4699,240,240
4700,240,240
4701,240,240
4702,240,240
4703,240,240
4704,240,240
4705,240,240
4706,240,240
4707,240,240
4708,240,240
4709,240,240
4710,240,240
4711,240,240
4712,240,240
4713,240,240
4714,240,240
4715,240,240
4716,240,240
4717,240,240
4718,240,240
4719,240,240
4720,240,240
4721,240,240
4722,240,240
4723,240,240
4724,240,240
4725,240,240
4726,240,240
4727,240,240
4728,240,240
4729,240,240
4730,240,240
4731,240,240
4732,240,240
4733,240,240
4734,240,240
4735,240,240
4736,240,240
4737,240,240
4738,240,240
4739,240,240
4740,240,240
4741,240,240
4742,240,240
4743,240,240
4744,240,240
4745,240,240
4746,240,240
4747,240,240
4748,240,240
4749,240,240
4750,240,240
4751,240,240
4752,240,240
4753,240,240
4754,240,240
4755,240,240
4756,240,240
4757,240,240
4758,240,240
4759,240,240
4760,240,240
4761,240,240
4762,240,240
4763,240,240
4764,240,240
4765,240,240
4766,240,240
4767,240,240
4768,240,240
4769,240,240
4770,240,240
4771,240,240
4772,240,240
4773,240,240
4774,240,240
4775,240,240
4776,240,240
4777,240,240
4778,240,240
4779,240,240
4780,240,240
4781,240,240
4782,240,240
4783,240,240
4784,240,240
4785,240,240
4786,240,240
4787,240,240
4788,240,240
4789,240,240
4790,240,240
4791,240,240
4792,240,240
4793,240,240
4794,240,240
4795,240,240
4796,240,240
4797,240,240
4798,240,240
4799,240,240
4800,240,240
4801,240,240
4802,240,240
4803,240,240
4804,240,240
4805,240,240
4806,240,240
4807,240,240
4808,240,240
4809,240,240
4810,240,240
4811,240,240
4812,240,240
4813,240,240
4814,240,240
4815,240,240
4816,240,240
4817,240,240
4818,240,240
4819,240,240
4820,240,240
4821,240,240
4822,240,240
4823,240,240
4824,240,240
4825,240,240
4826,240,240
4827,240,240
4828,240,240
4829,240,240
4830,240,240
4831,240,240
4832,240,240
4833,240,240
4834,240,240
4835,240,240
4836,240,240
4837,240,240
4838,240,240
4839,240,240
4840,240,240
4841,240,240
4842,240,240
4843,240,240
4844,240,240
4845,240,240
4846,240,240
4847,240,240
4848,240,240
4849,240,240
4850,240,240
4851,240,240
4852,240,240
4853,240,240
4854,240,240
4855,240,240
4856,240,240
4857,240,240
4858,240,240
4859,240,240
4860,240,240
4861,240,240
4862,240,240
4863,240,240
4864,240,240
4865,240,240
4866,240,240
4867,240,240
4868,240,240
4869,240,240
4870,240,240
4871,240,240
4872,240,240
4873,240,240
4874,240,240
4875,240,240
4876,240,240
4877,240,240
4878,240,240
4879,240,240
4880,240,240
4881,240,240
4882,240,240
4883,240,240
4884,240,240
4885,240,240
4886,240,240
4887,240,240
4888,240,240
4889,240,240
4890,240,240
4891,240,240
4892,240,240
4893,240,240
4894,240,240
4895,240,240
4896,240,240
4897,240,240
4898,240,240
4899,240,240
4900,240,240
4901,240,240
4902,240,240
4903,240,240
4904,240,240
4905,240,240
4906,240,240
4907,240,240
4908,240,240
4909,240,240
4910,240,240
4911,240,240
4912,240,240
4913,240,240
4914,240,240
4915,240,240
4916,240,240
4917,240,240
4918,240,240
4919,240,240
4920,240,240
4921,240,240
4922,240,240
4923,240,240
4924,240,240
4925,240,240
4926,240,240
4927,240,240
4928,240,240
4929,240,240
4930,240,240
4931,240,240
4932,240,240
4933,240,240
4934,240,240
4935,240,240
4936,240,240
4937,240,240
4938,240,240
4939,240,240
4940,240,240
4941,240,240
4942,240,240
4943,240,240
4944,240,240
4945,240,240
4946,240,240
4947,240,240
4948,240,240
4949,240,240
4950,240,240
4951,240,240
4952,240,240
4953,240,240
4954,240,240
4955,240,240
4956,240,240
4957,240,240
4958,240,240
4959,240,240
4960,240,240
4961,240,240
4962,240,240
4963,240,240
4964,240,240
4965,240,240
4966,240,240
4967,240,240
4968,240,240
4969,240,240
4970,240,240
4971,240,240
4972,240,240
4973,240,240
4974,240,240
4975,240,240
4976,240,240
4977,240,240
4978,240,240
4979,240,240
4980,240,240
4981,240,240
4982,240,240
4983,240,240
4984,240,240
4985,240,240
4986,240,240
4987,240,240
4988,240,240
4989,240,240
4990,240,240
4991,240,240
4992,240,240
4993,240,240
4994,240,240
4995,240,240
4996,240,240
4997,240,240
4998,240,240
4999,240,240
5000,240,240
5001,240,240
5002,240,240
5003,240,240
5004,240,240
5005,240,240
5006,240,240
5007,240,240
5008,240,240
5009,240,240
5010,240,240
5011,240,240
5012,240,240
5013,240,240
5014,240,240
5015,240,240
5016,240,240
5017,240,240
5018,240,240
5019,240,240
5020,240,240
5021,240,240
5022,240,240
5023,240,240
5024,240,240
5025,240,240
5026,240,240
5027,240,240
5028,240,240
5029,240,240
5030,240,240
5031,240,240
5032,240,240
5033,240,240
5034,240,240
5035,240,240
5036,240,240
5037,240,240
5038,240,240
5039,240,240
5040,240,240
5041,240,240
5042,240,240
5043,240,240
5044,240,240
5045,240,240
5046,240,240
5047,240,240
5048,240,240
5049,240,240
5050,240,240
5051,240,240
5052,240,240
5053,240,240
5054,240,240
5055,240,240
5056,240,240
5057,240,240
5058,240,240
5059,240,240
5060,240,240
5061,240,240
5062,240,240
5063,240,240
5064,240,240
5065,240,240
5066,240,240
5067,240,240
5068,240,240
5069,240,240
5070,240,240
5071,240,240
5072,240,240
5073,240,240
5074,240,240
5075,240,240
5076,240,240
5077,240,240
5078,240,240
5079,240,240
5080,240,240
5081,240,240
5082,240,240
5083,240,240
5084,240,240
5085,240,240
5086,240,240
5087,240,240
5088,240,240
5089,240,240
5090,240,240
5091,240,240
5092,240,240
5093,240,240
5094,240,240
5095,240,240
5096,240,240
5097,240,240
5098,240,240
5099,240,240
5100,240,240
5101,240,240
5102,240,240
5103,240,240
5104,240,240
5105,240,240
5106,240,240
5107,240,240
5108,240,240
5109,240,240
5110,240,240
5111,240,240
5112,240,240
5113,240,240
5114,240,240
5115,240,240
5116,240,240
5117,240,240
5118,240,240
5119,240,240
5120,240,240
5121,240,240
5122,240,240
5123,240,240
5124,240,240
5125,240,240
5126,240,240
5127,240,240
5128,240,240
5129,240,240
5130,240,240
5131,240,240
5132,240,240
5133,240,240
5134,240,240
5135,240,240
5136,240,240
5137,240,240
5138,240,240
5139,240,240
5140,240,240
5141,240,240
5142,240,240
5143,240,240
5144,240,240
5145,240,240
5146,240,240
5147,240,240
5148,240,240
5149,240,240
5150,240,240
5151,240,240
5152,240,240
5153,240,240
5154,240,240
5155,240,240
5156,240,240
5157,240,240
5158,240,240
5159,240,240
5160,240,240
5161,240,240
5162,240,240
5163,240,240
5164,240,240
5165,240,240
5166,240,240
5167,240,240
5168,240,240
5169,240,240
5170,240,240
5171,240,240
5172,240,240
5173,240,240
5174,240,240
5175,240,240
5176,240,240
5177,240,240
5178,240,240
5179,240,240
5180,240,240
5181,240,240
5182,240,240
5183,240,240
5184,240,240
5185,240,240
5186,240,240
5187,240,240
5188,240,240
5189,240,240
5190,240,240
5191,240,240
5192,240,240
5193,240,240
5194,240,240
5195,240,240
5196,240,240
5197,240,240
5198,240,240
5199,240,240
5200,240,240
5201,240,240
5202,240,240
5203,240,240
5204,240,240
5205,240,240
5206,240,240
5207,240,240
5208,240,240
5209,240,240
5210,240,240
5211,240,240
5212,240,240
5213,240,240
5214,240,240
5215,240,240
5216,240,240
5217,240,240
5218,240,240
5219,240,240
5220,240,240
5221,240,240
5222,240,240
5223,240,240
5224,240,240
5225,240,240
5226,240,240
5227,240,240
5228,240,240
5229,240,240
5230,240,240
5231,240,240
5232,240,240
5233,240,240
5234,240,240
5235,240,240
5236,240,240
5237,240,240
5238,240,240
5239,240,240
5240,240,240
5241,240,240
5242,240,240
5243,240,240
5244,240,240
5245,240,240
5246,240,240
5247,240,240
5248,240,240
5249,240,240
5250,240,240
5251,240,240
5252,240,240
5253,240,240
5254,240,240
5255,240,240
5256,240,240
5257,240,240
5258,240,240
5259,240,240
5260,240,240
5261,240,240
5262,240,240
5263,240,240
5264,240,240
5265,240,240
5266,240,240
5267,240,240
5268,240,240
5269,240,240
5270,240,240
5271,240,240
5272,240,240
5273,240,240
5274,240,240
5275,240,240
5276,240,240
5277,240,240
5278,240,240
5279,240,240
5280,240,240
5281,240,240
5282,240,240
5283,240,240
5284,240,240
5285,240,240
5286,240,240
5287,240,240
5288,240,240
5289,240,240
5290,240,240
5291,240,240
5292,240,240
5293,240,240
5294,240,240
5295,240,240
5296,240,240
5297,240,240
5298,240,240
5299,240,240
5300,240,240
5301,240,240
5302,240,240
5303,240,240
5304,240,240
5305,240,240
5306,240,240
5307,240,240
5308,240,240
5309,240,240
5310,240,240
5311,240,240
5312,240,240
5313,240,240
5314,240,240
5315,240,240
5316,240,240
5317,240,240
5318,240,240
5319,240,240
5320,240,240
5321,240,240
5322,240,240
5323,240,240
5324,240,240
5325,240,240
5326,240,240
5327,240,240
5328,240,240
5329,240,240
5330,240,240
5331,240,240
5332,240,240
5333,240,240
5334,240,240
5335,240,240
5336,240,240
5337,240,240
5338,240,240
5339,240,240
5340,240,240
5341,240,240
5342,240,240
5343,240,240
5344,240,240
5345,240,240
5346,240,240
5347,240,240
5348,240,240
5349,240,240
5350,240,240
5351,240,240
5352,240,240
5353,240,240
5354,240,240
5355,240,240
5356,240,240
5357,240,240
5358,240,240
5359,240,240
5360,240,240
5361,240,240
5362,240,240
5363,240,240
5364,240,240
5365,240,240
5366,240,240
5367,240,240
5368,240,240
5369,240,240
5370,240,240
5371,240,240
5372,240,240
5373,240,240
5374,240,240
5375,240,240
5376,240,240
5377,240,240
5378,240,240
5379,240,240
5380,240,240
5381,240,240
5382,240,240
5383,240,240
5384,240,240
5385,240,240
5386,240,240
5387,240,240
5388,240,240
5389,240,240
5390,240,240
5391,240,240
5392,240,240
5393,240,240
5394,240,240
5395,240,240
5396,240,240
5397,240,240
5398,240,240
5399,240,240
5400,240,240
5401,240,240
5402,240,240
5403,240,240
5404,240,240
5405,240,240
5406,240,240
5407,240,240
5408,240,240
5409,240,240
5410,240,240
5411,240,240
5412,240,240
5413,240,240
5414,240,240
5415,240,240
5416,240,240
5417,240,240
5418,240,240
5419,240,240
5420,240,240
5421,240,240
5422,240,240
5423,240,240
5424,240,240
5425,240,240
5426,240,240
5427,240,240
5428,240,240
5429,240,240
5430,240,240
5431,240,240
5432,240,240
5433,240,240
5434,240,240
5435,240,240
5436,240,240
5437,240,240
5438,240,240
5439,240,240
5440,240,240
5441,240,240
5442,240,240
5443,240,240
5444,240,240
5445,240,240
5446,240,240
5447,240,240
5448,240,240
5449,240,240
5450,240,240
5451,240,240
5452,240,240
5453,240,240
5454,240,240
5455,240,240
5456,240,240
5457,240,240
5458,240,240
5459,240,240
5460,240,240
5461,240,240
5462,240,240
5463,240,240
5464,240,240
5465,240,240
5466,240,240
5467,240,240
5468,240,240
5469,240,240
5470,240,240
5471,240,240
5472,240,240
5473,240,240
5474,240,240
5475,240,240
5476,240,240
5477,240,240
5478,240,240
5479,240,240
5480,240,240
5481,240,240
5482,240,240
5483,240,240
5484,240,240
5485,240,240
5486,240,240
5487,240,240
5488,240,240
5489,240,240
5490,240,240
5491,240,240
5492,240,240
5493,240,240
5494,240,240
5495,240,240
5496,240,240
5497,240,240
5498,240,240
5499,240,240
5500,240,240
5501,240,240
5502,240,240
5503,240,240
5504,240,240
5505,240,240
5506,240,240
5507,240,240
5508,240,240
5509,240,240
5510,240,240
5511,240,240
5512,240,240
5513,240,240
5514,240,240
5515,240,240
5516,240,240
5517,240,240
5518,240,240
5519,240,240
5520,240,240
5521,240,240
5522,240,240
5523,240,240
5524,240,240
5525,240,240
5526,240,240
5527,240,240
5528,240,240
5529,240,240
5530,240,240
5531,240,240
5532,240,240
5533,240,240
5534,240,240
5535,240,240
5536,240,240
5537,240,240
5538,240,240
5539,240,240
5540,240,240
5541,240,240
5542,240,240
5543,240,240
5544,240,240
5545,240,240
5546,240,240
5547,240,240
5548,240,240
5549,240,240
5550,240,240
5551,240,240
5552,240,240
5553,240,240
5554,240,240
5555,240,240
5556,240,240
5557,240,240
5558,240,240
5559,240,240
5560,240,240
5561,240,240
5562,240,240
5563,240,240
5564,240,240
5565,240,240
5566,240,240
5567,240,240
5568,240,240
5569,240,240
5570,240,240
5571,240,240
5572,240,240
5573,240,240
5574,240,240
5575,240,240
5576,240,240
5577,240,240
5578,240,240
5579,240,240
5580,240,240
5581,240,240
5582,240,240
5583,240,240
5584,240,240
5585,240,240
5586,240,240
5587,240,240
5588,240,240
5589,240,240
5590,240,240
5591,240,240
5592,240,240
5593,240,240
5594,240,240
5595,240,240
5596,240,240
5597,240,240
5598,240,240
5599,240,240
5600,240,240
5601,240,240
5602,240,240
5603,240,240
5604,240,240
5605,240,240
5606,240,240
5607,240,240
5608,240,240
5609,240,240
5610,240,240
5611,240,240
5612,240,240
5613,240,240
5614,240,240
5615,240,240
5616,240,240
5617,240,240
5618,240,240
5619,240,240
5620,240,240
5621,240,240
5622,240,240
5623,240,240
5624,240,240
5625,240,240
5626,240,240
5627,240,240
5628,240,240
5629,240,240
5630,240,240
5631,240,240
5632,240,240
5633,240,240
5634,240,240
5635,240,240
5636,240,240
5637,240,240
5638,240,240
5639,240,240
5640,240,240
5641,240,240
5642,240,240
5643,240,240
5644,240,240
5645,240,240
5646,240,240
5647,240,240
5648,240,240
5649,240,240
5650,240,240
5651,240,240
5652,240,240
5653,240,240
5654,240,240
5655,240,240
5656,240,240
5657,240,240
5658,240,240
5659,240,240
5660,240,240
5661,240,240
5662,240,240
5663,240,240
5664,240,240
5665,240,240
5666,240,240
5667,240,240
5668,240,240
5669,240,240
5670,240,240
5671,240,240
5672,240,240
5673,240,240
5674,240,240
5675,240,240
5676,240,240
5677,240,240
5678,240,240
5679,240,240
5680,240,240
5681,240,240
5682,240,240
5683,240,240
5684,240,240
5685,240,240
5686,240,240
5687,240,240
5688,240,240
5689,240,240
5690,240,240
5691,240,240
5692,240,240
5693,240,240
5694,240,240
5695,240,240
5696,240,240
5697,240,240
5698,240,240
5699,240,240
5700,240,240
5701,240,240
5702,240,240
5703,240,240
5704,240,240
5705,240,240
5706,240,240
5707,240,240
5708,240,240
5709,240,240
5710,240,240
5711,240,240
5712,240,240
5713,240,240
5714,240,240
5715,240,240
5716,240,240
5717,240,240
5718,240,240
5719,240,240
5720,240,240
5721,240,240
5722,240,240
5723,240,240
5724,240,240
5725,240,240
5726,240,240
5727,240,240
5728,240,240
5729,240,240
5730,240,240
5731,240,240
5732,240,240
5733,240,240
5734,240,240
5735,240,240
5736,240,240
5737,240,240
5738,240,240
5739,240,240
5740,240,240
5741,240,240
5742,240,240
5743,240,240
5744,240,240
5745,240,240
5746,240,240
5747,240,240
5748,240,240
5749,240,240
5750,240,240
5751,240,240
5752,240,240
5753,240,240
5754,240,240
5755,240,240
5756,240,240
5757,240,240
5758,240,240
5759,240,240
5760,240,240
5761,240,240
5762,240,240
5763,240,240
5764,240,240
5765,240,240
5766,240,240
5767,240,240
5768,240,240
5769,240,240
5770,240,240
5771,240,240
5772,240,240
5773,240,240
5774,240,240
5775,240,240
5776,240,240
5777,240,240
5778,240,240
5779,240,240
5780,240,240
5781,240,240
5782,240,240
5783,240,240
5784,240,240
5785,240,240
5786,240,240
5787,240,240
5788,240,240
5789,240,240
5790,240,240
5791,240,240
5792,240,240
5793,240,240
5794,240,240
5795,240,240
5796,240,240
5797,240,240
5798,240,240
5799,240,240
5800,240,240
5801,240,240
5802,240,240
5803,240,240
5804,240,240
5805,240,240
5806,240,240
5807,240,240
5808,240,240
5809,240,240
5810,240,240
5811,240,240
5812,240,240
5813,240,240
5814,240,240
5815,240,240
5816,240,240
5817,240,240
5818,240,240
5819,240,240
5820,240,240
5821,240,240
5822,240,240
5823,240,240
5824,240,240
5825,240,240
5826,240,240
5827,240,240
5828,240,240
5829,240,240
5830,240,240
5831,240,240
5832,240,240
5833,240,240
5834,240,240
5835,240,240
5836,240,240
5837,240,240
5838,240,240
5839,240,240
5840,240,240
5841,240,240
5842,240,240
5843,240,240
5844,240,240
5845,240,240
5846,240,240
5847,240,240
5848,240,240
5849,240,240
5850,240,240
5851,240,240
5852,240,240
5853,240,240
5854,240,240
5855,240,240
5856,240,240
5857,240,240
5858,240,240
5859,240,240
5860,240,240
5861,240,240
5862,240,240
5863,240,240
5864,240,240
5865,240,240
5866,240,240
5867,240,240
5868,240,240
5869,240,240
5870,240,240
5871,240,240
5872,240,240
5873,240,240
5874,240,240
5875,240,240
5876,240,240
5877,240,240
5878,240,240
5879,240,240
5880,240,240
5881,240,240
5882,240,240
5883,240,240
5884,240,240
5885,240,240
5886,240,240
5887,240,240
5888,240,240
5889,240,240
5890,240,240
5891,240,240
5892,240,240
5893,240,240
5894,240,240
5895,240,240
5896,240,240
5897,240,240
5898,240,240
5899,240,240
5900,240,240
5901,240,240
5902,240,240
5903,240,240
5904,240,240
5905,240,240
5906,240,240
5907,240,240
5908,240,240
5909,240,240
5910,240,240
5911,240,240
5912,240,240
5913,240,240
5914,240,240
5915,240,240
5916,240,240
5917,240,240
5918,240,240
5919,240,240
5920,240,240
5921,240,240
5922,240,240
5923,240,240
5924,240,240
5925,240,240
5926,240,240
5927,240,240
5928,240,240
5929,240,240
5930,240,240
5931,240,240
5932,240,240
5933,240,240
5934,240,240
5935,240,240
5936,240,240
5937,240,240
5938,240,240
5939,240,240
5940,240,240
5941,240,240
5942,240,240
5943,240,240
5944,240,240
5945,240,240
5946,240,240
5947,240,240
5948,240,240
5949,240,240
5950,240,240
5951,240,240
5952,240,240
5953,240,240
5954,240,240
5955,240,240
5956,240,240
5957,240,240
5958,240,240
5959,240,240
5960,240,240
5961,240,240
5962,240,240
5963,240,240
5964,240,240
5965,240,240
5966,240,240
5967,240,240
5968,240,240
5969,240,240
5970,240,240
5971,240,240
5972,240,240
5973,240,240
5974,240,240
5975,240,240
5976,240,240
5977,240,240
5978,240,240
5979,240,240
5980,240,240
5981,240,240
5982,240,240
5983,240,240
5984,240,240
5985,240,240
5986,240,240
5987,240,240
5988,240,240
5989,240,240
5990,240,240
5991,240,240
5992,240,240
5993,240,240
5994,240,240
5995,240,240
5996,240,240
5997,240,240
5998,240,240
5999,240,240
6000,240,240
6001,240,240
6002,240,240
6003,240,240
6004,240,240
6005,240,240
6006,240,240
6007,240,240
6008,240,240
6009,240,240
6010,240,240
6011,240,240
6012,240,240
6013,240,240
6014,240,240
6015,240,240
6016,240,240
6017,240,240
6018,240,240
6019,240,240
6020,240,240
6021,240,240
6022,240,240
6023,240,240
6024,240,240
6025,240,240
6026,240,240
6027,240,240
6028,240,240
6029,240,240
6030,240,240
6031,240,240
6032,240,240
6033,240,240
6034,240,240
6035,240,240
6036,240,240
6037,240,240
6038,240,240
6039,240,240
6040,240,240
6041,240,240
6042,240,240
6043,240,240
6044,240,240
6045,240,240
6046,240,240
6047,240,240
6048,240,240
6049,240,240
6050,240,240
6051,240,240
6052,240,240
6053,240,240
6054,240,240
6055,240,240
6056,240,240
6057,240,240
6058,240,240
6059,240,240
6060,240,240
6061,240,240
6062,240,240
6063,240,240
6064,240,240
6065,240,240
6066,240,240
6067,240,240
6068,240,240
6069,240,240
6070,240,240
6071,240,240
6072,240,240
6073,240,240
6074,240,240
6075,240,240
6076,240,240
6077,240,240
6078,240,240
6079,240,240
6080,240,240
6081,240,240
6082,240,240
6083,240,240
6084,240,240
6085,240,240
6086,240,240
6087,240,240
6088,240,240
6089,240,240
6090,240,240
6091,240,240
6092,240,240
6093,240,240
6094,240,240
6095,240,240
6096,240,240
6097,240,240
6098,240,240
6099,240,240
6100,240,240
6101,240,240
6102,240,240
6103,240,240
6104,240,240
6105,240,240
6106,240,240
6107,240,240
6108,240,240
6109,240,240
6110,240,240
6111,240,240
6112,240,240
6113,240,240
6114,240,240
6115,240,240
6116,240,240
6117,240,240
6118,240,240
6119,240,240
6120,240,240
6121,240,240
6122,240,240
6123,240,240
6124,240,240
6125,240,240
6126,240,240
6127,240,240
6128,240,240
6129,240,240
6130,240,240
6131,240,240
6132,240,240
6133,240,240
6134,240,240
6135,240,240
6136,240,240
6137,240,240
6138,240,240
6139,240,240
6140,240,240
6141,240,240
6142,240,240
6143,240,240
6144,240,240
6145,240,240
6146,240,240
6147,240,240
6148,240,240
6149,240,240
6150,240,240
6151,240,240
6152,240,240
6153,240,240
6154,240,240
6155,240,240
6156,240,240
6157,240,240
6158,240,240
6159,240,240
6160,240,240
6161,240,240
6162,240,240
6163,240,240
6164,240,240
6165,240,240
6166,240,240
6167,240,240
6168,240,240
6169,240,240
6170,240,240
6171,240,240
6172,240,240
6173,240,240
6174,240,240
6175,240,240
6176,240,240
6177,240,240
6178,240,240
6179,240,240
6180,240,240
6181,240,240
6182,240,240
6183,240,240
6184,240,240
6185,240,240
6186,240,240
6187,240,240
6188,240,240
6189,240,240
6190,240,240
6191,240,240
6192,240,240
6193,240,240
6194,240,240
6195,240,240
6196,240,240
6197,240,240
6198,240,240
6199,240,240
6200,240,240
6201,240,240
6202,240,240
6203,240,240
6204,240,240
6205,240,240
6206,240,240
6207,240,240
6208,240,240
6209,240,240
6210,240,240
6211,240,240
6212,240,240
6213,240,240
6214,240,240
6215,240,240
6216,240,240
6217,240,240
6218,240,240
6219,240,240
6220,240,240
6221,240,240
6222,240,240
6223,240,240
6224,240,240
6225,240,240
6226,240,240
6227,240,240
6228,240,240
6229,240,240
6230,240,240
6231,240,240
6232,240,240
6233,240,240
6234,240,240
6235,240,240
6236,240,240
6237,240,240
6238,240,240
6239,240,240
6240,240,240
6241,240,240
6242,240,240
6243,240,240
6244,240,240
6245,240,240
6246,240,240
6247,240,240
6248,240,240
6249,240,240
6250,240,240
6251,240,240
6252,240,240
6253,240,240
6254,240,240
6255,240,240
6256,240,240
6257,240,240
6258,240,240
6259,240,240
6260,240,240
6261,240,240
6262,240,240
6263,240,240
6264,240,240
6265,240,240
6266,240,240
6267,240,240
6268,240,240
6269,240,240
6270,240,240
6271,240,240
6272,240,240
6273,240,240
6274,240,240
6275,240,240
6276,240,240
6277,240,240
6278,240,240
6279,240,240
6280,240,240
6281,240,240
6282,240,240
6283,240,240
6284,240,240
6285,240,240
6286,240,240
6287,240,240
6288,240,240
6289,240,240
6290,240,240
6291,240,240
6292,240,240
6293,240,240
6294,240,240
6295,240,240
6296,240,240
6297,240,240
6298,240,240
6299,240,240
6300,240,240
6301,240,240
6302,240,240
6303,240,240
6304,240,240
6305,240,240
6306,240,240
6307,240,240
6308,240,240
6309,240,240
6310,240,240
6311,240,240
6312,240,240
6313,240,240
6314,240,240
6315,240,240
6316,240,240
6317,240,240
6318,240,240
6319,240,240
6320,240,240
6321,240,240
6322,240,240
6323,240,240
6324,240,240
6325,240,240
6326,240,240
6327,240,240
6328,240,240
6329,240,240
6330,240,240
6331,240,240
6332,240,240
6333,240,240
6334,240,240
6335,240,240
6336,240,240
6337,240,240
6338,240,240
6339,240,240
6340,240,240
6341,240,240
6342,240,240
6343,240,240
6344,240,240
6345,240,240
6346,240,240
6347,240,240
6348,240,240
6349,240,240
6350,240,240
6351,240,240
6352,240,240
6353,240,240
6354,240,240
6355,240,240
6356,240,240
6357,240,240
6358,240,240
6359,240,240
6360,240,240
6361,240,240
6362,240,240
6363,240,240
6364,240,240
6365,240,240
6366,240,240
6367,240,240
6368,240,240
6369,240,240
6370,240,240
6371,240,240
6372,240,240
6373,240,240
6374,240,240
6375,240,240
6376,240,240
6377,240,240
6378,240,240
6379,240,240
6380,240,240
6381,240,240
6382,240,240
6383,240,240
6384,240,240
6385,240,240
6386,240,240
6387,240,240
6388,240,240
6389,240,240
6390,240,240
6391,240,240
6392,240,240
6393,240,240
6394,240,240
6395,240,240
6396,240,240
6397,240,240
6398,240,240
6399,240,240
6400,240,240
6401,240,240
6402,240,240
6403,240,240
6404,240,240
6405,240,240
6406,240,240
6407,240,240
6408,240,240
6409,240,240
6410,240,240
6411,240,240
6412,240,240
6413,240,240
6414,240,240
6415,240,240
6416,240,240
6417,240,240
6418,240,240
6419,240,240
6420,240,240
6421,240,240
6422,240,240
6423,240,240
6424,240,240
6425,240,240
6426,240,240
6427,240,240
6428,240,240
6429,240,240
6430,240,240
6431,240,240
6432,240,240
6433,240,240
6434,240,240
6435,240,240
6436,240,240
6437,240,240
6438,240,240
6439,240,240
6440,240,240
6441,240,240
6442,240,240
6443,240,240
6444,240,240
6445,240,240
6446,240,240
6447,240,240
6448,240,240
6449,240,240
6450,240,240
6451,240,240
6452,240,240
6453,240,240
6454,240,240
6455,240,240
6456,240,240
6457,240,240
6458,240,240
6459,240,240
6460,240,240
6461,240,240
6462,240,240
6463,240,240
6464,240,240
6465,240,240
6466,240,240
6467,240,240
6468,240,240
6469,240,240
6470,240,240
6471,240,240
6472,240,240
6473,240,240
6474,240,240
6475,240,240
6476,240,240
6477,240,240
6478,240,240
6479,240,240
6480,240,240
6481,240,240
6482,240,240
6483,240,240
6484,240,240
6485,240,240
6486,240,240
6487,240,240
6488,240,240
6489,240,240
6490,240,240
6491,240,240
6492,240,240
6493,240,240
6494,240,240
6495,240,240
6496,240,240
6497,240,240
6498,240,240
6499,240,240
6500,240,240
6501,240,240
6502,240,240
6503,240,240
6504,240,240
6505,240,240
6506,240,240
6507,240,240
6508,240,240
6509,240,240
6510,240,240
6511,240,240
6512,240,240
6513,240,240
6514,240,240
6515,240,240
6516,240,240
6517,240,240
6518,240,240
6519,240,240
6520,240,240
6521,240,240
6522,240,240
6523,240,240
6524,240,240
6525,240,240
6526,240,240
6527,240,240
6528,240,240
6529,240,240
6530,240,240
6531,240,240
6532,240,240
6533,240,240
6534,240,240
6535,240,240
6536,240,240
6537,240,240
6538,240,240
6539,240,240
6540,240,240
6541,240,240
6542,240,240
6543,240,240
6544,240,240
6545,240,240
6546,240,240
6547,240,240
6548,240,240
6549,240,240
6550,240,240
6551,240,240
6552,240,240
6553,240,240
6554,240,240
6555,240,240
6556,240,240
6557,240,240
6558,240,240
6559,240,240
6560,240,240
6561,240,240
6562,240,240
6563,240,240
6564,240,240
6565,240,240
6566,240,240
6567,240,240
6568,240,240
6569,240,240
6570,240,240
6571,240,240
6572,240,240
6573,240,240
6574,240,240
6575,240,240
6576,240,240
6577,240,240
6578,240,240
6579,240,240
6580,240,240
6581,240,240
6582,240,240
6583,240,240
6584,240,240
6585,240,240
6586,240,240
6587,240,240
6588,240,240
6589,240,240
6590,240,240
6591,240,240
6592,240,240
6593,240,240
6594,240,240
6595,240,240
6596,240,240
6597,240,240
6598,240,240
6599,240,240
6600,240,240
6601,240,240
6602,240,240
6603,240,240
6604,240,240
6605,240,240
6606,240,240
6607,240,240
6608,240,240
6609,240,240
6610,240,240
6611,240,240
6612,240,240
6613,240,240
6614,240,240
6615,240,240
6616,240,240
6617,240,240
6618,240,240
6619,240,240
6620,240,240
6621,240,240
6622,240,240
6623,240,240
6624,240,240
6625,240,240
6626,240,240
6627,240,240
6628,240,240
6629,240,240
6630,240,240
6631,240,240
6632,240,240
6633,240,240
6634,240,240
6635,240,240
6636,240,240
6637,240,240
6638,240,240
6639,240,240
6640,240,240
6641,240,240
6642,240,240
6643,240,240
6644,240,240
6645,240,240
6646,240,240
6647,240,240
6648,240,240
6649,240,240
6650,240,240
6651,240,240
6652,240,240
6653,240,240
6654,240,240
6655,240,240
6656,240,240
6657,240,240
6658,240,240
6659,240,240
6660,240,240
6661,240,240
6662,240,240
6663,240,240
6664,240,240
6665,240,240
6666,240,240
6667,240,240
6668,240,240
6669,240,240
6670,240,240
6671,240,240
6672,240,240
6673,240,240
6674,240,240
6675,240,240
6676,240,240
6677,240,240
6678,240,240
6679,240,240
6680,240,240
6681,240,240
6682,240,240
6683,240,240
6684,240,240
6685,240,240
6686,240,240
6687,240,240
6688,240,240
6689,240,240
6690,240,240
6691,240,240
6692,240,240
6693,240,240
6694,240,240
6695,240,240
6696,240,240
6697,240,240
6698,240,240
6699,240,240
6700,240,240
6701,240,240
6702,240,240
6703,240,240
6704,240,240
6705,240,240
6706,240,240
6707,240,240
6708,240,240
6709,240,240
6710,240,240
6711,240,240
6712,240,240
6713,240,240
6714,240,240
6715,240,240
6716,240,240
6717,240,240
6718,240,240
6719,240,240
6720,240,240
6721,240,240
6722,240,240
6723,240,240
6724,240,240
6725,240,240
6726,240,240
6727,240,240
6728,240,240
6729,240,240
6730,240,240
6731,240,240
6732,240,240
6733,240,240
6734,240,240
6735,240,240
6736,240,240
6737,240,240
6738,240,240
6739,240,240
6740,240,240
6741,240,240
6742,240,240
6743,240,240
6744,240,240
6745,240,240
6746,240,240
6747,240,240
6748,240,240
6749,240,240
6750,240,240
6751,240,240
6752,240,240
6753,240,240
6754,240,240
6755,240,240
6756,240,240
6757,240,240
6758,240,240
6759,240,240
6760,240,240
6761,240,240
6762,240,240
6763,240,240
6764,240,240
6765,240,240
6766,240,240
6767,240,240
6768,240,240
6769,240,240
6770,240,240
6771,240,240
6772,240,240
6773,240,240
6774,240,240
6775,240,240
6776,240,240
6777,240,240
6778,240,240
6779,240,240
6780,240,240
6781,240,240
6782,240,240
6783,240,240
6784,240,240
6785,240,240
6786,240,240
6787,240,240
6788,240,240
6789,240,240
6790,240,240
6791,240,240
6792,240,240
6793,240,240
6794,240,240
6795,240,240
6796,240,240
6797,240,240
6798,240,240
6799,240,240
6800,240,240
6801,240,240
6802,240,240
6803,240,240
6804,240,240
6805,240,240
6806,240,240
6807,240,240
6808,240,240
6809,240,240
6810,240,240
6811,240,240
6812,240,240
6813,240,240
6814,240,240
6815,240,240
6816,240,240
6817,240,240
6818,240,240
6819,240,240
6820,240,240
6821,240,240
6822,240,240
6823,240,240
6824,240,240
6825,240,240
6826,240,240
6827,240,240
6828,240,240
6829,240,240
6830,240,240
6831,240,240
6832,240,240
6833,240,240
6834,240,240
6835,240,240
6836,240,240
6837,240,240
6838,240,240
6839,240,240
6840,240,240
6841,240,240
6842,240,240
6843,240,240
6844,240,240
6845,240,240
6846,240,240
6847,240,240
6848,240,240
6849,240,240
6850,240,240
6851,240,240
6852,240,240
6853,240,240
6854,240,240
6855,240,240
6856,240,240
6857,240,240
6858,240,240
6859,240,240
6860,240,240
6861,240,240
6862,240,240
6863,240,240
6864,240,240
6865,240,240
6866,240,240
6867,240,240
6868,240,240
6869,240,240
6870,240,240
6871,240,240
6872,240,240
6873,240,240
6874,240,240
6875,240,240
6876,240,240
6877,240,240
6878,240,240
6879,240,240
6880,240,240
6881,240,240
6882,240,240
6883,240,240
6884,240,240
6885,240,240
6886,240,240
6887,240,240
6888,240,240
6889,240,240
6890,240,240
6891,240,240
6892,240,240
6893,240,240
6894,240,240
6895,240,240
6896,240,240
6897,240,240
6898,240,240
6899,240,240
6900,240,240
6901,240,240
6902,240,240
6903,240,240
6904,240,240
6905,240,240
6906,240,240
6907,240,240
6908,240,240
6909,240,240
6910,240,240
6911,240,240
6912,240,240
6913,240,240
6914,240,240
6915,240,240
6916,240,240
6917,240,240
6918,240,240
6919,240,240
6920,240,240
6921,240,240
6922,240,240
6923,240,240
6924,240,240
6925,240,240
6926,240,240
6927,240,240
6928,240,240
6929,240,240
6930,240,240
6931,240,240
6932,240,240
6933,240,240
6934,240,240
6935,240,240
6936,240,240
6937,240,240
6938,240,240
6939,240,240
6940,240,240
6941,240,240
6942,240,240
6943,240,240
6944,240,240
6945,240,240
6946,240,240
6947,240,240
6948,240,240
6949,240,240
6950,240,240
6951,240,240
6952,240,240
6953,240,240
6954,240,240
6955,240,240
6956,240,240
6957,240,240
6958,240,240
6959,240,240
6960,240,240
6961,240,240
6962,240,240
6963,240,240
6964,240,240
6965,240,240
6966,240,240
6967,240,240
6968,240,240
6969,240,240
6970,240,240
6971,240,240
6972,240,240
6973,240,240
6974,240,240
6975,240,240
6976,240,240
6977,240,240
6978,240,240
6979,240,240
6980,240,240
6981,240,240
6982,240,240
6983,240,240
6984,240,240
6985,240,240
6986,240,240
6987,240,240
6988,240,240
6989,240,240
6990,240,240
6991,240,240
6992,240,240
6993,240,240
6994,240,240
6995,240,240
6996,240,240
6997,240,240
6998,240,240
6999,240,240
7000,240,240
7001,240,240
7002,240,240
7003,240,240
7004,240,240
7005,240,240
7006,240,240
7007,240,240
7008,240,240
7009,240,240
7010,240,240
7011,240,240
7012,240,240
7013,240,240
7014,240,240
7015,240,240
7016,240,240
7017,240,240
7018,240,240
7019,240,240
7020,240,240
7021,240,240
7022,240,240
7023,240,240
7024,240,240
7025,240,240
7026,240,240
7027,240,240
7028,240,240
7029,240,240
7030,240,240
7031,240,240
7032,240,240
7033,240,240
7034,240,240
7035,240,240
7036,240,240
7037,240,240
7038,240,240
7039,240,240
7040,240,240
7041,240,240
7042,240,240
7043,240,240
7044,240,240
7045,240,240
7046,240,240
7047,240,240
7048,240,240
7049,240,240
7050,240,240
7051,240,240
7052,240,240
7053,240,240
7054,240,240
7055,240,240
7056,240,240
7057,240,240
7058,240,240
7059,240,240
7060,240,240
7061,240,240
7062,240,240
7063,240,240
7064,240,240
7065,240,240
7066,240,240
7067,240,240
7068,240,240
7069,240,240
7070,240,240
7071,240,240
7072,240,240
7073,240,240
7074,240,240
7075,240,240
7076,240,240
7077,240,240
7078,240,240
7079,240,240
7080,240,240
7081,240,240
7082,240,240
7083,240,240
7084,240,240
7085,240,240
7086,240,240
7087,240,240
7088,240,240
7089,240,240
7090,240,240
7091,240,240
7092,240,240
7093,240,240
7094,240,240
7095,240,240
7096,240,240
7097,240,240
7098,240,240
7099,240,240
7100,240,240
7101,240,240
7102,240,240
7103,240,240
7104,240,240
7105,240,240
7106,240,240
7107,240,240
7108,240,240
7109,240,240
7110,240,240
7111,240,240
7112,240,240
7113,240,240
7114,240,240
7115,240,240
7116,240,240
7117,240,240
7118,240,240
7119,240,240
7120,240,240
7121,240,240
7122,240,240
7123,240,240
7124,240,240
7125,240,240
7126,240,240
7127,240,240
7128,240,240
7129,240,240
7130,240,240
7131,240,240
7132,240,240
7133,240,240
7134,240,240
7135,240,240
7136,240,240
7137,240,240
7138,240,240
7139,240,240
7140,240,240
7141,240,240
7142,240,240
7143,240,240
7144,240,240
7145,240,240
7146,240,240
7147,240,240
7148,240,240
7149,240,240
7150,240,240
7151,240,240
7152,240,240
7153,240,240
7154,240,240
7155,240,240
7156,240,240
7157,240,240
7158,240,240
7159,240,240
7160,240,240
7161,240,240
7162,240,240
7163,240,240
7164,240,240
7165,240,240
7166,240,240
7167,240,240
7168,240,240
7169,240,240
7170,240,240
7171,240,240
7172,240,240
7173,240,240
7174,240,240
7175,240,240
7176,240,240
7177,240,240
7178,240,240
7179,240,240
7180,240,240
7181,240,240
7182,240,240
7183,240,240
7184,240,240
7185,240,240
7186,240,240
7187,240,240
7188,240,240
7189,240,240
7190,240,240
7191,240,240
7192,240,240
7193,240,240
7194,240,240
7195,240,240
7196,240,240
7197,240,240
7198,240,240
7199,240,240
7200,240,240
7201,240,240
7202,240,240
7203,240,240
7204,240,240
7205,240,240
7206,240,240
7207,240,240
7208,240,240
7209,240,240
7210,240,240
7211,240,240
7212,240,240
7213,240,240
7214,240,240
7215,240,240
7216,240,240
7217,240,240
7218,240,240
7219,240,240
7220,240,240
7221,240,240
7222,240,240
7223,240,240
7224,240,240
7225,240,240
7226,240,240
7227,240,240
7228,240,240
7229,240,240
7230,240,240
7231,240,240
7232,240,240
7233,240,240
7234,240,240
7235,240,240
7236,240,240
7237,240,240
7238,240,240
7239,240,240
7240,240,240
7241,240,240
7242,240,240
7243,240,240
7244,240,240
7245,240,240
7246,240,240
7247,240,240
7248,240,240
7249,240,240
7250,240,240
7251,240,240
7252,240,240
7253,240,240
7254,240,240
7255,240,240
7256,240,240
7257,240,240
7258,240,240
7259,240,240
7260,240,240
7261,240,240
7262,240,240
7263,240,240
7264,240,240
7265,240,240
7266,240,240
7267,240,240
7268,240,240
7269,240,240
7270,240,240
7271,240,240
7272,240,240
7273,240,240
7274,240,240
7275,240,240
7276,240,240
7277,240,240
7278,240,240
7279,240,240
7280,240,240
7281,240,240
7282,240,240
7283,240,240
7284,240,240
7285,240,240
7286,240,240
7287,240,240
7288,240,240
7289,240,240
7290,240,240
7291,240,240
7292,240,240
7293,240,240
7294,240,240
7295,240,240
7296,240,240
7297,240,240
7298,240,240
7299,240,240
7300,240,240
7301,240,240
7302,240,240
7303,240,240
7304,240,240
7305,240,240
7306,240,240
7307,240,240
7308,240,240
7309,240,240
7310,240,240
7311,240,240
7312,240,240
7313,240,240
7314,240,240
7315,240,240
7316,240,240
7317,240,240
7318,240,240
7319,240,240
7320,240,240
7321,240,240
7322,240,240
7323,240,240
7324,240,240
7325,240,240
7326,240,240
7327,240,240
7328,240,240
7329,240,240
7330,240,240
7331,240,240
7332,240,240
7333,240,240
7334,240,240
7335,240,240
7336,240,240
7337,240,240
7338,240,240
7339,240,240
7340,240,240
7341,240,240
7342,240,240
7343,240,240
7344,240,240
7345,240,240
7346,240,240
7347,240,240
7348,240,240
7349,240,240
7350,240,240
7351,240,240
7352,240,240
7353,240,240
7354,240,240
7355,240,240
7356,240,240
7357,240,240
7358,240,240
7359,240,240
7360,240,240
7361,240,240
7362,240,240
7363,240,240
7364,240,240
7365,240,240
7366,240,240
7367,240,240
7368,240,240
7369,240,240
7370,240,240
7371,240,240
7372,240,240
7373,240,240
7374,240,240
7375,240,240
7376,240,240
7377,240,240
7378,240,240
7379,240,240
7380,240,240
7381,240,240
7382,240,240
7383,240,240
7384,240,240
7385,240,240
7386,240,240
7387,240,240
7388,240,240
7389,240,240
7390,240,240
7391,240,240
7392,240,240
7393,240,240
7394,240,240
7395,240,240
7396,240,240
7397,240,240
7398,240,240
7399,240,240
7400,240,240
7401,240,240
7402,240,240
7403,240,240
7404,240,240
7405,240,240
7406,240,240
7407,240,240
7408,240,240
7409,240,240
7410,240,240
7411,240,240
7412,240,240
7413,240,240
7414,240,240
7415,240,240
7416,240,240
7417,240,240
7418,240,240
7419,240,240
7420,240,240
7421,240,240
7422,240,240
7423,240,240
7424,240,240
7425,240,240
7426,240,240
7427,240,240
7428,240,240
7429,240,240
7430,240,240
7431,240,240
7432,240,240
7433,240,240
7434,240,240
7435,240,240
7436,240,240
7437,240,240
7438,240,240
7439,240,240
7440,240,240
7441,240,240
7442,240,240
7443,240,240
7444,240,240
7445,240,240
7446,240,240
7447,240,240
7448,240,240
7449,240,240
7450,240,240
7451,240,240
7452,240,240
7453,240,240
7454,240,240
7455,240,240
7456,240,240
7457,240,240
7458,240,240
7459,240,240
7460,240,240
7461,240,240
7462,240,240
7463,240,240
7464,240,240
7465,240,240
7466,240,240
7467,240,240
7468,240,240
7469,240,240
7470,240,240
7471,240,240
7472,240,240
7473,240,240
7474,240,240
7475,240,240
7476,240,240
7477,240,240
7478,240,240
7479,240,240
7480,240,240
7481,240,240
7482,240,240
7483,240,240
7484,240,240
7485,240,240
7486,240,240
7487,240,240
7488,240,240
7489,240,240
7490,240,240
7491,240,240
7492,240,240
7493,240,240
7494,240,240
7495,240,240
7496,240,240
7497,240,240
7498,240,240
7499,240,240
7500,240,240
7501,240,240
7502,240,240
7503,240,240
7504,240,240
7505,240,240
7506,240,240
7507,240,240
7508,240,240
7509,240,240
7510,240,240
7511,240,240
7512,240,240
7513,240,240
7514,240,240
7515,240,240
7516,240,240
7517,240,240
7518,240,240
7519,240,240
7520,240,240
7521,240,240
7522,240,240
7523,240,240
7524,240,240
7525,240,240
7526,240,240
7527,240,240
7528,240,240
7529,240,240
7530,240,240
7531,240,240
7532,240,240
7533,240,240
7534,240,240
7535,240,240
7536,240,240
7537,240,240
7538,240,240
7539,240,240
7540,240,240
7541,240,240
7542,240,240
7543,240,240
7544,240,240
7545,240,240
7546,240,240
7547,240,240
7548,240,240
7549,240,240
7550,240,240
7551,240,240
7552,240,240
7553,240,240
7554,240,240
7555,240,240
7556,240,240
7557,240,240
7558,240,240
7559,240,240
7560,240,240
7561,240,240
7562,240,240
7563,240,240
7564,240,240
7565,240,240
7566,240,240
7567,240,240
7568,240,240
7569,240,240
7570,240,240
7571,240,240
7572,240,240
7573,240,240
7574,240,240
7575,240,240
7576,240,240
7577,240,240
7578,240,240
7579,240,240
7580,240,240
7581,240,240
7582,240,240
7583,240,240
7584,240,240
7585,240,240
7586,240,240
7587,240,240
7588,240,240
7589,240,240
7590,240,240
7591,240,240
7592,240,240
7593,240,240
7594,240,240
7595,240,240
7596,240,240
7597,240,240
7598,240,240
7599,240,240
7600,240,240
7601,240,240
7602,240,240
7603,240,240
7604,240,240
7605,240,240
7606,240,240
7607,240,240
7608,240,240
7609,240,240
7610,240,240
7611,240,240
7612,240,240
7613,240,240
7614,240,240
7615,240,240
7616,240,240
7617,240,240
7618,240,240
7619,240,240
7620,240,240
7621,240,240
7622,240,240
7623,240,240
7624,240,240
7625,240,240
7626,240,240
7627,240,240
7628,240,240
7629,240,240
7630,240,240
7631,240,240
7632,240,240
7633,240,240
7634,240,240
7635,240,240
7636,240,240
7637,240,240
7638,240,240
7639,240,240
7640,240,240
7641,240,240
7642,240,240
7643,240,240
7644,240,240
7645,240,240
7646,240,240
7647,240,240
7648,240,240
7649,240,240
7650,240,240
7651,240,240
7652,240,240
7653,240,240
7654,240,240
7655,240,240
7656,240,240
7657,240,240
7658,240,240
7659,240,240
7660,240,240
7661,240,240
7662,240,240
7663,240,240
7664,240,240
7665,240,240
7666,240,240
7667,240,240
7668,240,240
7669,240,240
7670,240,240
7671,240,240
7672,240,240
7673,240,240
7674,240,240
7675,240,240
7676,240,240
7677,240,240
7678,240,240
7679,240,240
7680,240,240
7681,240,240
7682,240,240
7683,240,240
7684,240,240
7685,240,240
7686,240,240
7687,240,240
7688,240,240
7689,240,240
7690,240,240
7691,240,240
7692,240,240
7693,240,240
7694,240,240
7695,240,240
7696,240,240
7697,240,240
7698,240,240
7699,240,240
7700,240,240
7701,240,240
7702,240,240
7703,240,240
7704,240,240
7705,240,240
7706,240,240
7707,240,240
7708,240,240
7709,240,240
7710,240,240
7711,240,240
7712,240,240
7713,240,240
7714,240,240
7715,240,240
7716,240,240
7717,240,240
7718,240,240
7719,240,240
7720,240,240
7721,240,240
7722,240,240
7723,240,240
7724,240,240
7725,240,240
7726,240,240
7727,240,240
7728,240,240
7729,240,240
7730,240,240
7731,240,240
7732,240,240
7733,240,240
7734,240,240
7735,240,240
7736,240,240
7737,240,240
7738,240,240
7739,240,240
7740,240,240
7741,240,240
7742,240,240
7743,240,240
7744,240,240
7745,240,240
7746,240,240
7747,240,240
7748,240,240
7749,240,240
7750,240,240
7751,240,240
7752,240,240
7753,240,240
7754,240,240
7755,240,240
7756,240,240
7757,240,240
7758,240,240
7759,240,240
7760,240,240
7761,240,240
7762,240,240
7763,240,240
7764,240,240
7765,240,240
7766,240,240
7767,240,240
7768,240,240
7769,240,240
7770,240,240
7771,240,240
7772,240,240
7773,240,240
7774,240,240
7775,240,240
7776,240,240
7777,240,240
7778,240,240
7779,240,240
7780,240,240
7781,240,240
7782,240,240
7783,240,240
7784,240,240
7785,240,240
7786,240,240
7787,240,240
7788,240,240
7789,240,240
7790,240,240
7791,240,240
7792,240,240
7793,240,240
7794,240,240
7795,240,240
7796,240,240
7797,240,240
7798,240,240
7799,240,240
7800,240,240
7801,240,240
7802,240,240
7803,240,240
7804,240,240
7805,240,240
7806,240,240
7807,240,240
7808,240,240
7809,240,240
7810,240,240
7811,240,240
7812,240,240
7813,240,240
7814,240,240
7815,240,240
7816,240,240
7817,240,240
7818,240,240
7819,240,240
7820,240,240
7821,240,240
7822,240,240
7823,240,240
7824,240,240
7825,240,240
7826,240,240
7827,240,240
7828,240,240
7829,240,240
7830,240,240
7831,240,240
7832,240,240
7833,240,240
7834,240,240
7835,240,240
7836,240,240
7837,240,240
7838,240,240
7839,240,240
7840,240,240
7841,240,240
7842,240,240
7843,240,240
7844,240,240
7845,240,240
7846,240,240
7847,240,240
7848,240,240
7849,240,240
7850,240,240
7851,240,240
7852,240,240
7853,240,240
7854,240,240
7855,240,240
7856,240,240
7857,240,240
7858,240,240
7859,240,240
7860,240,240
7861,240,240
7862,240,240
7863,240,240
7864,240,240
7865,240,240
7866,240,240
7867,240,240
7868,240,240
7869,240,240
7870,240,240
7871,240,240
7872,240,240
7873,240,240
7874,240,240
7875,240,240
7876,240,240
7877,240,240
7878,240,240
7879,240,240
7880,240,240
7881,240,240
7882,240,240
7883,240,240
7884,240,240
7885,240,240
7886,240,240
7887,240,240
7888,240,240
7889,240,240
7890,240,240
7891,240,240
7892,240,240
7893,240,240
7894,240,240
7895,240,240
7896,240,240
7897,240,240
7898,240,240
7899,240,240
7900,240,240
7901,240,240
7902,240,240
7903,240,240
7904,240,240
7905,240,240
7906,240,240
7907,240,240
7908,240,240
7909,240,240
7910,240,240
7911,240,240
7912,240,240
7913,240,240
7914,240,240
7915,240,240
7916,240,240
7917,240,240
7918,240,240
7919,240,240
7920,240,240
7921,240,240
7922,240,240
7923,240,240
7924,240,240
7925,240,240
7926,240,240
7927,240,240
7928,240,240
7929,240,240
7930,240,240
7931,240,240
7932,240,240
7933,240,240
7934,240,240
7935,240,240
7936,240,240
7937,240,240
7938,240,240
7939,240,240
7940,240,240
7941,240,240
7942,240,240
7943,240,240
7944,240,240
7945,240,240
7946,240,240
7947,240,240
7948,240,240
7949,240,240
7950,240,240
7951,240,240
7952,240,240
7953,240,240
7954,240,240
7955,240,240
7956,240,240
7957,240,240
7958,240,240
7959,240,240
7960,240,240
7961,240,240
7962,240,240
7963,240,240
7964,240,240
7965,240,240
7966,240,240
7967,240,240
7968,240,240
7969,240,240
7970,240,240
7971,240,240
7972,240,240
7973,240,240
7974,240,240
7975,240,240
7976,240,240
7977,240,240
7978,240,240
7979,240,240
7980,240,240
7981,240,240
7982,240,240
7983,240,240
7984,240,240
7985,240,240
7986,240,240
7987,240,240
7988,240,240
7989,240,240
7990,240,240
7991,240,240
7992,240,240
7993,240,240
7994,240,240
7995,240,240
7996,240,240
7997,240,240
7998,240,240
7999,240,240
8000,240,240
8001,240,240
8002,240,240
8003,240,240
8004,240,240
8005,240,240
8006,240,240
8007,240,240
8008,240,240
8009,240,240
8010,240,240
8011,240,240
8012,240,240
8013,240,240
8014,240,240
8015,240,240
8016,240,240
8017,240,240
8018,240,240
8019,240,240
8020,240,240
8021,240,240
8022,240,240
8023,240,240
8024,240,240
8025,240,240
8026,240,240
8027,240,240
8028,240,240
8029,240,240
8030,240,240
8031,240,240
8032,240,240
8033,240,240
8034,240,240
8035,240,240
8036,240,240
8037,240,240
8038,240,240
8039,240,240
8040,240,240
8041,240,240
8042,240,240
8043,240,240
8044,240,240
8045,240,240
8046,240,240
8047,240,240
8048,240,240
8049,240,240
8050,240,240
8051,240,240
8052,240,240
8053,240,240
8054,240,240
8055,240,240
8056,240,240
8057,240,240
8058,240,240
8059,240,240
8060,240,240
8061,240,240
8062,240,240
8063,240,240
8064,240,240
8065,240,240
8066,240,240
8067,240,240
8068,240,240
8069,240,240
8070,240,240
8071,240,240
8072,240,240
8073,240,240
8074,240,240
8075,240,240
8076,240,240
8077,240,240
8078,240,240
8079,240,240
8080,240,240
8081,240,240
8082,240,240
8083,240,240
8084,240,240
8085,240,240
8086,240,240
8087,240,240
8088,240,240
8089,240,240
8090,240,240
8091,240,240
8092,240,240
8093,240,240
8094,240,240
8095,240,240
8096,240,240
8097,240,240
8098,240,240
8099,240,240
8100,240,240
8101,240,240
8102,240,240
8103,240,240
8104,240,240
8105,240,240
8106,240,240
8107,240,240
8108,240,240
8109,240,240
8110,240,240
8111,240,240
8112,240,240
8113,240,240
8114,240,240
8115,240,240
8116,240,240
8117,240,240
8118,240,240
8119,240,240
8120,240,240
8121,240,240
8122,240,240
8123,240,240
8124,240,240
8125,240,240
8126,240,240
8127,240,240
8128,240,240
8129,240,240
8130,240,240
8131,240,240
8132,240,240
8133,240,240
8134,240,240
8135,240,240
8136,240,240
8137,240,240
8138,240,240
8139,240,240
8140,240,240
8141,240,240
8142,240,240
8143,240,240
8144,240,240
8145,240,240
8146,240,240
8147,240,240
8148,240,240
8149,240,240
8150,240,240
8151,240,240
8152,240,240
8153,240,240
8154,240,240
8155,240,240
8156,240,240
8157,240,240
8158,240,240
8159,240,240
8160,240,240
8161,240,240
8162,240,240
8163,240,240
8164,240,240
8165,240,240
8166,240,240
8167,240,240
8168,240,240
8169,240,240
8170,240,240
8171,240,240
8172,240,240
8173,240,240
8174,240,240
8175,240,240
8176,240,240
8177,240,240
8178,240,240
8179,240,240
8180,240,240
8181,240,240
8182,240,240
8183,240,240
8184,240,240
8185,240,240
8186,240,240
8187,240,240
8188,240,240
8189,240,240
8190,240,240
8191,240,240
8192,240,240
8193,240,240
8194,240,240
8195,240,240
8196,240,240
8197,240,240
8198,240,240
8199,240,240
8200,240,240
8201,240,240
8202,240,240
8203,240,240
8204,240,240
8205,240,240
8206,240,240
8207,240,240
8208,240,240
8209,240,240
8210,240,240
8211,240,240
8212,240,240
8213,240,240
8214,240,240
8215,240,240
8216,240,240
8217,240,240
8218,240,240
8219,240,240
8220,240,240
8221,240,240
8222,240,240
8223,240,240
8224,240,240
8225,240,240
8226,240,240
8227,240,240
8228,240,240
8229,240,240
8230,240,240
8231,240,240
8232,240,240
8233,240,240
8234,240,240
8235,240,240
8236,240,240
8237,240,240
8238,240,240
8239,240,240
8240,240,240
8241,240,240
8242,240,240
8243,240,240
8244,240,240
8245,240,240
8246,240,240
8247,240,240
8248,240,240
8249,240,240
8250,240,240
8251,240,240
8252,240,240
8253,240,240
8254,240,240
8255,240,240
8256,240,240
8257,240,240
8258,240,240
8259,240,240
8260,240,240
8261,240,240
8262,240,240
8263,240,240
8264,240,240
8265,240,240
8266,240,240
8267,240,240
8268,240,240
8269,240,240
8270,240,240
8271,240,240
8272,240,240
8273,240,240
8274,240,240
8275,240,240
8276,240,240
8277,240,240
8278,240,240
8279,240,240
8280,240,240
8281,240,240
8282,240,240
8283,240,240
8284,240,240
8285,240,240
8286,240,240
8287,240,240
8288,240,240
8289,240,240
8290,240,240
8291,240,240
8292,240,240
8293,240,240
8294,240,240
8295,240,240
8296,240,240
8297,240,240
8298,240,240
8299,240,240
8300,240,240
8301,240,240
8302,240,240
8303,240,240
8304,240,240
8305,240,240
8306,240,240
8307,240,240
8308,240,240
8309,240,240
8310,240,240
8311,240,240
8312,240,240
8313,240,240
8314,240,240
8315,240,240
8316,240,240
8317,240,240
8318,240,240
8319,240,240
8320,240,240
8321,240,240
8322,240,240
8323,240,240
8324,240,240
8325,240,240
8326,240,240
8327,240,240
8328,240,240
8329,240,240
8330,240,240
8331,240,240
8332,240,240
8333,240,240
8334,240,240
8335,240,240
8336,240,240
8337,240,240
8338,240,240
8339,240,240
8340,240,240
8341,240,240
8342,240,240
8343,240,240
8344,240,240
8345,240,240
8346,240,240
8347,240,240
8348,240,240
8349,240,240
8350,240,240
8351,240,240
8352,240,240
8353,240,240
8354,240,240
8355,240,240
8356,240,240
8357,240,240
8358,240,240
8359,240,240
8360,240,240
8361,240,240
8362,240,240
8363,240,240
8364,240,240
8365,240,240
8366,240,240
8367,240,240
8368,240,240
8369,240,240
8370,240,240
8371,240,240
8372,240,240
8373,240,240
8374,240,240
8375,240,240
8376,240,240
8377,240,240
8378,240,240
8379,240,240
8380,240,240
8381,240,240
8382,240,240
8383,240,240
8384,240,240
8385,240,240
8386,240,240
8387,240,240
8388,240,240
8389,240,240
8390,240,240
8391,240,240
8392,240,240
8393,240,240
8394,240,240
8395,240,240
8396,240,240
8397,240,240
8398,240,240
8399,240,240
8400,240,240
8401,240,240
8402,240,240
8403,240,240
8404,240,240
8405,240,240
8406,240,240
8407,240,240
8408,240,240
8409,240,240
8410,240,240
8411,240,240
8412,240,240
8413,240,240
8414,240,240
8415,240,240
8416,240,240
8417,240,240
8418,240,240
8419,240,240
8420,240,240
8421,240,240
8422,240,240
8423,240,240
8424,240,240
8425,240,240
8426,240,240
8427,240,240
8428,240,240
8429,240,240
8430,240,240
8431,240,240
8432,240,240
8433,240,240
8434,240,240
8435,240,240
8436,240,240
8437,240,240
8438,240,240
8439,240,240
8440,240,240
8441,240,240
8442,240,240
8443,240,240
8444,240,240
8445,240,240
8446,240,240
8447,240,240
8448,240,240
8449,240,240
8450,240,240
8451,240,240
8452,240,240
8453,240,240
8454,240,240
8455,240,240
8456,240,240
8457,240,240
8458,240,240
8459,240,240
8460,240,240
8461,240,240
8462,240,240
8463,240,240
8464,240,240
8465,240,240
8466,240,240
8467,240,240
8468,240,240
8469,240,240
8470,240,240
8471,240,240
8472,240,240
8473,240,240
8474,240,240
8475,240,240
8476,240,240
8477,240,240
8478,240,240
8479,240,240
8480,240,240
8481,240,240
8482,240,240
8483,240,240
8484,240,240
8485,240,240
8486,240,240
8487,240,240
8488,240,240
8489,240,240
8490,240,240
8491,240,240
8492,240,240
8493,240,240
8494,240,240
8495,240,240
8496,240,240
8497,240,240
8498,240,240
8499,240,240
8500,240,240
8501,240,240
8502,240,240
8503,240,240
8504,240,240
8505,240,240
8506,240,240
8507,240,240
8508,240,240
8509,240,240
8510,240,240
8511,240,240
8512,240,240
8513,240,240
8514,240,240
8515,240,240
8516,240,240
8517,240,240
8518,240,240
8519,240,240
8520,240,240
8521,240,240
8522,240,240
8523,240,240
8524,240,240
8525,240,240
8526,240,240
8527,240,240
8528,240,240
8529,240,240
8530,240,240
8531,240,240
8532,240,240
8533,240,240
8534,240,240
8535,240,240
8536,240,240
8537,240,240
8538,240,240
8539,240,240
8540,240,240
8541,240,240
8542,240,240
8543,240,240
8544,240,240
8545,240,240
8546,240,240
8547,240,240
8548,240,240
8549,240,240
8550,240,240
8551,240,240
8552,240,240
8553,240,240
8554,240,240
8555,240,240
8556,240,240
8557,240,240
8558,240,240
8559,240,240
8560,240,240
8561,240,240
8562,240,240
8563,240,240
8564,240,240
8565,240,240
8566,240,240
8567,240,240
8568,240,240
8569,240,240
8570,240,240
8571,240,240
8572,240,240
8573,240,240
8574,240,240
8575,240,240
8576,240,240
8577,240,240
8578,240,240
8579,240,240
8580,240,240
8581,240,240
8582,240,240
8583,240,240
8584,240,240
8585,240,240
8586,240,240
8587,240,240
8588,240,240
8589,240,240
8590,240,240
8591,240,240
8592,240,240
8593,240,240
8594,240,240
8595,240,240
8596,240,240
8597,240,240
8598,240,240
8599,240,240
8600,240,240
8601,240,240
8602,240,240
8603,240,240
8604,240,240
8605,240,240
8606,240,240
8607,240,240
8608,240,240
8609,240,240
8610,240,240
8611,240,240
8612,240,240
8613,240,240
8614,240,240
8615,240,240
8616,240,240
8617,240,240
8618,240,240
8619,240,240
8620,240,240
8621,240,240
8622,240,240
8623,240,240
8624,240,240
8625,240,240
8626,240,240
8627,240,240
8628,240,240
8629,240,240
8630,240,240
8631,240,240
8632,240,240
8633,240,240
8634,240,240
8635,240,240
8636,240,240
8637,240,240
8638,240,240
8639,240,240
8640,240,240
8641,240,240
8642,240,240
8643,240,240
8644,240,240
8645,240,240
8646,240,240
8647,240,240
8648,240,240
8649,240,240
8650,240,240
8651,240,240
8652,240,240
8653,240,240
8654,240,240
8655,240,240
8656,240,240
8657,240,240
8658,240,240
8659,240,240
8660,240,240
8661,240,240
8662,240,240
8663,240,240
8664,240,240
8665,240,240
8666,240,240
8667,240,240
8668,240,240
8669,240,240
8670,240,240
8671,240,240
8672,240,240
8673,240,240
8674,240,240
8675,240,240
8676,240,240
8677,240,240
8678,240,240
8679,240,240
8680,240,240
8681,240,240
8682,240,240
8683,240,240
8684,240,240
8685,240,240
8686,240,240
8687,240,240
8688,240,240
8689,240,240
8690,240,240
8691,240,240
8692,240,240
8693,240,240
8694,240,240
8695,240,240
8696,240,240
8697,240,240
8698,240,240
8699,240,240
8700,240,240
8701,240,240
8702,240,240
8703,240,240
8704,240,240
8705,240,240
8706,240,240
8707,240,240
8708,240,240
8709,240,240
8710,240,240
8711,240,240
8712,240,240
8713,240,240
8714,240,240
8715,240,240
8716,240,240
8717,240,240
8718,240,240
8719,240,240
8720,240,240
8721,240,240
8722,240,240
8723,240,240
8724,240,240
8725,240,240
8726,240,240
8727,240,240
8728,240,240
8729,240,240
8730,240,240
8731,240,240
8732,240,240
8733,240,240
8734,240,240
8735,240,240
8736,240,240
8737,240,240
8738,240,240
8739,240,240
8740,240,240
8741,240,240
8742,240,240
8743,240,240
8744,240,240
8745,240,240
8746,240,240
8747,240,240
8748,240,240
8749,240,240
8750,240,240
8751,240,240
8752,240,240
8753,240,240
8754,240,240
8755,240,240
8756,240,240
8757,240,240
8758,240,240
8759,240,240
8760,240,240
8761,240,240
8762,240,240
8763,240,240
8764,240,240
8765,240,240
8766,240,240
8767,240,240
8768,240,240
8769,240,240
8770,240,240
8771,240,240
8772,240,240
8773,240,240
8774,240,240
8775,240,240
8776,240,240
8777,240,240
8778,240,240
8779,240,240
8780,240,240
8781,240,240
8782,240,240
8783,240,240
8784,240,240
8785,240,240
8786,240,240
8787,240,240
8788,240,240
8789,240,240
8790,240,240
8791,240,240
8792,240,240
8793,240,240
8794,240,240
8795,240,240
8796,240,240
8797,240,240
8798,240,240
8799,240,240
8800,240,240
8801,240,240
8802,240,240
8803,240,240
8804,240,240
8805,240,240
8806,240,240
8807,240,240
8808,240,240
8809,240,240
8810,240,240
8811,240,240
8812,240,240
8813,240,240
8814,240,240
8815,240,240
8816,240,240
8817,240,240
8818,240,240
8819,240,240
8820,240,240
8821,240,240
8822,240,240
8823,240,240
8824,240,240
8825,240,240
8826,240,240
8827,240,240
8828,240,240
8829,240,240
8830,240,240
8831,240,240
8832,240,240
8833,240,240
8834,240,240
8835,240,240
8836,240,240
8837,240,240
8838,240,240
8839,240,240
8840,240,240
8841,240,240
8842,240,240
8843,240,240
8844,240,240
8845,240,240
8846,240,240
8847,240,240
8848,240,240
8849,240,240
8850,240,240
8851,240,240
8852,240,240
8853,240,240
8854,240,240
8855,240,240
8856,240,240
8857,240,240
8858,240,240
8859,240,240
8860,240,240
8861,240,240
8862,240,240
8863,240,240
8864,240,240
8865,240,240
8866,240,240
8867,240,240
8868,240,240
8869,240,240
8870,240,240
8871,240,240
8872,240,240
8873,240,240
8874,240,240
8875,240,240
8876,240,240
8877,240,240
8878,240,240
8879,240,240
8880,240,240
8881,240,240
8882,240,240
8883,240,240
8884,240,240
8885,240,240
8886,240,240
8887,240,240
8888,240,240
8889,240,240
8890,240,240
8891,240,240
8892,240,240
8893,240,240
8894,240,240
8895,240,240
8896,240,240
8897,240,240
8898,240,240
8899,240,240
8900,240,240
8901,240,240
8902,240,240
8903,240,240
8904,240,240
8905,240,240
8906,240,240
8907,240,240
8908,240,240
8909,240,240
8910,240,240
8911,240,240
8912,240,240
8913,240,240
8914,240,240
8915,240,240
8916,240,240
8917,240,240
8918,240,240
8919,240,240
8920,240,240
8921,240,240
8922,240,240
8923,240,240
8924,240,240
8925,240,240
8926,240,240
8927,240,240
8928,240,240
8929,240,240
8930,240,240
8931,240,240
8932,240,240
8933,240,240
8934,240,240
8935,240,240
8936,240,240
8937,240,240
8938,240,240
8939,240,240
8940,240,240
8941,240,240
8942,240,240
8943,240,240
8944,240,240
8945,240,240
8946,240,240
8947,240,240
8948,240,240
8949,240,240
8950,240,240
8951,240,240
8952,240,240
8953,240,240
8954,240,240
8955,240,240
8956,240,240
8957,240,240
8958,240,240
8959,240,240
8960,240,240
8961,240,240
8962,240,240
8963,240,240
8964,240,240
8965,240,240
8966,240,240
8967,240,240
8968,240,240
8969,240,240
8970,240,240
8971,240,240
8972,240,240
8973,240,240
8974,240,240
8975,240,240
8976,240,240
8977,240,240
8978,240,240
8979,240,240
8980,240,240
8981,240,240
8982,240,240
8983,240,240
8984,240,240
8985,240,240
8986,240,240
8987,240,240
8988,240,240
8989,240,240
8990,240,240
8991,240,240
8992,240,240
8993,240,240
8994,240,240
8995,240,240
8996,240,240
8997,240,240
8998,240,240
8999,240,240
9000,240,240
9001,240,240
9002,240,240
9003,240,240
9004,240,240
9005,240,240
9006,240,240
9007,240,240
9008,240,240
9009,240,240
9010,240,240
9011,240,240
9012,240,240
9013,240,240
9014,240,240
9015,240,240
9016,240,240
9017,240,240
9018,240,240
9019,240,240
9020,240,240
9021,240,240
9022,240,240
9023,240,240
9024,240,240
9025,240,240
9026,240,240
9027,240,240
9028,240,240
9029,240,240
9030,240,240
9031,240,240
9032,240,240
9033,240,240
9034,240,240
9035,240,240
9036,240,240
9037,240,240
9038,240,240
9039,240,240
9040,240,240
9041,240,240
9042,240,240
9043,240,240
9044,240,240
9045,240,240
9046,240,240
9047,240,240
9048,240,240
9049,240,240
9050,240,240
9051,240,240
9052,240,240
9053,240,240
9054,240,240
9055,240,240
9056,240,240
9057,240,240
9058,240,240
9059,240,240
9060,240,240
9061,240,240
9062,240,240
9063,240,240
9064,240,240
9065,240,240
9066,240,240
9067,240,240
9068,240,240
9069,240,240
9070,240,240
9071,240,240
9072,240,240
9073,240,240
9074,240,240
9075,240,240
9076,240,240
9077,240,240
9078,240,240
9079,240,240
9080,240,240
9081,240,240
9082,240,240
9083,240,240
9084,240,240
9085,240,240
9086,240,240
9087,240,240
9088,240,240
9089,240,240
9090,240,240
9091,240,240
9092,240,240
9093,240,240
9094,240,240
9095,240,240
9096,240,240
9097,240,240
9098,240,240
9099,240,240
9100,240,240
9101,240,240
9102,240,240
9103,240,240
9104,240,240
9105,240,240
9106,240,240
9107,240,240
9108,240,240
9109,240,240
9110,240,240
9111,240,240
9112,240,240
9113,240,240
9114,240,240
9115,240,240
9116,240,240
9117,240,240
9118,240,240
9119,240,240
9120,240,240
9121,240,240
9122,240,240
9123,240,240
9124,240,240
9125,240,240
9126,240,240
9127,240,240
9128,240,240
9129,240,240
9130,240,240
9131,240,240
9132,240,240
9133,240,240
9134,240,240
9135,240,240
9136,240,240
9137,240,240
9138,240,240
9139,240,240
9140,240,240
9141,240,240
9142,240,240
9143,240,240
9144,240,240
9145,240,240
9146,240,240
9147,240,240
9148,240,240
9149,240,240
9150,240,240
9151,240,240
9152,240,240
9153,240,240
9154,240,240
9155,240,240
9156,240,240
9157,240,240
9158,240,240
9159,240,240
9160,240,240
9161,240,240
9162,240,240
9163,240,240
9164,240,240
9165,240,240
9166,240,240
9167,240,240
9168,240,240
9169,240,240
9170,240,240
9171,240,240
9172,240,240
9173,240,240
9174,240,240
9175,240,240
9176,240,240
9177,240,240
9178,240,240
9179,240,240
9180,240,240
9181,240,240
9182,240,240
9183,240,240
9184,240,240
9185,240,240
9186,240,240
9187,240,240
9188,240,240
9189,240,240
9190,240,240
9191,240,240
9192,240,240
9193,240,240
9194,240,240
9195,240,240
9196,240,240
9197,240,240
9198,240,240
9199,240,240
9200,240,240
9201,240,240
9202,240,240
9203,240,240
9204,240,240
9205,240,240
9206,240,240
9207,240,240
9208,240,240
9209,240,240
9210,240,240
9211,240,240
9212,240,240
9213,240,240
9214,240,240
9215,240,240
9216,240,240
9217,240,240
9218,240,240
9219,240,240
9220,240,240
9221,240,240
9222,240,240
9223,240,240
9224,240,240
9225,240,240
9226,240,240
9227,240,240
9228,240,240
9229,240,240
9230,240,240
9231,240,240
9232,240,240
9233,240,240
9234,240,240
9235,240,240
9236,240,240
9237,240,240
9238,240,240
9239,240,240
9240,240,240
9241,240,240
9242,240,240
9243,240,240
9244,240,240
9245,240,240
9246,240,240
9247,240,240
9248,240,240
9249,240,240
9250,240,240
9251,240,240
9252,240,240
9253,240,240
9254,240,240
9255,240,240
9256,240,240
9257,240,240
9258,240,240
9259,240,240
9260,240,240
9261,240,240
9262,240,240
9263,240,240
9264,240,240
9265,240,240
9266,240,240
9267,240,240
9268,240,240
9269,240,240
9270,240,240
9271,240,240
9272,240,240
9273,240,240
9274,240,240
9275,240,240
9276,240,240
9277,240,240
9278,240,240
9279,240,240
9280,240,240
9281,240,240
9282,240,240
9283,240,240
9284,240,240
9285,240,240
9286,240,240
9287,240,240
9288,240,240
9289,240,240
9290,240,240
9291,240,240
9292,240,240
9293,240,240
9294,240,240
9295,240,240
9296,240,240
9297,240,240
9298,240,240
9299,240,240
9300,240,240
9301,240,240
9302,240,240
9303,240,240
9304,240,240
9305,240,240
9306,240,240
9307,240,240
9308,240,240
9309,240,240
9310,240,240
9311,240,240
9312,240,240
9313,240,240
9314,240,240
9315,240,240
9316,240,240
9317,240,240
9318,240,240
9319,240,240
9320,240,240
9321,240,240
9322,240,240
9323,240,240
9324,240,240
9325,240,240
9326,240,240
9327,240,240
9328,240,240
9329,240,240
9330,240,240
9331,240,240
9332,240,240
9333,240,240
9334,240,240
9335,240,240
9336,240,240
9337,240,240
9338,240,240
9339,240,240
9340,240,240
9341,240,240
9342,240,240
9343,240,240
9344,240,240
9345,240,240
9346,240,240
9347,240,240
9348,240,240
9349,240,240
9350,240,240
9351,240,240
9352,240,240
9353,240,240
9354,240,240
9355,240,240
9356,240,240
9357,240,240
9358,240,240
9359,240,240
9360,240,240
9361,240,240
9362,240,240
9363,240,240
9364,240,240
9365,240,240
9366,240,240
9367,240,240
9368,240,240
9369,240,240
9370,240,240
9371,240,240
9372,240,240
9373,240,240
9374,240,240
9375,240,240
9376,240,240
9377,240,240
9378,240,240
9379,240,240
9380,240,240
9381,240,240
9382,240,240
9383,240,240
9384,240,240
9385,240,240
9386,240,240
9387,240,240
9388,240,240
9389,240,240
9390,240,240
9391,240,240
9392,240,240
9393,240,240
9394,240,240
9395,240,240
9396,240,240
9397,240,240
9398,240,240
9399,240,240
9400,240,240
9401,240,240
9402,240,240
9403,240,240
9404,240,240
9405,240,240
9406,240,240
9407,240,240
9408,240,240
9409,240,240
9410,240,240
9411,240,240
9412,240,240
9413,240,240
9414,240,240
9415,240,240
9416,240,240
9417,240,240
9418,240,240
9419,240,240
9420,240,240
9421,240,240
9422,240,240
9423,240,240
9424,240,240
9425,240,240
9426,240,240
9427,240,240
9428,240,240
9429,240,240
9430,240,240
9431,240,240
9432,240,240
9433,240,240
9434,240,240
9435,240,240
9436,240,240
9437,240,240
9438,240,240
9439,240,240
9440,240,240
9441,240,240
9442,240,240
9443,240,240
9444,240,240
9445,240,240
9446,240,240
9447,240,240
9448,240,240
9449,240,240
9450,240,240
9451,240,240
9452,240,240
9453,240,240
9454,240,240
9455,240,240
9456,240,240
9457,240,240
9458,240,240
9459,240,240
9460,240,240
9461,240,240
9462,240,240
9463,240,240
9464,240,240
9465,240,240
9466,240,240
9467,240,240
9468,240,240
9469,240,240
9470,240,240
9471,240,240
9472,240,240
9473,240,240
9474,240,240
9475,240,240
9476,240,240
9477,240,240
9478,240,240
9479,240,240
9480,240,240
9481,240,240
9482,240,240
9483,240,240
9484,240,240
9485,240,240
9486,240,240
9487,240,240
9488,240,240
9489,240,240
9490,240,240
9491,240,240
9492,240,240
9493,240,240
9494,240,240
9495,240,240
9496,240,240
9497,240,240
9498,240,240
9499,240,240
9500,240,240
9501,240,240
9502,240,240
9503,240,240
9504,240,240
9505,240,240
9506,240,240
9507,240,240
9508,240,240
9509,240,240
9510,240,240
9511,240,240
9512,240,240
9513,240,240
9514,240,240
9515,240,240
9516,240,240
9517,240,240
9518,240,240
9519,240,240
9520,240,240
9521,240,240
9522,240,240
9523,240,240
9524,240,240
9525,240,240
9526,240,240
9527,240,240
9528,240,240
9529,240,240
9530,240,240
9531,240,240
9532,240,240
9533,240,240
9534,240,240
9535,240,240
9536,240,240
9537,240,240
9538,240,240
9539,240,240
9540,240,240
9541,240,240
9542,240,240
9543,240,240
9544,240,240
9545,240,240
9546,240,240
9547,240,240
9548,240,240
9549,240,240
9550,240,240
9551,240,240
9552,240,240
9553,240,240
9554,240,240
9555,240,240
9556,240,240
9557,240,240
9558,240,240
9559,240,240
9560,240,240
9561,240,240
9562,240,240
9563,240,240
9564,240,240
9565,240,240
9566,240,240
9567,240,240
9568,240,240
9569,240,240
9570,240,240
9571,240,240
9572,240,240
9573,240,240
9574,240,240
9575,240,240
9576,240,240
9577,240,240
9578,240,240
9579,240,240
9580,240,240
9581,240,240
9582,240,240
9583,240,240
9584,240,240
9585,240,240
9586,240,240
9587,240,240
9588,240,240
9589,240,240
9590,240,240
9591,240,240
9592,240,240
9593,240,240
9594,240,240
9595,240,240
9596,240,240
9597,240,240
9598,240,240
9599,240,240
9600,240,240
9601,240,240
9602,240,240
9603,240,240
9604,240,240
9605,240,240
9606,240,240
9607,240,240
9608,240,240
9609,240,240
9610,240,240
9611,240,240
9612,240,240
9613,240,240
9614,240,240
9615,240,240
9616,240,240
9617,240,240
9618,240,240
9619,240,240
9620,240,240
9621,240,240
9622,240,240
9623,240,240
9624,240,240
9625,240,240
9626,240,240
9627,240,240
9628,240,240
9629,240,240
9630,240,240
9631,240,240
9632,240,240
9633,240,240
9634,240,240
9635,240,240
9636,240,240
9637,240,240
9638,240,240
9639,240,240
9640,240,240
9641,240,240
9642,240,240
9643,240,240
9644,240,240
9645,240,240
9646,240,240
9647,240,240
9648,240,240
9649,240,240
9650,240,240
9651,240,240
9652,240,240
9653,240,240
9654,240,240
9655,240,240
9656,240,240
9657,240,240
9658,240,240
9659,240,240
9660,240,240
9661,240,240
9662,240,240
9663,240,240
9664,240,240
9665,240,240
9666,240,240
9667,240,240
9668,240,240
9669,240,240
9670,240,240
9671,240,240
9672,240,240
9673,240,240
9674,240,240
9675,240,240
9676,240,240
9677,240,240
9678,240,240
9679,240,240
9680,240,240
9681,240,240
9682,240,240
9683,240,240
9684,240,240
9685,240,240
9686,240,240
9687,240,240
9688,240,240
9689,240,240
9690,240,240
9691,240,240
9692,240,240
9693,240,240
9694,240,240
9695,240,240
9696,240,240
9697,240,240
9698,240,240
9699,240,240
9700,240,240
9701,240,240
9702,240,240
9703,240,240
9704,240,240
9705,240,240
9706,240,240
9707,240,240
9708,240,240
9709,240,240
9710,240,240
9711,240,240
9712,240,240
9713,240,240
9714,240,240
9715,240,240
9716,240,240
9717,240,240
9718,240,240
9719,240,240
9720,240,240
9721,240,240
9722,240,240
9723,240,240
9724,240,240
9725,240,240
9726,240,240
9727,240,240
9728,240,240
9729,240,240
9730,240,240
9731,240,240
9732,240,240
9733,240,240
9734,240,240
9735,240,240
9736,240,240
9737,240,240
9738,240,240
9739,240,240
9740,240,240
9741,240,240
9742,240,240
9743,240,240
9744,240,240
9745,240,240
9746,240,240
9747,240,240
9748,240,240
9749,240,240
9750,240,240
9751,240,240
9752,240,240
9753,240,240
9754,240,240
9755,240,240
9756,240,240
9757,240,240
9758,240,240
9759,240,240
9760,240,240
9761,240,240
9762,240,240
9763,240,240
9764,240,240
9765,240,240
9766,240,240
9767,240,240
9768,240,240
9769,240,240
9770,240,240
9771,240,240
9772,240,240
9773,240,240
9774,240,240
9775,240,240
9776,240,240
9777,240,240
9778,240,240
9779,240,240
9780,240,240
9781,240,240
9782,240,240
9783,240,240
9784,240,240
9785,240,240
9786,240,240
9787,240,240
9788,240,240
9789,240,240
9790,240,240
9791,240,240
9792,240,240
9793,240,240
9794,240,240
9795,240,240
9796,240,240
9797,240,240
9798,240,240
9799,240,240
9800,240,240
9801,240,240
9802,240,240
9803,240,240
9804,240,240
9805,240,240
9806,240,240
9807,240,240
9808,240,240
9809,240,240
9810,240,240
9811,240,240
9812,240,240
9813,240,240
9814,240,240
9815,240,240
9816,240,240
9817,240,240
9818,240,240
9819,240,240
9820,240,240
9821,240,240
9822,240,240
9823,240,240
9824,240,240
9825,240,240
9826,240,240
9827,240,240
9828,240,240
9829,240,240
9830,240,240
9831,240,240
9832,240,240
9833,240,240
9834,240,240
9835,240,240
9836,240,240
9837,240,240
9838,240,240
9839,240,240
9840,240,240
9841,240,240
9842,240,240
9843,240,240
9844,240,240
9845,240,240
9846,240,240
9847,240,240
9848,240,240
9849,240,240
9850,240,240
9851,240,240
9852,240,240
9853,240,240
9854,240,240
9855,240,240
9856,240,240
9857,240,240
9858,240,240
9859,240,240
9860,240,240
9861,240,240
9862,240,240
9863,240,240
9864,240,240
9865,240,240
9866,240,240
9867,240,240
9868,240,240
9869,240,240
9870,240,240
9871,240,240
9872,240,240
9873,240,240
9874,240,240
9875,240,240
9876,240,240
9877,240,240
9878,240,240
9879,240,240
9880,240,240
9881,240,240
9882,240,240
9883,240,240
9884,240,240
9885,240,240
9886,240,240
9887,240,240
9888,240,240
9889,240,240
9890,240,240
9891,240,240
9892,240,240
9893,240,240
9894,240,240
9895,240,240
9896,240,240
9897,240,240
9898,240,240
9899,240,240
9900,240,240
9901,240,240
9902,240,240
9903,240,240
9904,240,240
9905,240,240
9906,240,240
9907,240,240
9908,240,240
9909,240,240
9910,240,240
9911,240,240
9912,240,240
9913,240,240
9914,240,240
9915,240,240
9916,240,240
9917,240,240
9918,240,240
9919,240,240
9920,240,240
9921,240,240
9922,240,240
9923,240,240
9924,240,240
9925,240,240
9926,240,240
9927,240,240
9928,240,240
9929,240,240
9930,240,240
9931,240,240
9932,240,240
9933,240,240
9934,240,240
9935,240,240
9936,240,240
9937,240,240
9938,240,240
9939,240,240
9940,240,240
9941,240,240
9942,240,240
9943,240,240
9944,240,240
9945,240,240
9946,240,240
9947,240,240
9948,240,240
9949,240,240
9950,240,240
9951,240,240
9952,240,240
9953,240,240
9954,240,240
9955,240,240
9956,240,240
9957,240,240
9958,240,240
9959,240,240
9960,240,240
9961,240,240
9962,240,240
9963,240,240
9964,240,240
9965,240,240
9966,240,240
9967,240,240
9968,240,240
9969,240,240
9970,240,240
9971,240,240
9972,240,240
9973,240,240
9974,240,240
9975,240,240
9976,240,240
9977,240,240
9978,240,240
9979,240,240
9980,240,240
9981,240,240
9982,240,240
9983,240,240
9984,240,240
9985,240,240
9986,240,240
9987,240,240
9988,240,240
9989,240,240
9990,240,240
9991,240,240
9992,240,240
9993,240,240
9994,240,240
9995,240,240
9996,240,240
9997,240,240
9998,240,240
9999,240,240
10000,240,240
10001,240,240
10002,240,240
10003,240,240
10004,240,240
10005,240,240
10006,240,240
10007,240,240
10008,240,240
10009,240,240
10010,240,240
10011,240,240
10012,240,240
10013,240,240
10014,240,240
10015,240,240
10016,240,240
10017,240,240
10018,240,240
10019,240,240
10020,240,240
10021,240,240
10022,240,240
10023,240,240
10024,240,240
10025,240,240
10026,240,240
10027,240,240
10028,240,240
10029,240,240
10030,240,240
10031,240,240
10032,240,240
10033,240,240
10034,240,240
10035,240,240
10036,240,240
10037,240,240
10038,240,240
10039,240,240
10040,240,240
10041,240,240
10042,240,240
10043,240,240
10044,240,240
10045,240,240
10046,240,240
10047,240,240
10048,240,240
10049,240,240
10050,240,240
10051,240,240
10052,240,240
10053,240,240
10054,240,240
10055,240,240
10056,240,240
10057,240,240
10058,240,240
10059,240,240
10060,240,240
10061,240,240
10062,240,240
10063,240,240
10064,240,240
10065,240,240
10066,240,240
10067,240,240
10068,240,240
10069,240,240
10070,240,240
10071,240,240
10072,240,240
10073,240,240
10074,240,240
10075,240,240
10076,240,240
10077,240,240
10078,240,240
10079,240,240
10080,240,240
10081,240,240
10082,240,240
10083,240,240
10084,240,240
10085,240,240
10086,240,240
10087,240,240
10088,240,240
10089,240,240
10090,240,240
10091,240,240
10092,240,240
10093,240,240
10094,240,240
10095,240,240
10096,240,240
10097,240,240
10098,240,240
10099,240,240
10100,240,240
10101,240,240
10102,240,240
10103,240,240
10104,240,240
10105,240,240
10106,240,240
10107,240,240
10108,240,240
10109,240,240
10110,240,240
10111,240,240
10112,240,240
10113,240,240
10114,240,240
10115,240,240
10116,240,240
10117,240,240
10118,240,240
10119,240,240
10120,240,240
10121,240,240
10122,240,240
10123,240,240
10124,240,240
10125,240,240
10126,240,240
10127,240,240
10128,240,240
10129,240,240
10130,240,240
10131,240,240
10132,240,240
10133,240,240
10134,240,240
10135,240,240
10136,240,240
10137,240,240
10138,240,240
10139,240,240
10140,240,240
10141,240,240
10142,240,240
10143,240,240
10144,240,240
10145,240,240
10146,240,240
10147,240,240
10148,240,240
10149,240,240
10150,240,240
10151,240,240
10152,240,240
10153,240,240
10154,240,240
10155,240,240
10156,240,240
10157,240,240
10158,240,240
10159,240,240
10160,240,240
10161,240,240
10162,240,240
10163,240,240
10164,240,240
10165,240,240
10166,240,240
10167,240,240
10168,240,240
10169,240,240
10170,240,240
10171,240,240
10172,240,240
10173,240,240
10174,240,240
10175,240,240
10176,240,240
10177,240,240
10178,240,240
10179,240,240
10180,240,240
10181,240,240
10182,240,240
10183,240,240
10184,240,240
10185,240,240
10186,240,240
10187,240,240
10188,240,240
10189,240,240
10190,240,240
10191,240,240
10192,240,240
10193,240,240
10194,240,240
10195,240,240
10196,240,240
10197,240,240
10198,240,240
10199,240,240
10200,240,240
10201,240,240
10202,240,240
10203,240,240
10204,240,240
10205,240,240
10206,240,240
10207,240,240
10208,240,240
10209,240,240
10210,240,240
10211,240,240
10212,240,240
10213,240,240
10214,240,240
10215,240,240
10216,240,240
10217,240,240
10218,240,240
10219,240,240
10220,240,240
10221,240,240
10222,240,240
10223,240,240
10224,240,240
10225,240,240
10226,240,240
10227,240,240
10228,240,240
10229,240,240
10230,240,240
10231,240,240
10232,240,240
10233,240,240
10234,240,240
10235,240,240
10236,240,240
10237,240,240
10238,240,240
10239,240,240
10240,240,240
10241,240,240
10242,240,240
10243,240,240
10244,240,240
10245,240,240
10246,240,240
10247,240,240
10248,240,240
10249,240,240
10250,240,240
10251,240,240
10252,240,240
10253,240,240
10254,240,240
10255,240,240
10256,240,240
10257,240,240
10258,240,240
10259,240,240
10260,240,240
10261,240,240
10262,240,240
10263,240,240
10264,240,240
10265,240,240
10266,240,240
10267,240,240
10268,240,240
10269,240,240
10270,240,240
10271,240,240
10272,240,240
10273,240,240
10274,240,240
10275,240,240
10276,240,240
10277,240,240
10278,240,240
10279,240,240
10280,240,240
10281,240,240
10282,240,240
10283,240,240
10284,240,240
10285,240,240
10286,240,240
10287,240,240
10288,240,240
10289,240,240
10290,240,240
10291,240,240
10292,240,240
10293,240,240
10294,240,240
10295,240,240
10296,240,240
10297,240,240
10298,240,240
10299,240,240
10300,240,240
10301,240,240
10302,240,240
10303,240,240
10304,240,240
10305,240,240
10306,240,240
10307,240,240
10308,240,240
10309,240,240
10310,240,240
10311,240,240
10312,240,240
10313,240,240
10314,240,240
10315,240,240
10316,240,240
10317,240,240
10318,240,240
10319,240,240
10320,240,240
10321,240,240
10322,240,240
10323,240,240
10324,240,240
10325,240,240
10326,240,240
10327,240,240
10328,240,240
10329,240,240
10330,240,240
10331,240,240
10332,240,240
10333,240,240
10334,240,240
10335,240,240
10336,240,240
10337,240,240
10338,240,240
10339,240,240
10340,240,240
10341,240,240
10342,240,240
10343,240,240
10344,240,240
10345,240,240
10346,240,240
10347,240,240
10348,240,240
10349,240,240
10350,240,240
10351,240,240
10352,240,240
10353,240,240
10354,240,240
10355,240,240
10356,240,240
10357,240,240
10358,240,240
10359,240,240
10360,240,240
10361,240,240
10362,240,240
10363,240,240
10364,240,240
10365,240,240
10366,240,240
10367,240,240
10368,240,240
10369,240,240
10370,240,240
10371,240,240
10372,240,240
10373,240,240
10374,240,240
10375,240,240
10376,240,240
10377,240,240
10378,240,240
10379,240,240
10380,240,240
10381,240,240
10382,240,240
10383,240,240
10384,240,240
10385,240,240
10386,240,240
10387,240,240
10388,240,240
10389,240,240
10390,240,240
10391,240,240
10392,240,240
10393,240,240
10394,240,240
10395,240,240
10396,240,240
10397,240,240
10398,240,240
10399,240,240
10400,240,240
10401,240,240
10402,240,240
10403,240,240
10404,240,240
10405,240,240
10406,240,240
10407,240,240
10408,240,240
10409,240,240
10410,240,240
10411,240,240
10412,240,240
10413,240,240
10414,240,240
10415,240,240
10416,240,240
10417,240,240
10418,240,240
10419,240,240
10420,240,240
10421,240,240
10422,240,240
10423,240,240
10424,240,240
10425,240,240
10426,240,240
10427,240,240
10428,240,240
10429,240,240
10430,240,240
10431,240,240
10432,240,240
10433,240,240
10434,240,240
10435,240,240
10436,240,240
10437,240,240
10438,240,240
10439,240,240
10440,240,240
10441,240,240
10442,240,240
10443,240,240
10444,240,240
10445,240,240
10446,240,240
10447,240,240
10448,240,240
10449,240,240
10450,240,240
10451,240,240
10452,240,240
10453,240,240
10454,240,240
10455,240,240
10456,240,240
10457,240,240
10458,240,240
10459,240,240
10460,240,240
10461,240,240
10462,240,240
10463,240,240
10464,240,240
10465,240,240
10466,240,240
10467,240,240
10468,240,240
10469,240,240
10470,240,240
10471,240,240
10472,240,240
10473,240,240
10474,240,240
10475,240,240
10476,240,240
10477,240,240
10478,240,240
10479,240,240
10480,240,240
10481,240,240
10482,240,240
10483,240,240
10484,240,240
10485,240,240
10486,240,240
10487,240,240
10488,240,240
10489,240,240
10490,240,240
10491,240,240
10492,240,240
10493,240,240
10494,240,240
10495,240,240
10496,240,240
10497,240,240
10498,240,240
10499,240,240
10500,240,240
10501,240,240
10502,240,240
10503,240,240
10504,240,240
10505,240,240
10506,240,240
10507,240,240
10508,240,240
10509,240,240
10510,240,240
10511,240,240
10512,240,240
10513,240,240
10514,240,240
10515,240,240
10516,240,240
10517,240,240
10518,240,240
10519,240,240
10520,240,240
10521,240,240
10522,240,240
10523,240,240
10524,240,240
10525,240,240
10526,240,240
10527,240,240
10528,240,240
10529,240,240
10530,240,240
10531,240,240
10532,240,240
10533,240,240
10534,240,240
10535,240,240
10536,240,240
10537,240,240
10538,240,240
10539,240,240
10540,240,240
10541,240,240
10542,240,240
10543,240,240
10544,240,240
10545,240,240
10546,240,240
10547,240,240
10548,240,240
10549,240,240
10550,240,240
10551,240,240
10552,240,240
10553,240,240
10554,240,240
10555,240,240
10556,240,240
10557,240,240
10558,240,240
10559,240,240
10560,240,240
10561,240,240
10562,240,240
10563,240,240
10564,240,240
10565,240,240
10566,240,240
10567,240,240
10568,240,240
10569,240,240
10570,240,240
10571,240,240
10572,240,240
10573,240,240
10574,240,240
10575,240,240
10576,240,240
10577,240,240
10578,240,240
10579,240,240
10580,240,240
10581,240,240
10582,240,240
10583,240,240
10584,240,240
10585,240,240
10586,240,240
10587,240,240
10588,240,240
10589,240,240
10590,240,240
10591,240,240
10592,240,240
10593,240,240
10594,240,240
10595,240,240
10596,240,240
10597,240,240
10598,240,240
10599,240,240
10600,240,240
10601,240,240
10602,240,240
10603,240,240
10604,240,240
10605,240,240
10606,240,240
10607,240,240
10608,240,240
10609,240,240
10610,240,240
10611,240,240
10612,240,240
10613,240,240
10614,240,240
10615,240,240
10616,240,240
10617,240,240
10618,240,240
10619,240,240
10620,240,240
10621,240,240
10622,240,240
10623,240,240
10624,240,240
10625,240,240
10626,240,240
10627,240,240
10628,240,240
10629,240,240
10630,240,240
10631,240,240
10632,240,240
10633,240,240
10634,240,240
10635,240,240
10636,240,240
10637,240,240
10638,240,240
10639,240,240
10640,240,240
10641,240,240
10642,240,240
10643,240,240
10644,240,240
10645,240,240
10646,240,240
10647,240,240
10648,240,240
10649,240,240
10650,240,240
10651,240,240
10652,240,240
10653,240,240
10654,240,240
10655,240,240
10656,240,240
10657,240,240
10658,240,240
10659,240,240
10660,240,240
10661,240,240
10662,240,240
10663,240,240
10664,240,240
10665,240,240
10666,240,240
10667,240,240
10668,240,240
10669,240,240
10670,240,240
10671,240,240
10672,240,240
10673,240,240
10674,240,240
10675,240,240
10676,240,240
10677,240,240
10678,240,240
10679,240,240
10680,240,240
10681,240,240
10682,240,240
10683,240,240
10684,240,240
10685,240,240
10686,240,240
10687,240,240
10688,240,240
10689,240,240
10690,240,240
10691,240,240
10692,240,240
10693,240,240
10694,240,240
10695,240,240
10696,240,240
10697,240,240
10698,240,240
10699,240,240
10700,240,240
10701,240,240
10702,240,240
10703,240,240
10704,240,240
10705,240,240
10706,240,240
10707,240,240
10708,240,240
10709,240,240
10710,240,240
10711,240,240
10712,240,240
10713,240,240
10714,240,240
10715,240,240
10716,240,240
10717,240,240
10718,240,240
10719,240,240
10720,240,240
10721,240,240
10722,240,240
10723,240,240
10724,240,240
10725,240,240
10726,240,240
10727,240,240
10728,240,240
10729,240,240
10730,240,240
10731,240,240
10732,240,240
10733,240,240
10734,240,240
10735,240,240
10736,240,240
10737,240,240
10738,240,240
10739,240,240
10740,240,240
10741,240,240
10742,240,240
10743,240,240
10744,240,240
10745,240,240
10746,240,240
10747,240,240
10748,240,240
10749,240,240
10750,240,240
10751,240,240
10752,240,240
10753,240,240
10754,240,240
10755,240,240
10756,240,240
10757,240,240
10758,240,240
10759,240,240
10760,240,240
10761,240,240
10762,240,240
10763,240,240
10764,240,240
10765,240,240
10766,240,240
10767,240,240
10768,240,240
10769,240,240
10770,240,240
10771,240,240
10772,240,240
10773,240,240
10774,240,240
10775,240,240
10776,240,240
10777,240,240
10778,240,240
10779,240,240
10780,240,240
10781,240,240
10782,240,240
10783,240,240
10784,240,240
10785,240,240
10786,240,240
10787,240,240
10788,240,240
10789,240,240
10790,240,240
10791,240,240
10792,240,240
10793,240,240
10794,240,240
10795,240,240
10796,240,240
10797,240,240
10798,240,240
10799,240,240
10800,240,240
10801,240,240
10802,240,240
10803,240,240
10804,240,240
10805,240,240
10806,240,240
10807,240,240
10808,240,240
10809,240,240
10810,240,240
10811,240,240
10812,240,240
10813,240,240
10814,240,240
10815,240,240
10816,240,240
10817,240,240
10818,240,240
10819,240,240
10820,240,240
10821,240,240
10822,240,240
10823,240,240
10824,240,240
10825,240,240
10826,240,240
10827,240,240
10828,240,240
10829,240,240
10830,240,240
10831,240,240
10832,240,240
10833,240,240
10834,240,240
10835,240,240
10836,240,240
10837,240,240
10838,240,240
10839,240,240
10840,240,240
10841,240,240
10842,240,240
10843,240,240
10844,240,240
10845,240,240
10846,240,240
10847,240,240
10848,240,240
10849,240,240
10850,240,240
10851,240,240
10852,240,240
10853,240,240
10854,240,240
10855,240,240
10856,240,240
10857,240,240
10858,240,240
10859,240,240
10860,240,240
10861,240,240
10862,240,240
10863,240,240
10864,240,240
10865,240,240
10866,240,240
10867,240,240
10868,240,240
10869,240,240
10870,240,240
10871,240,240
10872,240,240
10873,240,240
10874,240,240
10875,240,240
10876,240,240
10877,240,240
10878,240,240
10879,240,240
10880,240,240
10881,240,240
10882,240,240
10883,240,240
10884,240,240
10885,240,240
10886,240,240
10887,240,240
10888,240,240
10889,240,240
10890,240,240
10891,240,240
10892,240,240
10893,240,240
10894,240,240
10895,240,240
10896,240,240
10897,240,240
10898,240,240
10899,240,240
10900,240,240
10901,240,240
10902,240,240
10903,240,240
10904,240,240
10905,240,240
10906,240,240
10907,240,240
10908,240,240
10909,240,240
10910,240,240
10911,240,240
10912,240,240
10913,240,240
10914,240,240
10915,240,240
10916,240,240
10917,240,240
10918,240,240
10919,240,240
10920,240,240
10921,240,240
10922,240,240
10923,240,240
10924,240,240
10925,240,240
10926,240,240
10927,240,240
10928,240,240
10929,240,240
10930,240,240
10931,240,240
10932,240,240
10933,240,240
10934,240,240
10935,240,240
10936,240,240
10937,240,240
10938,240,240
10939,240,240
10940,240,240
10941,240,240
10942,240,240
10943,240,240
10944,240,240
10945,240,240
10946,240,240
10947,240,240
10948,240,240
10949,240,240
10950,240,240
10951,240,240
10952,240,240
10953,240,240
10954,240,240
10955,240,240
10956,240,240
10957,240,240
10958,240,240
10959,240,240
10960,240,240
10961,240,240
10962,240,240
10963,240,240
10964,240,240
10965,240,240
10966,240,240
10967,240,240
10968,240,240
10969,240,240
10970,240,240
10971,240,240
10972,240,240
10973,240,240
10974,240,240
10975,240,240
10976,240,240
10977,240,240
10978,240,240
10979,240,240
10980,240,240
10981,240,240
10982,240,240
10983,240,240
10984,240,240
10985,240,240
10986,240,240
10987,240,240
10988,240,240
10989,240,240
10990,240,240
10991,240,240
10992,240,240
10993,240,240
10994,240,240
10995,240,240
10996,240,240
10997,240,240
10998,240,240
10999,240,240
11000,240,240
11001,240,240
11002,240,240
11003,240,240
11004,240,240
11005,240,240
11006,240,240
11007,240,240
11008,240,240
11009,240,240
11010,240,240
11011,240,240
11012,240,240
11013,240,240
11014,240,240
11015,240,240
11016,240,240
11017,240,240
11018,240,240
11019,240,240
11020,240,240
11021,240,240
11022,240,240
11023,240,240
11024,240,240
11025,240,240
11026,240,240
11027,240,240
11028,240,240
11029,240,240
11030,240,240
11031,240,240
11032,240,240
11033,240,240
11034,240,240
11035,240,240
11036,240,240
11037,240,240
11038,240,240
11039,240,240
11040,240,240
11041,240,240
11042,240,240
11043,240,240
11044,240,240
11045,240,240
11046,240,240
11047,240,240
11048,240,240
11049,240,240
11050,240,240
11051,240,240
11052,240,240
11053,240,240
11054,240,240
11055,240,240
11056,240,240
11057,240,240
11058,240,240
11059,240,240
11060,240,240
11061,240,240
11062,240,240
11063,240,240
11064,240,240
11065,240,240
11066,240,240
11067,240,240
11068,240,240
11069,240,240
11070,240,240
11071,240,240
11072,240,240
11073,240,240
11074,240,240
11075,240,240
11076,240,240
11077,240,240
11078,240,240
11079,240,240
11080,240,240
11081,240,240
11082,240,240
11083,240,240
11084,240,240
11085,240,240
11086,240,240
11087,240,240
11088,240,240
11089,240,240
11090,240,240
11091,240,240
11092,240,240
11093,240,240
11094,240,240
11095,240,240
11096,240,240
11097,240,240
11098,240,240
11099,240,240
11100,240,240
11101,240,240
11102,240,240
11103,240,240
11104,240,240
11105,240,240
11106,240,240
11107,240,240
11108,240,240
11109,240,240
11110,240,240
11111,240,240
11112,240,240
11113,240,240
11114,240,240
11115,240,240
11116,240,240
11117,240,240
11118,240,240
11119,240,240
11120,240,240
11121,240,240
11122,240,240
11123,240,240
11124,240,240
11125,240,240
11126,240,240
11127,240,240
11128,240,240
11129,240,240
11130,240,240
11131,240,240
11132,240,240
11133,240,240
11134,240,240
11135,240,240
11136,240,240
11137,240,240
11138,240,240
11139,240,240
11140,240,240
11141,240,240
11142,240,240
11143,240,240
11144,240,240
11145,240,240
11146,240,240
11147,240,240
11148,240,240
11149,240,240
11150,240,240
11151,240,240
11152,240,240
11153,240,240
11154,240,240
11155,240,240
11156,240,240
11157,240,240
11158,240,240
11159,240,240
11160,240,240
11161,240,240
11162,240,240
11163,240,240
11164,240,240
11165,240,240
11166,240,240
11167,240,240
11168,240,240
11169,240,240
11170,240,240
11171,240,240
11172,240,240
11173,240,240
11174,240,240
11175,240,240
11176,240,240
11177,240,240
11178,240,240
11179,240,240
11180,240,240
11181,240,240
11182,240,240
11183,240,240
11184,240,240
11185,240,240
11186,240,240
11187,240,240
11188,240,240
11189,240,240
11190,240,240
11191,240,240
11192,240,240
11193,240,240
11194,240,240
11195,240,240
11196,240,240
11197,240,240
11198,240,240
11199,240,240
11200,240,240
11201,240,240
11202,240,240
11203,240,240
11204,240,240
11205,240,240
11206,240,240
11207,240,240
11208,240,240
11209,240,240
11210,240,240
11211,240,240
11212,240,240
11213,240,240
11214,240,240
11215,240,240
11216,240,240
11217,240,240
11218,240,240
11219,240,240
11220,240,240
11221,240,240
11222,240,240
11223,240,240
11224,240,240
11225,240,240
11226,240,240
11227,240,240
11228,240,240
11229,240,240
11230,240,240
11231,240,240
11232,240,240
11233,240,240
11234,240,240
11235,240,240
11236,240,240
11237,240,240
11238,240,240
11239,240,240
11240,240,240
11241,240,240
11242,240,240
11243,240,240
11244,240,240
11245,240,240
11246,240,240
11247,240,240
11248,240,240
11249,240,240
11250,240,240
11251,240,240
11252,240,240
11253,240,240
11254,240,240
11255,240,240
11256,240,240
11257,240,240
11258,240,240
11259,240,240
11260,240,240
11261,240,240
11262,240,240
11263,240,240
11264,240,240
11265,240,240
11266,240,240
11267,240,240
11268,240,240
11269,240,240
11270,240,240
11271,240,240
11272,240,240
11273,240,240
11274,240,240
11275,240,240
11276,240,240
11277,240,240
11278,240,240
11279,240,240
11280,240,240
11281,240,240
11282,240,240
11283,240,240
11284,240,240
11285,240,240
11286,240,240
11287,240,240
11288,240,240
11289,240,240
11290,240,240
11291,240,240
11292,240,240
11293,240,240
11294,240,240
11295,240,240
11296,240,240
11297,240,240
11298,240,240
11299,240,240
11300,240,240
11301,240,240
11302,240,240
11303,240,240
11304,240,240
11305,240,240
11306,240,240
11307,240,240
11308,240,240
11309,240,240
11310,240,240
11311,240,240
11312,240,240
11313,240,240
11314,240,240
11315,240,240
11316,240,240
11317,240,240
11318,240,240
11319,240,240
11320,240,240
11321,240,240
11322,240,240
11323,240,240
11324,240,240
11325,240,240
11326,240,240
11327,240,240
11328,240,240
11329,240,240
11330,240,240
11331,240,240
11332,240,240
11333,240,240
11334,240,240
11335,240,240
11336,240,240
11337,240,240
11338,240,240
11339,240,240
11340,240,240
11341,240,240
11342,240,240
11343,240,240
11344,240,240
11345,240,240
11346,240,240
11347,240,240
11348,240,240
11349,240,240
11350,240,240
11351,240,240
11352,240,240
11353,240,240
11354,240,240
11355,240,240
11356,240,240
11357,240,240
11358,240,240
11359,240,240
11360,240,240
11361,240,240
11362,240,240
11363,240,240
11364,240,240
11365,240,240
11366,240,240
11367,240,240
11368,240,240
11369,240,240
11370,240,240
11371,240,240
11372,240,240
11373,240,240
11374,240,240
11375,240,240
11376,240,240
11377,240,240
11378,240,240
11379,240,240
11380,240,240
11381,240,240
11382,240,240
11383,240,240
11384,240,240
11385,240,240
11386,240,240
11387,240,240
11388,240,240
11389,240,240
11390,240,240
11391,240,240
11392,240,240
11393,240,240
11394,240,240
11395,240,240
11396,240,240
11397,240,240
11398,240,240
11399,240,240
11400,240,240
11401,240,240
11402,240,240
11403,240,240
11404,240,240
11405,240,240
11406,240,240
11407,240,240
11408,240,240
11409,240,240
11410,240,240
11411,240,240
11412,240,240
11413,240,240
11414,240,240
11415,240,240
11416,240,240
11417,240,240
11418,240,240
11419,240,240
11420,240,240
11421,240,240
11422,240,240
11423,240,240
11424,240,240
11425,240,240
11426,240,240
11427,240,240
11428,240,240
11429,240,240
11430,240,240
11431,240,240
11432,240,240
11433,240,240
11434,240,240
11435,240,240
11436,240,240
11437,240,240
11438,240,240
11439,240,240
11440,240,240
11441,240,240
11442,240,240
11443,240,240
11444,240,240
11445,240,240
11446,240,240
11447,240,240
11448,240,240
11449,240,240
11450,240,240
11451,240,240
11452,240,240
11453,240,240
11454,240,240
11455,240,240
11456,240,240
11457,240,240
11458,240,240
11459,240,240
11460,240,240
11461,240,240
11462,240,240
11463,240,240
11464,240,240
11465,240,240
11466,240,240
11467,240,240
11468,240,240
11469,240,240
11470,240,240
11471,240,240
11472,240,240
11473,240,240
11474,240,240
11475,240,240
11476,240,240
11477,240,240
11478,240,240
11479,240,240
11480,240,240
11481,240,240
11482,240,240
11483,240,240
11484,240,240
11485,240,240
11486,240,240
11487,240,240
11488,240,240
11489,240,240
11490,240,240
11491,240,240
11492,240,240
11493,240,240
11494,240,240
11495,240,240
11496,240,240
11497,240,240
11498,240,240
11499,240,240
11500,240,240
11501,240,240
11502,240,240
11503,240,240
11504,240,240
11505,240,240
11506,240,240
11507,240,240
11508,240,240
11509,240,240
11510,240,240
11511,240,240
11512,240,240
11513,240,240
11514,240,240
11515,240,240
11516,240,240
11517,240,240
11518,240,240
11519,240,240
11520,240,240
11521,240,240
11522,240,240
11523,240,240
11524,240,240
11525,240,240
11526,240,240
11527,240,240
11528,240,240
11529,240,240
11530,240,240
11531,240,240
11532,240,240
11533,240,240
11534,240,240
11535,240,240
11536,240,240
11537,240,240
11538,240,240
11539,240,240
11540,240,240
11541,240,240
11542,240,240
11543,240,240
11544,240,240
11545,240,240
11546,240,240
11547,240,240
11548,240,240
11549,240,240
11550,240,240
11551,240,240
11552,240,240
11553,240,240
11554,240,240
11555,240,240
11556,240,240
11557,240,240
11558,240,240
11559,240,240
11560,240,240
11561,240,240
11562,240,240
11563,240,240
11564,240,240
11565,240,240
11566,240,240
11567,240,240
11568,240,240
11569,240,240
11570,240,240
11571,240,240
11572,240,240
11573,240,240
11574,240,240
11575,240,240
11576,240,240
11577,240,240
11578,240,240
11579,240,240
11580,240,240
11581,240,240
11582,240,240
11583,240,240
11584,240,240
11585,240,240
11586,240,240
11587,240,240
11588,240,240
11589,240,240
11590,240,240
11591,240,240
11592,240,240
11593,240,240
11594,240,240
11595,240,240
11596,240,240
11597,240,240
11598,240,240
11599,240,240
11600,240,240
11601,240,240
11602,240,240
11603,240,240
11604,240,240
11605,240,240
11606,240,240
11607,240,240
11608,240,240
11609,240,240
11610,240,240
11611,240,240
11612,240,240
11613,240,240
11614,240,240
11615,240,240
11616,240,240
11617,240,240
11618,240,240
11619,240,240
11620,240,240
11621,240,240
11622,240,240
11623,240,240
11624,240,240
11625,240,240
11626,240,240
11627,240,240
11628,240,240
11629,240,240
11630,240,240
11631,240,240
11632,240,240
11633,240,240
11634,240,240
11635,240,240
11636,240,240
11637,240,240
11638,240,240
11639,240,240
11640,240,240
11641,240,240
11642,240,240
11643,240,240
11644,240,240
11645,240,240
11646,240,240
11647,240,240
11648,240,240
11649,240,240
11650,240,240
11651,240,240
11652,240,240
11653,240,240
11654,240,240
11655,240,240
11656,240,240
11657,240,240
11658,240,240
11659,240,240
11660,240,240
11661,240,240
11662,240,240
11663,240,240
11664,240,240
11665,240,240
11666,240,240
11667,240,240
11668,240,240
11669,240,240
11670,240,240
11671,240,240
11672,240,240
11673,240,240
11674,240,240
11675,240,240
11676,240,240
11677,240,240
11678,240,240
11679,240,240
11680,240,240
11681,240,240
11682,240,240
11683,240,240
11684,240,240
11685,240,240
11686,240,240
11687,240,240
11688,240,240
11689,240,240
11690,240,240
11691,240,240
11692,240,240
11693,240,240
11694,240,240
11695,240,240
11696,240,240
11697,240,240
11698,240,240
11699,240,240
11700,240,240
11701,240,240
11702,240,240
11703,240,240
11704,240,240
11705,240,240
11706,240,240
11707,240,240
11708,240,240
11709,240,240
11710,240,240
11711,240,240
11712,240,240
11713,240,240
11714,240,240
11715,240,240
11716,240,240
11717,240,240
11718,240,240
11719,240,240
11720,240,240
11721,240,240
11722,240,240
11723,240,240
11724,240,240
11725,240,240
11726,240,240
11727,240,240
11728,240,240
11729,240,240
11730,240,240
11731,240,240
11732,240,240
11733,240,240
11734,240,240
11735,240,240
11736,240,240
11737,240,240
11738,240,240
11739,240,240
11740,240,240
11741,240,240
11742,240,240
11743,240,240
11744,240,240
11745,240,240
11746,240,240
11747,240,240
11748,240,240
11749,240,240
11750,240,240
11751,240,240
11752,240,240
11753,240,240
11754,240,240
11755,240,240
11756,240,240
11757,240,240
11758,240,240
11759,240,240
11760,240,240
11761,240,240
11762,240,240
11763,240,240
11764,240,240
11765,240,240
11766,240,240
11767,240,240
11768,240,240
11769,240,240
11770,240,240
11771,240,240
11772,240,240
11773,240,240
11774,240,240
11775,240,240
11776,240,240
11777,240,240
11778,240,240
11779,240,240
11780,240,240
11781,240,240
11782,240,240
11783,240,240
11784,240,240
11785,240,240
11786,240,240
11787,240,240
11788,240,240
11789,240,240
11790,240,240
11791,240,240
11792,240,240
11793,240,240
11794,240,240
11795,240,240
11796,240,240
11797,240,240
11798,240,240
11799,240,240
11800,240,240
11801,240,240
11802,240,240
11803,240,240
11804,240,240
11805,240,240
11806,240,240
11807,240,240
11808,240,240
11809,240,240
11810,240,240
11811,240,240
11812,240,240
11813,240,240
11814,240,240
11815,240,240
11816,240,240
11817,240,240
11818,240,240
11819,240,240
11820,240,240
11821,240,240
11822,240,240
11823,240,240
11824,240,240
11825,240,240
11826,240,240
11827,240,240
11828,240,240
11829,240,240
11830,240,240
11831,240,240
11832,240,240
11833,240,240
11834,240,240
11835,240,240
11836,240,240
11837,240,240
11838,240,240
11839,240,240
11840,240,240
11841,240,240
11842,240,240
11843,240,240
11844,240,240
11845,240,240
11846,240,240
11847,240,240
11848,240,240
11849,240,240
11850,240,240
11851,240,240
11852,240,240
11853,240,240
11854,240,240
11855,240,240
11856,240,240
11857,240,240
11858,240,240
11859,240,240
11860,240,240
11861,240,240
11862,240,240
11863,240,240
11864,240,240
11865,240,240
11866,240,240
11867,240,240
11868,240,240
11869,240,240
11870,240,240
11871,240,240
11872,240,240
11873,240,240
11874,240,240
11875,240,240
11876,240,240
11877,240,240
11878,240,240
11879,240,240
11880,240,240
11881,240,240
11882,240,240
11883,240,240
11884,240,240
11885,240,240
11886,240,240
11887,240,240
11888,240,240
11889,240,240
11890,240,240
11891,240,240
11892,240,240
11893,240,240
11894,240,240
11895,240,240
11896,240,240
11897,240,240
11898,240,240
11899,240,240
11900,240,240
11901,240,240
11902,240,240
11903,240,240
11904,240,240
11905,240,240
11906,240,240
11907,240,240
11908,240,240
11909,240,240
11910,240,240
11911,240,240
11912,240,240
11913,240,240
11914,240,240
11915,240,240
11916,240,240
11917,240,240
11918,240,240
11919,240,240
11920,240,240
11921,240,240
11922,240,240
11923,240,240
11924,240,240
11925,240,240
11926,240,240
11927,240,240
11928,240,240
11929,240,240
11930,240,240
11931,240,240
11932,240,240
11933,240,240
11934,240,240
11935,240,240
11936,240,240
11937,240,240
11938,240,240
11939,240,240
11940,240,240
11941,240,240
11942,240,240
11943,240,240
11944,240,240
11945,240,240
11946,240,240
11947,240,240
11948,240,240
11949,240,240
11950,240,240
11951,240,240
11952,240,240
11953,240,240
11954,240,240
11955,240,240
11956,240,240
11957,240,240
11958,240,240
11959,240,240
11960,240,240
11961,240,240
11962,240,240
11963,240,240
11964,240,240
11965,240,240
11966,240,240
11967,240,240
11968,240,240
11969,240,240
11970,240,240
11971,240,240
11972,240,240
11973,240,240
11974,240,240
11975,240,240
11976,240,240
11977,240,240
11978,240,240
11979,240,240
11980,240,240
11981,240,240
11982,240,240
11983,240,240
11984,240,240
11985,240,240
11986,240,240
11987,240,240
11988,240,240
11989,240,240
11990,240,240
11991,240,240
11992,240,240
11993,240,240
11994,240,240
11995,240,240
11996,240,240
11997,240,240
11998,240,240
11999,240,240
12000,240,240
12001,240,240
12002,240,240
12003,240,240
12004,240,240
12005,240,240
12006,240,240
12007,240,240
12008,240,240
12009,240,240
12010,240,240
12011,240,240
12012,240,240
12013,240,240
12014,240,240
12015,240,240
12016,240,240
12017,240,240
12018,240,240
12019,240,240
12020,240,240
12021,240,240
12022,240,240
12023,240,240
12024,240,240
12025,240,240
12026,240,240
12027,240,240
12028,240,240
12029,240,240
12030,240,240
12031,240,240
12032,240,240
12033,240,240
12034,240,240
12035,240,240
12036,240,240
12037,240,240
12038,240,240
12039,240,240
12040,240,240
12041,240,240
12042,240,240
12043,240,240
12044,240,240
12045,240,240
12046,240,240
12047,240,240
12048,240,240
12049,240,240
12050,240,240
12051,240,240
12052,240,240
12053,240,240
12054,240,240
12055,240,240
12056,240,240
12057,240,240
12058,240,240
12059,240,240
12060,240,240
12061,240,240
12062,240,240
12063,240,240
12064,240,240
12065,240,240
12066,240,240
12067,240,240
12068,240,240
12069,240,240
12070,240,240
12071,240,240
12072,240,240
12073,240,240
12074,240,240
12075,240,240
12076,240,240
12077,240,240
12078,240,240
12079,240,240
12080,240,240
12081,240,240
12082,240,240
12083,240,240
12084,240,240
12085,240,240
12086,240,240
12087,240,240
12088,240,240
12089,240,240
12090,240,240
12091,240,240
12092,240,240
12093,240,240
12094,240,240
12095,240,240
12096,240,240
12097,240,240
12098,240,240
12099,240,240
12100,240,240
12101,240,240
12102,240,240
12103,240,240
12104,240,240
12105,240,240
12106,240,240
12107,240,240
12108,240,240
12109,240,240
12110,240,240
12111,240,240
12112,240,240
12113,240,240
12114,240,240
12115,240,240
12116,240,240
12117,240,240
12118,240,240
12119,240,240
12120,240,240
12121,240,240
12122,240,240
12123,240,240
12124,240,240
12125,240,240
12126,240,240
12127,240,240
12128,240,240
12129,240,240
12130,240,240
12131,240,240
12132,240,240
12133,240,240
12134,240,240
12135,240,240
12136,240,240
12137,240,240
12138,240,240
12139,240,240
12140,240,240
12141,240,240
12142,240,240
12143,240,240
12144,240,240
12145,240,240
12146,240,240
12147,240,240
12148,240,240
12149,240,240
12150,240,240
12151,240,240
12152,240,240
12153,240,240
12154,240,240
12155,240,240
12156,240,240
12157,240,240
12158,240,240
12159,240,240
12160,240,240
12161,240,240
12162,240,240
12163,240,240
12164,240,240
12165,240,240
12166,240,240
12167,240,240
12168,240,240
12169,240,240
12170,240,240
12171,240,240
12172,240,240
12173,240,240
12174,240,240
12175,240,240
12176,240,240
12177,240,240
12178,240,240
12179,240,240
12180,240,240
12181,240,240
12182,240,240
12183,240,240
12184,240,240
12185,240,240
12186,240,240
12187,240,240
12188,240,240
12189,240,240
12190,240,240
12191,240,240
12192,240,240
12193,240,240
12194,240,240
12195,240,240
12196,240,240
12197,240,240
12198,240,240
12199,240,240
12200,240,240
12201,240,240
12202,240,240
12203,240,240
12204,240,240
12205,240,240
12206,240,240
12207,240,240
12208,240,240
12209,240,240
12210,240,240
12211,240,240
12212,240,240
12213,240,240
12214,240,240
12215,240,240
12216,240,240
12217,240,240
12218,240,240
12219,240,240
12220,240,240
12221,240,240
12222,240,240
12223,240,240
12224,240,240
12225,240,240
12226,240,240
12227,240,240
12228,240,240
12229,240,240
12230,240,240
12231,240,240
12232,240,240
12233,240,240
12234,240,240
12235,240,240
12236,240,240
12237,240,240
12238,240,240
12239,240,240
12240,240,240
12241,240,240
12242,240,240
12243,240,240
12244,240,240
12245,240,240
12246,240,240
12247,240,240
12248,240,240
12249,240,240
12250,240,240
12251,240,240
12252,240,240
12253,240,240
12254,240,240
12255,240,240
12256,240,240
12257,240,240
12258,240,240
12259,240,240
12260,240,240
12261,240,240
12262,240,240
12263,240,240
12264,240,240
12265,240,240
12266,240,240
12267,240,240
12268,240,240
12269,240,240
12270,240,240
12271,240,240
12272,240,240
12273,240,240
12274,240,240
12275,240,240
12276,240,240
12277,240,240
12278,240,240
12279,240,240
12280,240,240
12281,240,240
12282,240,240
12283,240,240
12284,240,240
12285,240,240
12286,240,240
12287,240,240
12288,240,240
12289,240,240
12290,240,240
12291,240,240
12292,240,240
12293,240,240
12294,240,240
12295,240,240
12296,240,240
12297,240,240
12298,240,240
12299,240,240
12300,240,240
12301,240,240
12302,240,240
12303,240,240
12304,240,240
12305,240,240
12306,240,240
12307,240,240
12308,240,240
12309,240,240
12310,240,240
12311,240,240
12312,240,240
12313,240,240
12314,240,240
12315,240,240
12316,240,240
12317,240,240
12318,240,240
12319,240,240
12320,240,240
12321,240,240
12322,240,240
12323,240,240
12324,240,240
12325,240,240
12326,240,240
12327,240,240
12328,240,240
12329,240,240
12330,240,240
12331,240,240
12332,240,240
12333,240,240
12334,240,240
12335,240,240
12336,240,240
12337,240,240
12338,240,240
12339,240,240
12340,240,240
12341,240,240
12342,240,240
12343,240,240
12344,240,240
12345,240,240
12346,240,240
12347,240,240
12348,240,240
12349,240,240
12350,240,240
12351,240,240
12352,240,240
12353,240,240
12354,240,240
12355,240,240
12356,240,240
12357,240,240
12358,240,240
12359,240,240
12360,240,240
12361,240,240
12362,240,240
12363,240,240
12364,240,240
12365,240,240
12366,240,240
12367,240,240
12368,240,240
12369,240,240
12370,240,240
12371,240,240
12372,240,240
12373,240,240
12374,240,240
12375,240,240
12376,240,240
12377,240,240
12378,240,240
12379,240,240
12380,240,240
12381,240,240
12382,240,240
12383,240,240
12384,240,240
12385,240,240
12386,240,240
12387,240,240
12388,240,240
12389,240,240
12390,240,240
12391,240,240
12392,240,240
12393,240,240
12394,240,240
12395,240,240
12396,240,240
12397,240,240
12398,240,240
12399,240,240
12400,240,240
12401,240,240
12402,240,240
12403,240,240
12404,240,240
12405,240,240
12406,240,240
12407,240,240
12408,240,240
12409,240,240
12410,240,240
12411,240,240
12412,240,240
12413,240,240
12414,240,240
12415,240,240
12416,240,240
12417,240,240
12418,240,240
12419,240,240
12420,240,240
12421,240,240
12422,240,240
12423,240,240
12424,240,240
12425,240,240
12426,240,240
12427,240,240
12428,240,240
12429,240,240
12430,240,240
12431,240,240
12432,240,240
12433,240,240
12434,240,240
12435,240,240
12436,240,240
12437,240,240
12438,240,240
12439,240,240
12440,240,240
12441,240,240
12442,240,240
12443,240,240
12444,240,240
12445,240,240
12446,240,240
12447,240,240
12448,240,240
12449,240,240
12450,240,240
12451,240,240
12452,240,240
12453,240,240
12454,240,240
12455,240,240
12456,240,240
12457,240,240
12458,240,240
12459,240,240
12460,240,240
12461,240,240
12462,240,240
12463,240,240
12464,240,240
12465,240,240
12466,240,240
12467,240,240
12468,240,240
12469,240,240
12470,240,240
12471,240,240
12472,240,240
12473,240,240
12474,240,240
12475,240,240
12476,240,240
12477,240,240
12478,240,240
12479,240,240
12480,240,240
12481,240,240
12482,240,240
12483,240,240
12484,240,240
12485,240,240
12486,240,240
12487,240,240
12488,240,240
12489,240,240
12490,240,240
12491,240,240
12492,240,240
12493,240,240
12494,240,240
12495,240,240
12496,240,240
12497,240,240
12498,240,240
12499,240,240
12500,240,240
12501,240,240
12502,240,240
12503,240,240
12504,240,240
12505,240,240
12506,240,240
12507,240,240
12508,240,240
12509,240,240
12510,240,240
12511,240,240
12512,240,240
12513,240,240
12514,240,240
12515,240,240
12516,240,240
12517,240,240
12518,240,240
12519,240,240
12520,240,240
12521,240,240
12522,240,240
12523,240,240
12524,240,240
12525,240,240
12526,240,240
12527,240,240
12528,240,240
12529,240,240
12530,240,240
12531,240,240
12532,240,240
12533,240,240
12534,240,240
12535,240,240
12536,240,240
12537,240,240
12538,240,240
12539,240,240
12540,240,240
12541,240,240
12542,240,240
12543,240,240
12544,240,240
12545,240,240
12546,240,240
12547,240,240
12548,240,240
12549,240,240
12550,240,240
12551,240,240
12552,240,240
12553,240,240
12554,240,240
12555,240,240
12556,240,240
12557,240,240
12558,240,240
12559,240,240
12560,240,240
12561,240,240
12562,240,240
12563,240,240
12564,240,240
12565,240,240
12566,240,240
12567,240,240
12568,240,240
12569,240,240
12570,240,240
12571,240,240
12572,240,240
12573,240,240
12574,240,240
12575,240,240
12576,240,240
12577,240,240
12578,240,240
12579,240,240
12580,240,240
12581,240,240
12582,240,240
12583,240,240
12584,240,240
12585,240,240
12586,240,240
12587,240,240
12588,240,240
12589,240,240
12590,240,240
12591,240,240
12592,240,240
12593,240,240
12594,240,240
12595,240,240
12596,240,240
12597,240,240
12598,240,240
12599,240,240
12600,240,240
12601,240,240
12602,240,240
12603,240,240
12604,240,240
12605,240,240
12606,240,240
12607,240,240
12608,240,240
12609,240,240
12610,240,240
12611,240,240
12612,240,240
12613,240,240
12614,240,240
12615,240,240
12616,240,240
12617,240,240
12618,240,240
12619,240,240
12620,240,240
12621,240,240
12622,240,240
12623,240,240
12624,240,240
12625,240,240
12626,240,240
12627,240,240
12628,240,240
12629,240,240
12630,240,240
12631,240,240
12632,240,240
12633,240,240
12634,240,240
12635,240,240
12636,240,240
12637,240,240
12638,240,240
12639,240,240
12640,240,240
12641,240,240
12642,240,240
12643,240,240
12644,240,240
12645,240,240
12646,240,240
12647,240,240
12648,240,240
12649,240,240
12650,240,240
12651,240,240
12652,240,240
12653,240,240
12654,240,240
12655,240,240
12656,240,240
12657,240,240
12658,240,240
12659,240,240
12660,240,240
12661,240,240
12662,240,240
12663,240,240
12664,240,240
12665,240,240
12666,240,240
12667,240,240
12668,240,240
12669,240,240
12670,240,240
12671,240,240
12672,240,240
12673,240,240
12674,240,240
12675,240,240
12676,240,240
12677,240,240
12678,240,240
12679,240,240
12680,240,240
12681,240,240
12682,240,240
12683,240,240
12684,240,240
12685,240,240
12686,240,240
12687,240,240
12688,240,240
12689,240,240
12690,240,240
12691,240,240
12692,240,240
12693,240,240
12694,240,240
12695,240,240
12696,240,240
12697,240,240
12698,240,240
12699,240,240
12700,240,240
12701,240,240
12702,240,240
12703,240,240
12704,240,240
12705,240,240
12706,240,240
12707,240,240
12708,240,240
12709,240,240
12710,240,240
12711,240,240
12712,240,240
12713,240,240
12714,240,240
12715,240,240
12716,240,240
12717,240,240
12718,240,240
12719,240,240
12720,240,240
12721,240,240
12722,240,240
12723,240,240
12724,240,240
12725,240,240
12726,240,240
12727,240,240
12728,240,240
12729,240,240
12730,240,240
12731,240,240
12732,240,240
12733,240,240
12734,240,240
12735,240,240
12736,240,240
12737,240,240
12738,240,240
12739,240,240
12740,240,240
12741,240,240
12742,240,240
12743,240,240
12744,240,240
12745,240,240
12746,240,240
12747,240,240
12748,240,240
12749,240,240
12750,240,240
12751,240,240
12752,240,240
12753,240,240
12754,240,240
12755,240,240
12756,240,240
12757,240,240
12758,240,240
12759,240,240
12760,240,240
12761,240,240
12762,240,240
12763,240,240
12764,240,240
12765,240,240
12766,240,240
12767,240,240
12768,240,240
12769,240,240
12770,240,240
12771,240,240
12772,240,240
12773,240,240
12774,240,240
12775,240,240
12776,240,240
12777,240,240
12778,240,240
12779,240,240
12780,240,240
12781,240,240
12782,240,240
12783,240,240
12784,240,240
12785,240,240
12786,240,240
12787,240,240
12788,240,240
12789,240,240
12790,240,240
12791,240,240
12792,240,240
12793,240,240
12794,240,240
12795,240,240
12796,240,240
12797,240,240
12798,240,240
12799,240,240
12800,240,240
12801,240,240
12802,240,240
12803,240,240
12804,240,240
12805,240,240
12806,240,240
12807,240,240
12808,240,240
12809,240,240
12810,240,240
12811,240,240
12812,240,240
12813,240,240
12814,240,240
12815,240,240
12816,240,240
12817,240,240
12818,240,240
12819,240,240
12820,240,240
12821,240,240
12822,240,240
12823,240,240
12824,240,240
12825,240,240
12826,240,240
12827,240,240
12828,240,240
12829,240,240
12830,240,240
12831,240,240
12832,240,240
12833,240,240
12834,240,240
12835,240,240
12836,240,240
12837,240,240
12838,240,240
12839,240,240
12840,240,240
12841,240,240
12842,240,240
12843,240,240
12844,240,240
12845,240,240
12846,240,240
12847,240,240
12848,240,240
12849,240,240
12850,240,240
12851,240,240
12852,240,240
12853,240,240
12854,240,240
12855,240,240
12856,240,240
12857,240,240
12858,240,240
12859,240,240
12860,240,240
12861,240,240
12862,240,240
12863,240,240
12864,240,240
12865,240,240
12866,240,240
12867,240,240
12868,240,240
12869,240,240
12870,240,240
12871,240,240
12872,240,240
12873,240,240
12874,240,240
12875,240,240
12876,240,240
12877,240,240
12878,240,240
12879,240,240
12880,240,240
12881,240,240
12882,240,240
12883,240,240
12884,240,240
12885,240,240
12886,240,240
12887,240,240
12888,240,240
12889,240,240
12890,240,240
12891,240,240
12892,240,240
12893,240,240
12894,240,240
12895,240,240
12896,240,240
12897,240,240
12898,240,240
12899,240,240
12900,240,240
12901,240,240
12902,240,240
12903,240,240
12904,240,240
12905,240,240
12906,240,240
12907,240,240
12908,240,240
12909,240,240
12910,240,240
12911,240,240
12912,240,240
12913,240,240
12914,240,240
12915,240,240
12916,240,240
12917,240,240
12918,240,240
12919,240,240
12920,240,240
12921,240,240
12922,240,240
12923,240,240
12924,240,240
12925,240,240
12926,240,240
12927,240,240
12928,240,240
12929,240,240
12930,240,240
12931,240,240
12932,240,240
12933,240,240
12934,240,240
12935,240,240
12936,240,240
12937,240,240
12938,240,240
12939,240,240
12940,240,240
12941,240,240
12942,240,240
12943,240,240
12944,240,240
12945,240,240
12946,240,240
12947,240,240
12948,240,240
12949,240,240
12950,240,240
12951,240,240
12952,240,240
12953,240,240
12954,240,240
12955,240,240
12956,240,240
12957,240,240
12958,240,240
12959,240,240
12960,240,240
12961,240,240
12962,240,240
12963,240,240
12964,240,240
12965,240,240
12966,240,240
12967,240,240
12968,240,240
12969,240,240
12970,240,240
12971,240,240
12972,240,240
12973,240,240
12974,240,240
12975,240,240
12976,240,240
12977,240,240
12978,240,240
12979,240,240
12980,240,240
12981,240,240
12982,240,240
12983,240,240
12984,240,240
12985,240,240
12986,240,240
12987,240,240
12988,240,240
12989,240,240
12990,240,240
12991,240,240
12992,240,240
12993,240,240
12994,240,240
12995,240,240
12996,240,240
12997,240,240
12998,240,240
12999,240,240
13000,240,240
13001,240,240
13002,240,240
13003,240,240
13004,240,240
13005,240,240
13006,240,240
13007,240,240
13008,240,240
13009,240,240
13010,240,240
13011,240,240
13012,240,240
13013,240,240
13014,240,240
13015,240,240
13016,240,240
13017,240,240
13018,240,240
13019,240,240
13020,240,240
13021,240,240
13022,240,240
13023,240,240
13024,240,240
13025,240,240
13026,240,240
13027,240,240
13028,240,240
13029,240,240
13030,240,240
13031,240,240
13032,240,240
13033,240,240
13034,240,240
13035,240,240
13036,240,240
13037,240,240
13038,240,240
13039,240,240
13040,240,240
13041,240,240
13042,240,240
13043,240,240
13044,240,240
13045,240,240
13046,240,240
13047,240,240
13048,240,240
13049,240,240
13050,240,240
13051,240,240
13052,240,240
13053,240,240
13054,240,240
13055,240,240
13056,240,240
13057,240,240
13058,240,240
13059,240,240
13060,240,240
13061,240,240
13062,240,240
13063,240,240
13064,240,240
13065,240,240
13066,240,240
13067,240,240
13068,240,240
13069,240,240
13070,240,240
13071,240,240
13072,240,240
13073,240,240
13074,240,240
13075,240,240
13076,240,240
13077,240,240
13078,240,240
13079,240,240
13080,240,240
13081,240,240
13082,240,240
13083,240,240
13084,240,240
13085,240,240
13086,240,240
13087,240,240
13088,240,240
13089,240,240
13090,240,240
13091,240,240
13092,240,240
13093,240,240
13094,240,240
13095,240,240
13096,240,240
13097,240,240
13098,240,240
13099,240,240
13100,240,240
13101,240,240
13102,240,240
13103,240,240
13104,240,240
13105,240,240
13106,240,240
13107,240,240
13108,240,240
13109,240,240
13110,240,240
13111,240,240
13112,240,240
13113,240,240
13114,240,240
13115,240,240
13116,240,240
13117,240,240
13118,240,240
13119,240,240
13120,240,240
13121,240,240
13122,240,240
13123,240,240
13124,240,240
13125,240,240
13126,240,240
13127,240,240
13128,240,240
13129,240,240
13130,240,240
13131,240,240
13132,240,240
13133,240,240
13134,240,240
13135,240,240
13136,240,240
13137,240,240
13138,240,240
13139,240,240
13140,240,240
13141,240,240
13142,240,240
13143,240,240
13144,240,240
13145,240,240
13146,240,240
13147,240,240
13148,240,240
13149,240,240
13150,240,240
13151,240,240
13152,240,240
13153,240,240
13154,240,240
13155,240,240
13156,240,240
13157,240,240
13158,240,240
13159,240,240
13160,240,240
13161,240,240
13162,240,240
13163,240,240
13164,240,240
13165,240,240
13166,240,240
13167,240,240
13168,240,240
13169,240,240
13170,240,240
13171,240,240
13172,240,240
13173,240,240
13174,240,240
13175,240,240
13176,240,240
13177,240,240
13178,240,240
13179,240,240
13180,240,240
13181,240,240
13182,240,240
13183,240,240
13184,240,240
13185,240,240
13186,240,240
13187,240,240
13188,240,240
13189,240,240
13190,240,240
13191,240,240
13192,240,240
13193,240,240
13194,240,240
13195,240,240
13196,240,240
13197,240,240
13198,240,240
13199,240,240
13200,240,240
13201,240,240
13202,240,240
13203,240,240
13204,240,240
13205,240,240
13206,240,240
13207,240,240
13208,240,240
13209,240,240
13210,240,240
13211,240,240
13212,240,240
13213,240,240
13214,240,240
13215,240,240
13216,240,240
13217,240,240
13218,240,240
13219,240,240
13220,240,240
13221,240,240
13222,240,240
13223,240,240
13224,240,240
13225,240,240
13226,240,240
13227,240,240
13228,240,240
13229,240,240
13230,240,240
13231,240,240
13232,240,240
13233,240,240
13234,240,240
13235,240,240
13236,240,240
13237,240,240
13238,240,240
13239,240,240
13240,240,240
13241,240,240
13242,240,240
13243,240,240
13244,240,240
13245,240,240
13246,240,240
13247,240,240
13248,240,240
13249,240,240
13250,240,240
13251,240,240
13252,240,240
13253,240,240
13254,240,240
13255,240,240
13256,240,240
13257,240,240
13258,240,240
13259,240,240
13260,240,240
13261,240,240
13262,240,240
13263,240,240
13264,240,240
13265,240,240
13266,240,240
13267,240,240
13268,240,240
13269,240,240
13270,240,240
13271,240,240
13272,240,240
13273,240,240
13274,240,240
13275,240,240
13276,240,240
13277,240,240
13278,240,240
13279,240,240
13280,240,240
13281,240,240
13282,240,240
13283,240,240
13284,240,240
13285,240,240
13286,240,240
13287,240,240
13288,240,240
13289,240,240
13290,240,240
13291,240,240
13292,240,240
13293,240,240
13294,240,240
13295,240,240
13296,240,240
13297,240,240
13298,240,240
13299,240,240
13300,240,240
13301,240,240
13302,240,240
13303,240,240
13304,240,240
13305,240,240
13306,240,240
13307,240,240
13308,240,240
13309,240,240
13310,240,240
13311,240,240
13312,240,240
13313,240,240
13314,240,240
13315,240,240
13316,240,240
13317,240,240
13318,240,240
13319,240,240
13320,240,240
13321,240,240
13322,240,240
13323,240,240
13324,240,240
13325,240,240
13326,240,240
13327,240,240
13328,240,240
13329,240,240
13330,240,240
13331,240,240
13332,240,240
13333,240,240
13334,240,240
13335,240,240
13336,240,240
13337,240,240
13338,240,240
13339,240,240
13340,240,240
13341,240,240
13342,240,240
13343,240,240
13344,240,240
13345,240,240
13346,240,240
13347,240,240
13348,240,240
13349,240,240
13350,240,240
13351,240,240
13352,240,240
13353,240,240
13354,240,240
13355,240,240
13356,240,240
13357,240,240
13358,240,240
13359,240,240
13360,240,240
13361,240,240
13362,240,240
13363,240,240
13364,240,240
13365,240,240
13366,240,240
13367,240,240
13368,240,240
13369,240,240
13370,240,240
13371,240,240
13372,240,240
13373,240,240
13374,240,240
13375,240,240
13376,240,240
13377,240,240
13378,240,240
13379,240,240
13380,240,240
13381,240,240
13382,240,240
13383,240,240
13384,240,240
13385,240,240
13386,240,240
13387,240,240
13388,240,240
13389,240,240
13390,240,240
13391,240,240
13392,240,240
13393,240,240
13394,240,240
13395,240,240
13396,240,240
13397,240,240
13398,240,240
13399,240,240
13400,240,240
13401,240,240
13402,240,240
13403,240,240
13404,240,240
13405,240,240
13406,240,240
13407,240,240
13408,240,240
13409,240,240
13410,240,240
13411,240,240
13412,240,240
13413,240,240
13414,240,240
13415,240,240
13416,240,240
13417,240,240
13418,240,240
13419,240,240
13420,240,240
13421,240,240
13422,240,240
13423,240,240
13424,240,240
13425,240,240
13426,240,240
13427,240,240
13428,240,240
13429,240,240
13430,240,240
13431,240,240
13432,240,240
13433,240,240
13434,240,240
13435,240,240
13436,240,240
13437,240,240
13438,240,240
13439,240,240
13440,240,240
13441,240,240
13442,240,240
13443,240,240
13444,240,240
13445,240,240
13446,240,240
13447,240,240
13448,240,240
13449,240,240
13450,240,240
13451,240,240
13452,240,240
13453,240,240
13454,240,240
13455,240,240
13456,240,240
13457,240,240
13458,240,240
13459,240,240
13460,240,240
13461,240,240
13462,240,240
13463,240,240
13464,240,240
13465,240,240
13466,240,240
13467,240,240
13468,240,240
13469,240,240
13470,240,240
13471,240,240
13472,240,240
13473,240,240
13474,240,240
13475,240,240
13476,240,240
13477,240,240
13478,240,240
13479,240,240
13480,240,240
13481,240,240
13482,240,240
13483,240,240
13484,240,240
13485,240,240
13486,240,240
13487,240,240
13488,240,240
13489,240,240
13490,240,240
13491,240,240
13492,240,240
13493,240,240
13494,240,240
13495,240,240
13496,240,240
13497,240,240
13498,240,240
13499,240,240
13500,240,240
13501,240,240
13502,240,240
13503,240,240
13504,240,240
13505,240,240
13506,240,240
13507,240,240
13508,240,240
13509,240,240
13510,240,240
13511,240,240
13512,240,240
13513,240,240
13514,240,240
13515,240,240
13516,240,240
13517,240,240
13518,240,240
13519,240,240
13520,240,240
13521,240,240
13522,240,240
13523,240,240
13524,240,240
13525,240,240
13526,240,240
13527,240,240
13528,240,240
13529,240,240
13530,240,240
13531,240,240
13532,240,240
13533,240,240
13534,240,240
13535,240,240
13536,240,240
13537,240,240
13538,240,240
13539,240,240
13540,240,240
13541,240,240
13542,240,240
13543,240,240
13544,240,240
13545,240,240
13546,240,240
13547,240,240
13548,240,240
13549,240,240
13550,240,240
13551,240,240
13552,240,240
13553,240,240
13554,240,240
13555,240,240
13556,240,240
13557,240,240
13558,240,240
13559,240,240
13560,240,240
13561,240,240
13562,240,240
13563,240,240
13564,240,240
13565,240,240
13566,240,240
13567,240,240
13568,240,240
13569,240,240
13570,240,240
13571,240,240
13572,240,240
13573,240,240
13574,240,240
13575,240,240
13576,240,240
13577,240,240
13578,240,240
13579,240,240
13580,240,240
13581,240,240
13582,240,240
13583,240,240
13584,240,240
13585,240,240
13586,240,240
13587,240,240
13588,240,240
13589,240,240
13590,240,240
13591,240,240
13592,240,240
13593,240,240
13594,240,240
13595,240,240
13596,240,240
13597,240,240
13598,240,240
13599,240,240
13600,240,240
13601,240,240
13602,240,240
13603,240,240
13604,240,240
13605,240,240
13606,240,240
13607,240,240
13608,240,240
13609,240,240
13610,240,240
13611,240,240
13612,240,240
13613,240,240
13614,240,240
13615,240,240
13616,240,240
13617,240,240
13618,240,240
13619,240,240
13620,240,240
13621,240,240
13622,240,240
13623,240,240
13624,240,240
13625,240,240
13626,240,240
13627,240,240
13628,240,240
13629,240,240
13630,240,240
13631,240,240
13632,240,240
13633,240,240
13634,240,240
13635,240,240
13636,240,240
13637,240,240
13638,240,240
13639,240,240
13640,240,240
13641,240,240
13642,240,240
13643,240,240
13644,240,240
13645,240,240
13646,240,240
13647,240,240
13648,240,240
13649,240,240
13650,240,240
13651,240,240
13652,240,240
13653,240,240
13654,240,240
13655,240,240
13656,240,240
13657,240,240
13658,240,240
13659,240,240
13660,240,240
13661,240,240
13662,240,240
13663,240,240
13664,240,240
13665,240,240
13666,240,240
13667,240,240
13668,240,240
13669,240,240
13670,240,240
13671,240,240
13672,240,240
13673,240,240
13674,240,240
13675,240,240
13676,240,240
13677,240,240
13678,240,240
13679,240,240
13680,240,240
13681,240,240
13682,240,240
13683,240,240
13684,240,240
13685,240,240
13686,240,240
13687,240,240
13688,240,240
13689,240,240
13690,240,240
13691,240,240
13692,240,240
13693,240,240
13694,240,240
13695,240,240
13696,240,240
13697,240,240
13698,240,240
13699,240,240
13700,240,240
13701,240,240
13702,240,240
13703,240,240
13704,240,240
13705,240,240
13706,240,240
13707,240,240
13708,240,240
13709,240,240
13710,240,240
13711,240,240
13712,240,240
13713,240,240
13714,240,240
13715,240,240
13716,240,240
13717,240,240
13718,240,240
13719,240,240
13720,240,240
13721,240,240
13722,240,240
13723,240,240
13724,240,240
13725,240,240
13726,240,240
13727,240,240
13728,240,240
13729,240,240
13730,240,240
13731,240,240
13732,240,240
13733,240,240
13734,240,240
13735,240,240
13736,240,240
13737,240,240
13738,240,240
13739,240,240
13740,240,240
13741,240,240
13742,240,240
13743,240,240
13744,240,240
13745,240,240
13746,240,240
13747,240,240
13748,240,240
13749,240,240
13750,240,240
13751,240,240
13752,240,240
13753,240,240
13754,240,240
13755,240,240
13756,240,240
13757,240,240
13758,240,240
13759,240,240
13760,240,240
13761,240,240
13762,240,240
13763,240,240
13764,240,240
13765,240,240
13766,240,240
13767,240,240
13768,240,240
13769,240,240
13770,240,240
13771,240,240
13772,240,240
13773,240,240
13774,240,240
13775,240,240
13776,240,240
13777,240,240
13778,240,240
13779,240,240
13780,240,240
13781,240,240
13782,240,240
13783,240,240
13784,240,240
13785,240,240
13786,240,240
13787,240,240
13788,240,240
13789,240,240
13790,240,240
13791,240,240
13792,240,240
13793,240,240
13794,240,240
13795,240,240
13796,240,240
13797,240,240
13798,240,240
13799,240,240
13800,240,240
13801,240,240
13802,240,240
13803,240,240
13804,240,240
13805,240,240
13806,240,240
13807,240,240
13808,240,240
13809,240,240
13810,240,240
13811,240,240
13812,240,240
13813,240,240
13814,240,240
13815,240,240
13816,240,240
13817,240,240
13818,240,240
13819,240,240
13820,240,240
13821,240,240
13822,240,240
13823,240,240
13824,240,240
13825,240,240
13826,240,240
13827,240,240
13828,240,240
13829,240,240
13830,240,240
13831,240,240
13832,240,240
13833,240,240
13834,240,240
13835,240,240
13836,240,240
13837,240,240
13838,240,240
13839,240,240
13840,240,240
13841,240,240
13842,240,240
13843,240,240
13844,240,240
13845,240,240
13846,240,240
13847,240,240
13848,240,240
13849,240,240
13850,240,240
13851,240,240
13852,240,240
13853,240,240
13854,240,240
13855,240,240
13856,240,240
13857,240,240
13858,240,240
13859,240,240
13860,240,240
13861,240,240
13862,240,240
13863,240,240
13864,240,240
13865,240,240
13866,240,240
13867,240,240
13868,240,240
13869,240,240
13870,240,240
13871,240,240
13872,240,240
13873,240,240
13874,240,240
13875,240,240
13876,240,240
13877,240,240
13878,240,240
13879,240,240
13880,240,240
13881,240,240
13882,240,240
13883,240,240
13884,240,240
13885,240,240
13886,240,240
13887,240,240
13888,240,240
13889,240,240
13890,240,240
13891,240,240
13892,240,240
13893,240,240
13894,240,240
13895,240,240
13896,240,240
13897,240,240
13898,240,240
13899,240,240
13900,240,240
13901,240,240
13902,240,240
13903,240,240
13904,240,240
13905,240,240
13906,240,240
13907,240,240
13908,240,240
13909,240,240
13910,240,240
13911,240,240
13912,240,240
13913,240,240
13914,240,240
13915,240,240
13916,240,240
13917,240,240
13918,240,240
13919,240,240
13920,240,240
13921,240,240
13922,240,240
13923,240,240
13924,240,240
13925,240,240
13926,240,240
13927,240,240
13928,240,240
13929,240,240
13930,240,240
13931,240,240
13932,240,240
13933,240,240
13934,240,240
13935,240,240
13936,240,240
13937,240,240
13938,240,240
13939,240,240
13940,240,240
13941,240,240
13942,240,240
13943,240,240
13944,240,240
13945,240,240
13946,240,240
13947,240,240
13948,240,240
13949,240,240
13950,240,240
13951,240,240
13952,240,240
13953,240,240
13954,240,240
13955,240,240
13956,240,240
13957,240,240
13958,240,240
13959,240,240
13960,240,240
13961,240,240
13962,240,240
13963,240,240
13964,240,240
13965,240,240
13966,240,240
13967,240,240
13968,240,240
13969,240,240
13970,240,240
13971,240,240
13972,240,240
13973,240,240
13974,240,240
13975,240,240
13976,240,240
13977,240,240
13978,240,240
13979,240,240
13980,240,240
13981,240,240
13982,240,240
13983,240,240
13984,240,240
13985,240,240
13986,240,240
13987,240,240
13988,240,240
13989,240,240
13990,240,240
13991,240,240
13992,240,240
13993,240,240
13994,240,240
13995,240,240
13996,240,240
13997,240,240
13998,240,240
13999,240,240
14000,240,240
14001,240,240
14002,240,240
14003,240,240
14004,240,240
14005,240,240
14006,240,240
14007,240,240
14008,240,240
14009,240,240
14010,240,240
14011,240,240
14012,240,240
14013,240,240
14014,240,240
14015,240,240
14016,240,240
14017,240,240
14018,240,240
14019,240,240
14020,240,240
14021,240,240
14022,240,240
14023,240,240
14024,240,240
14025,240,240
14026,240,240
14027,240,240
14028,240,240
14029,240,240
14030,240,240
14031,240,240
14032,240,240
14033,240,240
14034,240,240
14035,240,240
14036,240,240
14037,240,240
14038,240,240
14039,240,240
14040,240,240
14041,240,240
14042,240,240
14043,240,240
14044,240,240
14045,240,240
14046,240,240
14047,240,240
14048,240,240
14049,240,240
14050,240,240
14051,240,240
14052,240,240
14053,240,240
14054,240,240
14055,240,240
14056,240,240
14057,240,240
14058,240,240
14059,240,240
14060,240,240
14061,240,240
14062,240,240
14063,240,240
14064,240,240
14065,240,240
14066,240,240
14067,240,240
14068,240,240
14069,240,240
14070,240,240
14071,240,240
14072,240,240
14073,240,240
14074,240,240
14075,240,240
14076,240,240
14077,240,240
14078,240,240
14079,240,240
14080,240,240
14081,240,240
14082,240,240
14083,240,240
14084,240,240
14085,240,240
14086,240,240
14087,240,240
14088,240,240
14089,240,240
14090,240,240
14091,240,240
14092,240,240
14093,240,240
14094,240,240
14095,240,240
14096,240,240
14097,240,240
14098,240,240
14099,240,240
14100,240,240
14101,240,240
14102,240,240
14103,240,240
14104,240,240
14105,240,240
14106,240,240
14107,240,240
14108,240,240
14109,240,240
14110,240,240
14111,240,240
14112,240,240
14113,240,240
14114,240,240
14115,240,240
14116,240,240
14117,240,240
14118,240,240
14119,240,240
14120,240,240
14121,240,240
14122,240,240
14123,240,240
14124,240,240
14125,240,240
14126,240,240
14127,240,240
14128,240,240
14129,240,240
14130,240,240
14131,240,240
14132,240,240
14133,240,240
14134,240,240
14135,240,240
14136,240,240
14137,240,240
14138,240,240
14139,240,240
14140,240,240
14141,240,240
14142,240,240
14143,240,240
14144,240,240
14145,240,240
14146,240,240
14147,240,240
14148,240,240
14149,240,240
14150,240,240
14151,240,240
14152,240,240
14153,240,240
14154,240,240
14155,240,240
14156,240,240
14157,240,240
14158,240,240
14159,240,240
14160,240,240
14161,240,240
14162,240,240
14163,240,240
14164,240,240
14165,240,240
14166,240,240
14167,240,240
14168,240,240
14169,240,240
14170,240,240
14171,240,240
14172,240,240
14173,240,240
14174,240,240
14175,240,240
14176,240,240
14177,240,240
14178,240,240
14179,240,240
14180,240,240
14181,240,240
14182,240,240
14183,240,240
14184,240,240
14185,240,240
14186,240,240
14187,240,240
14188,240,240
14189,240,240
14190,240,240
14191,240,240
14192,240,240
14193,240,240
14194,240,240
14195,240,240
14196,240,240
14197,240,240
14198,240,240
14199,240,240
14200,240,240
14201,240,240
14202,240,240
14203,240,240
14204,240,240
14205,240,240
14206,240,240
14207,240,240
14208,240,240
14209,240,240
14210,240,240
14211,240,240
14212,240,240
14213,240,240
14214,240,240
14215,240,240
14216,240,240
14217,240,240
14218,240,240
14219,240,240
14220,240,240
14221,240,240
14222,240,240
14223,240,240
14224,240,240
14225,240,240
14226,240,240
14227,240,240
14228,240,240
14229,240,240
14230,240,240
14231,240,240
14232,240,240
14233,240,240
14234,240,240
14235,240,240
14236,240,240
14237,240,240
14238,240,240
14239,240,240
14240,240,240
14241,240,240
14242,240,240
14243,240,240
14244,240,240
14245,240,240
14246,240,240
14247,240,240
14248,240,240
14249,240,240
14250,240,240
14251,240,240
14252,240,240
14253,240,240
14254,240,240
14255,240,240
14256,240,240
14257,240,240
14258,240,240
14259,240,240
14260,240,240
14261,240,240
14262,240,240
14263,240,240
14264,240,240
14265,240,240
14266,240,240
14267,240,240
14268,240,240
14269,240,240
14270,240,240
14271,240,240
14272,240,240
14273,240,240
14274,240,240
14275,240,240
14276,240,240
14277,240,240
14278,240,240
14279,240,240
14280,240,240
14281,240,240
14282,240,240
14283,240,240
14284,240,240
14285,240,240
14286,240,240
14287,240,240
14288,240,240
14289,240,240
14290,240,240
14291,240,240
14292,240,240
14293,240,240
14294,240,240
14295,240,240
14296,240,240
14297,240,240
14298,240,240
14299,240,240
14300,240,240
14301,240,240
14302,240,240
14303,240,240
14304,240,240
14305,240,240
14306,240,240
14307,240,240
14308,240,240
14309,240,240
14310,240,240
14311,240,240
14312,240,240
14313,240,240
14314,240,240
14315,240,240
14316,240,240
14317,240,240
14318,240,240
14319,240,240
14320,240,240
14321,240,240
14322,240,240
14323,240,240
14324,240,240
14325,240,240
14326,240,240
14327,240,240
14328,240,240
14329,240,240
14330,240,240
14331,240,240
14332,240,240
14333,240,240
14334,240,240
14335,240,240
14336,240,240
14337,240,240
14338,240,240
14339,240,240
14340,240,240
14341,240,240
14342,240,240
14343,240,240
14344,240,240
14345,240,240
14346,240,240
14347,240,240
14348,240,240
14349,240,240
14350,240,240
14351,240,240
14352,240,240
14353,240,240
14354,240,240
14355,240,240
14356,240,240
14357,240,240
14358,240,240
14359,240,240
14360,240,240
14361,240,240
14362,240,240
14363,240,240
14364,240,240
14365,240,240
14366,240,240
14367,240,240
14368,240,240
14369,240,240
14370,240,240
14371,240,240
14372,240,240
14373,240,240
14374,240,240
14375,240,240
14376,240,240
14377,240,240
14378,240,240
14379,240,240
14380,240,240
14381,240,240
14382,240,240
14383,240,240
14384,240,240
14385,240,240
14386,240,240
14387,240,240
14388,240,240
14389,240,240
14390,240,240
14391,240,240
14392,240,240
14393,240,240
14394,240,240
14395,240,240
14396,240,240
14397,240,240
14398,240,240
14399,240,240
14400,240,240
14401,240,240
14402,240,240
14403,240,240
14404,240,240
14405,240,240
14406,240,240
14407,240,240
14408,240,240
14409,240,240
14410,240,240
14411,240,240
14412,240,240
14413,240,240
14414,240,240
14415,240,240
14416,240,240
14417,240,240
14418,240,240
14419,240,240
14420,240,240
14421,240,240
14422,240,240
14423,240,240
14424,240,240
14425,240,240
14426,240,240
14427,240,240
14428,240,240
14429,240,240
14430,240,240
14431,240,240
14432,240,240
14433,240,240
14434,240,240
14435,240,240
14436,240,240
14437,240,240
14438,240,240
14439,240,240
14440,240,240
14441,240,240
14442,240,240
14443,240,240
14444,240,240
14445,240,240
14446,240,240
14447,240,240
14448,240,240
14449,240,240
14450,240,240
14451,240,240
14452,240,240
14453,240,240
14454,240,240
14455,240,240
14456,240,240
14457,240,240
14458,240,240
14459,240,240
14460,240,240
14461,240,240
14462,240,240
14463,240,240
14464,240,240
14465,240,240
14466,240,240
14467,240,240
14468,240,240
14469,240,240
14470,240,240
14471,240,240
14472,240,240
14473,240,240
14474,240,240
14475,240,240
14476,240,240
14477,240,240
14478,240,240
14479,240,240
14480,240,240
14481,240,240
14482,240,240
14483,240,240
14484,240,240
14485,240,240
14486,240,240
14487,240,240
14488,240,240
14489,240,240
14490,240,240
14491,240,240
14492,240,240
14493,240,240
14494,240,240
14495,240,240
14496,240,240
14497,240,240
14498,240,240
14499,240,240
14500,240,240
14501,240,240
14502,240,240
14503,240,240
14504,240,240
14505,240,240
14506,240,240
14507,240,240
14508,240,240
14509,240,240
14510,240,240
14511,240,240
14512,240,240
14513,240,240
14514,240,240
14515,240,240
14516,240,240
14517,240,240
14518,240,240
14519,240,240
14520,240,240
14521,240,240
14522,240,240
14523,240,240
14524,240,240
14525,240,240
14526,240,240
14527,240,240
14528,240,240
14529,240,240
14530,240,240
14531,240,240
14532,240,240
14533,240,240
14534,240,240
14535,240,240
14536,240,240
14537,240,240
14538,240,240
14539,240,240
14540,240,240
14541,240,240
14542,240,240
14543,240,240
14544,240,240
14545,240,240
14546,240,240
14547,240,240
14548,240,240
14549,240,240
14550,240,240
14551,240,240
14552,240,240
14553,240,240
14554,240,240
14555,240,240
14556,240,240
14557,240,240
14558,240,240
14559,240,240
14560,240,240
14561,240,240
14562,240,240
14563,240,240
14564,240,240
14565,240,240
14566,240,240
14567,240,240
14568,240,240
14569,240,240
14570,240,240
14571,240,240
14572,240,240
14573,240,240
14574,240,240
14575,240,240
14576,240,240
14577,240,240
14578,240,240
14579,240,240
14580,240,240
14581,240,240
14582,240,240
14583,240,240
14584,240,240
14585,240,240
14586,240,240
14587,240,240
14588,240,240
14589,240,240
14590,240,240
14591,240,240
14592,240,240
14593,240,240
14594,240,240
14595,240,240
14596,240,240
14597,240,240
14598,240,240
14599,240,240
14600,240,240
14601,240,240
14602,240,240
14603,240,240
14604,240,240
14605,240,240
14606,240,240
14607,240,240
14608,240,240
14609,240,240
14610,240,240
14611,240,240
14612,240,240
14613,240,240
14614,240,240
14615,240,240
14616,240,240
14617,240,240
14618,240,240
14619,240,240
14620,240,240
14621,240,240
14622,240,240
14623,240,240
14624,240,240
14625,240,240
14626,240,240
14627,240,240
14628,240,240
14629,240,240
14630,240,240
14631,240,240
14632,240,240
14633,240,240
14634,240,240
14635,240,240
14636,240,240
14637,240,240
14638,240,240
14639,240,240
14640,240,240
14641,240,240
14642,240,240
14643,240,240
14644,240,240
14645,240,240
14646,240,240
14647,240,240
14648,240,240
14649,240,240
14650,240,240
14651,240,240
14652,240,240
14653,240,240
14654,240,240
14655,240,240
14656,240,240
14657,240,240
14658,240,240
14659,240,240
14660,240,240
14661,240,240
14662,240,240
14663,240,240
14664,240,240
14665,240,240
14666,240,240
14667,240,240
14668,240,240
14669,240,240
14670,240,240
14671,240,240
14672,240,240
14673,240,240
14674,240,240
14675,240,240
14676,240,240
14677,240,240
14678,240,240
14679,240,240
14680,240,240
14681,240,240
14682,240,240
14683,240,240
14684,240,240
14685,240,240
14686,240,240
14687,240,240
14688,240,240
14689,240,240
14690,240,240
14691,240,240
14692,240,240
14693,240,240
14694,240,240
14695,240,240
14696,240,240
14697,240,240
14698,240,240
14699,240,240
14700,240,240
14701,240,240
14702,240,240
14703,240,240
14704,240,240
14705,240,240
14706,240,240
14707,240,240
14708,240,240
14709,240,240
14710,240,240
14711,240,240
14712,240,240
14713,240,240
14714,240,240
14715,240,240
14716,240,240
14717,240,240
14718,240,240
14719,240,240
14720,240,240
14721,240,240
14722,240,240
14723,240,240
14724,240,240
14725,240,240
14726,240,240
14727,240,240
14728,240,240
14729,240,240
14730,240,240
14731,240,240
14732,240,240
14733,240,240
14734,240,240
14735,240,240
14736,240,240
14737,240,240
14738,240,240
14739,240,240
14740,240,240
14741,240,240
14742,240,240
14743,240,240
14744,240,240
14745,240,240
14746,240,240
14747,240,240
14748,240,240
14749,240,240
14750,240,240
14751,240,240
14752,240,240
14753,240,240
14754,240,240
14755,240,240
14756,240,240
14757,240,240
14758,240,240
14759,240,240
14760,240,240
14761,240,240
14762,240,240
14763,240,240
14764,240,240
14765,240,240
14766,240,240
14767,240,240
14768,240,240
14769,240,240
14770,240,240
14771,240,240
14772,240,240
14773,240,240
14774,240,240
14775,240,240
14776,240,240
14777,240,240
14778,240,240
14779,240,240
14780,240,240
14781,240,240
14782,240,240
14783,240,240
14784,240,240
14785,240,240
14786,240,240
14787,240,240
14788,240,240
14789,240,240
14790,240,240
14791,240,240
14792,240,240
14793,240,240
14794,240,240
14795,240,240
14796,240,240
14797,240,240
14798,240,240
14799,240,240
14800,240,240
14801,240,240
14802,240,240
14803,240,240
14804,240,240
14805,240,240
14806,240,240
14807,240,240
14808,240,240
14809,240,240
14810,240,240
14811,240,240
14812,240,240
14813,240,240
14814,240,240
14815,240,240
14816,240,240
14817,240,240
14818,240,240
14819,240,240
14820,240,240
14821,240,240
14822,240,240
14823,240,240
14824,240,240
14825,240,240
14826,240,240
14827,240,240
14828,240,240
14829,240,240
14830,240,240
14831,240,240
14832,240,240
14833,240,240
14834,240,240
14835,240,240
14836,240,240
14837,240,240
14838,240,240
14839,240,240
14840,240,240
14841,240,240
14842,240,240
14843,240,240
14844,240,240
14845,240,240
14846,240,240
14847,240,240
14848,240,240
14849,240,240
14850,240,240
14851,240,240
14852,240,240
14853,240,240
14854,240,240
14855,240,240
14856,240,240
14857,240,240
14858,240,240
14859,240,240
14860,240,240
14861,240,240
14862,240,240
14863,240,240
14864,240,240
14865,240,240
14866,240,240
14867,240,240
14868,240,240
14869,240,240
14870,240,240
14871,240,240
14872,240,240
14873,240,240
14874,240,240
14875,240,240
14876,240,240
14877,240,240
14878,240,240
14879,240,240
14880,240,240
14881,240,240
14882,240,240
14883,240,240
14884,240,240
14885,240,240
14886,240,240
14887,240,240
14888,240,240
14889,240,240
14890,240,240
14891,240,240
14892,240,240
14893,240,240
14894,240,240
14895,240,240
14896,240,240
14897,240,240
14898,240,240
14899,240,240
14900,240,240
14901,240,240
14902,240,240
14903,240,240
14904,240,240
14905,240,240
14906,240,240
14907,240,240
14908,240,240
14909,240,240
14910,240,240
14911,240,240
14912,240,240
14913,240,240
14914,240,240
14915,240,240
14916,240,240
14917,240,240
14918,240,240
14919,240,240
14920,240,240
14921,240,240
14922,240,240
14923,240,240
14924,240,240
14925,240,240
14926,240,240
14927,240,240
14928,240,240
14929,240,240
14930,240,240
14931,240,240
14932,240,240
14933,240,240
14934,240,240
14935,240,240
14936,240,240
14937,240,240
14938,240,240
14939,240,240
14940,240,240
14941,240,240
14942,240,240
14943,240,240
14944,240,240
14945,240,240
14946,240,240
14947,240,240
14948,240,240
14949,240,240
14950,240,240
14951,240,240
14952,240,240
14953,240,240
14954,240,240
14955,240,240
14956,240,240
14957,240,240
14958,240,240
14959,240,240
14960,240,240
14961,240,240
14962,240,240
14963,240,240
14964,240,240
14965,240,240
14966,240,240
14967,240,240
14968,240,240
14969,240,240
14970,240,240
14971,240,240
14972,240,240
14973,240,240
14974,240,240
14975,240,240
14976,240,240
14977,240,240
14978,240,240
14979,240,240
14980,240,240
14981,240,240
14982,240,240
14983,240,240
14984,240,240
14985,240,240
14986,240,240
14987,240,240
14988,240,240
14989,240,240
14990,240,240
14991,240,240
14992,240,240
14993,240,240
14994,240,240
14995,240,240
14996,240,240
14997,240,240
14998,240,240
14999,240,240
15000,240,240
15001,240,240
15002,240,240
15003,240,240
15004,240,240
15005,240,240
15006,240,240
15007,240,240
15008,240,240
15009,240,240
15010,240,240
15011,240,240
15012,240,240
15013,240,240
15014,240,240
15015,240,240
15016,240,240
15017,240,240
15018,240,240
15019,240,240
15020,240,240
15021,240,240
15022,240,240
15023,240,240
15024,240,240
15025,240,240
15026,240,240
15027,240,240
15028,240,240
15029,240,240
15030,240,240
15031,240,240
15032,240,240
15033,240,240
15034,240,240
15035,240,240
15036,240,240
15037,240,240
15038,240,240
15039,240,240
15040,240,240
15041,240,240
15042,240,240
15043,240,240
15044,240,240
15045,240,240
15046,240,240
15047,240,240
15048,240,240
15049,240,240
15050,240,240
15051,240,240
15052,240,240
15053,240,240
15054,240,240
15055,240,240
15056,240,240
15057,240,240
15058,240,240
15059,240,240
15060,240,240
15061,240,240
15062,240,240
15063,240,240
15064,240,240
15065,240,240
15066,240,240
15067,240,240
15068,240,240
15069,240,240
15070,240,240
15071,240,240
15072,240,240
15073,240,240
15074,240,240
15075,240,240
15076,240,240
15077,240,240
15078,240,240
15079,240,240
15080,240,240
15081,240,240
15082,240,240
15083,240,240
15084,240,240
15085,240,240
15086,240,240
15087,240,240
15088,240,240
15089,240,240
15090,240,240
15091,240,240
15092,240,240
15093,240,240
15094,240,240
15095,240,240
15096,240,240
15097,240,240
15098,240,240
15099,240,240
15100,240,240
15101,240,240
15102,240,240
15103,240,240
15104,240,240
15105,240,240
15106,240,240
15107,240,240
15108,240,240
15109,240,240
15110,240,240
15111,240,240
15112,240,240
15113,240,240
15114,240,240
15115,240,240
15116,240,240
15117,240,240
15118,240,240
15119,240,240
15120,240,240
15121,240,240
15122,240,240
15123,240,240
15124,240,240
15125,240,240
15126,240,240
15127,240,240
15128,240,240
15129,240,240
15130,240,240
15131,240,240
15132,240,240
15133,240,240
15134,240,240
15135,240,240
15136,240,240
15137,240,240
15138,240,240
15139,240,240
15140,240,240
15141,240,240
15142,240,240
15143,240,240
15144,240,240
15145,240,240
15146,240,240
15147,240,240
15148,240,240
15149,240,240
15150,240,240
15151,240,240
15152,240,240
15153,240,240
15154,240,240
15155,240,240
15156,240,240
15157,240,240
15158,240,240
15159,240,240
15160,240,240
15161,240,240
15162,240,240
15163,240,240
15164,240,240
15165,240,240
15166,240,240
15167,240,240
15168,240,240
15169,240,240
15170,240,240
15171,240,240
15172,240,240
15173,240,240
15174,240,240
15175,240,240
15176,240,240
15177,240,240
15178,240,240
15179,240,240
15180,240,240
15181,240,240
15182,240,240
15183,240,240
15184,240,240
15185,240,240
15186,240,240
15187,240,240
15188,240,240
15189,240,240
15190,240,240
15191,240,240
15192,240,240
15193,240,240
15194,240,240
15195,240,240
15196,240,240
15197,240,240
15198,240,240
15199,240,240
15200,240,240
15201,240,240
15202,240,240
15203,240,240
15204,240,240
15205,240,240
15206,240,240
15207,240,240
15208,240,240
15209,240,240
15210,240,240
15211,240,240
15212,240,240
15213,240,240
15214,240,240
15215,240,240
15216,240,240
15217,240,240
15218,240,240
15219,240,240
15220,240,240
15221,240,240
15222,240,240
15223,240,240
15224,240,240
15225,240,240
15226,240,240
15227,240,240
15228,240,240
15229,240,240
15230,240,240
15231,240,240
15232,240,240
15233,240,240
15234,240,240
15235,240,240
15236,240,240
15237,240,240
15238,240,240
15239,240,240
15240,240,240
15241,240,240
15242,240,240
15243,240,240
15244,240,240
15245,240,240
15246,240,240
15247,240,240
15248,240,240
15249,240,240
15250,240,240
15251,240,240
15252,240,240
15253,240,240
15254,240,240
15255,240,240
15256,240,240
15257,240,240
15258,240,240
15259,240,240
15260,240,240
15261,240,240
15262,240,240
15263,240,240
15264,240,240
15265,240,240
15266,240,240
15267,240,240
15268,240,240
15269,240,240
15270,240,240
15271,240,240
