ids,epoch_19,epoch_39,epoch_79,epoch_99,epoch_100
0,9675,4714,8854,7591,884
1,7856,4714,240,7591,8548
2,7856,2390,1576,7591,8548
3,7856,3253,8854,7591,3446
4,7856,2390,1576,7591,7145
5,7856,9972,1576,7591,1772
6,7407,4714,1576,9935,7821
7,7856,4714,1576,7591,8548
8,7856,4714,7093,9935,2422
9,7856,3253,8854,7591,7145
10,7856,9493,8854,7591,884
11,7407,2390,1576,9935,7145
12,3474,75,240,7039,2796
13,8902,2390,1576,9935,884
14,7856,9493,240,1563,884
15,8902,4714,1576,9935,8548
16,7856,4714,1576,7591,7145
17,8902,2390,2225,1592,7821
18,7856,2390,1576,9935,8548
19,7856,4714,1576,7591,884
20,7856,9972,1576,1592,6
21,7856,4714,8854,7591,3446
22,7856,4714,240,2195,7145
23,7856,4714,668,7591,884
24,7856,9972,9436,4573,884
25,8902,9493,9044,8433,884
26,3890,2390,9016,4827,884
27,8902,9972,1576,9935,884
28,7856,9493,240,2195,884
29,7856,4714,8854,7591,884
30,7856,9493,1576,7591,884
31,7856,4714,1576,9935,8548
32,7856,9493,7093,9935,663
33,7856,4714,1576,7591,8548
34,7856,4714,1576,7591,8548
35,7856,4714,8017,7178,7145
36,7856,1478,240,7591,884
37,8902,1478,1576,9935,3746
38,7856,75,240,2195,2796
39,7856,9493,8854,8433,9337
40,7856,9493,1576,9935,8548
41,7856,9493,1576,7591,8548
42,7856,4714,1576,7591,884
43,7856,4714,8854,7591,884
44,7856,1478,1576,7591,884
45,7856,9493,240,8433,7145
46,7856,9493,1576,7591,7821
47,7856,9493,1576,7591,7145
48,7856,1478,1576,7591,884
49,7856,4714,5184,7591,7145
50,7856,4714,1576,7591,884
51,7856,4714,1576,7591,884
52,7856,4714,1576,7591,884
53,7856,4714,1576,7591,8548
54,7856,9493,1576,9935,884
55,7856,2390,1576,9935,7145
56,7856,2390,1576,9935,884
57,7856,4714,240,7591,3446
58,7856,4714,1576,7591,884
59,7856,4714,1576,9935,884
60,7856,4714,8854,7591,7145
61,7856,4714,8854,7591,884
62,7856,4714,1576,7591,884
63,7407,4714,9016,7591,884
64,7407,4714,5184,7591,7145
65,7856,4714,1576,7591,4202
66,7856,2390,1576,9935,7145
67,7856,1478,1576,9935,1772
68,7856,4714,1576,7591,884
69,7856,3253,8854,7591,3446
70,7856,9493,8854,7591,8548
71,7856,9493,240,9935,8548
72,7856,3253,8854,7591,7356
73,7856,4714,5184,7591,884
74,7856,4714,8854,7591,3446
75,7856,1478,4026,7591,7356
76,7856,9493,240,7591,7145
77,7407,4714,1576,7591,884
78,9675,9493,8854,7591,7145
79,9675,4714,5184,7591,7145
80,7856,4714,8854,7591,7821
81,7856,9972,1576,9935,1772
82,7856,3253,8854,7591,8548
83,7856,4714,8854,7591,884
84,7856,9493,1576,9935,5690
85,7856,4714,1576,2195,4202
86,7856,2390,1576,7591,884
87,7856,1478,1576,9935,8548
88,7856,9493,9016,8433,7145
89,8902,9972,1576,9935,7145
90,7407,4714,1576,7591,884
91,7407,4714,8854,7591,7145
92,7856,9493,1576,7591,7145
93,7856,9493,1576,7591,884
94,7856,4714,1576,7591,884
95,7856,4714,9016,7591,884
96,7856,4714,9016,7178,884
97,7856,9493,8854,7591,7145
98,7856,4714,7093,9935,2422
99,7856,9493,8854,7591,7145
100,7856,4714,1576,7591,8548
101,7856,4714,1576,7591,7821
102,7856,4714,1576,9935,884
103,7856,4714,1576,9935,8548
104,7856,9493,240,7591,884
105,7856,4714,1576,9935,663
106,7856,2390,1576,7591,663
107,7856,4714,1576,9935,8548
108,7856,4714,1576,7591,8548
109,7856,4714,8854,7591,884
110,7856,4714,1576,7591,7145
111,7856,4714,1576,7591,884
112,7856,3253,240,7591,884
113,7856,9493,240,7591,7356
114,7856,4714,1576,7591,884
115,7856,9493,8854,7591,7821
116,7856,4714,8854,7591,3446
117,8902,1478,1576,9935,1772
118,7856,4714,9016,9935,9385
119,7856,1478,1576,9935,1772
120,7856,4714,1576,9935,663
121,7856,4714,1576,7591,884
122,7856,1478,1576,7591,8548
123,7407,4714,1576,7591,8548
124,7856,4714,1576,7591,8548
125,7856,4714,5184,9935,9385
126,7856,9972,1576,7591,8548
127,7856,2390,1576,7591,884
128,7856,4714,1576,7591,884
129,7856,4714,1576,7591,884
130,7856,4714,8854,7591,884
131,7856,4714,9016,7591,7145
132,7856,9493,8854,7591,884
133,7856,1478,1576,9935,7145
134,7856,9493,1576,9935,884
135,7856,4714,5184,4827,8548
136,7856,2390,1576,7591,7145
137,7856,1478,1576,9935,884
138,7856,4714,8854,7591,884
139,7856,4714,1576,7591,884
140,7856,4714,1576,7591,884
141,7856,4714,7093,7591,884
142,7856,4714,8854,7591,884
143,7856,4714,8854,7591,884
144,8902,4714,9436,4827,884
145,7856,9972,9436,7591,3660
146,8902,4714,1576,4827,884
147,7856,4714,1576,7591,8548
148,7856,3253,8854,7591,8548
149,7856,4714,1576,4985,4202
150,7856,9972,1576,9935,663
151,7856,9493,5184,8433,884
152,7856,1478,1576,9935,1772
153,7856,2390,1576,9935,7145
154,7407,9493,5184,9935,2535
155,9675,4714,5184,7591,8548
156,9675,9493,1576,2195,884
157,7856,9493,9016,7591,884
158,7856,9493,1576,7591,8548
159,8902,9972,1576,9935,1772
160,7856,4714,4026,7591,7821
161,7856,4714,1576,7591,884
162,7856,9493,1576,7591,884
163,7856,4714,8854,7591,3446
164,7856,4714,1576,4827,884
165,7856,4714,1576,7591,884
166,7856,4714,9016,7591,884
167,7856,9493,7093,9935,884
168,7856,4714,8854,7591,884
169,7856,4714,8854,7591,7821
170,7856,4714,1576,7591,884
171,7856,9493,240,2195,3401
172,2383,9972,9436,4573,6438
173,2383,5353,9044,9857,884
174,7856,2390,1576,4827,884
175,8902,9972,1576,9935,1772
176,8902,2390,9016,4827,884
177,7856,9493,240,4827,884
178,8902,9972,1576,9935,663
179,7856,9493,1576,9935,7145
180,7856,4714,1576,7591,4202
181,7856,4714,8854,7591,884
182,7856,4714,1576,7591,663
183,7407,4714,1576,7591,7821
184,7856,4714,8854,7591,1449
185,7856,4714,8854,9935,9385
186,7407,4714,1576,4985,884
187,8902,9972,1576,9935,1772
188,7856,4714,1576,9935,7145
189,7856,4714,5184,7591,884
190,7856,4714,8854,7591,3446
191,7856,9493,240,8433,884
192,7856,4714,1576,7591,884
193,7856,9493,1576,7591,8548
194,7856,4714,1576,7591,884
195,7856,9972,7093,9935,2422
196,7856,4714,2345,9935,2422
197,7856,4714,1576,7591,884
198,7407,4714,1576,7591,8548
199,7856,4714,1576,7591,4202
200,7856,4714,1576,7591,884
201,7856,4714,1576,7591,8548
202,7856,3253,7093,7591,884
203,7856,1478,1576,7591,8548
204,8902,2390,1576,9935,7701
205,2383,9493,240,9857,884
206,7856,9493,240,4827,7145
207,8902,2390,1576,9935,884
208,7856,2390,1576,7591,884
209,8902,2390,1576,9935,884
210,7856,75,8854,7591,3446
211,7856,2390,1576,9935,7145
212,7856,4714,9016,4985,884
213,7856,2390,1576,9935,884
214,7856,4714,1576,9935,7145
215,7856,9493,5184,9935,9385
216,7856,4714,8854,7591,884
217,7856,2390,1576,9743,884
218,7856,4714,1576,4985,7145
219,7856,4714,1576,9935,884
220,7856,4714,1576,9935,7145
221,7856,4714,1576,9935,884
222,7856,4714,1576,7591,884
223,7856,9972,1576,7591,884
224,7856,4714,1576,7591,7145
225,7856,4714,4026,7591,7821
226,7856,9493,7093,3945,884
227,7407,4714,1576,7591,8548
228,7856,4714,8854,7591,663
229,7856,4714,1576,9935,884
230,7856,9493,1576,9935,2422
231,7856,4714,5184,7591,3284
232,7856,2390,1576,7591,884
233,7856,4714,9016,7591,884
234,7407,4714,5184,7591,7821
235,7856,9972,1576,7591,8548
236,8902,9972,1576,7591,663
237,7856,9493,1576,7591,884
238,7856,9493,240,7591,884
239,7856,9493,8854,7591,884
240,8902,2390,1576,9935,7145
241,7856,1478,1576,9935,8548
242,7856,4714,1576,7591,884
243,7856,1478,1576,7591,884
244,7856,4714,1576,7591,8548
245,7856,4714,1576,9935,8548
246,7856,4714,1576,9935,1895
247,8902,9972,9016,7591,884
248,7856,4714,1576,7591,8548
249,7856,4714,8854,7591,884
250,7856,9493,9016,7591,884
251,7856,4714,1576,9935,2422
252,7856,9972,1576,9935,1772
253,7856,4714,1576,7591,7145
254,7856,4714,8854,7591,884
255,7856,2390,1576,9935,7145
256,7856,4714,1576,7591,7821
257,7856,4714,1576,9935,191
258,7856,4714,1576,7591,4202
259,7856,2390,1576,7591,7145
260,7407,4714,5184,4985,8548
261,7856,4714,5184,7591,9385
262,7856,9493,8854,7591,884
263,7856,2390,1576,7591,884
264,8902,9972,1576,7591,1772
265,7856,2390,7093,9935,7168
266,7856,1478,7093,7591,1772
267,7856,1478,1576,7591,3746
268,7856,9493,1576,7591,884
269,7856,4714,5184,7591,8548
270,7856,4714,1576,7591,884
271,7856,2390,1576,478,6992
272,7856,2390,1576,9935,8548
273,7856,2390,1576,7591,884
274,7856,2390,1576,7591,7145
275,7856,2390,1576,9935,7145
276,7856,2390,1576,7591,884
277,7407,9972,1576,9935,8548
278,7856,1478,1576,9935,8548
279,7856,2390,1576,9935,2422
280,7856,4714,1576,7591,8548
281,7407,2390,9016,4827,884
282,7856,1478,1576,7591,884
283,7856,4714,1576,7591,884
284,7856,9493,240,2195,9443
285,7856,9493,9016,4827,884
286,7856,9493,1576,7591,884
287,7856,9493,1576,9935,884
288,7856,9493,668,7178,884
289,9675,9493,240,8433,884
290,7856,4714,1576,4985,7821
291,7856,2390,1576,7591,8548
292,7856,4714,1576,7591,7145
293,7856,4714,1576,7591,884
294,7856,9493,8854,7591,884
295,7856,9493,8854,7591,884
296,9675,4714,5184,7178,4202
297,7856,9493,8854,9935,884
298,7856,4714,1576,7591,8548
299,7856,4714,1576,7591,884
300,7856,1478,240,9935,8548
301,7856,4714,1576,9935,884
302,7856,9493,240,8302,9443
303,7856,4714,1576,9935,8548
304,7856,1478,1576,7591,884
305,7856,4714,8854,7591,1449
306,7856,3253,1576,9935,1895
307,7856,4714,1576,9935,8548
308,7856,2390,1576,9935,8548
309,7856,2390,1576,4827,884
310,8902,9972,1576,7591,663
311,7856,2390,1576,7591,7145
312,7856,4714,1576,7591,884
313,7856,4714,8854,4537,5690
314,7856,4714,1576,9935,9385
315,7856,4714,1576,9935,2422
316,8902,2390,1576,9935,7145
317,7856,4714,1576,9935,9385
318,7856,9493,1576,9935,7145
319,7856,9493,1576,8433,7145
320,2383,9493,1576,9455,7145
321,7856,75,8854,4537,3446
322,7856,4714,1576,7591,884
323,7856,4714,8854,7591,3446
324,7856,1478,1576,9935,7145
325,7856,9493,1576,7591,884
326,8902,2390,1576,7591,884
327,7856,4714,8854,7591,884
328,7856,4714,1576,7591,884
329,7856,4714,8854,7591,884
330,7856,9493,1576,7591,884
331,7856,9493,1576,9935,884
332,7856,9493,1576,7591,7145
333,8902,9972,1576,9935,8548
334,8902,9972,1576,9935,663
335,7856,4714,1576,7591,2422
336,7856,4714,1576,7591,8548
337,7856,9493,1576,9935,7145
338,7856,9493,1576,9935,7145
339,7856,9493,1576,9935,884
340,7856,9493,1576,7591,8548
341,7856,9493,1576,9935,8548
342,8902,9972,1576,7591,6
343,7856,4714,8854,7591,884
344,7856,9493,240,7591,9443
345,8902,2390,9016,9935,2422
346,7856,4714,1576,7591,884
347,7856,4714,8854,7591,884
348,7856,4714,7093,9935,2422
349,7856,4714,9016,7591,2422
350,7856,9493,1576,9935,8548
351,7856,4714,1576,9935,2422
352,7856,9493,1576,9935,884
353,7856,4714,1576,7591,884
354,7856,4714,1576,9935,2422
355,7407,4714,1576,9935,8548
356,7856,1478,7093,9935,884
357,7856,4714,1576,7591,884
358,7856,9493,8854,7591,884
359,7856,2390,1576,7591,8548
360,7856,4714,1576,9935,884
361,7856,9493,8854,7591,884
362,7856,4714,5184,7591,884
363,7856,4714,1576,7591,7145
364,7856,9493,240,2195,884
365,7407,4714,1576,7591,663
366,7856,4714,8854,7591,3446
367,7856,4714,8854,7591,3446
368,7856,9493,1576,8302,7145
369,7856,4714,240,7591,884
370,7856,4714,8854,7591,884
371,7856,4714,240,7591,884
372,7856,9493,240,4827,884
373,7856,9493,8854,8302,7145
374,7856,4714,1576,7591,884
375,7856,4714,1576,9935,2422
376,7856,2390,1576,9935,8548
377,7856,9493,1576,7591,8548
378,7856,9493,1576,4827,884
379,7856,1478,1576,7591,884
380,7856,4714,9016,7591,884
381,7856,4714,240,8302,7145
382,7407,4714,9016,7178,884
383,7856,4714,9016,9935,884
384,7856,9493,1576,9935,7145
385,7856,4714,1576,7591,884
386,7856,4714,5184,7591,8548
387,7856,9972,1576,9935,1772
388,7407,4714,1576,7591,8548
389,7856,2463,1576,9935,1772
390,7856,9493,1576,7591,884
391,7856,4714,1576,7591,8548
392,7856,4714,1576,7591,8548
393,7856,4714,1576,7591,7821
394,7856,9493,1576,9935,663
395,7856,1478,240,7591,8548
396,7856,2390,1576,9935,8548
397,7856,9493,8854,9935,5690
398,7856,9493,1576,7591,8548
399,7856,2390,1576,9935,9385
400,7856,4714,1576,7591,8548
401,7856,9493,1576,9935,7145
402,7856,3253,1576,7591,8548
403,7856,4714,5184,7591,8548
404,7856,9493,1576,7591,884
405,7856,9493,8854,7591,884
406,7856,1478,1576,9935,8548
407,7856,4714,1576,9935,2422
408,7856,9493,8854,7591,1449
409,7407,4714,9016,7591,884
410,7856,9493,8854,9935,9385
411,7407,4714,1576,4985,4202
412,7407,4714,1576,7591,4202
413,7856,9493,8854,7591,5690
414,7856,6429,1576,9935,1772
415,7856,2390,9016,7591,884
416,7856,4714,1576,9935,9385
417,8902,2390,1576,9935,663
418,7856,9493,8854,9935,663
419,7856,2390,1576,9935,7145
420,7856,4714,1576,7591,663
421,7856,4714,1576,9935,2422
422,7407,4714,8854,7591,8548
423,8902,2390,1576,9935,2422
424,7856,4714,1576,7591,884
425,8902,2390,1576,9935,1772
426,7856,2390,1576,7591,8548
427,9675,4714,9016,7591,884
428,7407,4714,4026,7591,657
429,7856,1478,1576,9935,8548
430,9675,4714,1576,9935,7145
431,7856,5353,240,1563,7145
432,7856,9493,1576,7591,7145
433,7856,2390,1576,7591,7145
434,7856,4714,1576,7591,7145
435,7856,2390,317,7591,6743
436,7856,9493,9016,4827,7145
437,8902,2390,1576,9935,7145
438,7407,4714,1576,7591,8548
439,9675,4714,1576,7591,884
440,7856,9493,1576,9935,8548
441,7856,2390,1576,7591,884
442,7856,9493,1576,9935,884
443,7856,2390,1576,7591,884
444,7856,4714,1576,9935,663
445,7856,1478,1576,9935,8548
446,7856,2390,1576,9935,1772
447,7856,1478,1576,9935,884
448,7856,4714,1576,9935,7821
449,7856,9972,7093,7591,1772
450,7856,4714,8854,7591,9385
451,7856,4714,8854,7591,6329
452,7407,4714,8854,7591,884
453,7856,2390,1576,7591,8548
454,7856,2390,1576,9935,663
455,8902,4714,9016,7591,7957
456,7407,4714,9016,9935,9385
457,7407,4714,5184,7591,8548
458,7856,4714,8017,7591,8548
459,7407,4714,1576,7591,7145
460,7856,4714,1576,7591,884
461,7856,4714,1576,4985,7145
462,7856,4714,1576,9935,8548
463,7856,4714,1576,7591,2422
464,7856,4714,1576,9935,7145
465,8902,1478,2005,9935,1772
466,7856,3253,8854,8433,1449
467,7856,4714,9016,9935,2535
468,7856,4714,8854,7591,3446
469,7856,4714,8854,4537,3446
470,7856,4714,8854,7591,7145
471,7856,4714,668,7591,884
472,7856,4714,9016,9935,884
473,3474,9493,240,8302,7145
474,7856,2390,9016,7591,884
475,7856,4714,5184,7591,8548
476,7856,4714,1576,7591,8548
477,7856,9972,1576,7591,884
478,7856,4714,1576,7591,884
479,7856,4714,1576,7591,884
480,7856,9493,8854,7591,884
481,7856,1478,1576,9935,7145
482,7856,2390,1576,9935,663
483,8902,9972,7093,7591,884
484,7856,9493,5184,9935,9385
485,7856,9972,1576,9935,884
486,7407,4714,1576,9935,663
487,7856,2390,1576,7591,663
488,7856,4714,1576,7591,884
489,7856,4714,1576,7591,8548
490,7856,4714,8854,7591,884
491,8902,2390,1576,9935,9337
492,7407,4714,1576,7591,7821
493,7407,4714,1576,7591,8548
494,7856,4714,8017,7591,884
495,7856,4714,5184,9935,9385
496,7856,9493,1576,7591,8548
497,7856,1478,1576,7591,8548
498,7856,4714,8854,9935,1449
499,7856,4714,1576,7591,8548
500,7856,4714,9016,7591,2422
501,7856,2390,1576,7591,7145
502,7856,2390,1576,9935,884
503,7856,1478,1576,9935,1772
504,7856,4714,1576,7591,663
505,7856,3253,4026,7591,3401
506,7856,4714,8854,7591,884
507,7856,4714,1576,7591,884
508,7856,9493,8854,7591,884
509,7856,9493,1576,9935,8548
510,7856,4714,1576,7591,8548
511,7856,4714,1576,7591,7145
512,7856,4714,1576,7591,884
513,8902,2390,1576,9935,6
514,8902,9972,1576,9935,884
515,8902,2390,1576,9935,884
516,7856,9493,1576,9935,7145
517,7856,1478,1576,7591,8548
518,7856,1478,1576,9935,7145
519,7856,9493,1576,7591,884
520,7856,2390,1576,7591,884
521,7856,1478,1576,9935,8548
522,7856,1478,1576,9935,884
523,7856,9493,1576,7591,7821
524,7856,9493,1576,7591,884
525,7856,9972,1576,9935,663
526,7856,4714,1576,9935,2422
527,7407,4714,7093,7591,3284
528,7856,2390,1576,9935,8548
529,7856,4714,1576,9935,7145
530,7856,9972,1576,9935,7145
531,7856,3253,1576,7591,7821
532,7856,4714,1576,7591,884
533,7856,2390,1576,9935,1772
534,7856,9493,8854,7591,3446
535,7856,4714,1576,7591,7145
536,7856,9493,8854,7591,884
537,7856,2390,7093,7591,2422
538,7856,2390,1576,9935,7145
539,7856,4714,1576,7591,884
540,7856,9493,9016,4827,884
541,7856,9493,668,7178,884
542,7856,4714,7093,9935,2422
543,7856,4714,240,7591,7356
544,7856,9493,1576,7591,8548
545,7856,75,8854,7591,884
546,7407,4714,1576,7591,4202
547,7856,9972,7093,7591,6
548,7856,9972,1576,7591,663
549,7856,4714,9016,9935,7145
550,7856,2390,1576,9935,1772
551,7407,4714,1576,7591,8548
552,9675,9493,1576,7591,7145
553,7856,9493,5184,4985,7821
554,7856,4714,1576,7591,884
555,7856,4714,1576,7591,884
556,7856,4714,1576,7591,8548
557,7856,2390,1576,7591,7957
558,7856,9972,1576,7591,8548
559,7856,9493,1576,7591,884
560,7856,1478,1576,7591,7356
561,7856,9493,240,7591,8548
562,7856,4714,240,7591,884
563,7856,4714,240,7591,884
564,7856,4714,1576,7591,884
565,7856,4714,8854,9935,884
566,7856,9493,1576,7591,884
567,7856,4714,1576,7591,884
568,7856,4714,8017,7591,8548
569,7856,4714,8854,7591,884
570,7856,4714,8854,7591,4202
571,7407,4714,240,7591,8548
572,7856,9493,240,7591,7145
573,7856,9493,1576,9935,884
574,7856,4714,5184,7591,7145
575,7856,9493,1576,9935,7145
576,7856,4714,8854,7591,7145
577,7856,9493,1576,7591,7145
578,7856,9493,1576,9935,7145
579,7856,9493,1576,7591,8548
580,7856,4714,1576,7591,8548
581,7856,4714,1576,7591,8548
582,7856,9493,240,9935,7145
583,7407,4714,9016,7591,884
584,7856,9493,1576,7591,8548
585,7856,4714,8854,7591,4202
586,7856,4714,1576,7591,884
587,7407,4714,1576,7591,4202
588,8902,1478,1576,9935,8548
589,7856,4714,8854,7591,5885
590,7856,9493,8854,7591,3446
591,7856,4714,8854,7591,8548
592,7856,2390,7093,9935,663
593,7856,4714,1576,9935,7145
594,7856,3253,8854,7591,3446
595,7856,3253,240,7591,3446
596,7856,3253,8854,7591,3446
597,7856,4714,1576,7591,4202
598,7856,4714,1576,7591,4202
599,7856,4714,1576,9935,8548
600,7856,4714,1576,7591,4202
601,7407,4714,9016,7591,4202
602,7407,4714,5184,7591,8548
603,8902,2390,7093,9935,884
604,7856,2390,7093,9935,2422
605,9675,4714,1576,7591,2422
606,7856,9493,8854,9935,9385
607,7407,4714,1576,9455,884
608,7407,4714,1576,7591,8548
609,7856,4714,9016,7178,7145
610,9675,4714,8854,4537,5690
611,7856,4714,1576,8433,7145
612,7856,4714,1576,7591,7821
613,7856,4714,5184,7591,7145
614,7856,4714,1576,7591,884
615,7856,9493,1576,9935,9337
616,7856,1478,7093,9935,1772
617,8902,9972,1576,9935,1772
618,7856,9493,1576,7591,7145
619,7407,4714,1576,7178,4202
620,7856,4714,1576,7591,8548
621,7407,4714,8017,7178,7145
622,9675,4714,1576,8433,884
623,7856,9493,1576,9935,4542
624,7856,4714,8854,7591,884
625,7856,9493,240,7591,7145
626,7856,4714,1576,7591,884
627,7856,4714,1576,7591,884
628,7856,4714,8854,7591,7145
629,7856,4714,1576,7591,7821
630,7407,4714,1576,7591,663
631,7407,4714,1576,7591,4202
632,7856,9493,8854,7591,7821
633,7856,9493,1576,4985,7145
634,7856,4714,1576,7591,884
635,7856,9493,1576,7591,8548
636,7856,4714,1576,4985,7821
637,7407,4714,5184,9935,8548
638,7407,4714,2225,9935,7821
639,7856,4714,1576,7591,4202
640,7856,4714,8017,7591,4202
641,7856,4714,1576,7591,7145
642,7856,4714,9016,9935,2422
643,7856,4714,9016,7591,2422
644,9675,4714,9016,9935,2422
645,7856,2390,1576,7591,7821
646,7856,4714,668,4827,884
647,7856,9493,1576,7591,7821
648,7407,4714,1576,7591,7145
649,7407,4714,1576,7178,7145
650,7407,4714,8854,7591,9385
651,7856,2390,1576,7591,7821
652,7856,4714,1576,9935,7145
653,7856,9493,1576,9935,7145
654,7856,4714,5184,7591,8548
655,7856,9493,1576,1592,7821
656,7856,4714,8854,9935,7821
657,7856,4714,1576,7591,884
658,7856,4714,8854,7591,884
659,7856,4714,1576,7591,7821
660,7856,4714,1576,7591,884
661,7856,4714,1576,7591,884
662,7856,4714,1576,7591,7145
663,7856,9493,1576,9935,5696
664,7856,4714,1576,7591,7821
665,7856,3253,1576,9935,8548
666,7856,4714,1576,7591,7145
667,7856,4714,7093,7591,2422
668,7856,9493,5184,9935,7145
669,7856,9493,240,8302,7145
670,7856,3253,1576,9935,8548
671,7856,9493,8854,7591,7145
672,7856,4714,1576,4537,7821
673,7856,9493,1576,7591,884
674,7407,4714,4026,7591,7821
675,7856,4714,1576,1592,7821
676,7856,4714,1576,7591,884
677,7856,4714,1576,7591,4202
678,7407,4714,8854,7591,884
679,7856,4714,1576,2195,3401
680,7856,9493,1576,8433,8548
681,7856,4714,1576,7591,884
682,7856,2390,1576,7591,7821
683,7856,4714,1576,7591,7145
684,7407,4714,9016,7591,4202
685,7407,4714,1576,7591,7821
686,7407,4714,9016,7591,4202
687,7856,2390,5184,7591,8548
688,7856,4714,8854,7591,7821
689,7856,9493,1576,9935,663
690,7856,9493,1576,7591,8548
691,7856,9493,8854,7591,884
692,7856,4714,1576,7591,884
693,7856,2390,1576,9935,2422
694,7856,9493,8854,9935,5690
695,7856,4714,1576,9935,5690
696,7856,3253,1576,7591,884
697,7856,75,240,1563,9443
698,7856,4714,1576,7591,8548
699,7856,4714,1576,9935,7145
700,7856,4714,668,7591,884
701,7856,9493,1576,9935,7145
702,7856,4714,1576,9935,7145
703,7856,4714,1576,7591,884
704,7856,4714,8854,7591,884
705,7407,4714,8854,7591,7821
706,7856,9493,1576,9935,7145
707,7856,4714,5184,7591,7145
708,7856,4714,1576,7591,884
709,7407,4714,1576,7178,4202
710,7856,4714,1576,7591,7821
711,7856,4714,1576,9935,7821
712,7856,1478,1576,7591,663
713,7856,4714,8854,7591,7821
714,7856,4714,8854,4537,1449
715,7856,9493,1576,9935,5690
716,7856,4714,5184,7591,884
717,7856,4714,8017,4985,7145
718,7856,4714,1576,7591,884
719,7856,4714,1576,7591,4202
720,7407,9493,8854,5112,884
721,7856,1478,1576,9935,663
722,7407,4714,1576,4985,7821
723,7856,4714,9016,7591,7145
724,7407,4714,1576,7591,7821
725,7856,4714,1576,7178,7145
726,7856,9493,8854,1563,3446
727,7856,9493,5184,7591,884
728,9675,4714,8854,4827,884
729,9675,4714,9016,6765,3401
730,2383,7134,9044,4731,2639
731,9675,4714,9016,7591,884
732,7856,9493,1576,7488,7145
733,7856,1478,1576,7591,7145
734,7856,9493,1576,7591,7145
735,7856,4714,9016,7591,884
736,7407,4714,1576,7591,884
737,7856,2390,1576,7591,7145
738,7856,9972,1576,7591,7145
739,7856,4714,5184,7591,2535
740,9675,9493,1576,7591,7821
741,7856,4714,1576,7591,884
742,7856,4714,1576,7591,7145
743,7856,1478,1576,7591,7145
744,7856,9493,8854,4985,7821
745,7856,9493,8854,9935,5690
746,7856,9493,8854,7591,7145
747,7856,3253,1576,7591,8548
748,7856,9493,1576,7591,7145
749,7856,4714,1576,7591,7821
750,7856,9493,5184,9935,7145
751,7856,9493,5184,8433,7145
752,7856,9493,5184,8302,7145
753,7856,3253,3647,4537,1449
754,7856,4714,8854,7591,3446
755,7407,4714,1576,7591,884
756,7407,4714,1576,7591,8548
757,7856,9493,9016,9935,884
758,7407,4714,1576,7591,663
759,7856,9493,240,9935,9337
760,8902,9972,1576,9935,3746
761,7856,2390,1576,9935,884
762,7856,4714,1576,7591,884
763,7856,4714,1576,7591,7145
764,7856,4714,1576,7591,8548
765,7856,4714,1576,7591,8548
766,7856,4714,2225,9935,9337
767,7856,4714,1576,4985,4202
768,7856,9972,317,4573,4611
769,7856,1478,7093,9935,884
770,7856,2463,1576,9935,7145
771,7856,4714,8854,7591,7821
772,7856,4714,1576,7591,884
773,7856,2390,1576,7591,884
774,7856,9493,1576,8433,7145
775,7856,9493,240,2195,7145
776,7856,9493,1576,9935,8548
777,7856,4714,1576,7591,663
778,8902,4714,1576,7591,884
779,7856,4714,1576,9935,8548
780,7407,4714,9016,4985,884
781,7856,4714,1576,9935,884
782,7407,4714,9016,7591,2422
783,7856,4714,8854,7591,663
784,7856,4714,8854,7591,884
785,7407,9493,8854,9935,7821
786,7856,4714,1576,7591,7145
787,7856,4714,1576,7591,7145
788,7856,9493,1576,9743,5885
789,7856,9493,1576,7591,884
790,7856,4714,5184,7591,8548
791,7856,9493,1576,9935,663
792,7856,4714,240,7591,8548
793,7856,4714,1576,1592,7821
794,8902,4714,1576,4985,6901
795,7856,2390,1576,9935,8548
796,7856,9493,5184,9935,7145
797,7856,4714,5184,9935,9385
798,7856,9493,5184,9935,9385
799,7856,9493,1576,9935,884
800,7856,4714,5184,4985,7145
801,7856,1478,240,7591,884
802,7856,9493,240,2195,884
803,7856,4714,8854,7591,3446
804,7856,9493,1576,9935,9385
805,7856,9493,1576,7591,7145
806,7856,4714,1576,7591,7145
807,7856,2390,1576,7591,663
808,7856,4714,8854,7591,7821
809,7856,1478,1576,7591,8548
810,7856,9493,8017,7591,7145
811,7856,9493,1576,7591,884
812,7856,9493,668,7178,884
813,7856,1478,1576,7591,1772
814,7856,4714,8854,7591,7145
815,7856,9493,1576,7591,884
816,7856,9493,1576,9935,9337
817,7856,9493,8854,8433,7821
818,7856,4714,4026,7591,7821
819,8902,9493,240,9120,884
820,7856,4714,1576,7591,884
821,7856,9493,1576,9935,9337
822,7856,4714,1576,7591,7145
823,7407,4714,1576,7591,884
824,7407,4714,1576,4985,7145
825,7856,4714,1576,7591,884
826,7856,4714,1576,7591,884
827,7856,4714,1576,1592,7821
828,7407,4714,8854,7591,7821
829,7407,4714,5184,7591,8548
830,7856,4714,8017,7591,4202
831,7407,4714,4026,7591,7821
832,7856,4714,1576,7591,7821
833,8902,2390,1576,4985,884
834,7856,4714,8854,7591,9385
835,7407,4714,7093,7591,2422
836,7407,4714,5184,9935,2535
837,8902,4714,1576,9935,7145
838,7407,4714,1576,4985,4202
839,8902,6429,1576,9935,9337
840,9675,9493,6490,7178,884
841,7856,9493,8854,7591,884
842,9675,4714,8854,7591,7145
843,8902,2390,1576,9935,884
844,7407,6429,5184,9935,9337
845,7407,4714,9016,9935,2422
846,7856,4714,1576,9935,9385
847,8902,9972,1576,7591,884
848,7856,4714,240,7591,884
849,7856,4714,1576,7591,884
850,7856,4714,5184,7591,7821
851,7856,4714,8854,7591,884
852,8902,9972,1576,9935,3660
853,2383,5353,240,9742,884
854,8902,9972,9436,8008,6438
855,7856,1478,1576,9935,1772
856,7856,4714,8854,7591,884
857,7856,4714,1576,7591,7145
858,7407,4714,9016,7591,884
859,7856,6429,1576,9935,5696
860,7856,4714,5184,7591,7821
861,7407,4714,1576,7591,7821
862,7407,4714,1576,7591,7821
863,7856,4714,8854,7591,7821
864,7856,9493,1576,9935,8548
865,7856,4714,1576,9935,2422
866,7856,9493,8854,4537,1895
867,7856,9493,1576,9935,7145
868,7856,9493,8854,8302,7145
869,7856,9493,240,8302,7145
870,7856,4714,1576,7591,8548
871,7856,2390,1576,9935,1772
872,7856,3253,1576,9935,8548
873,7856,4714,8854,7591,5367
874,7407,4714,5184,7591,7821
875,7856,4714,1576,7591,7821
876,7856,4714,5184,7591,8548
877,7407,4714,9016,7591,2422
878,7407,4714,1576,7591,7145
879,7856,9493,8854,9935,1895
880,7856,1478,1576,9935,7145
881,7856,9493,3647,9935,7145
882,7856,4714,1576,7591,7145
883,7856,3253,1576,7591,7145
884,7856,1478,240,7591,884
885,7856,4714,1576,7591,7145
886,7856,4714,1576,7591,7145
887,7407,4714,1576,7591,4202
888,7407,4714,1576,7591,8548
889,7856,4714,1576,7591,8548
890,7407,4714,1576,7591,7821
891,7856,4714,1576,7591,884
892,7856,4714,8854,7591,884
893,7856,9493,1576,8433,884
894,7856,4714,1576,7591,4202
895,7407,4714,1576,6765,884
896,7856,9493,8854,7591,7821
897,7856,4714,1576,4985,7821
898,8902,9493,1576,4985,7821
899,7856,9493,8854,7591,7145
900,7856,9493,1576,7591,884
901,7856,75,8854,8433,884
902,7856,9493,9016,4827,884
903,7856,4714,8854,7591,884
904,7856,3253,8854,7591,3446
905,7856,3253,240,7591,3446
906,7407,4714,8854,7591,7821
907,7407,4714,1576,7591,4202
908,7856,4714,8854,7591,884
909,7856,4714,8854,7591,884
910,7856,4714,8854,7591,7145
911,7856,4714,240,7591,3446
912,7856,4714,1576,7178,7145
913,7856,4714,1576,7591,884
914,7856,9493,1576,8302,7145
915,7856,4714,1576,4985,7821
916,7856,4714,240,2195,4202
917,7856,4714,8854,7591,7821
918,7856,4714,1576,7591,884
919,7856,4714,1576,7591,884
920,7856,4714,1576,7591,884
921,7856,4714,5184,7591,884
922,7856,1478,1576,9935,7145
923,7856,9493,1576,9935,7145
924,7856,2390,1576,7591,7145
925,7856,4714,5184,7591,8548
926,7856,9493,1576,9935,7145
927,7856,9493,1576,9935,9337
928,7856,9493,1576,9935,1449
929,7856,4714,1576,9935,1895
930,7856,4714,8854,7591,884
931,7856,4714,240,7591,7145
932,7856,4714,7093,7591,2422
933,7856,4714,1576,7591,884
934,7856,9493,240,7591,8548
935,7856,9493,1576,7591,7821
936,7856,9493,1576,9935,7145
937,7856,3253,8854,7591,1449
938,7856,4714,8854,7591,7356
939,7407,4714,1576,9935,5690
940,7856,4714,1576,9935,8548
941,7407,4714,9016,9455,4160
942,7856,4714,8854,7591,884
943,7856,1478,240,7591,884
944,7856,4714,8854,7591,884
945,7856,9493,3647,9935,9385
946,7856,3253,8854,7591,1449
947,7856,9493,1576,7591,7145
948,7856,2390,1576,9935,7145
949,7407,3229,1576,9935,7145
950,7407,4714,1576,7591,8548
951,7407,4714,8854,7591,884
952,7856,4714,1576,7591,884
953,7856,2390,1576,7591,7145
954,7856,9566,2005,9935,1772
955,7407,4714,1576,7591,7821
956,8902,9972,1576,9935,6
957,7407,4714,1576,7591,8548
958,7856,4714,668,7591,884
959,7407,4714,1576,7591,4202
960,7856,4714,8854,7591,884
961,7407,4714,9016,7591,884
962,7856,4714,1576,7591,884
963,7856,9493,8854,7591,3446
964,7856,9493,240,2195,884
965,7856,9493,1576,8433,7145
966,7856,4714,8017,7591,884
967,7856,4714,8854,7591,7821
968,7856,4714,1576,2195,4202
969,9675,4714,240,4827,884
970,8902,9972,9436,7591,884
971,8902,2390,1576,7591,1772
972,7407,4714,8854,7591,884
973,7856,4714,1576,7591,884
974,7407,4714,1576,4985,7145
975,8902,9972,1319,4573,1516
976,8902,9493,1576,8433,884
977,8902,1478,1576,9935,1772
978,7856,4714,240,7591,8548
979,7407,4714,1576,7591,7145
980,7856,3253,240,7591,3746
981,7856,4714,5184,7591,8548
982,7407,4714,2345,9935,9385
983,7856,4714,1576,9935,7145
984,7856,4714,5184,4827,7145
985,7856,75,240,8302,7145
986,7856,1478,1576,9935,8548
987,7856,75,240,7591,7145
988,7856,4714,8854,7591,884
989,7856,666,240,2195,7145
990,7407,4714,9016,7591,2422
991,7856,4714,1576,7591,884
992,7856,4714,1576,9935,2422
993,7856,4714,8017,7591,3446
994,7407,4714,1576,7591,7145
995,7856,4714,1576,7591,7145
996,7856,4714,8854,7591,3446
997,7856,4714,8854,7591,5690
998,7407,4714,1576,7591,884
999,7407,4714,9016,4985,2422
1000,7856,9493,5184,9935,7145
1001,7856,9493,1576,9935,8548
1002,7856,9493,8854,7591,7145
1003,7856,9493,5184,9935,1895
1004,7856,9493,1576,9935,1895
1005,7407,4714,1576,9935,8548
1006,7407,4714,1576,1592,7821
1007,7856,4714,1576,4985,4202
1008,7856,4714,1576,7591,884
1009,7856,4714,8854,4537,1895
1010,7856,4714,1576,7591,884
1011,7856,4714,8854,1902,884
1012,7856,4714,8854,7591,884
1013,7856,9493,8854,7591,884
1014,7856,9493,8854,9935,9385
1015,7856,4714,1576,7591,884
1016,7856,4714,8854,7591,884
1017,7856,4714,8854,7591,3446
1018,7856,9493,240,9935,7145
1019,7856,4714,8854,7591,5367
1020,7856,9493,1576,9935,7145
1021,7856,9493,1576,7591,7145
1022,8902,2390,1576,4985,7145
1023,7856,1478,1576,9935,1772
1024,7856,4714,1576,7591,884
1025,7856,4714,1576,7591,884
1026,7856,4714,1576,7178,7145
1027,7856,9493,8854,7591,7145
1028,9675,4714,9016,7591,884
1029,7407,4714,9016,4827,2422
1030,7856,4714,1576,7591,7145
1031,7856,4714,1576,7591,7145
1032,7407,9493,1576,5112,7145
1033,7856,9493,6490,943,7145
1034,7407,4714,1576,7178,7145
1035,7856,4714,8854,7591,7821
1036,7856,4714,1576,7591,4202
1037,7856,4714,7093,9935,2422
1038,7856,4714,8854,7591,7145
1039,7856,4714,8854,7591,6329
1040,7407,4714,9016,7591,884
1041,9675,4714,1576,7591,7145
1042,7856,6429,1576,9935,5696
1043,7856,3253,1576,7591,8548
1044,7856,4714,1576,7591,884
1045,7856,4714,1576,7591,884
1046,7856,4714,8854,7591,884
1047,7856,9493,240,2195,3401
1048,2383,9493,240,2195,3401
1049,7856,4714,1576,7591,4202
1050,7856,4714,8854,7591,884
1051,7856,4714,8854,7591,884
1052,7856,9493,8854,7591,7821
1053,7856,4714,1576,7591,7145
1054,7856,9493,8854,7591,5885
1055,7856,4714,8854,7591,884
1056,7856,9493,1576,7591,884
1057,7856,9493,1576,7591,884
1058,7856,4714,240,7591,884
1059,8902,2390,1576,4985,657
1060,8902,9566,1576,4985,7356
1061,7856,9493,1576,9935,9337
1062,7856,9493,1576,9935,2422
1063,7407,4714,9016,7591,4202
1064,7856,2390,1576,9935,2422
1065,7856,9493,1576,2195,3401
1066,8902,9972,1294,9935,9337
1067,7856,2390,5184,9935,8548
1068,7407,4714,9016,9935,2422
1069,7407,4714,1576,7591,7821
1070,3565,4714,5184,9935,9385
1071,7856,9493,8854,7591,884
1072,7856,4714,8854,7591,884
1073,7856,4714,8854,7591,884
1074,7856,4714,1576,9935,2422
1075,7407,4714,1576,7591,7821
1076,7856,9493,1576,9935,884
1077,7856,6429,1576,9935,663
1078,7856,4714,9016,7591,884
1079,7856,4714,1576,7591,8548
1080,7856,9493,1576,7591,884
1081,7856,4714,1576,7591,7821
1082,7856,9493,5184,7591,8548
1083,7856,4714,1576,7591,7821
1084,7856,4714,1576,4827,884
1085,7856,4714,1576,7591,884
1086,7856,9493,1576,7591,884
1087,7856,2390,1576,7591,884
1088,7856,4714,1576,9935,7145
1089,7856,9493,8854,7591,7145
1090,7856,4714,1576,7591,7821
1091,7856,9493,1576,7591,7145
1092,7856,4714,5184,7591,7145
1093,7856,4714,1576,4985,7821
1094,7856,2390,9016,9935,7145
1095,7856,4714,8017,7591,7145
1096,7856,4714,1576,7591,8548
1097,7856,4714,240,7591,8548
1098,7856,9493,240,7591,884
1099,7856,4714,9016,7591,884
1100,8902,2390,1576,478,8548
1101,7856,9493,1576,7591,8548
1102,7856,3253,8854,7591,1449
1103,7856,2390,1576,9935,8548
1104,7407,9493,5184,7591,7145
1105,7856,9493,5184,9935,9385
1106,7856,9493,5184,9935,9443
1107,7856,9493,1576,9935,9337
1108,7856,9493,5184,9935,7145
1109,7856,9566,1576,9935,9385
1110,7856,4714,8854,7591,884
1111,7856,4714,8854,7591,7821
1112,7856,9493,8854,8433,7821
1113,7856,9493,1576,8433,884
1114,7856,9493,1576,7591,884
1115,7856,4714,1576,4985,7145
1116,7856,3253,8854,7591,8548
1117,7407,4714,1576,7591,8548
1118,7856,2390,1576,7591,8548
1119,7407,4714,5184,8433,7821
1120,7856,4714,1576,9935,7821
1121,7856,9493,1576,7591,7145
1122,7856,4714,1576,9935,7145
1123,7856,4714,1576,7591,8548
1124,7856,9493,1576,4827,884
1125,7856,9493,1576,1592,7821
1126,7856,4714,1576,4985,4202
1127,7407,9493,1576,9935,7821
1128,8902,9972,8779,9935,8548
1129,8902,9972,1576,9935,8548
1130,7856,4714,8854,7591,7821
1131,2383,7134,9044,4731,884
1132,7407,4714,9016,8433,884
1133,2383,666,9044,9742,884
1134,7856,4714,1576,7591,7821
1135,7856,9493,1576,7591,7145
1136,7856,4714,1576,7591,884
1137,7856,4714,1576,9935,2422
1138,8902,9972,9016,4731,884
1139,7856,4714,1576,9935,7821
1140,7407,4714,8017,7591,7145
1141,7856,4714,5184,7591,8548
1142,7856,4714,1576,7591,884
1143,7856,4714,1576,7591,884
1144,7856,4714,1576,7591,884
1145,7856,3253,1576,7591,8548
1146,7856,3253,8854,7591,8548
1147,7856,9493,240,7591,3446
1148,7856,9493,1576,7591,8548
1149,7856,4714,1576,9935,7145
1150,7856,9493,1576,7591,884
1151,7856,9493,1576,7591,7145
1152,7856,2390,1576,9935,7145
1153,7856,4714,1576,7591,8548
1154,7856,4714,8854,7591,7145
1155,7856,2390,1576,9935,1772
1156,7856,9493,1576,7591,884
1157,7856,4714,9016,7591,884
1158,7856,4714,8854,7591,7145
1159,7856,4714,8854,4537,7145
1160,7407,4714,8854,4537,7821
1161,7856,9493,1576,9935,7145
1162,7856,9493,1576,9935,1772
1163,7856,9493,8854,7591,3446
1164,7856,9493,1576,9935,663
1165,7856,9493,1576,7591,7145
1166,7856,4714,4026,7591,8548
1167,7407,4714,5184,7591,9385
1168,7856,4714,1576,7591,884
1169,7856,4714,1576,7591,7145
1170,7856,3253,240,7591,884
1171,7856,2390,1576,7591,8548
1172,7856,9493,1576,7591,884
1173,7856,4714,1576,7591,4202
1174,7856,4714,1576,4985,4202
1175,7856,4714,1576,7591,8548
1176,7856,9493,1576,4537,7821
1177,7856,4714,1576,7591,884
1178,7856,4714,1576,9935,884
1179,7856,4714,8854,7591,7821
1180,7856,4714,1576,7591,8548
1181,7856,3253,240,7591,7145
1182,7856,4714,8854,7591,3446
1183,9675,9493,8854,9935,9385
1184,7856,4714,668,7591,7145
1185,7856,9493,8854,2195,884
1186,7856,4714,1576,7591,8548
1187,7856,75,240,2195,884
1188,7856,4714,9016,9935,9385
1189,7856,4714,1576,7591,884
1190,7407,4714,8854,7591,8548
1191,7856,4714,1576,7591,884
1192,7407,4714,5184,8433,884
1193,7856,4714,1576,7178,7145
1194,7856,1478,1576,9935,8548
1195,7856,4714,1576,9935,9337
1196,7856,9493,1576,8433,8548
1197,7856,4714,1576,7591,884
1198,7407,4714,1576,7591,7145
1199,7856,4714,1576,9935,2422
1200,7856,4714,1576,7591,657
1201,7856,4714,1576,9935,8548
1202,7407,4714,1576,7591,7821
1203,7856,9493,8854,9935,1449
1204,7407,4714,1576,7591,7821
1205,7407,4714,1576,7591,8548
1206,7856,1478,240,7591,663
1207,7856,4714,1576,9935,7145
1208,7856,9493,1576,9935,7145
1209,7856,9493,240,7591,884
1210,7856,4714,1576,7591,7145
1211,7856,4714,1576,7591,884
1212,7856,4714,8854,7591,7821
1213,7856,4714,1576,7591,7145
1214,7856,4714,8854,7591,8548
1215,7856,9972,7093,9935,6
1216,7856,9493,240,7591,7145
1217,7856,4714,1576,7591,884
1218,7856,2390,1576,7591,7821
1219,7856,9493,1576,8433,7821
1220,7856,4714,8854,7591,884
1221,8902,4714,5184,4985,3401
1222,7856,9493,240,8433,1449
1223,7856,2390,1576,9935,7145
1224,7856,4714,1576,7591,7145
1225,7856,4714,5184,7591,884
1226,7856,2390,1576,9935,8548
1227,7856,4714,8854,7591,9385
1228,7856,9493,5184,7591,8548
1229,7856,9493,1576,1592,7821
1230,7856,9493,1576,9935,8548
1231,7856,9493,1576,4985,7821
1232,7856,2390,1576,8433,8548
1233,7856,9493,1576,7591,884
1234,2383,9493,240,9857,884
1235,7856,4714,1576,4985,7821
1236,8902,2390,1576,9935,7145
1237,7856,1478,1576,9935,6992
1238,7856,4714,1576,7591,4202
1239,9675,9493,5184,7591,9385
1240,7856,9493,1576,4537,7145
1241,7856,4714,1576,7591,8548
1242,9675,4714,8854,7591,884
1243,7856,4714,1576,7591,2422
1244,7856,4714,1576,7591,4202
1245,9675,9493,8854,4537,1449
1246,7856,4714,1576,8302,7145
1247,7856,4714,1576,7591,884
1248,7407,4714,9016,7591,884
1249,7407,4714,8017,7178,4202
1250,7856,4714,9016,4985,7145
1251,7856,3253,8854,7591,884
1252,7856,9493,240,9935,7145
1253,7856,2390,1576,8433,8548
1254,7856,4714,1576,9935,2422
1255,7856,4714,1576,9935,2422
1256,7856,9493,8854,7591,8548
1257,7856,3253,240,7591,3446
1258,9675,4714,8854,7591,884
1259,7856,9493,8854,7591,884
1260,7856,4714,1576,7591,8548
1261,7856,4714,1576,7591,7821
1262,7856,4714,8017,2195,7145
1263,7856,4714,240,7591,3446
1264,7856,9493,240,7591,884
1265,7856,4714,8854,7591,884
1266,7856,4714,5184,7591,8548
1267,7407,4714,1576,7591,7145
1268,7856,9493,1576,9935,7145
1269,7407,4714,1576,7591,884
1270,7856,4714,1576,7591,8548
1271,7407,4714,1576,7591,7821
1272,7856,4714,240,7591,8548
1273,7856,4714,1576,7591,8548
1274,7856,4714,1576,7178,884
1275,7856,4714,1576,7591,884
1276,7856,1478,1576,7591,8548
1277,7856,4714,1576,7591,884
1278,7856,9493,8854,7591,884
1279,7856,9493,1576,7591,884
1280,7856,4714,8854,4537,5690
1281,7856,2390,1576,9935,8548
1282,7856,9493,8854,7591,884
1283,7856,4714,8017,7591,884
1284,7856,4714,1576,7591,884
1285,7856,2390,1576,7591,884
1286,7856,2390,1576,7591,7145
1287,7856,9493,1576,7591,8548
1288,7856,4714,1576,7591,4202
1289,7856,2390,1576,7591,8548
1290,7856,9493,1576,7591,884
1291,7856,3253,8854,9935,1895
1292,7856,2390,1576,9935,8548
1293,7856,9972,1576,7591,884
1294,7856,2390,1576,9935,7145
1295,7856,4714,9436,7591,884
1296,7856,2390,1576,7591,8548
1297,7856,1478,1576,7591,8548
1298,7856,4714,1576,9935,1895
1299,7856,9493,1576,7591,884
1300,7856,4714,8854,7591,8548
1301,7856,9493,1576,9935,7821
1302,7856,9493,8854,8433,7145
1303,7856,1478,240,7591,8548
1304,7856,9493,1576,7591,7145
1305,7856,1478,1576,9935,1772
1306,8902,9972,1576,7591,884
1307,7856,9493,1576,7591,884
1308,7407,4714,1576,4985,7145
1309,7856,4714,1576,7591,5690
1310,7856,4714,1576,4537,7821
1311,7856,4714,8854,7591,8548
1312,7856,4714,8854,7591,3446
1313,7856,4714,8854,7591,8548
1314,7856,4714,8854,7591,9385
1315,7856,4714,1576,7591,884
1316,7856,4714,7093,7591,2422
1317,7856,9493,8854,9935,1895
1318,7856,4714,1576,7591,9385
1319,7856,4714,1576,7178,7145
1320,7856,4714,1576,7591,7821
1321,7856,4714,1576,7591,7821
1322,7856,4714,5184,7591,8548
1323,7407,4714,1576,7591,884
1324,7407,4714,1576,7591,8548
1325,7407,4714,1576,7591,7821
1326,7407,4714,1576,6765,4202
1327,7856,4714,1576,6765,4202
1328,7856,4714,1576,7591,7821
1329,7856,2390,1576,9935,663
1330,7407,4714,1576,4985,884
1331,7407,4714,1576,1592,657
1332,7856,9493,8854,8302,3446
1333,7856,9493,240,8433,7145
1334,8902,2463,1576,9935,1772
1335,7856,1478,240,7039,884
1336,7856,75,1576,2195,7145
1337,7856,4714,8854,7591,884
1338,7856,9493,1576,7591,8548
1339,7856,1478,1576,9935,884
1340,7856,1478,1576,7591,884
1341,7856,4714,1576,7591,7145
1342,9675,4714,1576,7591,884
1343,7856,4714,8854,7591,8548
1344,7856,4714,8854,7591,3446
1345,7856,1478,4026,7591,7821
1346,7856,9972,240,7591,884
1347,7856,9493,8854,7591,3446
1348,7856,4714,1576,7591,884
1349,7856,4714,8854,7591,8548
1350,7856,4714,1576,7591,7145
1351,7856,1478,1576,9935,1772
1352,7856,9493,1576,8433,8548
1353,7856,1478,240,7591,9443
1354,7856,9972,1576,7591,8548
1355,7856,3253,1576,7591,8548
1356,7856,4714,1576,7591,8548
1357,7856,4714,1576,7178,7145
1358,7856,9493,1576,7591,7145
1359,7856,4714,8854,7591,7821
1360,7856,4714,5184,7591,8548
1361,7856,2390,1576,7591,7145
1362,7856,9493,7093,1563,884
1363,7856,4714,8854,7591,884
1364,7856,9493,1576,7591,7145
1365,7407,4714,1576,7591,7821
1366,7856,9493,5184,1592,7821
1367,7856,9493,5184,4827,884
1368,7856,4714,1576,7591,4202
1369,7856,4714,9016,7591,884
1370,7407,4714,1576,7591,7145
1371,7856,9493,1576,7591,7145
1372,7856,4714,1576,7591,7145
1373,7856,2390,1576,9935,8548
1374,7856,4714,9016,4827,884
1375,7856,2390,1576,4827,884
1376,7856,2224,1576,7591,1772
1377,7856,2390,1576,9935,884
1378,7856,4714,5184,4985,9385
1379,7856,4714,1576,7178,884
1380,7856,9493,1576,7591,7145
1381,7856,1478,2005,9935,8548
1382,7856,9493,240,7591,8548
1383,7856,9493,1576,7591,884
1384,7856,4714,1576,7591,7145
1385,7856,1478,1576,9935,8548
1386,7856,9493,8854,9935,7821
1387,7856,2390,1576,7591,8548
1388,7856,9493,8854,7591,7145
1389,7407,4714,9016,7591,4202
1390,7856,2390,1576,9935,7145
1391,7407,4714,1576,7591,4202
1392,7856,4714,1576,7591,884
1393,7407,4714,6490,7178,7145
1394,7856,9493,5184,7591,7145
1395,7856,4714,5184,9935,9385
1396,7856,6429,5184,9935,7145
1397,7407,4714,1576,7591,8548
1398,7856,4714,1576,7591,884
1399,9675,4714,1576,7591,7145
1400,7407,4714,8854,7591,884
1401,7856,9493,1576,7591,7145
1402,7856,2390,4026,9935,8548
1403,7856,9493,8854,8433,1449
1404,9675,4714,5184,7591,8548
1405,7856,1478,1576,7591,8548
1406,7407,4714,1576,4827,884
1407,7856,4714,240,7591,8548
1408,7856,4714,1576,7591,884
1409,7856,2390,1576,7591,8548
1410,7856,4714,8854,7591,7821
1411,7856,9972,1576,7591,3660
1412,7856,4714,1576,7591,884
1413,7856,4714,8854,7591,2422
1414,7856,4714,1576,9935,2422
1415,7856,1478,1576,9935,1772
1416,7856,4714,1576,7591,884
1417,8902,2390,2345,9935,1772
1418,7856,2390,1576,9935,663
1419,7856,4714,1576,7591,8548
1420,9675,4714,240,2195,3401
1421,7856,9493,1576,7591,884
1422,7856,4714,8854,7591,7145
1423,7856,9493,1576,8302,7145
1424,7856,9493,1576,7591,8548
1425,7856,9493,240,1563,1449
1426,7856,2390,1576,8433,884
1427,8902,9493,9436,4777,884
1428,7856,9493,5184,7591,8548
1429,7856,9493,1576,9935,7145
1430,7856,9493,5184,7591,8548
1431,3474,9493,8854,2195,884
1432,7856,4714,1576,7591,884
1433,3474,666,240,2195,3401
1434,7856,4714,1576,7591,884
1435,7856,9493,8854,7591,1449
1436,7856,4714,5184,7591,8548
1437,7856,9493,1576,9935,7145
1438,7856,9493,8854,7591,663
1439,7856,4714,1576,7591,884
1440,7407,4714,4026,7591,7821
1441,7856,3253,240,7591,3446
1442,7407,4714,1576,7591,4202
1443,7856,4714,1576,7591,884
1444,7856,9493,8017,556,3446
1445,8902,2390,9436,3178,884
1446,7856,9493,8854,7591,7145
1447,7856,9493,1576,9935,663
1448,7856,9493,8854,2195,7821
1449,7856,9493,240,7591,884
1450,8902,9493,240,8433,3401
1451,8902,2390,1576,7591,884
1452,7407,4714,8017,7591,4202
1453,7856,4714,1576,7591,8548
1454,9675,4714,1576,7591,4202
1455,8902,9972,1576,8433,884
1456,8902,9972,1576,4985,1772
1457,7856,9493,1576,2195,7145
1458,7407,4714,1576,7178,884
1459,7856,4714,1576,7591,884
1460,7407,4714,1576,7591,884
1461,7856,2390,1576,9935,9385
1462,7856,4714,1576,7591,8548
1463,7856,4714,1576,7591,7145
1464,7856,4714,1576,7591,4202
1465,7856,4714,1576,7591,8548
1466,7856,4714,1576,9935,8548
1467,7856,4714,1576,7591,884
1468,7856,4714,1576,4827,884
1469,7856,4714,1576,7591,884
1470,7856,9493,1576,7591,8548
1471,7856,1478,1576,9935,1772
1472,7856,4714,1576,7591,8548
1473,7856,9493,1576,9935,663
1474,7856,9493,1576,7591,884
1475,7856,9493,8854,7591,7145
1476,7856,9493,8854,9935,1895
1477,7856,9493,1576,8433,884
1478,7856,4714,1576,7591,884
1479,8902,9972,317,8008,884
1480,7856,4714,1576,2195,884
1481,8902,4714,1576,7591,7821
1482,7856,9493,1576,9935,8548
1483,7856,3253,3647,9935,1895
1484,8902,4714,1576,9935,9385
1485,7856,9493,8854,7591,7821
1486,7856,9493,1576,7591,8548
1487,7856,4714,4026,7591,7821
1488,8902,5353,1576,9935,1772
1489,7856,9972,1576,9935,1772
1490,7856,4714,1576,9935,9385
1491,7856,4714,8854,7591,884
1492,7856,4714,8854,7591,884
1493,7856,4714,9016,7591,884
1494,7407,4714,5184,9455,4079
1495,7856,9493,1576,9935,8548
1496,7856,4714,1576,7591,4202
1497,9675,4714,8854,7591,884
1498,7856,4714,8854,7591,884
1499,7856,9493,8854,7591,7145
1500,7856,9493,1576,7591,7145
1501,7856,9493,1576,7591,8548
1502,7856,4714,240,2195,7145
1503,7856,9493,1576,7591,884
1504,7856,9493,1576,9935,7145
1505,7856,9493,1576,9935,7145
1506,7856,2390,1576,9935,1772
1507,7856,2390,1576,9935,7145
1508,7856,2390,1576,9935,8548
1509,7856,1478,1576,7591,884
1510,7856,9972,7093,7591,7957
1511,7856,9972,1576,7591,8548
1512,8902,9972,1576,1879,7145
1513,8902,4714,1576,7591,663
1514,8902,4714,1576,7591,663
1515,7407,4714,2345,7591,2422
1516,7856,4714,2345,7591,2422
1517,7856,4714,5184,9935,9385
1518,7856,2390,1576,9935,7145
1519,7856,4714,1576,7591,7145
1520,8902,4714,1576,7591,884
1521,7407,4714,1576,7591,8548
1522,7407,4714,9016,7178,7145
1523,7856,4714,1576,7591,8548
1524,7856,4714,5184,7591,8548
1525,9385,3253,8854,9935,1895
1526,7856,3253,1576,9935,8548
1527,7856,9493,240,7591,3446
1528,7856,4714,240,7591,884
1529,7856,9493,240,7591,7821
1530,7856,1478,1576,7591,9443
1531,7407,4714,5184,9935,8548
1532,7856,4714,1576,7591,8548
1533,7856,1478,1576,9935,8548
1534,7856,9493,240,9935,7145
1535,7856,3253,1576,7591,884
1536,7856,9493,8854,4537,1449
1537,7856,4714,8854,7591,3446
1538,9675,4714,8854,7591,3446
1539,7856,2390,1576,7591,884
1540,7856,9493,1576,2195,8548
1541,7856,3253,8854,7591,7821
1542,7856,1478,1576,9935,1772
1543,7856,1478,7093,9935,3746
1544,7856,9972,1576,9935,663
1545,7856,9493,8854,8433,1449
1546,7856,9493,8854,7591,7821
1547,7856,9972,1576,7591,4202
1548,7856,9493,8854,2195,3401
1549,7856,9493,706,4827,884
1550,7856,9493,6490,9857,7145
1551,7856,9493,240,2195,7145
1552,7856,1478,1294,9935,1772
1553,7856,4714,9016,9857,884
1554,7856,4714,1576,7591,8548
1555,7856,4714,5184,7591,8548
1556,7856,4714,1576,7591,7145
1557,9675,4714,1576,7178,884
1558,7856,4714,1576,7591,884
1559,7856,4714,1576,7591,884
1560,8902,9493,8854,7591,7821
1561,7407,4714,1576,7591,8548
1562,7856,1478,1576,7591,3746
1563,7856,9493,8854,8433,1449
1564,7856,4714,1576,9935,2422
1565,7856,4714,1576,7591,884
1566,7407,4714,1576,7591,7821
1567,7856,4714,1576,7591,7821
1568,7407,4714,1576,7591,7821
1569,7856,4714,1576,7591,884
1570,7856,4714,8854,7591,4202
1571,7856,9972,1576,9935,1772
1572,7856,4714,1576,7591,7821
1573,7856,2390,1576,7591,7145
1574,7856,2390,8854,9935,7821
1575,7856,3253,1576,7591,8548
1576,7856,4714,1576,9935,663
1577,7856,4714,1576,7591,7356
1578,7407,4714,8017,7591,884
1579,7856,4714,8017,7591,4202
1580,7856,9493,1576,7591,7145
1581,7856,4714,1576,7591,4202
1582,7856,4714,1576,7591,8548
1583,7856,4714,1576,9935,8548
1584,7856,2390,1576,7591,884
1585,7856,4714,1576,7591,884
1586,7856,4714,1576,7591,884
1587,7856,1478,1576,9935,8548
1588,7856,2390,1576,7591,884
1589,7856,4714,9016,7591,884
1590,8902,2390,1576,9935,1772
1591,8902,4714,1576,4985,7145
1592,7856,4714,1576,7591,7821
1593,7856,4714,1576,7591,663
1594,7856,4714,1576,7591,884
1595,7856,1478,1576,9935,8548
1596,7856,4714,6490,943,7145
1597,7856,9493,1576,7178,7145
1598,7856,4714,6490,7591,7145
1599,7407,4714,1576,7591,884
1600,7856,4714,1576,7591,7821
1601,7856,4714,1576,7591,884
1602,8902,3229,1576,4985,6901
1603,8902,9972,1576,9935,8341
1604,8902,2390,1576,9935,1772
1605,7856,9493,1576,9935,8548
1606,7856,9566,1576,9935,7145
1607,7856,4714,1576,7591,7821
1608,7407,9493,8854,9935,2422
1609,7407,4714,9016,7591,884
1610,7856,4714,1576,7591,7145
1611,7856,4714,1576,4985,7145
1612,7856,9493,5184,9935,7145
1613,7856,2390,1576,7591,884
1614,7856,9493,8017,2195,884
1615,7856,2390,1576,7591,7145
1616,7856,4714,1576,7591,7821
1617,7856,4714,8017,7591,4202
1618,7856,4714,8854,7591,7821
1619,7856,4714,8017,7591,4202
1620,7856,4714,1576,7591,7145
1621,7407,4714,8854,7591,884
1622,7856,4714,1576,7591,4202
1623,8902,9972,317,9935,1772
1624,7856,4714,1576,7591,884
1625,7407,4714,1576,7591,7821
1626,7856,4714,8854,7591,884
1627,7856,9493,1576,9935,884
1628,7856,9493,1576,2195,884
1629,7856,4714,1576,7591,663
1630,7856,4714,8854,7591,7821
1631,7856,4714,8854,7591,884
1632,7407,4714,1576,1592,8548
1633,7856,3253,1576,9935,8548
1634,7856,9493,8854,7591,1449
1635,7407,4714,8854,7591,7821
1636,7856,9493,1576,9935,9337
1637,7856,6429,1576,9935,5696
1638,7856,4714,1576,7591,7145
1639,7856,4714,1576,7591,884
1640,7856,4714,5184,7591,4202
1641,7856,4714,1576,8433,8548
1642,7856,2390,1576,9935,8548
1643,7856,4714,1576,7178,4202
1644,7407,4714,9016,4985,7145
1645,7856,4714,5184,7591,8548
1646,7407,4714,1576,4985,7821
1647,7407,4714,5184,7591,4202
1648,8902,9972,1576,7591,7145
1649,7856,4714,1576,4985,7145
1650,7856,4714,1576,7591,7821
1651,7856,9493,8854,9935,7821
1652,7856,4714,8854,4537,3446
1653,7856,4714,1576,7591,8548
1654,7856,4714,1576,9935,7145
1655,7856,4714,1576,9935,884
1656,7856,9493,8854,9935,1895
1657,7856,666,240,8302,9443
1658,7856,3253,8854,8302,7145
1659,7856,4714,8854,7591,884
1660,7856,9566,1576,9935,8548
1661,7856,9493,1576,8433,884
1662,8902,1478,2005,9935,1772
1663,7856,9493,5184,9935,9385
1664,7856,6429,6623,9935,7145
1665,7407,4714,5184,7591,8548
1666,7856,4714,1576,7591,4202
1667,7856,4714,8854,7591,9443
1668,7407,4714,5184,9935,6901
1669,7407,4714,1576,4985,4202
1670,7407,4714,9016,9935,9385
1671,7856,4714,1576,943,884
1672,7856,4714,1576,7591,884
1673,7856,4714,6490,7178,7145
1674,7856,9493,8854,7591,884
1675,7856,9493,1576,9935,663
1676,7856,4714,8854,7591,3446
1677,7856,2390,1576,9935,663
1678,7856,4714,1576,7591,8548
1679,7407,4714,1576,9935,884
1680,7856,1478,7093,9935,7145
1681,7856,4714,1576,9935,7145
1682,7856,4714,1576,7591,4202
1683,7856,2390,1576,7591,663
1684,7856,4714,1576,7591,8548
1685,7856,4714,1576,7591,884
1686,7856,4714,1576,7591,7821
1687,7856,4714,1576,7178,884
1688,7856,9493,8854,2195,3401
1689,7856,4714,1576,7591,884
1690,7856,9493,1576,7591,7821
1691,7856,4714,5184,4985,4202
1692,7856,4714,1576,7591,884
1693,7856,1478,1576,9935,8548
1694,7856,2390,1576,9935,7145
1695,7856,9493,1294,9935,8548
1696,7856,1478,1576,9935,8548
1697,7856,3253,1576,9935,1449
1698,7856,4714,8854,7591,7145
1699,7856,4714,1576,7591,8548
1700,7856,4714,8854,7591,7145
1701,7856,9493,5184,9935,9337
1702,7856,4714,8017,7591,3446
1703,7856,4714,5184,7591,9385
1704,7856,4714,1576,9935,7821
1705,7856,4714,1576,7591,8548
1706,7856,9493,1576,7591,8548
1707,9675,9493,8854,7591,884
1708,7407,4714,8854,7591,7821
1709,7407,4714,8854,4537,7821
1710,7856,9493,1576,9935,8548
1711,7856,4714,8854,7591,884
1712,7856,4714,8854,7591,7145
1713,7856,4714,1576,7591,9385
1714,7856,4714,8017,7591,4202
1715,7856,9493,1576,4827,884
1716,7856,4714,9016,4827,884
1717,7856,4714,9436,7591,884
1718,7856,4714,1576,4827,884
1719,7856,9493,8854,7591,884
1720,7856,9493,240,7591,7145
1721,7856,2390,1576,7591,8548
1722,8902,9493,5184,9935,8548
1723,7856,4714,1576,7591,4202
1724,8902,9493,1576,8433,884
1725,7856,9493,1576,9935,663
1726,7856,2390,5184,9935,9385
1727,7856,4714,5184,9935,9385
1728,7856,4714,1576,9935,7145
1729,7856,4714,1576,9935,8548
1730,7856,9493,1576,9935,884
1731,7856,9493,5184,9935,7145
1732,7856,9493,1576,7591,7145
1733,7856,9493,8854,7591,7145
1734,7856,9493,1576,9935,7145
1735,7856,9493,1576,9935,7145
1736,7856,2390,7093,9935,1772
1737,7856,9493,1576,7591,7145
1738,7856,2390,1576,7591,884
1739,7856,9493,1576,7591,884
1740,8902,9972,1576,9935,663
1741,7856,9566,7093,9935,1772
1742,7856,4714,1576,9935,7145
1743,7856,4714,1576,9935,884
1744,7856,9493,1576,4827,884
1745,7856,2390,1576,9935,663
1746,7856,4714,1576,7591,4202
1747,7856,2390,1576,7591,884
1748,7856,4714,1576,7591,8548
1749,7856,2390,5184,7591,4202
1750,7856,4714,8854,7591,884
1751,7856,4714,8854,7591,884
1752,7856,2390,1576,7591,884
1753,7856,2390,1576,9935,8548
1754,7856,4714,1576,7591,7145
1755,7856,9493,8854,556,7145
1756,7856,9493,240,7591,7145
1757,7856,9493,8854,9455,7995
1758,7856,2390,1576,9935,663
1759,7856,2390,240,7591,7145
1760,7856,2390,1576,7591,884
1761,7856,9493,8854,4537,5690
1762,7856,1478,1576,9935,8548
1763,7856,9493,1576,9935,8548
1764,7856,4714,8854,7591,884
1765,7856,9493,8854,7591,884
1766,7856,9493,240,2195,8548
1767,7407,9493,8854,7591,884
1768,7856,9493,240,2195,7145
1769,7856,2390,1576,7591,7145
1770,7856,4714,8854,7591,1449
1771,7856,4714,8854,7591,3446
1772,7856,4714,1576,7591,7145
1773,2383,2390,9044,9742,884
1774,8902,2390,1576,9935,884
1775,8902,9972,9016,9935,884
1776,7856,9493,5184,7591,8548
1777,7856,9972,1576,7591,7145
1778,7407,4714,7093,9935,2422
1779,7856,4714,1576,7591,7145
1780,7856,3253,1576,9935,8548
1781,7407,4714,9016,7591,2422
1782,7856,2390,1576,7591,7821
1783,7856,9493,8854,7591,3446
1784,7856,9493,8854,7591,884
1785,7856,4714,1576,7591,7145
1786,7856,4714,1576,7591,884
1787,7856,4714,8854,7591,3446
1788,7856,4714,1576,4985,7145
1789,7856,9493,8854,7591,7821
1790,7856,4714,1576,7591,8548
1791,7856,9493,5184,9935,7821
1792,7856,9493,5184,9935,7145
1793,9675,4714,1576,9935,5690
1794,7856,4714,8017,7591,7145
1795,7856,4714,8017,9743,7145
1796,7856,4714,5184,7591,9443
1797,7407,4714,8854,5112,2422
1798,7856,4714,7093,9935,2422
1799,7856,9493,1576,9935,9385
1800,7856,4714,1576,7591,884
1801,7856,9493,8854,7591,5885
1802,7856,4714,1576,7591,8548
1803,9675,9493,5184,8433,8548
1804,7856,4714,1576,7591,884
1805,7407,4714,1576,7591,8548
1806,7856,9493,1576,9935,7145
1807,7856,4714,9016,9935,7145
1808,7856,4714,9016,4827,7145
1809,7856,4714,9016,9935,2422
1810,7856,4714,7093,9935,2422
1811,7856,9493,8854,7591,884
1812,7856,2390,7093,9935,884
1813,7856,4714,7093,7591,2422
1814,7856,4714,1576,4985,7821
1815,7856,9493,1576,7591,8548
1816,7856,2390,1576,9935,5690
1817,7856,4714,1576,7591,884
1818,7407,4714,5184,7591,8548
1819,7407,4714,2345,7591,9385
1820,7407,4714,1576,7178,4202
1821,7856,9493,240,7039,7145
1822,7856,4714,8854,7591,7145
1823,7856,2390,1576,4985,4202
1824,7856,4714,5184,7591,8548
1825,7856,3253,240,7591,7145
1826,7407,4714,8854,7591,884
1827,7856,3253,1576,7591,3746
1828,3474,9493,240,8433,884
1829,7856,666,1576,2195,884
1830,7856,9493,8854,4537,1449
1831,7856,4714,8854,7591,7821
1832,7856,3253,240,7591,8548
1833,7856,4714,1576,7591,7821
1834,7856,9493,1576,7591,8548
1835,7856,4714,1576,7591,7145
1836,7856,4714,8854,7591,7821
1837,7856,3253,8854,7591,7821
1838,7856,1478,1576,9935,884
1839,7407,4714,5184,4985,7821
1840,7407,4714,1576,7591,884
1841,7856,4714,1576,7591,7957
1842,7856,9493,240,7591,3446
1843,7856,4714,8854,7591,3446
1844,7856,9493,240,7591,7145
1845,7856,4714,1576,9935,2422
1846,7856,9972,7093,9935,1772
1847,7856,4714,1576,9935,2422
1848,8902,2390,7093,7591,884
1849,7856,4714,7093,3945,884
1850,8902,9493,240,9857,884
1851,7856,9493,8854,7591,884
1852,7407,4714,4026,7591,8548
1853,7856,4714,8854,7591,884
1854,7407,4714,1576,9935,8548
1855,7856,4714,8854,7591,884
1856,7856,9493,8854,7591,1449
1857,7856,2390,1576,7591,884
1858,7856,4714,5184,7591,7821
1859,7856,9493,1576,9935,663
1860,7856,4714,1576,7591,7145
1861,8902,2463,240,9935,9337
1862,7856,2390,1576,9935,7145
1863,8902,9972,317,9935,1772
1864,7856,4714,1576,7591,8548
1865,7856,4714,1576,9935,9337
1866,7856,4714,8854,7591,884
1867,7856,4714,9016,4827,884
1868,7856,4714,1576,7591,884
1869,7856,4714,1576,7591,8548
1870,7856,9493,8854,7591,7145
1871,7856,4714,1576,7591,7145
1872,7856,4714,1576,9935,2422
1873,7856,4714,1576,9455,4202
1874,7856,2390,1576,7591,7145
1875,7856,2390,1576,7591,884
1876,7856,9972,1576,7591,884
1877,7856,9493,8854,8302,7145
1878,7856,75,8854,7591,884
1879,7856,4714,1576,4985,4202
1880,7856,9493,240,7178,884
1881,7856,4714,1576,7591,8548
1882,7856,4714,1576,7591,7145
1883,7856,9493,5184,9935,8548
1884,7856,9493,8854,8302,7145
1885,7856,4714,8854,7591,7821
1886,7856,4714,5184,7591,7145
1887,7856,4714,8854,7591,884
1888,7856,4714,1576,7591,884
1889,7856,4714,240,7591,884
1890,7856,4714,1576,7591,7145
1891,7856,2390,1576,9935,663
1892,7856,4714,5184,7591,9385
1893,7856,4714,1576,7591,7821
1894,7856,9493,1576,9935,8548
1895,7856,4714,8854,8433,7145
1896,7856,4714,1576,9935,8548
1897,7856,9493,1576,4985,7145
1898,7856,4714,8854,7591,884
1899,7856,9493,8854,7591,884
1900,7856,9493,1576,9935,7145
1901,7856,4714,1576,4985,8548
1902,7856,4714,1576,7591,7821
1903,7856,9493,1576,7591,7145
1904,7856,9493,1576,7591,884
1905,7856,3253,8854,7591,7821
1906,7856,4714,1576,7591,8548
1907,7856,4714,1576,9935,7145
1908,7856,1478,8779,7591,1772
1909,7856,9972,1576,7591,1772
1910,7856,9972,1576,7591,8548
1911,7856,9493,8854,7591,8548
1912,7856,9493,1576,1592,7821
1913,7856,9493,1576,7178,7145
1914,7856,4714,9016,4985,7145
1915,7856,9493,9016,4827,7145
1916,7856,4714,1576,9935,9385
1917,7856,4714,1576,7591,8548
1918,7856,9493,1576,9935,7145
1919,7856,9493,3647,9935,7145
1920,7856,4714,1576,7591,7821
1921,7407,4714,1576,9935,8548
1922,7856,4714,5184,7591,9385
1923,7856,4714,1576,7591,7821
1924,7856,2390,1576,9935,1772
1925,7856,9493,1576,9935,8548
1926,7407,4714,1576,7591,884
1927,7856,4714,5184,7591,4202
1928,7407,4714,1576,7591,7145
1929,7856,9493,1576,7591,8548
1930,7407,4714,1576,9935,657
1931,7856,9493,1576,9935,8548
1932,7856,4714,8854,7178,884
1933,7856,1478,1576,9935,7145
1934,7856,4714,8854,7591,4202
1935,7856,9493,1576,7591,8548
1936,7856,9493,5184,4827,7145
1937,7856,4714,1576,7591,8548
1938,9675,4714,8854,7591,884
1939,7856,1478,1576,9935,8548
1940,7856,2390,7093,9935,663
1941,7856,9493,1576,9935,7145
1942,7856,5353,9436,9935,1516
1943,7856,4714,1576,7591,7821
1944,7856,4714,1576,7591,7145
1945,7407,4714,1576,7591,7821
1946,7856,4714,8854,7591,884
1947,7856,4714,8854,7591,7145
1948,7856,4714,1576,7591,8548
1949,7856,4714,1576,7591,8548
1950,7856,3253,1576,7591,8548
1951,7856,9972,1576,9935,1772
1952,7856,9493,1576,7591,8548
1953,7856,2390,1576,7591,884
1954,9675,4714,1576,7591,7821
1955,9675,4714,1576,6765,7995
1956,7407,4714,1576,7591,7145
1957,8902,4714,1576,7591,8548
1958,7856,4714,1576,7591,884
1959,7407,4714,5184,4985,4202
1960,7856,2390,1576,9935,663
1961,7407,4714,5184,9935,9385
1962,7856,4714,1576,4985,4202
1963,7856,4714,1576,9935,7145
1964,7856,9493,1576,7591,884
1965,7856,9493,1576,9935,8548
1966,7856,9493,1576,9935,7145
1967,7407,9493,5184,7178,884
1968,7856,4714,1576,7591,8548
1969,7856,4714,1576,7591,884
1970,7407,4714,1576,7591,4202
1971,7856,9493,1576,7591,7821
1972,7856,4714,1576,7591,4202
1973,9675,4714,8854,7591,884
1974,7856,4714,1576,1592,7821
1975,7856,9493,5184,4985,7821
1976,7856,4714,9016,7591,2422
1977,7856,9493,1576,2195,7145
1978,7856,4714,5184,7591,9385
1979,7856,9493,1576,7591,7145
1980,7856,6429,1576,9935,1772
1981,7856,9493,1576,9935,2422
1982,7856,4714,1576,9935,7145
1983,7856,4714,1576,4537,7145
1984,7856,9493,8854,7591,7821
1985,7856,4714,1576,9935,884
1986,7856,4714,9016,7591,884
1987,7856,4714,9016,7591,884
1988,7856,4714,9016,9935,7145
1989,2383,5353,706,4827,884
1990,3474,4714,240,9857,3401
1991,7856,4714,240,8205,3401
1992,9675,4714,9016,7591,884
1993,7856,9493,1576,2195,7145
1994,7856,9493,1576,7591,884
1995,7856,4714,1576,7591,884
1996,7856,4714,8854,7591,3446
1997,7407,9493,1576,8433,7821
1998,7856,9493,1576,9935,884
1999,7856,9493,1576,8433,7145
2000,7407,4714,1576,9935,884
2001,7856,1478,1576,7591,1772
2002,7856,4714,1576,7591,7145
2003,7856,4714,1576,7591,8548
2004,7856,9493,1576,8433,7145
2005,7856,9493,1576,9455,7995
2006,7856,9493,8854,1563,884
2007,8902,9493,1576,9935,8548
2008,7856,4714,1576,9935,663
2009,7856,4714,1576,9935,8548
2010,7856,9493,1576,9935,884
2011,7856,4714,1576,7591,884
2012,7856,4714,1576,7591,4202
2013,7856,4714,240,4827,884
2014,7856,1478,1576,9935,8548
2015,7856,4714,1576,9935,884
2016,7407,4714,5184,7591,8548
2017,7856,4714,8854,7591,884
2018,7856,2390,1576,9935,7145
2019,7856,9493,1576,7591,884
2020,7856,4714,1576,7591,884
2021,7856,4714,9016,7591,884
2022,7856,4714,8854,7591,884
2023,7856,3253,8854,7591,884
2024,7856,9493,1576,9935,9385
2025,7856,9566,1576,9935,8548
2026,7856,9972,1576,7591,1772
2027,8902,2390,1576,9935,8548
2028,7856,4714,5184,4985,7821
2029,7856,9493,8854,7591,5690
2030,7856,9493,1576,7591,8548
2031,9675,9493,8854,7591,884
2032,7856,9493,8854,7591,884
2033,7856,9493,1576,2195,3401
2034,7856,9493,7093,9935,884
2035,7856,4714,1576,7591,884
2036,7856,4714,5184,7591,7821
2037,7856,9972,1576,7591,884
2038,7856,4714,1576,7591,884
2039,7856,2390,1576,7591,884
2040,7856,4714,5184,7591,8548
2041,7856,9493,240,7591,7145
2042,7856,2390,1576,9935,7145
2043,7856,4714,668,9455,5885
2044,7856,4714,1576,9935,2422
2045,7407,4714,2345,7591,884
2046,7856,9493,8854,8302,7145
2047,7856,4714,1576,7591,7821
2048,7856,4714,8017,8302,7145
2049,7856,9493,1576,9935,7145
2050,7407,4714,8854,4827,884
2051,7856,4714,8854,7591,4202
2052,8902,4714,9436,8008,884
2053,7856,9493,240,2195,884
2054,3474,666,240,9857,884
2055,7856,75,240,7591,3401
2056,7856,4714,5184,7591,7145
2057,7856,4714,5184,9935,7145
2058,7856,9493,8854,7591,7821
2059,3474,4714,240,7591,884
2060,7856,9493,1576,7591,8548
2061,7856,4714,5184,4985,7145
2062,7856,4714,1576,7591,7821
2063,7856,9493,5184,4985,8548
2064,7856,4714,1576,7591,884
2065,7856,9493,1576,9935,9385
2066,7856,4714,5184,9935,884
2067,7407,4714,9016,9935,2422
2068,7856,4714,8854,7591,7145
2069,7856,4714,1576,7591,7821
2070,7856,4714,1576,9935,7145
2071,7856,4714,1576,7591,884
2072,7856,4714,8854,7591,7356
2073,7856,4714,8854,4537,3446
2074,7856,4714,8854,7591,884
2075,7856,4714,8854,7591,884
2076,7856,4714,1576,7591,7145
2077,7856,9493,240,1563,7356
2078,3474,9493,240,8302,7145
2079,7856,4714,9016,9935,2422
2080,7407,4714,9016,9935,2422
2081,7856,4714,1576,9935,7145
2082,7856,4714,1576,4985,1836
2083,7407,2390,1576,9935,663
2084,7856,2390,1576,9935,7145
2085,7856,4714,2345,9935,2422
2086,7856,4714,9016,7591,884
2087,7856,2390,1576,9935,7145
2088,7856,2390,1576,7591,884
2089,7856,9493,1576,9935,7145
2090,7856,4714,8854,4537,3446
2091,7856,9493,1576,9935,7145
2092,7856,4714,8854,7591,7145
2093,7856,2390,1576,7591,884
2094,7856,4714,1576,9935,884
2095,7856,4714,1576,9935,7145
2096,7407,4714,9016,9935,7145
2097,7856,1478,1576,9935,663
2098,7856,4714,1576,7591,884
2099,7856,1478,1576,7591,8548
2100,7856,4714,1576,7591,7145
2101,7856,1478,240,2195,7145
2102,7856,2390,1576,9935,7145
2103,7407,4714,9016,2195,884
2104,7856,9493,1576,7591,884
2105,7856,9493,1576,9935,9337
2106,7856,4714,8854,7591,884
2107,7856,4714,1576,9935,5690
2108,7856,4714,1576,7591,884
2109,7856,2390,1576,9935,1449
2110,7407,4714,8854,7591,8548
2111,7856,9493,1576,4537,5690
2112,7856,4714,1576,7591,884
2113,7856,9493,1576,7591,8548
2114,7856,4714,1576,7591,884
2115,7856,3253,1576,7591,8548
2116,7856,4714,8854,7591,5690
2117,7856,1478,2005,9935,8548
2118,7856,3253,1576,7591,8548
2119,7856,3253,1576,9935,8548
2120,7856,1478,240,2195,3401
2121,7407,4714,1576,8433,7821
2122,7856,4714,1576,7591,884
2123,8902,4714,1576,9935,663
2124,7407,4714,1576,7591,8548
2125,7856,4714,8854,7591,4202
2126,7856,6429,1576,9935,9337
2127,7856,9493,5184,4827,884
2128,7856,4714,1576,9935,7145
2129,7856,4714,1576,9935,7145
2130,7856,4714,9016,7591,884
2131,7407,4714,7093,7591,2422
2132,7856,4714,1576,9935,663
2133,7856,2390,1576,9935,8548
2134,7856,4714,1576,7591,4202
2135,7856,9972,1576,9935,1772
2136,7856,9493,1576,9935,663
2137,7856,9493,1576,9935,663
2138,7856,9493,1576,7178,7145
2139,7407,4714,1576,4985,663
2140,7856,4714,9016,7591,884
2141,7856,2390,8854,7591,5690
2142,7856,4714,5184,7591,884
2143,7856,4714,8854,7591,3446
2144,7856,9493,8854,7591,884
2145,7407,4714,1576,7591,4202
2146,7856,9493,1576,4985,7145
2147,7407,4714,1576,7591,7821
2148,7856,4714,1576,7591,884
2149,7856,4714,1576,7591,7145
2150,7856,4714,1576,7591,7145
2151,8902,2390,9436,4827,884
2152,2383,9972,9436,9857,884
2153,3299,9972,706,4827,884
2154,7856,3353,5184,9935,9337
2155,7856,9493,8854,7591,7821
2156,7856,9493,5184,7591,9385
2157,7407,4714,9016,4985,4202
2158,7856,4714,1576,7591,7145
2159,7856,6429,1576,9935,7145
2160,7856,4714,8854,7591,5885
2161,7856,4714,8854,7591,7145
2162,7407,4714,1576,7591,884
2163,7856,4714,1576,7591,884
2164,7856,2390,1576,7591,884
2165,7856,9493,1576,9935,884
2166,7856,9493,1576,9935,884
2167,7407,4714,1576,7591,2422
2168,7856,9493,8854,7591,884
2169,7856,4714,8854,7591,7821
2170,7856,9493,5184,4985,7821
2171,7407,4714,5184,7591,4202
2172,7407,4714,1576,7591,4202
2173,9675,4714,8854,7591,884
2174,9675,4714,1576,7591,3401
2175,7856,4714,1576,7591,884
2176,7856,9493,1576,7591,7145
2177,7856,9493,5184,9935,9385
2178,7856,1478,1576,8433,7145
2179,8902,2390,1576,7591,7145
2180,7856,4714,8854,7591,7821
2181,7856,1478,8854,7591,884
2182,7856,9493,1576,7591,884
2183,7856,9493,1576,7591,884
2184,7856,9972,1576,7591,7356
2185,7856,4714,1576,7591,4202
2186,7856,4714,8854,7591,884
2187,7856,9493,1576,9935,7145
2188,7856,4714,1576,9935,2422
2189,7856,9493,1576,7591,884
2190,7856,4714,7093,7591,7145
2191,7856,9493,1576,1902,1449
2192,7407,4714,8854,7591,884
2193,7407,4714,1576,7591,8548
2194,7856,9972,1576,7591,663
2195,7856,4714,1576,7591,7821
2196,7856,1478,1576,7178,7145
2197,7856,3253,1576,9935,8548
2198,7856,4714,8854,7591,7821
2199,7856,2390,1576,9935,663
2200,7856,2390,1576,9935,7145
2201,7856,4714,8854,7591,884
2202,7856,4714,1576,7591,7145
2203,7856,4714,1576,7591,7145
2204,7856,4714,8854,7591,7821
2205,7856,1478,1576,9935,884
2206,8902,9972,1576,9935,663
2207,3474,9493,1576,7591,884
2208,7856,9493,8854,7591,3446
2209,7856,4714,1576,7591,884
2210,7856,9493,8854,7591,7145
2211,7856,9493,8854,7591,7145
2212,7856,9493,1576,9935,8548
2213,7856,9493,8854,8302,7145
2214,7856,4714,8854,7591,7145
2215,7856,4714,8854,7591,8548
2216,7856,9493,5184,9935,7145
2217,7856,4714,1576,7591,884
2218,7856,4714,7093,7591,884
2219,7856,9493,1576,9935,8548
2220,7856,3253,1576,7591,7145
2221,7856,1478,1576,2195,3401
2222,7856,1478,1576,7591,7145
2223,8902,9972,1576,9935,884
2224,8902,2390,1576,7591,884
2225,8902,9972,9016,9935,1772
2226,7856,4714,1576,7591,884
2227,7856,4714,5184,9935,9385
2228,7856,4714,1576,7591,7145
2229,7856,4714,8854,7591,8548
2230,7856,9493,8854,8433,9385
2231,7856,4714,1576,7591,8548
2232,7856,4714,1576,7591,884
2233,7856,4714,1576,9935,7145
2234,7856,4714,9016,9935,884
2235,7856,9493,8854,9935,7821
2236,9675,9493,8854,7591,3446
2237,7856,4714,1576,4985,7145
2238,8902,9493,5184,9935,7145
2239,7856,1478,1576,9935,8548
2240,7856,9493,1576,9935,9337
2241,7407,4714,8017,7591,4202
2242,7407,4714,1576,7591,7821
2243,7856,4714,1576,7591,7821
2244,7856,4714,1576,7591,7145
2245,7856,2390,1576,9935,8548
2246,7407,4714,1576,4985,4202
2247,7856,4714,1576,9935,7145
2248,7856,4714,1576,7591,884
2249,7856,4714,1576,7591,2422
2250,7856,4714,1576,4985,7145
2251,7856,4714,5184,4985,4202
2252,7856,2390,1576,9935,7145
2253,7856,9493,1576,7591,4202
2254,7856,9493,8854,9935,663
2255,7856,4714,1576,7591,8548
2256,7856,9493,1576,7591,884
2257,7856,1478,1576,9935,1772
2258,7856,9493,1576,7591,884
2259,7856,4714,1576,7591,884
2260,7856,4714,240,4827,884
2261,7856,4714,5184,7591,7821
2262,7856,9493,1576,943,7145
2263,7407,4714,8854,7591,7356
2264,7856,2390,1576,7591,884
2265,7407,4714,1576,7591,4202
2266,7856,4714,5184,9935,8548
2267,7856,9493,5184,7591,9385
2268,7856,4714,1576,7591,884
2269,7407,4714,2345,7591,2422
2270,7856,4714,1576,7591,884
2271,7856,4714,8854,7591,884
2272,7856,9493,240,7591,884
2273,7856,4714,1576,7591,884
2274,7856,4714,9016,7591,884
2275,7407,4714,9016,7178,884
2276,7856,4714,1576,7591,884
2277,7856,4714,1576,9935,1449
2278,7856,4714,1576,7591,7145
2279,7856,4714,1576,7591,7145
2280,7856,4714,1576,7591,884
2281,7407,4714,9016,7591,2422
2282,7856,4714,1576,7591,8548
2283,7856,4714,8854,7591,884
2284,7856,9493,1576,7591,8548
2285,7856,4714,1576,7591,884
2286,7856,4714,1576,9935,7145
2287,7856,2390,1576,7591,884
2288,7856,4714,1576,7591,7145
2289,7856,4714,5184,7591,8548
2290,7856,4714,1576,9935,8548
2291,7856,4714,5184,7591,7145
2292,7856,2390,1576,9935,2422
2293,7856,2390,8854,7591,884
2294,7856,2390,1576,9935,3746
2295,7856,9493,8854,7591,7145
2296,7856,1478,1576,9935,1772
2297,7856,4714,1576,7591,7145
2298,7407,4714,668,7591,884
2299,7856,4714,1576,7591,884
2300,7856,4714,1576,7591,8548
2301,7856,4714,1576,7591,884
2302,7856,9493,1576,7591,884
2303,7856,4714,8854,7591,884
2304,7856,4714,8854,7591,7145
2305,7856,4714,1576,7591,884
2306,8902,9972,1576,9935,8548
2307,7856,4714,8854,7591,884
2308,7856,4714,8854,7591,3446
2309,7856,4714,8854,7591,884
2310,7856,4714,8854,7591,884
2311,7407,4714,1576,7591,3401
2312,7407,4714,1576,7591,884
2313,7407,4714,5184,7591,4202
2314,7856,6429,1576,9935,9385
2315,7856,9493,5184,9935,7145
2316,7407,4714,1576,7591,4202
2317,7856,4714,8854,7591,884
2318,7856,9493,5184,9935,9385
2319,8902,9972,1576,9935,663
2320,8902,4714,1576,6765,1836
2321,7407,4714,1576,9935,7145
2322,7856,9493,1576,4985,5690
2323,7856,9493,1576,9935,2422
2324,7856,4714,8854,8433,1449
2325,7856,4714,1576,7591,7145
2326,7856,4714,1576,7591,8548
2327,7856,3253,240,7591,2796
2328,7856,4714,8854,8302,3446
2329,7856,75,240,7591,3401
2330,7856,75,240,1563,8548
2331,7856,4714,1576,7591,7145
2332,7407,4714,1576,9935,7821
2333,7856,2390,1576,9935,663
2334,7856,3253,1576,9935,7821
2335,7856,9493,5184,7591,9443
2336,7407,4714,5184,7591,3401
2337,7856,9493,1576,7591,7145
2338,7856,9493,1576,7591,663
2339,7856,9493,8854,7591,5690
2340,7856,4714,9016,4985,2422
2341,7856,4714,8017,8302,7145
2342,7856,4714,1576,7591,7145
2343,7856,9493,1576,9935,7145
2344,7856,9493,1576,7178,884
2345,7856,4714,1576,7591,7821
2346,7856,4714,1576,7591,8548
2347,7856,9493,1576,7591,7145
2348,7856,4714,8854,7591,3446
2349,7856,4714,1576,7591,884
2350,7407,4714,1576,4985,7821
2351,7856,4714,1576,9935,2422
2352,7856,9493,8854,7591,3446
2353,7856,9493,1576,9935,2422
2354,7856,4714,1576,7591,7145
2355,9675,9493,5184,9935,2535
2356,7856,4714,1576,7591,7821
2357,7856,4714,8854,7591,7145
2358,7856,4714,1576,9935,7145
2359,7856,4714,1576,4985,7821
2360,7856,4714,1576,8433,7145
2361,7856,4714,5184,7591,8548
2362,9675,9493,8854,4537,1895
2363,7856,9493,1576,7591,8548
2364,7407,4714,4026,7591,7356
2365,7856,4714,1576,4537,7145
2366,7856,4714,1576,7591,7145
2367,7856,4714,8854,7591,7821
2368,7856,4714,1576,7591,884
2369,7856,9493,5184,7591,8548
2370,7856,4714,1576,7591,884
2371,7856,4714,7093,7591,884
2372,7856,9493,1576,7591,884
2373,7856,4714,8854,7591,3401
2374,7856,4714,1576,7591,884
2375,7856,4714,8854,7591,884
2376,7856,9493,8854,7591,3446
2377,7856,4714,7093,7591,2422
2378,7856,4714,1576,7591,884
2379,7856,2390,1576,7591,8548
2380,7856,4714,1576,9935,663
2381,7856,9566,1576,9935,8548
2382,7856,4714,1576,9935,884
2383,7856,4714,1576,9935,884
2384,2383,4714,240,9857,7145
2385,7856,2463,1576,9935,8548
2386,7856,9493,240,9935,8548
2387,7856,4714,1576,7591,7821
2388,7407,4714,1576,7591,8548
2389,7407,4714,9016,7591,7145
2390,7407,4714,1576,7591,5885
2391,7856,4714,8854,7591,884
2392,7856,4714,8854,7591,884
2393,7856,4714,5184,9935,7145
2394,7856,4714,1576,8433,884
2395,7407,4714,1576,9935,7821
2396,8902,4714,1576,7591,884
2397,7856,4714,1576,7591,7145
2398,7856,9493,240,8433,884
2399,7856,4714,1576,7591,8548
2400,7856,9493,1576,9935,7356
2401,7856,2390,3647,9935,7701
2402,7856,4714,1576,9935,2422
2403,7856,4714,1576,9935,7145
2404,7856,9493,1576,9935,9337
2405,7856,4714,1576,4985,7821
2406,7856,9493,5184,7591,8548
2407,7856,9493,1576,9935,7145
2408,7856,9493,1576,7591,7145
2409,7856,4714,8854,7591,5367
2410,7856,9493,1576,8433,7821
2411,7856,4714,8854,7591,3446
2412,7856,9493,1576,9935,884
2413,7856,9493,1576,7591,884
2414,7856,3253,1576,7591,8548
2415,7856,9972,1576,4985,8548
2416,7856,4714,1576,7178,884
2417,8902,2390,1576,9935,884
2418,7856,4714,8017,7591,7145
2419,7856,9493,8854,9935,1895
2420,7856,9493,8854,8433,884
2421,7856,9493,1576,9935,7145
2422,7856,9493,8854,8433,884
2423,7856,9493,8854,9935,663
2424,7856,4714,7093,9935,2422
2425,7856,9493,1576,8433,884
2426,7856,9493,8854,4537,7145
2427,7856,9493,8854,2195,5885
2428,7856,9493,1576,2195,884
2429,9675,9493,8854,9935,663
2430,7856,4714,8854,7591,7821
2431,7856,4714,1576,9935,7701
2432,7856,2390,1576,9935,7821
2433,7856,4714,1576,7591,9385
2434,7856,1478,1576,9935,8548
2435,7856,1478,1576,7591,8548
2436,7856,4714,8854,7591,884
2437,7856,4714,8854,7591,884
2438,7856,9566,1576,9935,8548
2439,7856,9493,8854,7591,1895
2440,7856,2390,1576,9935,663
2441,7856,2390,1576,7591,8548
2442,7856,3253,3647,9935,4542
2443,7856,9493,5184,7591,7145
2444,7856,3253,240,8302,9443
2445,9675,4714,240,7591,9443
2446,7856,4714,1576,7591,8548
2447,7856,4714,1576,7591,884
2448,7856,9493,240,8433,7145
2449,7856,1478,1576,9935,1772
2450,8902,9972,1576,7178,7145
2451,7856,4714,1576,7591,884
2452,7856,9493,1576,9935,7145
2453,7856,4714,1576,9935,9337
2454,7856,2390,1576,7591,8548
2455,7407,4714,1576,7591,884
2456,7407,4714,9016,7591,884
2457,7856,4714,8854,7591,884
2458,7856,4714,8854,7591,884
2459,7856,4714,1576,7591,7821
2460,7856,4714,1576,7591,7145
2461,7856,4714,1576,7591,884
2462,7856,9493,1576,9935,884
2463,7856,4714,1576,9935,663
2464,7856,4714,1576,7591,7821
2465,7856,9493,1576,7591,7145
2466,7856,9493,5184,9935,9385
2467,7856,9972,8854,4537,1449
2468,7856,9493,5184,7591,7821
2469,7856,9493,1576,9935,884
2470,8902,2390,1576,7591,1772
2471,7856,4714,1576,7591,663
2472,7856,9493,8854,7591,884
2473,7856,9493,8854,4537,3446
2474,7856,1478,240,8302,8548
2475,7856,9493,1576,8433,884
2476,7856,4714,1576,4985,7821
2477,7856,4714,1576,7591,884
2478,7856,4714,1576,7591,4202
2479,7856,4714,1576,2195,4202
2480,7856,2390,1576,9935,7821
2481,7856,4714,2345,9935,2422
2482,7407,4714,1576,7591,884
2483,7856,4714,1576,7591,7821
2484,7856,3253,240,7591,9443
2485,7856,75,240,2195,884
2486,7856,3253,240,7591,884
2487,7856,4714,5184,9935,9337
2488,7856,9972,1576,4985,663
2489,7856,4714,1576,4985,7145
2490,7856,9566,1576,7591,8548
2491,7856,9493,8854,4537,1449
2492,7856,2390,1576,4537,7145
2493,7856,9493,1576,9935,8548
2494,7856,2390,1576,7591,884
2495,7856,9493,7093,9935,884
2496,7856,4714,1576,4985,7995
2497,7856,4714,8017,7178,884
2498,7856,4714,1576,7591,884
2499,7856,4714,1576,7591,884
2500,7856,4714,1576,7591,4202
2501,7856,1478,8779,7591,7145
2502,7856,2390,1576,9935,663
2503,7407,4714,1576,9935,7145
2504,7856,4714,8854,9935,884
2505,7856,4714,8854,7591,884
2506,7856,666,8854,1563,3446
2507,7856,9493,4026,9935,8548
2508,7856,4714,1576,7591,7821
2509,7407,4714,9016,7591,884
2510,7407,4714,5184,7591,7821
2511,7856,4714,1576,7591,884
2512,7856,9493,1576,9935,8548
2513,7856,1478,1576,9935,7145
2514,7856,4714,9016,9935,2422
2515,7856,4714,1576,7591,884
2516,7856,2390,1576,9935,7145
2517,7856,4714,1576,7591,4202
2518,7856,4714,8854,7591,884
2519,7407,4714,1576,7591,4202
2520,7856,4714,8854,7591,884
2521,7856,4714,7093,7591,884
2522,7856,4714,8854,7591,4202
2523,9675,4714,8854,7591,3446
2524,7856,4714,8017,7591,4202
2525,7856,4714,8854,7591,884
2526,7856,9493,1576,7591,8548
2527,7856,9493,1576,9935,884
2528,7856,4714,1576,7591,884
2529,7407,4714,1576,7591,884
2530,7856,9493,8854,7591,3446
2531,7856,4714,1576,7591,657
2532,7856,9493,8854,7591,884
2533,7856,4714,5184,7591,884
2534,7856,1478,240,7591,3446
2535,7856,4714,1576,7591,7145
2536,7856,4714,1576,7591,7145
2537,7856,9972,1576,7591,8548
2538,7856,4714,5184,4985,7821
2539,7856,9493,1576,2195,5885
2540,8902,2390,1576,7591,884
2541,7856,9493,8854,7591,7821
2542,7856,4714,1576,7591,8548
2543,7856,3253,4026,7591,8548
2544,7856,1478,1576,7591,8548
2545,7856,4714,1576,7591,4202
2546,7856,3253,240,7591,3446
2547,7856,9493,1576,9455,5885
2548,7407,4714,8854,7591,884
2549,7856,4714,1576,4985,7821
2550,7856,666,240,2195,7145
2551,9675,4714,8017,2195,3401
2552,2383,9493,240,9857,884
2553,8902,4714,1576,9935,663
2554,7856,4714,9016,7591,7145
2555,7856,4714,1576,7591,7821
2556,7856,4714,1576,7591,8548
2557,7856,4714,1576,7591,884
2558,7407,4714,4026,7591,7821
2559,7856,9493,8854,9935,4542
2560,7856,4714,1576,9935,2422
2561,7856,9493,8854,7591,7145
2562,7856,4714,5184,4827,9385
2563,7407,4714,1576,6765,4202
2564,7407,4714,1576,7591,8548
2565,7856,1478,240,7039,2796
2566,7856,9493,8854,7591,3446
2567,7856,4714,1576,7591,8548
2568,7856,75,240,1563,884
2569,7856,4714,1576,7591,884
2570,7856,4714,1576,7591,8548
2571,7856,9493,1576,7591,884
2572,7856,4714,1576,7591,884
2573,7856,4714,1576,7591,884
2574,7856,2390,1576,9935,7145
2575,7856,4714,1576,9935,663
2576,7407,4714,1576,7591,7821
2577,7856,9493,240,4827,7145
2578,7856,9493,8854,7591,884
2579,7856,9493,240,4827,7145
2580,7407,4714,1576,7591,4202
2581,7856,4714,1576,4537,7145
2582,7856,4714,1576,7591,7145
2583,7407,4714,1576,7591,7145
2584,7856,4714,1576,7591,7821
2585,7407,4714,1576,7591,4202
2586,7407,4714,1576,9935,9337
2587,7856,4714,9016,7591,884
2588,8902,4714,1576,4985,7821
2589,7856,9493,9016,4827,884
2590,7856,4714,1576,4985,4202
2591,7856,4714,7093,9935,7145
2592,7407,4714,8854,7591,4202
2593,7407,4714,8854,7591,7821
2594,7407,4714,9016,7591,884
2595,7856,9493,1576,9935,7145
2596,7856,4714,1576,7591,884
2597,7856,4714,8854,7591,884
2598,7856,9493,8854,7591,884
2599,7856,9493,8854,9935,1449
2600,7856,1478,1576,9935,663
2601,7856,1478,4026,7591,7821
2602,7856,9493,8854,7591,1449
2603,8902,6429,1576,9935,9337
2604,7856,4714,8854,7591,4202
2605,7856,9493,1576,9935,8548
2606,7856,4714,8854,7591,7821
2607,7407,4714,9016,7591,7145
2608,7407,4714,1576,7591,8548
2609,7407,4714,9016,7178,884
2610,7856,9493,1576,9935,5690
2611,7856,4714,5184,7591,8548
2612,7407,4714,1576,7591,7821
2613,9675,4714,1576,7591,9385
2614,7856,4714,9016,7591,884
2615,9720,9493,8854,8302,7145
2616,7856,4714,1576,7591,8548
2617,7856,4714,8854,7591,7821
2618,7856,4714,1576,7591,7145
2619,8902,2390,1576,9935,7821
2620,7856,2390,1576,7591,884
2621,7856,2390,1576,7591,663
2622,7856,9493,1576,7591,8548
2623,7856,4714,1576,7591,884
2624,7856,2390,1576,7591,7145
2625,7407,4714,1576,8433,884
2626,3890,9972,240,7039,884
2627,8902,5353,240,8433,3401
2628,7856,4714,8854,7591,7821
2629,7856,9493,1576,7591,8548
2630,7856,2390,1576,9935,7145
2631,7856,4714,1576,7591,8548
2632,7856,9493,9016,7591,884
2633,7856,3253,1576,7591,884
2634,7856,4714,8854,7591,884
2635,7856,4714,1576,4985,7821
2636,7856,9972,1576,9935,1772
2637,7856,4714,1576,7591,7821
2638,7856,9493,1576,7591,4202
2639,7856,4714,4026,7591,8548
2640,7856,4714,1576,7591,7821
2641,7856,4714,5184,7591,884
2642,7856,4714,8854,7591,8548
2643,7856,9493,8854,7591,1449
2644,7856,4714,1576,7591,9385
2645,7407,4714,8854,8433,7821
2646,7856,4714,8854,4537,7821
2647,7856,4714,1576,7591,4202
2648,7856,9493,5184,7591,9385
2649,7856,2390,1576,7591,884
2650,7407,4714,1576,7591,884
2651,7856,2390,1576,7591,884
2652,7856,4714,1576,7591,884
2653,7856,4714,1576,7591,7145
2654,7856,9493,1576,9935,5696
2655,2383,9493,9016,4827,884
2656,7856,666,240,9742,3401
2657,2383,666,1576,8433,884
2658,7407,4714,1576,7178,4202
2659,7407,4714,8854,7591,7821
2660,7856,4714,1576,7591,884
2661,7856,4714,8854,7591,7145
2662,7856,4714,1576,7591,7145
2663,7856,9493,8854,7488,5885
2664,7856,4714,1576,7591,884
2665,7856,9493,1576,7591,8548
2666,7856,4714,1576,7591,884
2667,7856,3253,240,7591,884
2668,7856,4714,240,7591,3446
2669,7856,2390,1576,9935,7145
2670,8902,4714,1576,9935,2422
2671,8902,9972,1576,9935,1772
2672,8902,9972,1576,9935,6
2673,7856,4714,8854,7591,3446
2674,7856,4714,1576,7591,3401
2675,7856,3253,1576,7591,8548
2676,7856,9493,8854,7591,7145
2677,7407,9493,1576,9935,663
2678,7856,9493,8854,7591,7145
2679,7856,4714,8854,7591,8548
2680,7856,4714,1576,7591,4202
2681,7856,9493,1576,4985,5885
2682,7856,2390,1576,9935,884
2683,7856,4714,1576,8302,7145
2684,8902,2390,9016,9743,6222
2685,7856,4714,1576,7591,884
2686,7856,4714,1576,7591,7821
2687,7856,4714,1576,7591,663
2688,7856,9493,1576,7591,884
2689,7856,9493,1576,7591,8548
2690,7856,4714,8854,4537,1449
2691,7407,4714,5184,7591,884
2692,7856,2390,1576,7591,8548
2693,7856,9493,1576,2195,7821
2694,7856,9493,7093,9935,884
2695,8902,2390,1576,9935,1772
2696,7856,1478,1576,9935,7145
2697,7856,9493,8854,4537,1449
2698,7856,4714,8854,7591,884
2699,7856,4714,1576,9935,663
2700,7856,9493,8854,8433,884
2701,7856,9493,8854,7591,7821
2702,7856,9493,1576,2195,4202
2703,7856,4714,1576,7591,7145
2704,7856,4714,1576,7178,7145
2705,7856,4714,8017,7591,7145
2706,7856,1478,1576,7591,8548
2707,7856,1478,1576,7591,7821
2708,7856,9493,8854,8433,663
2709,7856,4714,1576,4985,7145
2710,9675,4714,8017,6765,4202
2711,7407,4714,5184,9935,9385
2712,7856,2390,1576,9935,7145
2713,7856,4714,1576,7591,884
2714,7407,4714,1576,7591,884
2715,7856,9493,1576,9935,8548
2716,7856,9493,1576,9935,884
2717,9675,9493,1576,8433,7145
2718,7856,4714,1576,7591,884
2719,7856,9493,8854,9935,1895
2720,7856,2390,1576,9935,8548
2721,7856,4714,1576,7591,884
2722,7856,9493,1576,9935,5690
2723,7407,4714,8854,8433,884
2724,7856,4714,1576,9935,7145
2725,7856,4714,1576,7591,884
2726,7856,4714,1576,7591,884
2727,7856,1478,1576,9935,884
2728,7856,9493,1576,9935,1772
2729,7856,9493,1576,2195,7145
2730,7856,4714,1576,4537,7145
2731,7407,9493,8854,8433,884
2732,7856,2390,1576,7591,8548
2733,7856,4714,1576,7591,8548
2734,7856,9493,8854,1563,3446
2735,7856,4714,1576,7591,884
2736,7407,4714,1576,9935,884
2737,7856,4714,9016,7591,884
2738,7856,4714,8854,4537,884
2739,7407,4714,1576,7591,884
2740,7856,4714,9016,7591,884
2741,7856,4714,1576,7591,884
2742,7407,4714,1576,7591,8548
2743,7407,4714,1576,7591,884
2744,7856,1478,1576,7591,884
2745,7856,9493,1576,8433,884
2746,7856,9493,8854,7591,7821
2747,7856,2390,1576,9935,1772
2748,7856,4714,1576,7591,7821
2749,7856,4714,8854,7591,7356
2750,7856,4714,1576,7591,884
2751,7856,9493,8854,7591,884
2752,7856,4714,8854,7591,884
2753,7856,4714,1576,7591,884
2754,7856,4714,1576,4985,4202
2755,7407,4714,1576,7591,884
2756,7856,2390,5184,7591,9385
2757,7407,4714,9016,4985,7145
2758,7407,4714,9016,4985,7145
2759,7856,4714,1576,7591,884
2760,7856,9493,8854,7591,7821
2761,7856,4714,1576,9935,5690
2762,7856,1478,1576,7591,8548
2763,7856,4714,8854,7591,7821
2764,7856,2390,1576,1592,4202
2765,7856,4714,8854,4537,7821
2766,7856,2390,1576,7591,663
2767,7856,4714,1576,7591,884
2768,7856,4714,1576,7591,884
2769,7856,4714,8854,7591,7821
2770,7856,9493,1576,9935,663
2771,7407,4714,1576,7591,7356
2772,7856,4714,8854,7591,8548
2773,7856,4714,5184,7591,7821
2774,7407,4714,1576,7591,4202
2775,7856,9493,1576,8433,7145
2776,7856,9493,240,8542,9443
2777,7856,4714,1576,7591,884
2778,7856,1478,1576,8433,8548
2779,7856,9493,1576,7591,7145
2780,7856,2390,1576,9935,8548
2781,7856,4714,1576,7591,8548
2782,8902,2390,1576,9935,7145
2783,7407,4714,2225,1592,7821
2784,8902,9493,9016,4827,884
2785,8902,4714,1576,4827,884
2786,8902,4714,1576,9935,1772
2787,7856,4714,1576,7591,884
2788,7856,4714,1576,7591,7145
2789,7856,4714,1576,7591,8548
2790,7407,4714,8854,9455,1449
2791,7407,4714,1576,7591,884
2792,7856,4714,1576,7591,8548
2793,7407,4714,8854,7591,1449
2794,7856,4714,8854,7591,6329
2795,7856,4714,8854,9935,7821
2796,7856,4714,8854,7591,2422
2797,7856,9493,1576,7591,7145
2798,7856,9493,1576,9935,1449
2799,7856,4714,1576,9935,7145
2800,7856,4714,8017,7591,7145
2801,7856,4714,8854,7591,7145
2802,7856,4714,1576,7591,884
2803,7856,4714,8854,7591,5885
2804,7407,4714,2345,9935,2422
2805,7856,4714,1576,7591,884
2806,7856,1478,1576,7591,7145
2807,7856,4714,1576,4537,7356
2808,7856,4714,1576,7178,7145
2809,7856,4714,1576,7591,7145
2810,8902,2390,1576,7591,884
2811,8902,2390,9436,7591,1772
2812,7856,9493,1576,8433,8548
2813,7856,2390,9436,8433,884
2814,7856,4714,1576,7591,4202
2815,7856,4714,1576,7591,884
2816,7407,4714,5184,7591,7145
2817,7856,4714,1576,7591,8548
2818,7856,4714,1576,7591,884
2819,7856,9493,1576,7591,8548
2820,7856,2390,1576,7591,884
2821,7856,4714,1576,7591,8548
2822,7856,4714,1576,7591,884
2823,7856,4714,1576,7591,7145
2824,7856,4714,1576,9935,7145
2825,7407,4714,1576,9935,2422
2826,7856,4714,8854,7591,7821
2827,7856,9493,240,8433,1449
2828,7856,4714,5184,7591,7145
2829,7856,4714,1576,7591,7145
2830,7856,3253,8854,7591,884
2831,7856,2390,1576,7591,8548
2832,7856,2390,1576,9935,9385
2833,7856,4714,1576,9935,9385
2834,7856,4714,1576,9935,2422
2835,7407,4714,1576,7591,4202
2836,8902,4714,1576,7178,7145
2837,7856,9566,1576,9935,1772
2838,7856,9493,1576,7591,884
2839,7856,4714,240,7591,884
2840,7856,4714,8854,7591,4202
2841,7856,9493,1576,7591,884
2842,7856,4714,1576,7591,884
2843,7856,9493,1576,9935,7145
2844,7856,1478,1576,7591,8548
2845,7856,4714,5184,9935,2730
2846,3474,9493,8854,8433,1895
2847,7856,4714,8854,7591,884
2848,7856,3014,240,8302,3446
2849,7856,4714,8854,7591,3446
2850,8902,2390,1576,9935,7145
2851,7856,9493,8854,9935,1895
2852,7856,1478,1576,9935,7145
2853,7856,9493,8854,7591,884
2854,7856,9493,8854,7591,3446
2855,7856,4714,4026,7591,7821
2856,7856,4714,1576,7591,884
2857,7856,2390,1576,4827,7145
2858,7856,3253,1576,9935,8548
2859,7856,9493,1576,7591,7145
2860,7856,4714,8854,7591,7821
2861,7856,3253,240,7591,7356
2862,7856,4714,1576,7591,7145
2863,9675,4714,8854,7591,884
2864,7856,4714,1576,4985,7821
2865,7856,4714,1576,7591,663
2866,7856,4714,5184,8302,7145
2867,7856,9493,1576,7591,8548
2868,7856,4714,1576,7591,884
2869,7856,4714,1576,9935,7821
2870,7856,4714,1576,7591,884
2871,7856,4714,1576,7591,7821
2872,7407,4714,1576,7591,8548
2873,7407,4714,1576,7591,4202
2874,7856,9493,1576,7591,884
2875,7856,2390,1576,9935,7145
2876,7856,1478,1576,9935,8548
2877,7856,9493,1576,9935,5696
2878,7856,4714,5184,9935,9385
2879,7856,9493,1576,9935,663
2880,7407,4714,9016,4827,884
2881,7856,9493,8854,2195,5885
2882,7856,4714,1576,7591,884
2883,7407,4714,1576,4537,7145
2884,7407,4714,8017,7591,4202
2885,7856,4714,1576,9935,663
2886,7856,9493,8854,7591,7821
2887,7856,1478,1576,7591,884
2888,7856,2390,1576,7591,884
2889,7856,4714,5184,7591,9385
2890,7856,4714,8854,7591,5885
2891,7856,4714,1576,7591,884
2892,7856,4714,8854,7591,8548
2893,7856,1478,1576,7591,8548
2894,7856,9493,240,7591,7145
2895,7407,4714,1576,7591,7821
2896,7407,4714,1576,7591,8548
2897,7856,9493,1576,2195,7145
2898,7856,4714,8854,7591,3446
2899,7856,3253,8854,7591,884
2900,7856,9493,8854,4537,1449
2901,8902,9972,1576,7591,8548
2902,7856,9972,1576,7591,8548
2903,7856,2390,1576,9935,1772
2904,7856,4714,1576,7591,884
2905,7856,4714,1576,9935,1895
2906,7856,9493,1576,9935,5696
2907,7856,9493,8854,9935,1449
2908,7856,4714,8854,7591,7821
2909,7856,4714,8854,7591,7821
2910,7856,2390,1576,7591,1772
2911,7856,2390,1576,7591,884
2912,7856,1478,240,7591,3746
2913,7856,4714,1576,7591,2422
2914,7856,9493,9016,4827,884
2915,7856,4714,9016,4827,884
2916,7856,4714,1576,7591,884
2917,7856,2390,1576,9935,9337
2918,8902,2390,1576,8433,884
2919,7856,4714,8854,7591,7821
2920,7856,4714,1576,7591,3401
2921,7407,4714,1576,7591,4202
2922,7856,4714,1576,7591,884
2923,7856,9493,1576,9935,884
2924,7856,4714,1576,9935,7145
2925,7856,4714,8854,7591,884
2926,7856,9493,8854,7591,884
2927,7856,9493,1576,7591,7145
2928,7856,4714,1576,9935,5696
2929,7856,4714,9016,4985,4202
2930,7407,4714,1576,4985,7821
2931,7856,4714,1576,7591,884
2932,7856,9972,1576,7591,1772
2933,7856,4714,4026,7591,4202
2934,7856,4714,1576,7591,884
2935,7856,9493,1576,7591,7145
2936,7856,4714,1576,7591,884
2937,7856,4714,1576,7591,4202
2938,7856,4714,1576,9935,663
2939,7407,4714,1576,7591,884
2940,7856,4714,1576,9935,2422
2941,7856,9493,2345,9935,2422
2942,7856,4714,1576,7591,7145
2943,7407,4714,5184,7591,8548
2944,7856,3253,8854,7591,7821
2945,7856,6429,5184,9935,7701
2946,7856,4714,1576,7591,7145
2947,7856,9972,1576,7591,7145
2948,7856,4714,1576,7591,8548
2949,7856,4714,1576,7591,7145
2950,7856,9493,1576,7591,7145
2951,7856,4714,1576,9935,2422
2952,7856,3253,8854,7591,884
2953,7856,4714,8854,7591,884
2954,7856,4714,8854,7591,3446
2955,7856,2390,1576,9935,2422
2956,7856,4714,5184,9935,9385
2957,7856,4714,8854,7591,7145
2958,7856,4714,1576,7591,7145
2959,7856,2390,1576,9935,7145
2960,7856,9493,1576,9935,7145
2961,7856,4714,5184,9935,7145
2962,7856,9493,1576,7591,884
2963,7856,9493,1576,7591,884
2964,7856,4714,8854,7591,884
2965,7856,4714,8854,7591,884
2966,7856,4714,8854,7591,7145
2967,7856,9493,1576,3673,884
2968,7856,9493,8854,9935,7821
2969,7856,9493,8854,8433,5690
2970,7856,4714,1576,7591,7145
2971,7407,4714,1576,7591,884
2972,7856,4714,9016,7591,7145
2973,7856,9493,8854,7591,663
2974,7856,4714,8854,7591,884
2975,7856,4714,8854,7591,3446
2976,7856,3253,8854,8433,1449
2977,7856,9493,8854,7591,884
2978,7856,9493,8854,7591,8548
2979,7856,4714,8854,7591,8548
2980,7856,9493,1576,8433,8548
2981,7856,9493,8854,7591,884
2982,7856,4714,1576,9935,7145
2983,7856,4714,1576,7591,884
2984,7856,9493,8017,2195,3401
2985,7856,4714,1576,7591,884
2986,7856,4714,1576,7591,8548
2987,7856,4714,8854,7591,884
2988,7856,4714,1576,7591,884
2989,7856,9493,240,7591,8548
2990,7856,4714,1576,7591,884
2991,7856,5349,240,7591,1449
2992,7856,4714,1576,7591,884
2993,7856,9493,1576,7591,7145
2994,7856,4714,1576,7591,884
2995,7856,9493,8854,7591,884
2996,7856,4714,1576,7591,884
2997,9675,4714,8854,8433,7821
2998,7856,4714,1576,9935,7145
2999,7856,4714,9016,7591,884
3000,7856,1478,1576,7591,884
3001,7856,9493,240,7591,884
3002,7856,1478,240,7591,9443
3003,7856,1478,240,2195,3401
3004,7856,9493,1576,7591,7145
3005,7856,4714,240,7591,8548
3006,7856,9566,9016,7591,7145
3007,7407,4714,2225,9935,9337
3008,7856,6429,1576,9935,9337
3009,7856,2390,1576,7591,7145
3010,7856,9493,5184,8433,9385
3011,7856,9493,5184,9935,2535
3012,7407,4714,1576,7591,7145
3013,7856,4714,1576,9935,8548
3014,7407,4714,1576,7591,7145
3015,7856,2390,5184,8302,7145
3016,7856,9493,1576,7591,7145
3017,7407,4714,1576,7591,4202
3018,7407,4714,1576,7591,2422
3019,7856,4714,9016,4827,884
3020,7856,4714,1576,7591,884
3021,7856,4714,5184,7591,8548
3022,7856,4714,8854,7591,8548
3023,7856,2390,1576,7591,884
3024,8902,2390,5184,7591,8548
3025,7407,4714,5184,7591,8548
3026,7856,4714,1576,7591,7821
3027,7856,2390,1576,7591,884
3028,7856,9972,1576,7591,663
3029,7856,4714,1576,7591,4202
3030,7856,4714,1576,7591,884
3031,7856,9493,1576,4777,884
3032,7856,4714,1576,7591,884
3033,7856,9493,1576,9935,7145
3034,7856,4714,8017,7591,7145
3035,7856,9493,1576,8302,7145
3036,7856,9493,1576,8433,884
3037,7856,4714,1576,9935,884
3038,7856,4714,1576,7591,884
3039,7407,4714,5184,7178,7145
3040,7407,4714,2345,9935,2422
3041,7407,4714,9016,7591,7145
3042,8902,9972,9016,8433,884
3043,7856,9493,240,7591,884
3044,7856,9493,1576,7591,7145
3045,7856,9493,8854,2195,4202
3046,7856,9493,1576,2195,3401
3047,9675,4714,1576,7591,8548
3048,7856,9493,5184,8302,7145
3049,8902,1478,2005,9935,7145
3050,7856,4714,5184,9935,9385
3051,7856,9493,8854,7591,3446
3052,7856,9493,8854,7591,7145
3053,7856,3253,8854,7591,3446
3054,7856,4714,1576,9935,8548
3055,7856,4714,1576,7591,884
3056,7856,4714,1576,7591,884
3057,7856,9493,1576,9935,8548
3058,7856,4714,1576,9935,7145
3059,7856,2390,1576,7591,7145
3060,7856,4714,1576,7591,2422
3061,7407,4714,1576,7591,4160
3062,7407,2390,1576,9935,9385
3063,7856,9493,5184,9857,884
3064,7856,9493,8854,9935,8548
3065,7856,1478,240,7591,9443
3066,7856,9493,1576,4985,5690
3067,7856,4714,1576,9935,8548
3068,7856,1478,8854,7591,884
3069,7856,4714,8854,7591,8548
3070,7856,4714,5184,7591,8548
3071,7856,3253,8854,7591,1449
3072,7856,4714,9016,7591,7145
3073,7407,4714,9016,9935,7145
3074,8902,2390,1576,4985,6901
3075,7856,4714,5184,7591,9385
3076,7856,4714,8854,7591,1449
3077,7856,4714,8854,7591,5367
3078,7856,4714,1576,7178,884
3079,7856,4714,240,7591,7145
3080,7856,4714,9016,7591,2422
3081,7856,1478,1576,7591,8548
3082,7856,9493,8854,9935,8548
3083,7856,4714,8854,7591,8548
3084,7856,75,240,7039,2796
3085,7856,9493,240,7591,884
3086,7856,9493,5184,7591,7145
3087,7856,4714,1576,7591,4202
3088,7856,4714,1576,7591,8548
3089,7407,4714,8854,7591,7821
3090,7856,9493,1576,9935,6901
3091,7856,4714,240,7591,884
3092,7856,4714,1576,7591,7821
3093,7407,4714,8854,9935,2422
3094,7856,9493,8854,7591,884
3095,7856,4714,8854,7591,7356
3096,7856,4714,8854,7591,884
3097,7856,9493,8854,7591,9385
3098,7856,1478,3357,9935,8548
3099,7407,4714,9016,7591,2422
3100,7856,4714,8854,8433,7145
3101,7856,9493,8854,7591,884
3102,7856,4714,2345,9935,2422
3103,7856,9493,8854,4827,884
3104,7856,2390,1576,9935,8548
3105,7856,2390,1576,7591,884
3106,7407,4714,1576,9935,2422
3107,7856,4714,1576,7591,884
3108,7856,9493,1576,9935,8548
3109,7856,4714,8854,7591,884
3110,7856,1478,1576,7591,884
3111,7856,4714,1576,9935,8548
3112,7856,4714,8854,9935,9385
3113,7856,2390,1576,9935,663
3114,7407,4714,8854,7591,884
3115,7856,4714,8854,7591,884
3116,7856,4714,8854,7591,6329
3117,7856,4714,1576,7591,7145
3118,7407,4714,1576,7591,4202
3119,7407,4714,5184,9935,2535
3120,7407,4714,5184,4858,4202
3121,7407,4714,1576,7591,4202
3122,7407,4714,1576,7591,4202
3123,7856,4714,1576,7591,884
3124,7856,2390,1576,9935,7145
3125,7856,9493,1576,7591,8548
3126,7856,4714,8854,7591,884
3127,7856,4714,1576,7591,884
3128,7856,1478,7093,9935,1772
3129,7856,4714,1576,9935,2422
3130,7856,4714,5184,7591,8548
3131,7856,4714,8854,9935,1449
3132,9675,4714,1576,6765,5885
3133,7407,4714,1576,7591,7821
3134,7407,4714,1576,7591,7821
3135,8902,4714,4026,7591,8548
3136,7856,4714,4026,1592,7821
3137,7856,1478,1576,7591,884
3138,7856,4714,5184,7591,9385
3139,7856,4714,1576,7591,4202
3140,7856,4714,6490,556,7145
3141,7856,4714,9016,4827,884
3142,7856,4714,6490,7591,884
3143,7856,4714,7093,3945,884
3144,7856,4714,1576,7591,663
3145,7856,4714,1576,7591,2422
3146,7856,4714,1576,7591,7356
3147,7407,4714,8017,6765,4202
3148,7856,4714,1576,9935,884
3149,7856,2390,1576,9935,7145
3150,7856,9493,8854,7591,7821
3151,7856,4714,8854,7591,7145
3152,7856,9493,8854,8433,884
3153,7407,4714,9016,9935,2422
3154,7856,2390,1576,9935,7145
3155,7856,4714,1576,7591,7821
3156,8902,2390,1576,7591,8548
3157,7407,4714,1576,7591,663
3158,7407,4714,1576,6765,4202
3159,7856,4714,1576,7591,884
3160,8902,4714,1576,4985,7821
3161,7856,2390,1576,9935,7145
3162,7856,4714,8854,8302,7145
3163,7856,9493,7093,3945,884
3164,7856,4714,8854,7591,884
3165,9675,4714,1576,7178,884
3166,7856,9493,1576,7591,884
3167,7856,4714,1576,8433,7145
3168,7856,4714,8854,7591,884
3169,7856,9493,8854,7591,7821
3170,7856,9493,240,8433,7821
3171,7856,4714,8854,7591,7821
3172,7856,9493,1576,9935,8548
3173,7856,9493,1576,7591,8548
3174,7856,4714,2345,9935,9385
3175,7407,4714,9016,7591,9385
3176,3565,4714,5184,7591,9385
3177,7407,4714,1576,7591,884
3178,9675,4714,8017,7591,5885
3179,7856,9493,1576,7591,884
3180,7856,4714,8854,7591,7145
3181,7856,4714,8017,7591,884
3182,7856,4714,5184,9935,8548
3183,7856,9493,1576,9935,884
3184,7856,9493,1576,7591,7145
3185,7856,4714,8854,7591,7145
3186,7856,9493,1576,9935,2422
3187,7856,4714,8854,7591,3446
3188,7856,9493,240,8302,7145
3189,7856,4714,1576,7591,8548
3190,7856,4714,1576,9935,663
3191,7856,1478,1576,7591,1772
3192,7856,1478,1576,9935,7145
3193,8902,4714,9016,4827,884
3194,7856,2390,1576,9935,663
3195,7856,4714,1576,7591,7145
3196,7856,4714,8017,7591,4202
3197,7856,4714,9016,7591,884
3198,7407,4714,1576,9935,7145
3199,7856,9493,1576,4827,884
3200,7856,9493,5184,9935,7145
3201,7856,4714,1576,7591,884
3202,7856,4714,5184,7591,7145
3203,7856,9493,1576,9935,9385
3204,7856,4714,1576,7591,884
3205,7856,2390,1576,9935,2422
3206,7856,4714,9016,7591,884
3207,7856,9493,8854,1592,7821
3208,7856,9493,8854,7591,7821
3209,7856,4714,1576,7591,884
3210,7856,3014,8854,7591,3446
3211,7856,3253,8854,7591,3446
3212,7856,9493,240,8302,7145
3213,7856,4714,1576,7591,884
3214,7856,4714,8854,7591,3284
3215,7856,4714,8854,7591,2422
3216,7856,4714,1576,7591,884
3217,7856,9493,8854,7591,884
3218,7856,4714,1576,7591,5885
3219,7856,4714,1576,7591,7145
3220,7856,4714,8854,7591,7821
3221,7856,4714,8854,7591,7145
3222,8902,9972,1576,9935,1772
3223,7856,2390,7093,9935,2422
3224,8902,2463,317,9935,1772
3225,7407,4714,9016,7591,4202
3226,7856,4714,1576,7591,884
3227,7407,4714,8854,7591,7995
3228,7856,4714,1576,4985,4202
3229,7407,4714,4026,7591,7821
3230,7856,1478,1576,7591,8548
3231,8902,9972,317,4573,1516
3232,8902,9972,9436,8008,1772
3233,2383,2390,9016,4827,884
3234,7407,4714,1576,4985,884
3235,7856,4714,1576,1592,7821
3236,7856,4714,1576,4985,663
3237,7856,9493,1576,7591,4202
3238,7856,1478,1576,7591,8548
3239,7856,9493,1576,7591,884
3240,7856,9493,1576,6765,4202
3241,7856,4714,4026,7591,7821
3242,7856,4714,1576,7178,884
3243,7856,4714,5184,7178,884
3244,7856,3253,5184,7591,9385
3245,7407,4714,5184,7591,4202
3246,7407,4714,1576,7591,4202
3247,7856,4714,5184,7591,8548
3248,7856,4714,1576,7591,7821
3249,7856,1478,240,1563,3746
3250,7856,9493,1576,7591,884
3251,7856,1478,1576,9935,7145
3252,7856,4714,1576,6765,4202
3253,7856,4714,9016,4827,884
3254,7407,4714,1576,7591,7821
3255,7856,4714,8854,7591,884
3256,7856,4714,1576,7591,884
3257,7856,9493,1576,9935,884
3258,7856,4714,1576,7591,7821
3259,7856,4714,5184,8433,7821
3260,7856,4714,8854,9935,9385
3261,7856,4714,1576,7591,8548
3262,7856,9493,8854,7591,663
3263,7856,4714,1576,7591,7145
3264,7856,4714,8854,7591,3446
3265,7856,4714,1576,7591,8548
3266,7856,9493,2225,9935,5696
3267,7856,4714,8854,7591,7145
3268,7856,9493,8854,7591,3446
3269,7856,4714,1576,7591,4202
3270,7856,9493,240,7591,884
3271,7856,4714,8854,7591,884
3272,7856,9493,1576,8433,7145
3273,7856,2390,1576,7591,884
3274,7856,4714,9016,4827,884
3275,7856,4714,1576,7591,884
3276,7856,9493,1576,4827,884
3277,7407,4714,5184,9935,9385
3278,7856,4714,1576,7591,884
3279,7856,4714,1576,9935,7821
3280,7856,2390,1576,9935,7145
3281,7856,4714,668,7591,884
3282,7856,9493,1576,8433,7145
3283,7856,9493,8854,9935,9337
3284,7856,4714,8854,7591,7145
3285,7856,4714,1576,7591,884
3286,7856,4714,1576,7591,7821
3287,8902,9972,1576,9935,3660
3288,7856,9493,8854,7591,3446
3289,7856,9493,8854,8433,884
3290,7856,1478,1576,9935,1772
3291,7856,4714,5184,7591,8548
3292,9675,4714,1576,6765,4202
3293,7856,9493,240,7039,3401
3294,7856,9493,1576,1592,7821
3295,7407,4714,1576,4985,4202
3296,7856,4714,1576,7591,4202
3297,7856,4714,8854,7591,3446
3298,7856,3253,240,7591,884
3299,7856,4714,8854,7591,884
3300,7856,4714,8854,8302,7145
3301,8902,1478,1576,9935,8548
3302,7856,4714,1576,7178,7145
3303,7856,4714,1576,7591,7145
3304,7856,9493,1576,7591,884
3305,7856,1478,1576,9935,7145
3306,2383,7134,240,4731,3401
3307,7407,4714,1576,7178,3401
3308,2383,5353,9016,8205,884
3309,7856,9493,8854,8302,7145
3310,7856,9493,7093,7591,884
3311,7856,4714,240,7591,884
3312,7856,9493,1576,9935,8548
3313,9675,4714,8854,7591,3401
3314,7856,4714,1576,7591,8548
3315,7407,4714,1576,7591,7145
3316,7856,4714,1576,7591,884
3317,9675,4714,8854,7591,884
3318,7856,4714,4026,7591,7821
3319,7856,4714,8854,7591,7821
3320,7856,4714,1576,7591,8541
3321,7856,2390,1576,4827,884
3322,8902,9972,1576,7591,663
3323,8902,9972,1576,9935,1772
3324,7407,4714,1576,4985,4202
3325,7407,4714,1576,9743,6222
3326,7856,4714,1576,7591,4202
3327,7856,4714,1576,7591,884
3328,7856,1478,1576,9935,8548
3329,7856,9493,1576,9935,8548
3330,7856,3253,8854,7591,3446
3331,7407,4714,9016,7591,2422
3332,7407,4714,1576,7591,657
3333,7407,4714,5184,7591,9385
3334,7407,4714,9016,7591,884
3335,7856,9493,1576,7591,884
3336,7856,4714,1576,7591,7145
3337,7856,9493,1576,9935,884
3338,7407,4714,5184,9935,9385
3339,7856,9493,8854,3945,4311
3340,7856,4714,1576,9935,1449
3341,7856,9493,8854,8433,884
3342,7856,4714,1576,7591,884
3343,7856,9493,8854,7591,884
3344,8902,4714,1576,7178,7145
3345,7856,4714,1576,9935,8548
3346,7856,1478,1576,9935,8548
3347,7856,9972,1576,9935,3660
3348,7856,9493,5184,9935,8548
3349,7407,4714,1576,7591,7821
3350,7856,4714,1576,7591,8548
3351,9675,4714,1576,9857,884
3352,7856,9493,240,2195,3401
3353,2383,9493,240,9857,884
3354,7856,9493,8854,7178,7145
3355,7856,4714,1576,4985,4202
3356,7856,9493,1576,7591,7821
3357,8902,9972,1576,7591,7145
3358,7856,4714,1576,9935,7145
3359,7856,9972,1576,7591,1772
3360,7856,4714,1576,7591,7145
3361,7407,4714,5184,7591,7821
3362,7856,4714,5184,7591,8548
3363,7856,2390,1576,9935,2422
3364,7856,4714,1576,7591,884
3365,7856,9493,1576,9935,7145
3366,7856,3253,8854,7591,884
3367,7856,4714,1576,7591,7821
3368,7856,75,8854,4537,3446
3369,7856,3253,8854,7591,8548
3370,7856,3253,240,7591,3446
3371,7856,2390,1576,7591,884
3372,7856,2390,1576,9935,7145
3373,7856,9493,2345,9935,2422
3374,7856,9493,9016,9935,2422
3375,7856,9972,1576,7591,7145
3376,7856,4714,5184,7591,7821
3377,7856,4714,1576,7591,884
3378,7856,4714,1576,7591,8548
3379,7856,4714,8854,7591,884
3380,7856,3253,8854,7591,3446
3381,7856,4714,1576,7591,884
3382,7856,4714,6490,7591,5885
3383,7856,4714,9016,4827,884
3384,7856,2390,1576,9935,7145
3385,7856,4714,9016,4827,884
3386,7407,4714,9016,7591,2422
3387,7856,4714,8854,7591,884
3388,7856,4714,9016,4827,884
3389,8902,9972,1576,9935,1772
3390,7856,4714,1576,7591,8548
3391,7856,4714,1576,7591,8548
3392,7856,2390,1576,7591,7145
3393,7856,4714,1576,7591,884
3394,8902,9972,1576,9935,8548
3395,7856,9493,7093,7591,884
3396,7856,2390,7093,9935,7145
3397,7407,4714,9016,7591,2422
3398,7856,4714,5184,9935,9385
3399,7856,4714,9016,7591,7145
3400,8902,2390,9016,9935,7145
3401,7856,9493,1576,7591,884
3402,7856,2390,1576,9935,7145
3403,7856,9493,8854,8433,7821
3404,7856,4714,668,7591,7145
3405,7856,9493,240,2195,884
3406,7856,4714,8854,7591,884
3407,8902,9972,1576,7591,884
3408,7856,4714,9016,7591,884
3409,7856,4714,7093,9935,2422
3410,7856,4714,1576,7591,884
3411,7407,4714,9016,7591,884
3412,7856,4714,1576,7591,4202
3413,7856,4714,1576,7591,4202
3414,7856,4714,8854,7591,7821
3415,7856,4714,9016,7591,884
3416,7856,9493,8854,7591,884
3417,7856,4714,2345,943,2422
3418,7856,4714,1576,7591,2422
3419,7856,9493,8854,9935,7145
3420,7856,4714,8854,7591,6329
3421,7856,4714,1576,7591,8548
3422,7856,4714,8854,7591,6329
3423,7856,4714,1576,7591,7145
3424,7856,4714,1576,7591,884
3425,7856,2390,9016,7591,2422
3426,8902,2390,1576,9935,663
3427,7856,4714,1576,9935,7145
3428,7856,9493,1576,7591,884
3429,7856,9493,7093,7591,884
3430,8902,2390,1576,9935,8548
3431,7856,9493,8854,7591,884
3432,7856,4714,9016,9935,2422
3433,7856,4714,1576,7591,2422
3434,7856,2390,1576,9935,2422
3435,7856,4714,8854,556,3446
3436,7856,2390,1576,7591,8548
3437,9675,4714,8854,7591,3446
3438,7856,2390,1576,9935,884
3439,7856,4714,8854,7591,884
3440,7856,9493,1576,7591,884
3441,7856,2390,1576,9935,8548
3442,7856,4714,1576,9935,1895
3443,7856,4714,1576,7591,7145
3444,7856,666,8854,1563,3446
3445,7856,4714,1576,7591,884
3446,7856,4714,8854,8542,884
3447,7856,9493,1576,9935,8548
3448,7856,4714,1576,7591,884
3449,7856,4714,1576,7591,884
3450,7856,4714,1576,8433,884
3451,7856,9493,5184,7591,7145
3452,7856,4714,5184,7591,8548
3453,7407,4714,1576,7591,884
3454,7407,4714,8854,7591,7821
3455,7856,4714,1576,7591,884
3456,7856,4714,8017,7591,8548
3457,7856,9493,8854,4537,1449
3458,7856,9493,240,7591,663
3459,7856,4714,8854,7591,3446
3460,7856,9493,8854,7591,3446
3461,7856,3253,8854,7591,3446
3462,7856,4714,1576,7591,7145
3463,7407,4714,8017,7591,4202
3464,7856,4714,8854,7591,1449
3465,9675,4714,9016,9743,7145
3466,8902,2390,9016,4827,884
3467,8902,2390,1576,7591,7145
3468,7856,4714,5184,7591,7821
3469,7856,4714,8854,7591,884
3470,7856,3253,8854,9935,1449
3471,9675,4714,1576,7178,4202
3472,7856,4714,8854,7591,884
3473,7856,4714,1576,7591,8548
3474,7856,4714,1576,7591,884
3475,7856,9493,1576,7591,884
3476,7856,4714,8854,7591,3446
3477,7856,4714,7093,7591,2422
3478,7407,4714,8854,7591,7821
3479,7407,4714,1576,7591,2422
3480,7856,2390,1576,9935,663
3481,7856,9972,1576,9935,1772
3482,7407,4714,1576,5812,7995
3483,7856,4714,5184,7591,8548
3484,7407,4714,8854,7591,884
3485,7856,9493,1576,9935,7145
3486,9675,9493,8854,4130,7995
3487,7856,9493,8854,8433,4311
3488,7856,1478,7093,9935,884
3489,7856,9493,1576,9935,7145
3490,7856,75,7093,9935,1772
3491,7856,9493,8854,7591,7821
3492,7856,4714,1576,9935,884
3493,7856,9493,7093,7591,2422
3494,8902,2390,1576,9935,7145
3495,7856,2390,1576,7591,7145
3496,7856,1478,1576,7591,8548
3497,7856,4714,1576,7591,7145
3498,7856,9493,1576,7488,5885
3499,7856,9493,8854,8433,7821
3500,7856,5353,240,8008,884
3501,7856,2390,1576,9935,8548
3502,7856,4714,1576,7591,884
3503,9675,4714,8017,2195,4202
3504,7856,75,8854,7591,4311
3505,7856,9493,1576,7591,7821
3506,7856,4714,8854,7591,3446
3507,7856,9493,240,7591,8548
3508,7856,9493,8854,7591,7821
3509,7856,1478,8854,7591,3446
3510,7856,4714,1576,7591,7145
3511,7407,4714,8854,7591,7821
3512,7856,2390,1576,7591,8548
3513,7856,4714,1576,7591,8548
3514,7856,4714,8854,4537,657
3515,7407,4714,1576,7591,7821
3516,7856,9493,8854,7591,7821
3517,7856,4714,8854,7591,7821
3518,7856,4714,8017,7591,4202
3519,7856,4714,1576,4985,5885
3520,7407,4714,1576,7591,7145
3521,7856,4714,1576,4985,7145
3522,7407,4714,8854,7591,7356
3523,7407,4714,9016,7591,2422
3524,7856,4714,3647,9935,8548
3525,7856,4714,1576,9935,7145
3526,7407,4714,9016,7591,884
3527,7407,4714,5184,7591,7821
3528,7856,9493,8854,5585,3446
3529,7856,4714,8854,9935,7821
3530,7856,4714,1576,7591,7145
3531,7856,75,240,7591,8548
3532,7856,9493,8854,7591,3446
3533,7856,3253,8854,1563,3446
3534,7856,1478,1576,7591,884
3535,7856,3253,240,7591,8548
3536,7856,3253,8854,7591,7145
3537,7856,4714,3058,7591,7821
3538,7856,4714,1576,7591,884
3539,7856,4714,1576,4985,884
3540,7856,9493,1576,9935,8548
3541,7856,9493,8854,4537,1449
3542,7856,9493,1576,7591,8548
3543,7407,4714,9016,4985,884
3544,7856,9972,1576,4985,8548
3545,8902,2390,7093,9935,1772
3546,7856,9493,1576,9935,7145
3547,9675,9493,8854,7591,884
3548,7856,4714,1576,7591,884
3549,7856,4714,8854,7591,884
3550,7856,4714,1576,7591,7821
3551,7856,4714,8854,7591,884
3552,7856,4714,8854,7591,7821
3553,7856,4714,8854,7591,3446
3554,7856,4714,8854,7591,3446
3555,7856,4714,9016,7178,884
3556,7856,4714,1576,7591,2422
3557,7856,4714,1576,7591,8548
3558,7856,1478,1576,9935,8548
3559,7856,4714,1576,9935,8548
3560,7856,4714,1576,7591,8548
3561,7856,9493,8854,7591,3446
3562,7856,4714,8017,7591,4202
3563,7856,4714,8854,7591,884
3564,7856,4714,1576,7591,884
3565,7856,4714,8017,7591,4202
3566,7856,4714,1576,7591,884
3567,7856,9493,8854,7591,3446
3568,7856,9493,8854,2195,7145
3569,7856,9493,1576,8433,7145
3570,7856,4714,9016,7591,884
3571,8902,9972,9436,4573,6743
3572,8902,2390,9016,4827,884
3573,7407,4714,1576,3673,4160
3574,7856,4714,1576,7591,4202
3575,7856,4714,1576,4985,7145
3576,7856,1478,1576,7591,9443
3577,7856,9493,1576,7591,8548
3578,7856,9493,5184,4827,7145
3579,7856,4714,1576,9935,8548
3580,9675,4714,8017,7591,7145
3581,7856,4714,240,7591,3446
3582,7856,4714,1576,7591,7145
3583,7856,9493,8854,7591,5690
3584,7856,2390,1576,9935,7145
3585,7856,9493,8854,7591,7821
3586,7856,4714,1576,9935,7145
3587,7856,9493,1576,2195,7145
3588,7856,4714,1576,7591,8548
3589,7407,4714,1576,7591,7821
3590,7856,4714,8017,7178,7145
3591,7856,4714,1576,9935,2422
3592,9675,4714,1576,4827,884
3593,9675,9493,8854,8433,7145
3594,2383,666,9044,9857,3446
3595,2383,9972,9436,5046,884
3596,2383,666,9436,2969,1516
3597,7856,4714,9016,7591,884
3598,7856,4714,8854,7591,3446
3599,7856,4714,5184,7591,9385
3600,7856,9493,8854,7591,884
3601,7856,9493,8854,7591,884
3602,7856,4714,1576,4985,7821
3603,7856,4714,1576,7591,2422
3604,7856,4714,1576,7591,9385
3605,7856,4714,1576,9935,884
3606,7407,4714,1576,7591,884
3607,7856,4714,8854,7591,9385
3608,7856,9493,1576,7591,8548
3609,7856,4714,8854,7591,3446
3610,7856,4714,8854,1563,4311
3611,7856,9493,8854,7591,7145
3612,7856,4714,1576,7591,884
3613,7856,4714,1576,7591,884
3614,7856,4714,8854,7591,884
3615,7856,2390,1576,7591,2422
3616,7407,4714,1576,9935,9337
3617,7407,4714,6490,7178,7145
3618,7856,1478,1576,9935,1772
3619,7856,9493,5184,9935,7145
3620,7856,9493,240,8302,7145
3621,7856,9493,1576,9935,663
3622,7856,4714,5184,8433,8548
3623,7856,9493,8854,7591,7821
3624,7856,4714,4026,7591,8548
3625,7856,4714,8854,7591,884
3626,7856,4714,1293,9935,7145
3627,7856,4714,1576,7591,884
3628,7856,4714,1576,9935,663
3629,7856,4714,8854,7591,7356
3630,9675,4714,8854,7591,7821
3631,7856,4714,1576,9935,2422
3632,7856,4714,9016,9935,2422
3633,7856,4714,1576,7591,884
3634,7856,9493,8854,7591,1449
3635,7856,4714,1576,7591,884
3636,7856,4714,1576,7591,7821
3637,7856,9493,1576,9935,1895
3638,7856,4714,8854,7591,3446
3639,7856,9493,5184,9935,8548
3640,7856,4714,240,7591,884
3641,7856,1478,240,7591,884
3642,7856,2390,240,7591,884
3643,7856,4714,8854,7591,884
3644,7856,4714,8854,7591,884
3645,7856,4714,8854,7591,7821
3646,7856,4714,8854,7591,7821
3647,7856,4714,1576,7591,884
3648,7856,4714,1576,9935,7145
3649,8902,9972,1576,7591,8548
3650,7856,9972,1576,9935,8548
3651,7856,4714,1576,7591,7145
3652,7856,9493,1576,4537,7145
3653,7407,9493,5184,7591,884
3654,7856,4714,1576,7591,884
3655,7856,4714,1576,7591,8548
3656,7856,4714,1576,9935,7145
3657,7856,1478,1576,7591,1772
3658,7856,1478,1576,9935,8548
3659,7856,9566,7093,9935,663
3660,7407,4714,2345,9935,2422
3661,7407,9493,5184,8433,7145
3662,7407,4714,2225,1592,7821
3663,8902,9972,1576,9935,7145
3664,7856,9972,9016,7591,7145
3665,7856,9493,1576,4827,884
3666,7856,9493,1576,7591,884
3667,9675,4714,1576,7591,884
3668,7856,9493,1576,8302,7145
3669,7407,4714,1576,7591,4202
3670,7856,9493,1576,9935,884
3671,7407,4714,1576,7591,8548
3672,7856,4714,1576,9935,2422
3673,7856,2390,7093,8008,884
3674,7856,4714,1576,9935,884
3675,7856,4714,1576,7591,884
3676,7856,9493,240,8302,7145
3677,7856,4714,1576,4985,884
3678,7856,4714,1576,7591,884
3679,7856,4714,1576,9935,7145
3680,7856,4714,9016,7591,884
3681,7856,9493,8854,7591,884
3682,7856,4714,8854,7591,7821
3683,7856,9493,1576,7591,884
3684,7856,4714,1576,7591,7145
3685,7856,9493,1576,4537,7145
3686,7856,9493,5184,7591,7145
3687,7856,4714,8854,4537,1449
3688,7856,4714,8854,7591,7821
3689,7856,4714,240,2195,884
3690,7856,9493,8854,7591,7145
3691,7856,4714,1576,7591,884
3692,7856,2390,1576,7591,884
3693,7856,4714,1576,9935,2422
3694,7856,4714,9016,9935,7145
3695,7856,4714,1576,7591,884
3696,7856,9493,240,2195,9443
3697,7856,4714,1576,9935,8548
3698,7856,2390,1576,9935,1772
3699,7856,4714,8854,7591,884
3700,7856,4714,8854,9935,1449
3701,9675,4714,240,2195,7145
3702,7856,3253,8854,7591,1449
3703,7856,1478,240,7591,884
3704,7856,9493,5184,7591,7145
3705,7856,9493,8854,7591,2422
3706,7856,4714,1576,9935,7145
3707,7856,2390,1576,9935,7145
3708,9675,4714,9016,7591,2422
3709,7856,9493,240,8433,884
3710,7856,9493,5184,8433,884
3711,7856,9493,1576,7591,884
3712,7856,4714,8854,7591,8548
3713,7856,4714,8017,7591,884
3714,7856,4714,1576,7591,8548
3715,7856,4714,8854,7591,7821
3716,7856,4714,1576,7591,4202
3717,7856,4714,8854,7591,7821
3718,7856,4714,8854,1592,7821
3719,7856,9493,1576,4537,7145
3720,7856,4714,1576,7591,7145
3721,7856,4714,1576,7591,7821
3722,7856,9493,8854,4827,884
3723,7856,2390,317,9935,884
3724,7856,4714,1576,7591,9385
3725,7856,4714,1576,7591,8548
3726,7856,1478,1576,7591,8548
3727,7856,4714,1576,7591,884
3728,7856,4714,1576,7591,7821
3729,7407,4714,1576,4985,4202
3730,7856,4714,1576,7591,8548
3731,7407,4714,1576,7591,8548
3732,7856,9493,1576,7591,884
3733,7856,4714,1576,7591,884
3734,7856,4714,9016,7178,884
3735,7856,4714,1576,7591,8548
3736,7407,4714,9016,7591,2422
3737,7856,4714,2345,9935,2422
3738,7856,4714,1576,7591,2422
3739,7856,9493,1576,9935,884
3740,7856,4714,1576,7591,8548
3741,7856,4714,1576,7591,7145
3742,7856,9493,8854,5585,5690
3743,7856,4714,1576,9935,7145
3744,7856,4714,1576,7591,8548
3745,7407,4714,1576,7591,7145
3746,8902,9493,1576,7591,8548
3747,7856,9493,7093,9935,884
3748,7856,4714,1576,9935,663
3749,7856,9972,7093,9935,1772
3750,7856,4714,1576,7591,8548
3751,7856,9493,1576,9935,7145
3752,7407,4714,5184,9935,9385
3753,7856,1478,1576,9935,9337
3754,7856,1478,1576,9935,8548
3755,7856,9493,240,9935,884
3756,7856,4714,1576,7591,884
3757,7856,4714,1576,7591,8548
3758,7856,4714,240,7591,3446
3759,7856,4714,240,8302,7145
3760,7856,4714,8854,7591,7145
3761,7856,4714,1576,7591,7145
3762,7856,9493,1576,9935,663
3763,7856,9493,1576,9935,7145
3764,7856,4714,5184,7591,9385
3765,7407,4714,5184,7591,8548
3766,7856,4714,9016,7591,8548
3767,7856,4714,9016,7591,884
3768,7856,2390,240,4827,884
3769,7856,1478,9436,8008,884
3770,7856,9493,240,7591,884
3771,7856,4714,1576,9935,884
3772,7856,4714,1576,7591,884
3773,7407,4714,5184,9935,9385
3774,7856,4714,5184,7591,884
3775,7856,4714,8854,7591,7821
3776,7856,9493,8854,7591,3446
3777,7856,9493,8854,4537,7821
3778,7856,4714,1576,6765,7821
3779,7856,4714,8017,7591,7145
3780,8902,9972,1576,9935,1772
3781,8902,9972,1576,9935,1772
3782,7856,4714,1576,7591,7145
3783,7856,9972,1576,9935,1772
3784,7856,4714,8854,7591,884
3785,7856,9493,1576,7591,7145
3786,7856,1478,240,7591,8548
3787,7856,4714,1576,4985,7821
3788,7856,4714,8854,4537,7356
3789,7407,4714,5184,7591,8548
3790,7856,4714,5184,9935,9385
3791,7856,4714,5184,7591,9385
3792,7407,4714,1576,7591,7821
3793,7856,4714,1576,7591,4202
3794,7407,4714,8854,7591,4202
3795,7856,4714,1576,7178,884
3796,7856,4714,1576,7591,884
3797,7856,4714,8854,7591,3446
3798,7407,4714,1576,7178,884
3799,7856,4714,668,7178,884
3800,8902,4714,1576,7591,884
3801,7856,4714,5184,9935,9385
3802,7407,4714,5184,7591,8548
3803,7407,4714,1576,7591,7145
3804,9675,4714,8017,7591,7145
3805,7856,2390,1576,7591,7145
3806,7856,4714,1576,7591,4202
3807,7407,4714,5184,7591,7821
3808,7856,9493,1576,8433,884
3809,7407,4714,2225,9935,7821
3810,7856,9493,240,7591,7145
3811,7856,9493,1576,7591,884
3812,7407,4714,1576,7591,884
3813,7856,4714,1576,7591,5690
3814,7856,2390,1576,9935,7145
3815,7856,9493,1576,8433,884
3816,7856,4714,1576,9935,8548
3817,7856,4714,1576,7591,884
3818,7856,4714,1576,7591,2422
3819,7856,4714,1576,7591,884
3820,7856,9972,1576,9935,1772
3821,7856,4714,8854,7591,884
3822,7856,9493,1576,9935,8548
3823,7856,4714,8854,7591,7821
3824,7856,9493,1576,7591,663
3825,7407,4714,1576,7591,4202
3826,7856,9972,1576,7591,884
3827,7856,4714,8854,7591,884
3828,7856,4714,8854,7591,8548
3829,7856,9493,1576,7591,8548
3830,7856,9493,1576,7591,8548
3831,8902,9972,9016,4827,884
3832,7856,9493,1576,4827,884
3833,7856,2390,1576,7591,7145
3834,7407,4714,1576,4985,4202
3835,7407,4714,1576,4985,7821
3836,7856,9493,1576,7591,884
3837,7856,9493,1576,9935,9337
3838,7856,4714,8854,7591,884
3839,7856,9972,1576,9935,1772
3840,7856,4714,1576,7591,7145
3841,7856,4714,1576,9935,663
3842,7407,4714,1576,7591,7145
3843,7856,4714,1576,7591,7145
3844,7856,4714,1576,7591,884
3845,7856,4714,1576,7591,7145
3846,7856,4714,1576,7591,8548
3847,7856,9493,8854,7591,5885
3848,7856,9493,8854,7591,7821
3849,7856,3253,5184,7591,8548
3850,7856,3253,1576,7591,884
3851,7856,4714,5184,7591,8548
3852,8902,4714,1576,7591,884
3853,7856,4714,4026,7591,7821
3854,7856,4714,1576,7591,7821
3855,7856,2390,1576,7591,884
3856,7856,4714,1576,9935,884
3857,8902,9972,7093,9935,884
3858,7856,4714,1576,7591,8548
3859,7407,4714,9016,7591,3401
3860,7407,4714,1576,7591,8548
3861,7856,2390,1576,7591,7821
3862,7407,4714,1576,7591,657
3863,7856,4714,1576,9935,7145
3864,7856,4714,240,7591,2535
3865,7856,4714,4026,7591,7821
3866,7856,4714,5184,9935,7145
3867,7856,9493,1576,8433,884
3868,3474,9493,240,8433,884
3869,7856,2390,1576,7591,884
3870,7407,4714,1576,7591,8548
3871,7856,4714,1576,7591,7145
3872,7856,4714,8854,5112,7821
3873,7856,4714,1576,7591,7821
3874,7407,4714,1576,4985,4202
3875,7856,4714,5184,4827,7145
3876,7856,9493,8854,8433,7821
3877,7856,4714,8854,7591,7821
3878,7856,3253,1576,7591,8548
3879,7407,4714,8854,7591,7821
3880,7856,4714,1576,9935,884
3881,7856,9493,7093,7591,884
3882,7856,9493,240,7591,8548
3883,7856,4714,8854,8302,5885
3884,7856,9493,240,8433,8548
3885,7856,4714,1576,7591,7145
3886,7856,4714,1576,7591,4202
3887,7856,4714,1576,4985,884
3888,7856,3253,8854,7591,1449
3889,7856,3253,240,9935,1449
3890,7856,4714,1576,7591,884
3891,7856,9493,8854,7591,7821
3892,7407,4714,9016,7591,884
3893,7407,4714,9016,7591,2422
3894,7407,9493,1576,7591,4202
3895,7407,4714,1576,7591,4202
3896,7856,4714,1576,7591,884
3897,7856,4714,1576,9935,663
3898,7856,2390,1576,7591,8548
3899,8902,4714,1576,7591,884
3900,7407,4714,1576,7591,884
3901,7407,4714,1576,9935,9385
3902,7856,9493,1576,7591,7145
3903,7407,4714,9016,9935,2422
3904,7856,9493,9016,4827,884
3905,7407,4714,9016,7591,2422
3906,7856,4714,1576,7591,8548
3907,7856,9493,1576,9935,1772
3908,7856,2390,1576,9935,7145
3909,7856,4714,1576,7591,7145
3910,7856,4714,5184,7591,8548
3911,7856,2390,1576,9935,7821
3912,7856,4714,1576,6765,4202
3913,7856,4714,1576,7591,8548
3914,7856,3253,1576,7591,8548
3915,7856,1478,1576,9935,7145
3916,7856,4714,8017,7591,7145
3917,7856,4714,8854,7591,7356
3918,7856,4714,1576,7591,8548
3919,7407,4714,1576,7591,884
3920,7856,9493,8854,7591,7821
3921,7856,9493,8854,8433,7821
3922,7407,4714,1576,2195,884
3923,7856,4714,1576,4985,5690
3924,7856,4714,9016,7591,884
3925,7856,9493,1576,4985,7145
3926,7856,9493,1576,7591,884
3927,7856,4714,1576,7591,7821
3928,7856,4714,1576,7591,8548
3929,7856,2390,1576,7591,8548
3930,7856,4714,1576,7591,884
3931,7407,9493,1576,9935,8548
3932,7856,4714,1576,7591,884
3933,7856,4714,1576,7591,663
3934,7856,4714,1576,7591,884
3935,7856,4714,5184,7591,8548
3936,7856,9493,1576,9935,1449
3937,7856,3253,240,7591,1772
3938,7856,1478,1576,9935,8548
3939,7856,4714,5184,7591,1449
3940,7856,4714,5184,7591,7821
3941,7856,4714,8854,7591,3446
3942,9675,9493,8017,7178,7145
3943,7856,9493,1576,7591,7145
3944,7856,4714,5184,7591,8548
3945,7856,4714,8854,7591,4202
3946,8902,6429,5184,9935,2730
3947,7856,9493,5184,9935,9337
3948,7856,4714,1576,9935,884
3949,7856,2390,1576,9935,8548
3950,7856,9493,1576,9935,7145
3951,7856,9493,5184,9935,7145
3952,7856,4714,5184,9935,8548
3953,7856,4714,8017,7591,7145
3954,7856,9493,1576,8433,7145
3955,2383,9493,9044,9742,884
3956,8902,9493,1576,6765,3401
3957,7856,4714,240,7591,3446
3958,7856,4714,8854,7591,3446
3959,7856,4714,240,7591,884
3960,7856,4714,1576,7591,884
3961,7856,9493,240,7591,8548
3962,7856,9493,1576,7591,8548
3963,7856,4714,1576,7591,7821
3964,7407,4714,1576,7591,7821
3965,7407,4714,1576,7591,884
3966,7856,9493,5184,7591,8548
3967,7856,4714,8854,7591,884
3968,7856,2390,1576,9935,8548
3969,2383,2390,9436,8008,884
3970,2383,9493,1576,3178,884
3971,8902,9972,9016,4827,884
3972,7856,4714,1576,1592,7821
3973,8902,1478,240,2195,884
3974,7856,4714,1576,9935,8548
3975,7856,3253,8854,7591,1449
3976,7856,4714,8854,7591,884
3977,7856,1478,240,7591,7145
3978,7856,9493,8854,4537,5690
3979,7856,4714,8854,7591,7821
3980,7856,9493,5184,9935,9337
3981,7856,2390,1576,9935,7145
3982,8902,2390,1576,9935,663
3983,7856,4714,1576,7591,663
3984,7856,9493,8854,8302,7145
3985,7407,4714,1576,4985,7145
3986,7856,4714,1576,9935,663
3987,7856,4714,8854,7591,884
3988,7856,4714,1576,9935,8548
3989,7856,9493,8854,7591,884
3990,7856,4714,4026,4537,7821
3991,7856,9493,1576,9935,7145
3992,7856,4714,1576,7178,7145
3993,7856,9493,8854,7591,3446
3994,7856,4714,8854,7591,884
3995,7856,9493,1576,7591,8548
3996,7856,1478,1576,7591,8548
3997,7856,3253,1576,7591,7356
3998,7856,4714,1576,7591,8548
3999,7856,9493,240,8433,8548
4000,7856,4714,1576,7591,884
4001,7856,9493,8854,7591,7821
4002,7856,9493,1576,8433,884
4003,7856,1478,1576,7591,7145
4004,7856,4714,4026,7591,7821
4005,7856,4714,1576,9935,884
4006,7856,9493,1576,9935,884
4007,7856,4714,1576,7591,7145
4008,7856,9493,8854,7591,884
4009,7856,4714,1576,7591,7821
4010,7407,4714,1576,7591,7145
4011,7856,4714,1576,7591,7145
4012,7407,4714,1576,9935,7821
4013,7407,4714,1576,7591,7821
4014,8902,1478,1576,8433,8548
4015,7856,9493,1576,8433,8548
4016,7856,4714,8017,2195,6689
4017,7856,4714,5184,8433,884
4018,7856,4714,9016,4985,884
4019,7856,4714,1576,7591,7821
4020,7856,4714,5184,8302,7145
4021,7856,2390,1576,9935,7145
4022,7856,2390,1576,9935,7145
4023,7407,4714,240,2195,3401
4024,7856,4714,240,7591,884
4025,7856,4714,8854,7591,884
4026,7856,4714,1576,4985,4202
4027,7856,4714,5184,9935,8548
4028,7856,4714,1576,4985,7821
4029,7856,4714,1576,7591,2422
4030,7856,4714,8854,7591,7821
4031,7856,4714,1576,7591,7145
4032,7856,9493,8854,8302,7145
4033,7856,4714,8854,7591,7145
4034,7856,4714,9016,7591,884
4035,7856,4714,5184,7591,8548
4036,7407,4714,1576,7591,4202
4037,7856,4714,1576,7591,7821
4038,7856,9493,1576,7591,7145
4039,7856,4714,8854,7591,7145
4040,7856,9493,1576,7591,7145
4041,8902,2390,1576,7591,8548
4042,7856,4714,8854,7591,7821
4043,7856,4714,1576,7591,884
4044,7856,9493,1576,8433,7821
4045,7856,4714,1576,7591,884
4046,7856,4714,5184,7591,7821
4047,7407,4714,5184,7591,7145
4048,7856,4714,8854,7591,7145
4049,7856,4714,1576,4985,7821
4050,7856,2390,1576,7591,8548
4051,7856,2390,1576,9935,8548
4052,7856,4714,8017,7591,8548
4053,7856,4714,1576,9935,7145
4054,9675,4714,1576,7591,884
4055,7856,4714,1576,7591,884
4056,7856,9972,1576,9935,663
4057,8902,1478,8779,9935,8548
4058,7856,9493,8854,8433,7145
4059,7856,4714,1576,7591,8548
4060,7856,4714,1576,7591,884
4061,7407,4714,9016,7591,884
4062,7856,4714,9016,7591,884
4063,7407,9493,240,8205,3401
4064,7856,9972,1576,9935,663
4065,7407,4714,5184,1592,7821
4066,7856,4714,1576,7591,7821
4067,7856,4714,4026,7591,7821
4068,7856,4714,8854,7591,884
4069,7856,4714,8854,7591,884
4070,7407,4714,8017,7591,7145
4071,7856,4714,1576,4827,884
4072,7856,4714,1576,7591,884
4073,7856,9493,1576,7591,884
4074,7856,4714,2345,9935,2422
4075,7856,4714,8854,7591,7821
4076,7856,9972,1576,7591,7145
4077,7407,4714,1576,7591,4202
4078,7856,4714,1576,7591,7821
4079,7856,4714,1576,7591,7821
4080,7856,4714,1576,7591,884
4081,7856,9493,1576,7591,7145
4082,7407,4714,1576,7591,884
4083,7856,4714,1576,7591,8548
4084,7856,9972,1576,7591,663
4085,7856,9972,4026,9935,8548
4086,7856,4714,1576,7591,884
4087,7856,4714,4026,7591,8548
4088,7856,4714,8854,7591,884
4089,7856,1478,1576,9935,663
4090,7856,4714,1576,7591,884
4091,7856,4714,1576,9935,7145
4092,8902,2390,1576,9935,7145
4093,2383,2390,240,8205,3401
4094,7856,4714,1576,7591,7821
4095,8902,4714,1576,5046,884
4096,7856,4714,1576,7591,7145
4097,8902,2390,240,2195,3401
4098,7856,4714,1576,7591,8548
4099,7856,9493,8854,9935,1449
4100,7856,4714,8854,7591,5885
4101,7856,4714,1576,7591,5885
4102,7856,4714,1576,7591,7145
4103,7856,4714,1576,9935,663
4104,7856,9493,8854,7591,3446
4105,8902,4714,1576,9935,8548
4106,7856,9493,1576,9935,7145
4107,7856,4714,1576,9935,2422
4108,7856,4714,1576,7591,7145
4109,7856,4714,8854,7591,7145
4110,7856,4714,8854,7591,884
4111,7856,4714,1576,7591,8548
4112,7407,4714,1576,7591,884
4113,7856,666,240,7591,884
4114,7856,1478,240,2195,884
4115,7856,4714,8854,7591,884
4116,7856,4714,1576,7591,884
4117,7856,4714,1576,9935,7145
4118,7856,4714,1576,7591,884
4119,7856,4714,8854,7591,3446
4120,7856,4714,5184,7591,8548
4121,7407,9493,5184,7591,7821
4122,7856,2390,1576,7591,3401
4123,7856,9493,1576,8433,884
4124,7407,4714,1576,7591,884
4125,7856,4714,9016,7591,8548
4126,7407,4714,1576,7591,4202
4127,7856,4714,1576,7591,884
4128,7856,4714,1576,7591,8548
4129,7856,4714,8854,4537,7821
4130,7856,3253,1576,7591,8548
4131,7856,9493,8854,1563,663
4132,7856,9493,240,2195,8548
4133,7856,4714,8854,1563,3446
4134,7856,9566,1576,9935,1772
4135,7856,6429,1576,9935,8548
4136,7856,4714,1576,9935,8548
4137,7856,4714,1576,7591,4202
4138,7856,4714,1576,7591,884
4139,7856,9493,1576,7591,884
4140,7856,4714,1576,7591,8548
4141,7856,4714,1576,9935,8548
4142,7856,3253,2005,9935,1895
4143,7407,9493,1576,7591,884
4144,7407,4714,1576,9935,9385
4145,7407,4714,8854,7591,7821
4146,7856,9493,1576,7591,884
4147,7856,4714,8854,7591,7821
4148,7856,4714,1576,7591,7821
4149,8902,2390,1576,9935,1772
4150,7407,4714,1576,1592,7821
4151,7856,9493,5184,7591,8548
4152,7856,4714,1576,7591,8548
4153,7856,9493,8854,2195,7145
4154,7856,4714,5184,7591,8548
4155,7856,9493,1576,9935,8548
4156,7856,1478,1576,9935,7145
4157,7856,2390,7093,7591,884
4158,7856,9493,8854,7591,3446
4159,7856,9493,1576,9935,9385
4160,7856,666,8854,4537,3446
4161,7407,4714,8854,7591,7821
4162,7856,9493,3647,9935,1895
4163,7856,4714,5184,9935,9385
4164,7856,9493,240,2195,8548
4165,7856,9972,1576,7591,663
4166,7856,9493,8854,9935,663
4167,7856,3253,1576,9935,1449
4168,7856,4714,1576,7591,4202
4169,8902,2390,1576,9935,1772
4170,7407,4714,9016,9935,4202
4171,7407,6429,5184,9935,9385
4172,3565,4714,9016,4985,4202
4173,7856,9493,8854,9935,2422
4174,7856,9493,240,8433,1449
4175,7856,4714,8854,7591,884
4176,7407,4714,1576,7591,7821
4177,7856,4714,1576,7591,8548
4178,7856,4714,1576,7591,8548
4179,7856,4714,1576,7591,884
4180,7856,9493,1576,7591,884
4181,7856,4714,1576,9935,9385
4182,7407,4714,668,7591,7145
4183,7407,4714,1576,7591,8548
4184,7856,4714,1576,7591,4202
4185,7407,4714,9016,7591,2422
4186,7856,4714,8854,7591,7145
4187,7856,4714,8017,7591,884
4188,7856,4714,1576,7591,7145
4189,7856,4714,1576,7591,7821
4190,7856,4714,8017,7591,7145
4191,7856,4714,1576,9935,7145
4192,7856,4714,5184,9935,7821
4193,7407,9493,5184,4537,9385
4194,8902,9972,1576,8433,884
4195,8902,2390,1576,4827,884
4196,3474,9493,240,2195,884
4197,7856,9493,1576,7591,884
4198,7856,4714,1576,7591,884
4199,7856,4714,1576,7591,8548
4200,7856,4714,1576,9935,7145
4201,7856,4714,1576,7591,884
4202,7856,1478,1576,2195,7145
4203,7407,4714,1576,7591,7821
4204,7856,9493,8854,9935,7145
4205,7856,1478,1576,7591,8548
4206,7856,4714,1576,7591,884
4207,7856,4714,8854,9935,2422
4208,7407,4714,1576,7591,884
4209,7856,9493,1576,2195,7821
4210,7856,3253,240,7591,884
4211,7856,9493,8854,7591,3446
4212,7856,4714,8854,7591,884
4213,8902,4714,9016,4827,7145
4214,7856,4714,8854,7591,7821
4215,7856,4714,8854,7591,884
4216,7407,4714,8854,7591,884
4217,7856,2390,1576,7591,8548
4218,7856,9493,5184,7591,884
4219,7856,9493,8854,9935,663
4220,7856,9493,1576,9935,1895
4221,7856,1478,5184,8433,8548
4222,7856,4714,8854,7591,884
4223,7856,4714,1576,7591,7821
4224,2383,5353,240,7039,7145
4225,7856,9493,1576,4985,7145
4226,7856,4714,1576,7591,884
4227,7856,9493,240,7591,3446
4228,7856,4714,8854,7591,7145
4229,7856,2390,5184,7591,8548
4230,7407,4714,9016,7591,2422
4231,7407,4714,1576,7591,884
4232,7856,2390,1576,9935,7145
4233,7856,75,240,7591,884
4234,7856,4714,1576,7591,7821
4235,7856,4714,8854,2195,3401
4236,7856,4714,1576,7591,884
4237,7856,4714,1576,7591,884
4238,7856,4714,8854,7591,884
4239,7407,4714,7093,7591,2422
4240,7856,9493,1576,7591,884
4241,7856,4714,1576,7591,884
4242,7856,4714,1576,7591,8548
4243,7856,9493,240,2195,7145
4244,7856,9493,1576,7591,7145
4245,7856,4714,1576,7591,884
4246,7856,4714,1576,7591,8548
4247,7856,4714,8854,7591,884
4248,8902,2390,240,8433,884
4249,8902,666,240,2195,884
4250,7856,9493,240,9857,7145
4251,7856,9493,1576,7591,884
4252,7856,4714,1576,9743,3401
4253,8902,4714,1576,4985,3401
4254,7856,4714,8854,7591,3446
4255,7856,9493,8854,7591,884
4256,7856,9493,8854,7591,3446
4257,7856,4714,1576,9935,7145
4258,7856,4714,1576,4985,7821
4259,7856,4714,9016,4827,884
4260,7856,3253,8854,7591,7145
4261,7856,4714,1576,7591,2422
4262,7856,9493,1576,9935,8548
4263,7856,1478,240,2195,8548
4264,7856,9493,5184,8433,7821
4265,7856,9493,5184,7591,8548
4266,7856,9493,8854,7591,884
4267,7856,2390,1576,9935,7356
4268,7856,9493,1576,7591,7821
4269,7856,4714,1576,9935,8548
4270,7856,4714,1576,7591,4202
4271,7407,4714,9016,9935,2422
4272,7407,2390,9016,4985,884
4273,7856,4714,7093,7591,884
4274,7856,2390,9436,7591,1772
4275,7856,2390,1576,7591,884
4276,7856,4714,1576,7591,7821
4277,7856,4714,5184,9935,7821
4278,7856,4714,5184,9935,9337
4279,7856,4714,1576,7591,884
4280,7856,4714,9016,7591,9385
4281,7856,4714,5184,7591,8548
4282,7856,9493,1576,9935,9337
4283,7856,4714,9016,7591,884
4284,7856,4714,1576,7591,884
4285,7856,4714,9016,7591,7145
4286,7856,4714,1576,7591,2422
4287,7856,2390,1576,2195,3401
4288,7856,9493,1576,8433,884
4289,7856,4714,9016,9857,7145
4290,7407,4714,1576,9935,7145
4291,7856,4714,8854,7591,9385
4292,7856,4714,9016,7591,2422
4293,7856,9493,1576,7591,884
4294,7856,9493,1576,9935,884
4295,7856,9493,8854,8433,7821
4296,7856,9972,1576,9935,3746
4297,7856,9493,1576,8433,7145
4298,7856,4714,1576,7591,9385
4299,7856,4714,4026,7591,7821
4300,7856,1478,1576,7591,8548
4301,7856,4714,1576,9935,9913
4302,7856,1478,1576,9935,8548
4303,7856,4714,9016,7591,884
4304,9675,9493,8854,4537,7145
4305,7856,9493,1576,7591,884
4306,7856,4714,9016,7178,884
4307,7856,9493,1576,7591,4202
4308,7856,4714,1576,9935,2422
4309,7856,4714,1576,9935,884
4310,7856,9493,1576,7591,2422
4311,7856,4714,8854,7591,884
4312,7856,1478,1576,7591,663
4313,7856,4714,1576,7591,663
4314,7856,9493,1576,7591,7145
4315,7856,9493,5184,9935,7145
4316,9675,9493,8017,7178,7145
4317,7856,9493,1576,8302,7145
4318,9675,4714,8017,7591,7145
4319,7856,4714,668,9857,884
4320,7856,9493,8854,9935,7821
4321,7856,4714,1576,7591,884
4322,7856,1478,1576,9935,8548
4323,7856,4714,1576,9935,9385
4324,7856,4714,1576,7591,7145
4325,7407,4714,5184,8302,7145
4326,7856,4714,1576,7591,884
4327,7856,9493,1576,9935,7821
4328,7856,2390,1576,7591,7145
4329,7856,9493,8854,7591,7821
4330,7856,75,240,2195,9443
4331,7856,2390,5184,7591,8548
4332,7856,4714,1576,7591,4202
4333,7856,4714,240,7591,9443
4334,7856,4714,1576,9935,884
4335,7856,75,240,7591,884
4336,7856,1478,240,7591,3746
4337,7856,9493,240,8302,7145
4338,7856,2390,1576,9935,1772
4339,7856,4714,1576,9935,7145
4340,7856,4714,1576,9935,1772
4341,7407,4714,8854,7591,884
4342,7856,4714,1576,7591,7821
4343,7856,1478,1576,7591,8548
4344,7856,4714,8854,7591,7821
4345,7856,4714,1576,7591,1449
4346,7407,4714,1576,7591,7821
4347,7856,9493,8854,8302,7145
4348,7856,4714,1576,7591,8548
4349,7856,9493,1576,7591,7145
4350,7407,4714,8854,7591,884
4351,7856,9493,1576,7591,884
4352,7856,4714,1576,7591,884
4353,7856,4714,8854,7591,9443
4354,7856,3253,240,7591,8548
4355,7856,4714,1576,7591,7821
4356,7407,4714,9016,7591,884
4357,7856,4714,8854,7591,884
4358,7856,4714,1576,7591,8548
4359,7856,1478,1576,9935,1772
4360,7856,4714,8854,7591,7821
4361,7856,1478,1576,9935,663
4362,7856,9972,1576,7591,1772
4363,7856,3253,8854,7591,884
4364,7856,9493,1576,7591,884
4365,7856,4714,1576,7591,7821
4366,7856,2390,1576,7591,884
4367,7856,9493,8017,9857,884
4368,7856,2390,1576,7591,8548
4369,7856,9493,1576,7591,8548
4370,7856,9493,8854,7591,7145
4371,7856,9493,8854,9935,1449
4372,7856,9493,2225,9935,7821
4373,7856,9493,8854,9935,7145
4374,7856,4714,5184,7591,8548
4375,7856,9493,5184,9935,2535
4376,9675,4714,8854,7591,7821
4377,7856,4714,1576,9935,7145
4378,7856,2390,1576,9935,7145
4379,8902,1478,1576,9935,1772
4380,7856,9493,8854,7591,884
4381,7856,9493,5184,9935,8548
4382,7856,1478,1576,9935,8548
4383,7856,4714,1576,7591,8548
4384,7856,4714,8854,7591,884
4385,7856,2390,1576,7591,8548
4386,7856,4714,8854,7591,884
4387,7856,4714,8854,7591,884
4388,7856,4714,5184,7591,8548
4389,7856,4714,1576,7591,7145
4390,7856,9493,8854,7591,3446
4391,7407,4714,1576,9935,2422
4392,7856,3253,8854,1563,884
4393,7856,9493,8854,7591,884
4394,7856,9493,240,7591,884
4395,7856,9493,1576,2195,8548
4396,7856,4714,1576,4827,884
4397,7856,4714,1576,7591,7821
4398,7407,9493,8854,4985,7821
4399,7856,4714,8854,7591,884
4400,7856,9493,1576,9935,1449
4401,7856,4714,1576,7591,884
4402,7856,4714,8854,7591,3446
4403,7856,4714,8854,7591,3446
4404,7856,4714,5184,9935,8548
4405,7856,9493,1576,4985,7145
4406,7856,9493,9016,7591,884
4407,7856,4714,1576,4827,884
4408,7856,4714,8017,7591,4202
4409,9675,9493,5184,9935,7145
4410,7856,9493,1576,2195,884
4411,7856,1478,1576,7591,884
4412,7856,75,240,7039,9443
4413,9675,9493,1576,7591,4202
4414,7856,4714,5184,7591,7821
4415,7856,4714,240,4827,884
4416,7856,4714,8854,7591,5690
4417,7856,9493,1576,7591,7821
4418,7856,4714,1576,7591,7821
4419,7856,2390,1576,9935,8548
4420,7856,9493,240,7591,7356
4421,7856,4714,8854,7591,884
4422,7856,4714,8854,9935,9385
4423,7856,4714,1576,7591,884
4424,7856,4714,1576,7591,7145
4425,7856,4714,1576,9935,7145
4426,7856,4714,1576,7591,8548
4427,7856,4714,1576,7591,7145
4428,7856,4714,8854,7591,5690
4429,7407,4714,8854,7591,884
4430,7856,4714,1576,9935,2422
4431,7856,4714,1576,7591,8548
4432,7407,4714,9016,7591,884
4433,7856,4714,1576,7591,8548
4434,7856,4714,8854,7591,8548
4435,7856,4714,240,7591,7821
4436,7856,9493,8854,4537,1449
4437,7856,4714,1576,7591,884
4438,7856,9493,1576,9935,5696
4439,7407,4714,5184,9935,7821
4440,7856,4714,8854,7591,7821
4441,7856,4714,1576,7591,884
4442,8902,9972,1576,9935,1772
4443,7856,4714,1576,7591,7821
4444,7856,4714,1576,7591,884
4445,7856,4714,1576,7591,7145
4446,7856,9972,1576,7591,1772
4447,7407,4714,1576,7591,884
4448,8902,4714,1576,9935,884
4449,7856,4714,4026,7591,7821
4450,7856,9493,8854,7591,7821
4451,7856,4714,1576,7591,884
4452,7856,9493,1576,8433,7145
4453,7856,9493,8854,1902,1449
4454,7856,9493,1576,7591,884
4455,7856,4714,1576,7591,7145
4456,7856,4714,1576,7591,884
4457,7856,4714,5184,7591,884
4458,7856,4714,1576,7591,7821
4459,7856,4714,1576,7591,884
4460,7856,9493,1576,7591,7145
4461,7856,9493,8854,7591,3446
4462,7856,9493,8854,8433,884
4463,7856,4714,5184,8302,7145
4464,7407,4714,8017,7591,8548
4465,7856,4714,8017,7591,7145
4466,7856,4714,8854,7591,8548
4467,7856,3253,8854,7591,1449
4468,7856,4714,8854,7591,884
4469,7856,3253,240,7591,8548
4470,7856,4714,4026,7591,8548
4471,7856,4714,1576,7591,884
4472,7856,4714,8854,7591,1449
4473,7856,4714,1576,9935,663
4474,7856,4714,1576,7591,884
4475,8902,4714,1576,4985,4202
4476,7856,4714,8854,7591,2422
4477,7856,4714,9016,7591,884
4478,7856,4714,8854,7591,7821
4479,7856,1478,1576,9935,8548
4480,7856,4714,9016,7591,884
4481,7856,4714,1576,7591,5885
4482,7856,2390,7093,7591,884
4483,7856,4714,1576,7591,7821
4484,8902,9972,1294,1879,7145
4485,7856,9972,1576,7591,8548
4486,7856,9493,1576,8433,7145
4487,7856,4714,1576,7591,884
4488,7856,4714,1576,7591,884
4489,7856,4714,1576,9935,1895
4490,7856,4714,8854,7591,7821
4491,7856,4714,1576,7591,4202
4492,7407,4714,1576,7591,8548
4493,7856,4714,1576,7591,8548
4494,7856,9493,1576,9935,7145
4495,7856,9493,1576,9935,8548
4496,7856,9493,5184,4985,4202
4497,7856,4714,7093,7591,2422
4498,7856,4714,1576,7591,8548
4499,7856,4714,8854,7591,7821
4500,7856,4714,1576,7591,884
4501,7856,4714,1576,7591,884
4502,7407,4714,1576,4985,4202
4503,7856,9493,1576,9935,8548
4504,7856,9493,1576,7591,8548
4505,7856,4714,8854,7591,7821
4506,7856,4714,1576,7591,884
4507,7856,1478,1576,9935,7145
4508,9675,4714,9016,7591,884
4509,7407,4714,1576,7591,4202
4510,7856,4714,8854,7591,884
4511,7856,9493,240,8433,7145
4512,7407,4714,9016,4985,4202
4513,7407,4714,1576,7591,4202
4514,7407,4714,5184,4985,4202
4515,7856,1478,1576,7591,8548
4516,7856,9493,1576,7591,884
4517,7856,3253,1576,2195,7145
4518,7407,4714,5184,7591,4202
4519,7856,4714,1576,7591,7145
4520,7856,4714,1576,7591,8548
4521,8902,9972,317,9935,1772
4522,8902,9972,9016,9935,3660
4523,8902,9972,1576,9935,3660
4524,7856,4714,8854,7591,7821
4525,7856,4714,1576,7591,7145
4526,7856,4714,5184,7591,7145
4527,7407,4714,1576,9935,8548
4528,7856,4714,8854,7591,7821
4529,7856,4714,1576,9935,8548
4530,7856,4714,1576,7591,884
4531,7856,4714,1576,7591,884
4532,7856,4714,240,7591,884
4533,7856,4714,1576,7591,8548
4534,7407,4714,1576,7591,7145
4535,7407,4714,1576,7591,8548
4536,7856,4714,8854,7591,884
4537,7407,4714,5184,9935,9385
4538,7856,4714,5184,9935,7145
4539,7856,9493,1576,9935,7145
4540,7856,2390,1576,9935,7145
4541,7856,9493,5184,7591,9443
4542,7407,4714,8854,7591,7821
4543,7856,9493,1576,9935,8548
4544,7856,9493,9016,8433,884
4545,7407,4714,8854,7591,3446
4546,7856,4714,8854,7591,5690
4547,7856,1478,1576,2195,8548
4548,7856,9493,8854,7591,7145
4549,7407,4714,1576,7591,4202
4550,7856,4714,4026,7591,8548
4551,7856,3253,1576,7591,7145
4552,7856,9493,1576,9935,8548
4553,7856,4714,8854,7591,7821
4554,7856,4714,1576,7591,7145
4555,7856,4714,8854,7591,7821
4556,7856,4714,8854,7591,7821
4557,7856,9493,5184,9935,7145
4558,7856,9493,8854,7591,7145
4559,7407,4714,2345,9935,2422
4560,7856,4714,1576,7591,884
4561,7856,4714,1576,9935,8548
4562,7856,4714,8017,7591,4202
4563,7856,9493,5184,7591,8548
4564,7856,4714,4026,7591,7821
4565,7856,4714,8854,7591,7821
4566,7407,4714,1576,7591,4202
4567,7856,4714,1576,7591,8548
4568,7407,4714,9016,7178,884
4569,7856,4714,1576,7591,8548
4570,7856,9493,1576,7591,884
4571,7856,9493,1576,7591,7821
4572,8902,2390,9016,9935,6743
4573,7856,9493,1576,9935,8548
4574,7856,2390,1576,7591,8548
4575,3890,9972,9436,9192,6438
4576,2383,7134,9044,9742,884
4577,8902,2390,9016,4827,884
4578,7856,9493,1576,9935,9337
4579,7856,9972,317,7591,1772
4580,7856,4714,1576,9935,9385
4581,7856,3014,8854,7591,3446
4582,7856,9493,1576,9935,7145
4583,7856,9493,240,7591,7145
4584,7856,3014,240,8302,3446
4585,7856,1478,1576,7591,884
4586,7856,9493,1576,4827,7145
4587,7407,4714,1576,7591,7821
4588,9675,9493,1576,9935,8548
4589,7856,4714,1576,9935,884
4590,7856,2390,1576,9935,884
4591,7856,4714,1576,7591,7821
4592,7856,9493,1576,7591,884
4593,7856,4714,1576,7591,7821
4594,7856,4714,8854,7591,3446
4595,7856,4714,1576,7591,884
4596,7856,4714,1576,7591,7145
4597,7856,4714,5184,7591,9385
4598,7856,4714,1576,7591,7145
4599,7856,4714,1576,7591,7821
4600,7856,4714,1576,7591,884
4601,7856,9493,1576,9935,1895
4602,7407,9493,8854,7591,4202
4603,7407,4714,1576,7591,4202
4604,7856,4714,1576,9935,884
4605,7856,4714,8854,7591,4202
4606,7856,4714,8854,7591,884
4607,7856,4714,1576,9935,8548
4608,7856,9972,1576,9935,663
4609,7856,9493,240,2195,3446
4610,7856,9493,1576,2195,7145
4611,7856,4714,8854,7591,884
4612,7856,9493,1576,7178,7145
4613,7856,2390,1576,9935,7145
4614,7407,4714,1576,9935,2883
4615,7407,9566,1576,9935,663
4616,7407,3229,1576,7591,4160
4617,7856,4714,8854,7591,884
4618,9675,4714,668,7591,884
4619,7856,4714,1576,7591,884
4620,7856,9493,8854,7591,884
4621,7407,4714,1576,7591,7821
4622,7856,2390,1576,7591,8548
4623,7856,9493,1576,9935,8548
4624,7856,9493,7093,7591,884
4625,7856,2390,7093,9935,884
4626,7856,4714,1576,7591,8548
4627,7407,4714,1576,7591,7821
4628,7856,9493,1576,7591,884
4629,7856,9493,1576,9935,663
4630,7856,4714,8854,7591,884
4631,7856,4714,8017,7591,3446
4632,7856,2390,1576,9935,1772
4633,7856,4714,1576,9935,7145
4634,7856,4714,1576,9935,7145
4635,7856,4714,1576,7591,8548
4636,7856,4714,8854,7591,8548
4637,7856,4714,8854,4537,3446
4638,7407,4714,9016,7591,884
4639,7856,9493,1576,7591,7145
4640,7407,9493,1576,7591,884
4641,7407,4714,1576,7591,7821
4642,7856,4714,1576,6765,7995
4643,7856,9493,1576,9935,8548
4644,7856,75,240,7591,884
4645,7856,9493,240,7178,7145
4646,7856,4714,240,7591,884
4647,7856,6429,1576,9935,7145
4648,7407,4714,9016,8433,9385
4649,7856,9493,1576,7591,8548
4650,7856,9493,5184,7591,884
4651,7856,4714,8017,7591,884
4652,7856,4714,1576,7591,884
4653,7856,4714,8854,7591,7145
4654,7856,4714,1576,7591,884
4655,7856,4714,8854,7591,7145
4656,7856,4714,8854,7591,7821
4657,7856,4714,4026,7591,7821
4658,7856,4714,1576,7591,884
4659,7856,9493,1576,7591,8548
4660,7856,4714,1576,4985,884
4661,7856,6429,5184,9935,9385
4662,7407,4714,9016,7591,884
4663,7856,4714,9016,7591,7145
4664,7407,4714,9016,7591,884
4665,7856,9493,668,7178,9443
4666,7856,9493,1576,9935,884
4667,7856,9493,8854,7591,7821
4668,7856,4714,1576,7591,7821
4669,7856,4714,1576,9935,8548
4670,7856,4714,1576,7591,7821
4671,7856,4714,1576,7591,8548
4672,7856,9493,1576,7591,884
4673,7856,4714,8854,7591,3446
4674,7856,1478,1576,7591,8548
4675,7856,9493,1576,8433,884
4676,7856,4714,1576,9935,7145
4677,7856,4714,9016,4827,884
4678,7856,4714,1576,9935,7145
4679,7856,4714,1576,9935,2422
4680,7856,4714,5184,7591,8548
4681,7856,4714,8854,7591,7145
4682,7856,4714,1576,9935,8548
4683,9675,9493,1576,8433,884
4684,7856,4714,1576,7591,4202
4685,7856,4714,1576,8433,7145
4686,7407,4714,5184,9935,7630
4687,7856,4714,1576,7591,884
4688,7407,4714,9016,4985,4202
4689,7856,9493,1576,7591,7145
4690,7856,4714,1576,7591,7821
4691,9675,4714,1576,7591,4202
4692,7856,9493,8854,7591,8548
4693,7856,4714,8017,2195,884
4694,7856,9493,8854,8302,7145
4695,7856,4714,8854,9935,9385
4696,7856,3253,8854,7591,1449
4697,7856,4714,1576,9935,7145
4698,7856,9493,240,8302,7145
4699,7856,4714,8854,7591,7145
4700,7856,9493,1576,7591,7145
4701,7407,4714,9016,8433,884
4702,8902,2390,9016,4827,884
4703,7856,2390,1576,478,7145
4704,8902,9972,1294,3670,884
4705,8902,9972,9436,4573,1772
4706,8902,9972,1576,9935,884
4707,7856,9972,1576,7591,9385
4708,7856,1478,8854,7591,1449
4709,7856,9972,1576,9935,663
4710,7407,9493,8854,9455,4202
4711,7856,4714,1576,4827,884
4712,7856,9493,8854,1563,2730
4713,8902,2390,1576,9743,4202
4714,7407,9972,9016,9935,7145
4715,7856,9493,1576,9935,9385
4716,2383,9493,240,9857,884
4717,7856,4714,9016,3178,884
4718,2383,666,9044,9857,884
4719,7856,4714,1576,7591,884
4720,7856,9493,1576,9935,9337
4721,7856,9972,1576,9935,1772
4722,7856,9493,8854,2195,8548
4723,7856,1478,1576,7591,8548
4724,7856,9493,240,9935,7145
4725,7407,4714,8854,7591,3446
4726,7856,4714,5184,7591,9443
4727,7856,3253,240,7591,8548
4728,7856,4714,1576,7591,884
4729,9675,9493,8854,7178,884
4730,7856,4714,1576,7591,4202
4731,9675,4714,240,7591,8548
4732,7856,4714,1576,9935,884
4733,7856,4714,8854,7591,4202
4734,7856,4714,1576,7591,8548
4735,7856,4714,240,2195,8548
4736,7407,4714,5184,7591,884
4737,7856,3253,8854,8433,1449
4738,7856,9493,1576,9935,7145
4739,7856,1478,1576,7591,663
4740,7407,4714,1576,7178,884
4741,7856,4714,9016,7591,884
4742,7856,4714,1576,9935,7145
4743,7856,4714,8854,7591,8548
4744,7856,9493,1576,7591,8548
4745,7856,4714,5184,7591,7821
4746,7856,4714,1576,7591,8548
4747,7856,9493,1576,7591,7145
4748,7856,4714,1576,7591,7821
4749,7856,9493,240,7178,7145
4750,2383,666,240,4827,884
4751,2383,4714,9016,7178,884
4752,7856,9972,1576,7591,884
4753,7856,4714,9016,7178,7145
4754,7856,4714,1576,7591,7145
4755,7856,4714,1576,7178,884
4756,7856,4714,1576,7591,5690
4757,7856,4714,8854,7591,7145
4758,8902,9493,1576,9935,7821
4759,7856,3253,240,8302,8548
4760,7407,9972,1576,9935,8548
4761,7856,9493,240,9857,884
4762,7856,9493,240,1563,7356
4763,7856,9493,240,4827,884
4764,7856,4714,1576,7591,884
4765,7856,4714,8854,7591,884
4766,7856,4714,1576,7591,7821
4767,7856,3253,1576,7591,8548
4768,7856,4714,9016,7591,7145
4769,7856,4714,1576,9935,1772
4770,7407,9972,1576,9935,1772
4771,8902,6429,1576,9935,1772
4772,8902,2390,1576,9743,2883
4773,7856,1478,1576,7591,8548
4774,7856,2390,1576,7591,8548
4775,7856,9493,1576,7591,663
4776,7407,4714,1576,1592,657
4777,7407,9493,1576,4985,7821
4778,7856,2390,1576,7591,8548
4779,7856,9493,8854,7591,7821
4780,7856,4714,1576,7591,7821
4781,8902,4714,1576,9935,7145
4782,8902,4714,1576,7591,884
4783,7856,4714,1576,7591,884
4784,7856,4714,1576,7591,7145
4785,7856,2390,1576,9935,884
4786,7407,4714,9016,7591,4202
4787,7856,4714,1576,7591,884
4788,7856,4714,8854,7591,884
4789,7856,3253,240,7591,7821
4790,7856,4714,8854,7591,884
4791,7407,4714,1576,7591,7821
4792,7407,4714,1576,7591,8548
4793,7856,4714,1576,7591,7145
4794,7407,4714,1576,1592,7821
4795,7856,4714,8854,7591,7821
4796,7856,4714,1576,1592,7821
4797,7856,4714,1576,2195,4202
4798,7856,4714,1576,7591,4202
4799,7856,4714,8017,7591,4202
4800,7407,4714,1576,1592,7821
4801,7407,4714,1576,4985,7821
4802,7856,4714,1576,7591,7821
4803,7856,4714,1576,7591,7821
4804,7856,2390,5184,8433,8548
4805,7856,4714,1576,7591,7356
4806,7856,2390,1576,9935,8548
4807,7856,9493,8854,9935,884
4808,7856,9493,1576,9935,7145
4809,7407,4714,1576,1592,7821
4810,7407,4714,5184,7591,7821
4811,7856,4714,1576,7591,884
4812,7856,2390,1576,9935,8548
4813,7407,4714,1576,7591,9385
4814,7856,2390,1576,9935,7145
4815,7856,4714,8854,7591,884
4816,7856,4714,9016,7591,2422
4817,7407,4714,1576,7591,4202
4818,7856,4714,1576,7591,8548
4819,7856,4714,8854,7591,884
4820,7856,4714,2345,7591,2422
4821,7407,4714,1576,1592,7821
4822,7856,9493,8854,8302,7145
4823,7407,4714,5184,9935,9385
4824,7856,4714,1576,9935,8548
4825,7856,1478,1576,4777,8548
4826,7856,4714,1576,7591,884
4827,7407,4714,1576,7591,4202
4828,7856,4714,1576,9935,884
4829,9675,4714,1576,4985,7145
4830,7856,9493,1576,7591,663
4831,7856,9493,1576,7591,8548
4832,7856,9493,240,7591,8548
4833,7407,4714,8017,7591,4202
4834,7856,1478,1576,7591,8548
4835,7856,9493,8854,7591,884
4836,3474,9493,8854,7591,7821
4837,7856,4714,1576,7591,9385
4838,7856,4714,1576,7591,2422
4839,8902,4714,9016,4731,884
4840,8902,2390,1576,9935,8548
4841,7856,2390,1576,9935,7145
4842,8902,2390,1576,8433,884
4843,2383,9493,1576,4731,884
4844,2383,9493,1576,8433,884
4845,7856,4714,1576,7591,884
4846,7856,2390,1576,9935,8548
4847,7856,9493,1576,7591,884
4848,7856,4714,1576,7591,8548
4849,7856,4714,1576,9935,9385
4850,7856,9493,8854,8433,7821
4851,7856,2390,1576,8433,8548
4852,7856,9493,8854,7591,9385
4853,7856,9493,5184,7591,7145
4854,7856,9493,1576,9935,9337
4855,9675,4714,1576,4985,7145
4856,7856,4714,5184,7591,7145
4857,7856,4714,8854,7591,9385
4858,7856,3253,1576,7591,8548
4859,7407,4714,8854,7591,7821
4860,7856,2390,1576,7591,8548
4861,7407,4714,8854,7591,884
4862,7856,4714,1576,7591,8548
4863,7856,9493,9016,4827,884
4864,7856,9493,240,2195,7145
4865,7856,4714,5184,9935,7145
4866,7856,4714,1576,9935,663
4867,7407,4714,1576,7591,884
4868,7856,1478,1576,7591,8548
4869,7856,4714,1576,7591,663
4870,7856,4714,1576,9935,884
4871,7856,9493,8854,8433,7821
4872,7856,4714,1576,9935,884
4873,7407,4714,1576,7591,4202
4874,7856,4714,8017,8302,7145
4875,7856,4714,1576,7591,8548
4876,7856,4714,5184,7591,8548
4877,7856,4714,1576,7591,4160
4878,7856,4714,1576,9935,884
4879,7856,4714,9016,7178,884
4880,7856,9493,8854,4985,884
4881,7856,4714,1576,7591,8548
4882,7856,9493,1576,7591,8548
4883,7856,4714,8854,7591,7145
4884,7856,4714,1576,7591,4202
4885,9675,4714,8854,7591,7145
4886,7856,9566,240,9935,8548
4887,7856,9493,1576,9935,7821
4888,7856,9493,1576,9935,7145
4889,7856,2390,1576,9935,7356
4890,7856,9493,8854,9935,7821
4891,7856,4714,8854,7591,3446
4892,7856,4714,8017,2195,3446
4893,7856,4714,5184,7591,8548
4894,7856,4714,1576,7591,7145
4895,7856,4714,1576,7591,8548
4896,7856,4714,1576,4985,7821
4897,7856,4714,4026,7591,4202
4898,7856,4714,1576,7591,884
4899,7856,4714,5184,8433,9385
4900,7856,4714,4026,7591,7821
4901,7856,9493,8854,9935,4542
4902,7856,9493,1576,7591,8548
4903,7856,9493,5184,8302,7145
4904,7856,4714,1576,7591,4202
4905,7407,4714,8854,7591,7821
4906,7856,9493,8854,7591,884
4907,7856,4714,1576,7591,884
4908,7856,4714,1576,7591,884
4909,7856,4714,8854,7591,7145
4910,7856,4714,1576,9935,7145
4911,7407,4714,1576,7591,7821
4912,7407,4714,8017,7591,884
4913,8902,4714,1576,9935,8548
4914,7856,4714,8854,7591,7821
4915,7856,3253,8854,7591,7821
4916,7856,4714,8854,7591,7821
4917,7856,75,240,8542,884
4918,8902,5353,240,8433,884
4919,7856,4714,240,7591,884
4920,7856,9493,1576,7591,8548
4921,7856,9493,8854,8433,7821
4922,7856,4714,8854,7591,7821
4923,7856,9493,8854,7591,884
4924,7856,4714,8854,1563,3446
4925,7856,9493,8854,4537,5885
4926,7856,4714,2345,9935,2422
4927,7856,9493,5184,8433,7821
4928,7407,4714,9016,7591,884
4929,7856,9493,1576,9935,7145
4930,7856,4714,1576,7591,884
4931,7856,4714,1576,4985,7145
4932,7856,9493,240,8302,7145
4933,7856,9493,240,7591,884
4934,7856,3014,240,8302,3446
4935,7856,4714,4026,7591,7821
4936,7856,4714,8854,7591,7821
4937,7856,4714,240,7591,884
4938,7856,2390,1576,7591,884
4939,7856,4714,4026,7591,4202
4940,7856,4714,1576,7591,8548
4941,7856,4714,1576,9935,7145
4942,7856,4714,9016,4827,7145
4943,7856,4714,1576,9935,5690
4944,7856,9493,1576,7591,7145
4945,7856,4714,8854,7591,884
4946,7856,5353,1576,4985,7145
4947,7856,4714,8854,4537,7145
4948,7856,4714,1576,4985,7821
4949,7856,4714,9016,7591,2422
4950,7856,9493,1576,9935,7145
4951,7856,2390,1576,7591,884
4952,7856,4714,240,2195,3401
4953,7856,4714,1576,7591,884
4954,7856,9566,1576,9935,8548
4955,7856,4714,1576,7591,8548
4956,7856,9972,1576,9935,1772
4957,7856,9566,1576,9935,1772
4958,7856,2390,1576,9935,8548
4959,7856,1478,1576,9935,8548
4960,7856,2390,1576,9935,663
4961,7856,4714,1576,7591,4202
4962,7856,3253,240,7591,8548
4963,7856,1478,1576,7591,884
4964,7407,4714,1576,4985,884
4965,7856,4714,1576,1592,657
4966,7407,4714,1576,1592,7821
4967,7856,4714,1576,7591,884
4968,7407,4714,1576,7178,3401
4969,8902,9493,1576,2195,7145
4970,2383,666,9044,8433,884
4971,7856,2390,1576,9935,2422
4972,8902,2390,9016,4985,7145
4973,7856,2390,1576,9935,7145
4974,7856,2390,1576,7591,8548
4975,7856,4714,8854,4537,7821
4976,7856,9493,8854,7591,884
4977,7856,9493,1576,7591,884
4978,8902,2390,1576,9935,884
4979,7856,4714,1576,9935,663
4980,7856,4714,1576,7591,8548
4981,7856,4714,1576,7591,7821
4982,7856,9493,8854,7591,7821
4983,7407,4714,9016,9935,2422
4984,7856,9493,1576,7591,7821
4985,7856,4714,1576,7591,8548
4986,7856,4714,1576,7591,8548
4987,7856,4714,8017,2195,4202
4988,9675,4714,5184,7591,4202
4989,7856,9493,9016,4827,7145
4990,7856,4714,1576,9935,2422
4991,7856,4714,9016,7591,884
4992,7856,2390,1576,9935,9385
4993,7856,4714,1576,9935,8548
4994,7856,4714,1576,7591,7821
4995,7856,4714,5184,7591,7145
4996,7407,4714,8017,7591,8548
4997,7856,4714,1576,9935,9385
4998,7856,1478,1576,7591,7145
4999,7856,4714,8854,7591,7821
5000,7856,9493,5184,7591,7145
5001,8902,9493,1576,8433,7821
5002,7856,1478,2005,9935,9337
5003,9675,9493,1576,5112,5885
5004,7856,2390,7093,9935,2422
5005,7407,4714,7093,7591,2422
5006,7856,4714,1576,7591,4202
5007,7856,4714,5184,7591,7145
5008,7856,4714,1576,7591,7145
5009,8902,6429,1576,9935,9337
5010,7407,4714,1576,6765,4202
5011,7856,9493,1576,7591,884
5012,7856,4714,1576,9935,663
5013,7856,4714,8854,7591,3446
5014,7856,4714,1576,9935,7145
5015,7856,4714,1576,7591,7145
5016,7856,4714,1576,7591,7821
5017,7856,4714,8854,7591,4202
5018,7856,4714,9016,9935,2422
5019,7856,4714,1576,7591,4202
5020,7856,4714,8854,7591,7145
5021,7856,4714,9016,9935,7145
5022,7856,9493,8854,4537,5690
5023,7856,4714,8854,7591,5690
5024,9675,4714,9016,7591,884
5025,7856,4714,8854,7591,3446
5026,7856,4714,8854,7591,3446
5027,9675,4714,8017,7591,4202
5028,7856,4714,8854,7591,884
5029,7856,4714,9016,7178,884
5030,7856,4714,1576,7591,884
5031,7856,4714,1576,7591,4202
5032,7856,4714,1576,7591,7145
5033,7856,9493,1576,8302,7145
5034,7856,9493,8017,7591,7145
5035,7856,9493,240,1563,7145
5036,7856,4714,1576,7591,884
5037,2383,2390,1576,4731,884
5038,8902,2390,9436,8008,884
5039,8902,4714,240,4827,884
5040,7856,4714,1576,7591,884
5041,7856,4714,1576,7591,7145
5042,9675,4714,9016,7178,884
5043,7856,9493,8854,7591,7821
5044,7856,4714,1576,7591,884
5045,7856,9493,8854,8433,7821
5046,7856,4714,1576,7591,4202
5047,7856,2390,1576,9935,663
5048,7856,4714,668,7591,3446
5049,7856,9493,8854,7591,7145
5050,7407,4714,1576,7591,8548
5051,7856,4714,5184,7591,7145
5052,7856,4714,8854,7591,7145
5053,9675,4714,1576,7591,7821
5054,7856,4714,8854,7591,7145
5055,7407,4714,9016,9935,2422
5056,7856,4714,1576,9935,2422
5057,7856,4714,6490,4827,7145
5058,7407,4714,1576,7591,7356
5059,7407,4714,3647,7591,9385
5060,7407,4714,5184,9935,7145
5061,7856,4714,5184,9935,7145
5062,7856,4714,1576,9935,7145
5063,7856,4714,8017,7591,7145
5064,7856,4714,1576,4985,7145
5065,7856,9566,1576,9935,9337
5066,7856,4714,5184,7591,8548
5067,8902,9972,9436,4573,6438
5068,8902,2390,9436,4573,884
5069,2383,5353,240,8433,884
5070,7407,4714,9016,7591,884
5071,7407,4714,1576,7591,4202
5072,7407,4714,1576,7591,4202
5073,7856,2390,1576,7591,8548
5074,7856,4714,1576,7591,9385
5075,7856,2390,1576,7591,8548
5076,7856,4714,8854,7591,7145
5077,7407,4714,1576,7591,884
5078,7856,2390,1576,7591,884
5079,7856,9493,1576,7591,7145
5080,7856,4714,1576,4985,7145
5081,7856,9566,1576,9935,7145
5082,7856,4714,8017,7591,4202
5083,7856,4714,8017,7591,4202
5084,7856,4714,1576,7591,884
5085,7856,2390,1576,9935,9385
5086,7856,4714,1576,7591,4202
5087,7407,4714,5184,4985,4202
5088,7856,1478,240,2195,8548
5089,7856,1478,1576,7591,8548
5090,7856,1478,1576,7591,884
5091,7856,9493,1576,7591,7145
5092,7856,1478,1576,9935,8548
5093,7856,4714,1576,9935,7145
5094,7856,4714,1576,7591,7145
5095,7856,4714,1576,7591,884
5096,7856,4714,1576,9935,2422
5097,7856,4714,1576,8433,7145
5098,7856,9493,8854,7591,3446
5099,7856,2390,1576,9935,7145
5100,7856,4714,8854,7591,884
5101,7856,9493,240,8302,3446
5102,7856,9493,240,8302,7145
5103,7856,9493,1576,7591,8548
5104,7856,4714,1576,7591,8548
5105,7856,9493,240,7591,8548
5106,7856,4714,1576,7591,4202
5107,7407,4714,1576,7591,7821
5108,7856,4714,1576,7591,884
5109,7856,4714,8017,7591,7145
5110,7856,4714,1576,4985,7145
5111,7856,2390,1576,9935,8548
5112,7856,9493,240,7591,884
5113,7856,1478,1576,9935,8548
5114,7856,9493,1576,7591,8548
5115,7856,4714,1576,7591,884
5116,7856,4714,1576,7591,884
5117,7856,9493,8854,7591,1449
5118,7856,4714,8854,110,7821
5119,7856,4714,1576,7591,7821
5120,7856,4714,5184,7591,884
5121,7856,4714,1576,7591,8548
5122,9675,4714,1576,7591,884
5123,7407,4714,1576,7591,8548
5124,7856,4714,1576,7591,8548
5125,7856,4714,1576,7591,8548
5126,7856,4714,9016,9935,884
5127,7856,3253,8854,7591,7356
5128,7856,4714,8854,7591,3446
5129,7856,4714,1576,7591,5885
5130,7856,4714,1576,7591,884
5131,7856,4714,1576,7591,884
5132,7856,4714,1576,7591,8548
5133,7856,4714,7093,7591,2422
5134,7856,4714,1576,2195,4202
5135,7407,4714,1576,7591,884
5136,7856,4714,1576,7591,884
5137,7856,1478,240,7591,884
5138,7856,1478,1576,7591,7145
5139,7856,4714,8854,7591,7821
5140,7856,4714,668,7591,884
5141,7856,4714,8854,7591,1895
5142,7856,2390,1576,7591,884
5143,3474,9493,240,7039,7145
5144,7856,2390,5184,9935,7145
5145,7856,9493,8854,4537,5885
5146,7856,4714,1576,2195,3401
5147,7856,9493,1576,7591,8548
5148,7407,4714,9016,4985,7145
5149,7856,4714,9016,7591,4202
5150,7856,4714,1576,7591,8548
5151,7856,4714,8854,7591,884
5152,7856,4714,8854,7591,884
5153,7856,3253,1576,7591,8548
5154,7856,4714,1576,7591,8548
5155,7407,4714,1576,7591,8548
5156,7856,9493,1576,9935,7145
5157,7856,4714,4026,7591,7821
5158,7856,4714,8854,7591,3446
5159,7856,4714,4026,7591,7821
5160,7856,9493,1576,7591,8548
5161,7856,4714,8854,7591,6329
5162,7856,3253,1576,7591,8548
5163,7856,4714,240,7591,884
5164,7856,4714,1576,7591,884
5165,7856,4714,1576,7591,884
5166,7856,9493,9044,9857,884
5167,7856,2390,1576,7591,7145
5168,8902,9972,4298,9857,884
5169,8902,9972,8779,9935,6
5170,7407,4714,1576,4985,4202
5171,7856,1478,1576,9935,8548
5172,7856,6429,1576,9935,9385
5173,7856,9493,1576,7591,8548
5174,7856,9493,1576,9935,663
5175,7856,4714,5184,7591,4202
5176,7856,1478,1576,9935,8548
5177,7856,9493,1576,2195,4202
5178,7856,4714,1576,7591,884
5179,7856,3253,8854,7591,8548
5180,7856,4714,1576,7591,8548
5181,7407,4714,9016,7591,7145
5182,7856,4714,1576,4985,7145
5183,7856,4714,1576,7591,4202
5184,7856,4714,1576,7591,8548
5185,7856,9493,8854,4537,7821
5186,7856,2390,1576,9935,663
5187,7856,9493,8854,4537,7821
5188,7856,9493,8854,7591,3446
5189,7856,4714,1576,9935,8548
5190,7856,4714,1576,7591,7145
5191,7856,4714,5184,7591,7145
5192,7856,3253,1576,9935,1895
5193,9675,9493,5184,8433,884
5194,7856,4714,1576,7591,8548
5195,7856,9493,5184,9935,7821
5196,7856,9493,8854,7591,7821
5197,7856,4714,8854,7591,884
5198,7856,9493,1576,7591,884
5199,7856,4714,1576,7591,7145
5200,7856,4714,1576,7591,7145
5201,7856,4714,1576,7591,7145
5202,7856,2390,1576,7591,3746
5203,8902,9972,9436,8008,884
5204,2383,5353,9016,4827,884
5205,7856,4714,9016,7178,7145
5206,7856,9493,8854,4827,7145
5207,7407,9493,1576,8433,7821
5208,7856,9493,1576,9935,9337
5209,7856,9493,8854,7591,884
5210,7856,2390,7093,9935,884
5211,7856,4714,8854,7591,7821
5212,7856,4714,8854,7591,884
5213,7856,4714,8854,7591,9443
5214,7856,4714,1576,7591,8548
5215,7856,4714,1576,7591,4202
5216,7856,4714,1576,9935,884
5217,7856,75,240,1563,9443
5218,7856,1478,240,7591,884
5219,7856,4714,8854,9935,9385
5220,7856,9493,1576,4985,7145
5221,7856,4714,1576,7591,7145
5222,7407,4714,9016,4827,884
5223,7856,4714,1576,7591,7821
5224,7856,3253,1576,7591,8548
5225,7856,6429,1576,9935,9385
5226,7407,4714,8854,7591,884
5227,7856,9493,8854,7591,8548
5228,7856,4714,1576,7591,4202
5229,7856,4714,1576,7591,884
5230,7856,9493,8854,7591,663
5231,7856,9493,1576,7591,8548
5232,7856,9566,1576,9935,8548
5233,7856,1478,1576,9935,1772
5234,7856,4714,1576,7591,8548
5235,7856,4714,9016,7591,7145
5236,7856,4714,1576,7591,7145
5237,7856,4714,1576,7591,657
5238,7856,1478,240,7591,7356
5239,7856,4714,8854,7591,4202
5240,7856,4714,8854,7591,7821
5241,7856,4714,8854,7591,3446
5242,7856,4714,1576,7591,663
5243,7856,4714,8854,4537,7145
5244,9675,4714,8854,7591,884
5245,7856,4714,1576,7591,7145
5246,7856,9493,8854,8433,884
5247,7856,4714,1576,9935,663
5248,7856,4714,1576,7591,884
5249,7856,9493,1576,9935,1772
5250,7856,9493,5184,7039,884
5251,7856,4714,8854,4537,1449
5252,7856,4714,8854,7591,9443
5253,7856,4714,1576,7591,7145
5254,7856,4714,1576,7591,8548
5255,7856,4714,9016,7178,884
5256,7856,2390,1576,7591,8548
5257,8902,9972,240,8433,884
5258,7856,4714,240,7039,884
5259,7856,9493,1576,9935,7145
5260,7856,4714,1576,7591,884
5261,7407,4714,1576,9935,2422
5262,7407,4714,5184,7591,4202
5263,7856,4714,1576,4985,7145
5264,7856,4714,1576,9935,7145
5265,7856,4714,1576,7591,8548
5266,7856,4714,8017,7591,7145
5267,7407,4714,8854,7591,7821
5268,7856,4714,1576,9935,8548
5269,7407,4714,1576,7591,884
5270,7856,4714,1576,9935,2422
5271,7856,9493,8854,9935,9385
5272,7856,4714,5184,9935,4838
5273,7407,4714,8854,8433,1449
5274,7856,4714,2345,9935,2422
5275,7856,4714,5184,9935,9385
5276,7407,4714,1576,4985,4202
5277,7407,9493,2225,1592,7821
5278,7856,4714,9016,7591,2422
5279,7856,9493,1576,7591,884
5280,7407,4714,1576,4985,7145
5281,7856,4714,1576,9935,9385
5282,8902,2390,1576,9935,7145
5283,9675,4714,1576,7591,884
5284,7856,4714,6490,7591,884
5285,7856,1478,1576,2195,8548
5286,7856,4714,1576,7591,4202
5287,7856,4714,1576,7591,884
5288,7407,4714,8854,7591,7821
5289,7856,4714,1576,9935,9337
5290,7856,9493,1576,9935,7145
5291,7856,9493,1576,9935,2422
5292,7856,9493,1576,9935,1772
5293,7856,4714,8854,7591,884
5294,7856,4714,8854,7591,2422
5295,7856,9972,1576,7591,8548
5296,7856,4714,9016,7591,884
5297,7856,2390,1576,7591,7145
5298,7856,4714,8854,7591,7821
5299,7856,9493,8854,7591,884
5300,7856,4714,1576,7591,7821
5301,7856,4714,1576,7591,7145
5302,7856,9493,8854,8433,5690
5303,7856,4714,1576,7591,4202
5304,9675,4714,1576,7591,4202
5305,7856,4714,1576,9935,7145
5306,7407,3253,8854,7591,7821
5307,7856,4714,8854,7591,7821
5308,7407,4714,1576,7591,4202
5309,7856,4714,8017,7591,4202
5310,7856,2390,8854,7591,7821
5311,7856,1478,240,9935,8548
5312,7856,9493,8854,7591,8548
5313,7856,4714,8854,7591,1449
5314,7856,4714,8854,7591,7821
5315,7856,4714,8854,7591,8548
5316,7856,9493,1576,4827,884
5317,7856,1478,1576,9935,7145
5318,7856,9493,8854,8433,7145
5319,2383,9493,240,7039,884
5320,2383,9493,240,7039,884
5321,3474,666,240,8205,884
5322,7856,9493,1576,7591,8548
5323,7856,4714,5184,7591,7145
5324,7856,4714,5184,7591,884
5325,7407,4714,5184,7591,8548
5326,7856,9493,5184,9935,8548
5327,7856,9493,1576,8302,7145
5328,7856,4714,1576,7591,884
5329,7856,9493,1576,7591,4202
5330,7856,9493,1576,7591,7145
5331,8902,2390,1576,9935,5690
5332,7856,2390,1576,7591,4202
5333,7856,1478,1576,7591,884
5334,8902,2390,1576,9742,884
5335,8902,4714,3065,5112,884
5336,8902,2390,9016,4827,884
5337,7856,9493,240,7591,8548
5338,7856,4714,1576,7591,8548
5339,7856,1478,1576,9935,8548
5340,7856,4714,1576,7591,9385
5341,7856,75,240,1563,8548
5342,7856,9493,1576,9935,1772
5343,7856,4714,1576,7591,884
5344,7407,4714,1576,7591,8548
5345,7856,4714,1576,9935,7145
5346,7407,4714,9016,7591,7145
5347,7407,4714,1576,7591,8548
5348,7856,4714,1576,7591,5885
5349,8902,2390,1576,8433,7145
5350,7407,4714,1576,9935,8548
5351,7856,4714,8854,7591,8548
5352,7856,4714,8854,4537,1449
5353,7856,4714,1576,9935,7145
5354,7856,4714,1576,9935,9385
5355,7407,4714,9016,7591,884
5356,9675,4714,1576,7591,7145
5357,7856,4714,1576,7591,7145
5358,7407,4714,9016,4985,2422
5359,7856,6429,1576,9935,2422
5360,7856,4714,1576,9935,2422
5361,7856,4714,8854,7591,4202
5362,7856,4714,5184,7591,4202
5363,7856,9493,5184,9935,7145
5364,7856,2390,1576,7591,7145
5365,7856,4714,1576,7591,8548
5366,7856,4714,1576,9935,8548
5367,7856,4714,8854,7591,3446
5368,7856,9493,5184,7591,7145
5369,7407,4714,5184,9455,4202
5370,7856,4714,5184,9935,8548
5371,7856,9493,1576,9935,2422
5372,7407,4714,1576,7591,884
5373,7856,4714,1576,1592,7821
5374,7856,2390,1576,9935,663
5375,7856,3253,240,7591,1449
5376,7856,9493,1576,7591,7145
5377,7856,4714,5184,7591,8548
5378,7856,4714,1576,4985,7145
5379,7856,4714,8854,7591,884
5380,7407,4714,1576,9743,7995
5381,7856,4714,1576,7591,7821
5382,7856,4714,1576,7591,884
5383,8902,9972,1576,9935,1772
5384,7856,2390,1576,7591,7145
5385,7856,4714,1576,7591,7821
5386,7856,4714,1576,7591,884
5387,9675,4714,8854,7591,4202
5388,7407,4714,1576,7178,884
5389,8902,2390,1576,7591,7145
5390,7856,4714,9016,7591,7145
5391,8902,9493,1576,9935,8548
5392,7856,4714,1576,7591,7145
5393,7856,4714,8854,9935,663
5394,7856,4714,1576,9935,9385
5395,7856,9493,1576,7591,884
5396,7856,9493,1576,9935,663
5397,7856,4714,1576,7591,884
5398,7856,4714,1576,7591,884
5399,7856,4714,1576,2195,884
5400,7856,4714,1576,7591,7145
5401,7856,4714,1576,7591,884
5402,7856,4714,1576,7591,884
5403,7407,9493,9016,7178,7145
5404,7407,4714,5184,4985,4202
5405,7856,4714,8854,7591,7821
5406,7407,4714,1576,7591,4202
5407,7856,4714,1576,7591,884
5408,7856,2390,1576,9935,663
5409,7856,4714,1576,7591,4202
5410,7856,4714,1576,4985,4202
5411,7856,4714,5184,2195,7821
5412,7856,4714,668,7178,7145
5413,8902,2390,1576,9935,7145
5414,9675,4714,8854,7591,4202
5415,7856,9493,1576,7591,884
5416,7856,4714,1576,7591,7821
5417,7856,2390,1576,7591,884
5418,7856,2390,1576,9935,1772
5419,7407,4714,5184,4985,8548
5420,8902,2390,1576,9935,9385
5421,8902,9566,1576,9935,1772
5422,7407,4714,5184,9935,9385
5423,7856,9493,1576,7591,884
5424,7856,4714,8854,7591,884
5425,7856,9493,8854,7591,884
5426,7856,4714,7093,7591,884
5427,7856,4714,8854,7591,5367
5428,7407,4714,4026,7591,7821
5429,7856,4714,1576,7591,663
5430,7856,9493,5184,9935,7145
5431,7856,9493,5184,8433,9385
5432,7856,75,240,7591,884
5433,7407,4714,9016,7591,2422
5434,7856,9972,1576,7591,7356
5435,7856,4714,1576,9935,8548
5436,7407,4714,1576,7591,7821
5437,7856,4714,1576,7591,7821
5438,7407,4714,5184,9935,8548
5439,7856,4714,1576,7591,884
5440,7856,4714,1576,7591,8548
5441,7856,4714,8854,7591,3446
5442,7856,4714,1576,7178,7145
5443,2383,9493,1576,3178,884
5444,7856,9493,1576,9935,1895
5445,7856,4714,1576,7591,7821
5446,7407,4714,5184,7591,8548
5447,7856,4714,1576,7591,7145
5448,7856,9493,1576,9935,884
5449,7856,666,240,1563,3401
5450,7856,1478,240,9935,8548
5451,7856,2390,1576,9935,1772
5452,7856,4714,1576,7591,663
5453,7856,1478,240,7591,9443
5454,7407,9972,5184,7591,2535
5455,7407,4714,1576,7591,884
5456,7856,4714,1576,9935,8548
5457,7856,2390,1576,7591,4202
5458,7856,4714,1576,7591,4202
5459,8902,6429,1576,9935,8548
5460,3474,9493,240,2195,3401
5461,7856,4714,1576,7591,884
5462,9675,9493,240,2195,3401
5463,7856,4714,1576,4985,884
5464,7856,9493,1576,9935,7145
5465,7407,4714,9016,7591,4202
5466,7856,4714,8854,7591,884
5467,7856,4714,1576,9935,884
5468,7856,9493,1576,4985,884
5469,7856,4714,1576,7591,7145
5470,7856,4714,1576,9935,7145
5471,7856,4714,8854,7591,8548
5472,7856,4714,5184,9935,7145
5473,7856,2390,1576,9935,7145
5474,7856,9493,1576,7591,663
5475,7856,4714,1576,7591,8548
5476,7856,1478,1576,9935,7145
5477,7856,4714,1576,7591,7145
5478,7856,3253,1576,7591,8548
5479,7856,4714,1576,7591,8548
5480,7856,3253,1576,9935,663
5481,7856,3253,4026,9935,9337
5482,8902,4714,1576,5812,9356
5483,7856,9972,1576,9935,1772
5484,7856,2390,1576,9935,1772
5485,8902,9566,1576,9935,7145
5486,7856,4714,1576,7591,8548
5487,7856,4714,1576,7591,884
5488,7856,4714,8854,7591,6329
5489,7856,9493,1576,9935,8548
5490,7856,9493,240,1563,1449
5491,7856,9493,9016,4827,7145
5492,7407,4714,1576,7591,7821
5493,8902,1478,1576,9935,884
5494,7856,1478,1294,9935,8548
5495,7856,4714,1576,7591,884
5496,7856,4714,1576,8433,7145
5497,7856,4714,1576,7591,4202
5498,7856,9493,1576,7591,8548
5499,7856,4714,8854,7591,3446
5500,7856,4714,1576,7591,884
5501,7856,4714,5184,7591,8548
5502,7856,4714,8017,7591,7145
5503,7856,4714,1576,7591,4202
5504,7856,9493,1576,9935,663
5505,7856,4714,1576,7591,8548
5506,7856,4714,1576,7591,7821
5507,7856,9493,5184,7591,8548
5508,9675,4714,1576,7591,4202
5509,9675,4714,8854,4827,884
5510,8902,9972,1576,9743,7701
5511,7856,4714,1576,7591,884
5512,7856,9493,1576,7591,8548
5513,7856,9493,5184,8433,884
5514,7407,4714,1576,4985,7821
5515,8902,9493,1576,9935,7145
5516,8902,4714,1576,9935,7145
5517,7856,9493,8854,7591,7145
5518,7856,4714,1576,9935,7821
5519,7856,2390,5184,7591,7145
5520,7856,4714,1576,7591,8548
5521,7856,4714,1576,7591,884
5522,7856,9493,1576,7591,7145
5523,7856,9493,8854,8433,884
5524,7856,4714,8854,7591,884
5525,7856,3253,1576,7591,663
5526,7407,4714,1576,9743,7995
5527,7407,4714,1576,7591,884
5528,7856,2390,1576,4985,7145
5529,7856,4714,1576,7591,663
5530,7856,4714,1576,9935,1895
5531,7856,9972,1576,7591,1772
5532,9675,4714,5184,7591,7821
5533,7856,4714,1576,4985,7821
5534,7856,9493,8854,7591,7821
5535,7856,75,240,2195,884
5536,7856,9493,1576,7591,884
5537,7856,9493,1576,7591,7145
5538,7856,4714,9016,7591,884
5539,7856,4714,1576,7591,8548
5540,7856,4714,9016,7591,884
5541,7856,1478,240,9935,884
5542,7856,9493,1576,9935,8548
5543,7856,2390,1576,9935,663
5544,2383,5353,9016,4827,884
5545,2383,9972,9436,8008,884
5546,9675,4714,9016,7178,884
5547,7856,4714,1576,7591,4202
5548,7856,9493,8854,7591,884
5549,7856,9972,9436,7591,884
5550,7856,9566,1576,9935,663
5551,7856,4714,1576,7591,8548
5552,7856,4714,1576,7591,2422
5553,7407,2390,1576,7591,7821
5554,8902,4714,1576,4985,7145
5555,7856,4714,8017,7591,7145
5556,9675,4714,1576,7591,7145
5557,7856,2390,1576,7591,884
5558,7407,4714,1576,4985,7145
5559,7407,4714,1576,9935,7821
5560,7856,4714,1576,7591,7821
5561,7856,4714,1576,9935,1772
5562,8902,9493,9016,8433,884
5563,7856,4714,1576,9743,4202
5564,7856,4714,1576,1592,8548
5565,8902,2390,9016,4827,884
5566,8902,2390,9016,4827,7145
5567,8902,2390,1576,4985,7145
5568,7856,1478,1576,7591,8548
5569,7856,9493,240,8302,7145
5570,7856,9493,8854,7591,7145
5571,7856,4714,8854,7591,7821
5572,7856,4714,1576,4827,884
5573,7856,4714,1576,7591,2422
5574,7856,4714,1576,7591,884
5575,7856,4714,8854,7591,7145
5576,7407,4714,1576,9935,884
5577,7856,4714,5184,7591,7821
5578,7856,9493,1576,7178,884
5579,8902,2390,1576,9935,8548
5580,7856,75,8854,7591,3446
5581,7856,4714,8854,7591,3446
5582,7856,75,240,7039,9443
5583,7856,4714,8854,9935,9385
5584,7856,9493,1576,9935,8548
5585,7856,9493,1576,9935,884
5586,7856,9493,5184,9935,8548
5587,7856,9493,8854,8433,7145
5588,7856,4714,1576,8302,7145
5589,7856,4714,1576,9935,8548
5590,7856,6429,2345,9935,2422
5591,7856,4714,1576,7591,884
5592,7856,9493,8854,9935,5690
5593,7407,4714,1576,4985,7145
5594,7856,9493,5184,9935,9337
5595,9675,9493,9016,7591,884
5596,9675,4714,1576,2195,3401
5597,7856,9493,6490,556,7145
5598,7856,4714,1576,7591,884
5599,7856,9493,240,9935,7145
5600,9675,4714,1576,9935,2422
5601,7856,4714,8854,7591,5690
5602,7856,4714,8854,7591,884
5603,7856,1478,1576,2195,884
5604,7856,2390,1576,8433,7145
5605,7856,9972,1576,7591,1772
5606,7856,9493,1576,7591,884
5607,7856,2390,1576,9935,7145
5608,7856,4714,1576,7591,884
5609,7856,4714,1576,7591,7145
5610,7856,9493,1576,7591,7821
5611,7856,4714,1576,7591,8548
5612,7856,9493,1576,9935,8548
5613,7856,9493,8854,4537,6329
5614,7856,4714,8854,7591,3446
5615,7856,9493,1576,7591,7145
5616,7856,2390,1576,7591,884
5617,7856,4714,1576,7591,7821
5618,7407,4714,5184,7591,8548
5619,7856,4714,1576,9935,7145
5620,7856,4714,8854,7591,884
5621,7856,9493,5184,9935,9337
5622,7856,4714,1576,7591,7145
5623,7856,4714,9016,7591,884
5624,7856,4714,1576,4985,4202
5625,7856,9493,8854,8302,9443
5626,7407,4714,8854,7591,7145
5627,7856,9493,5184,7591,7145
5628,7407,4714,9016,7591,4202
5629,7856,4714,1576,7591,4202
5630,7407,4714,1576,7591,8548
5631,7856,4714,8854,7591,884
5632,7856,4714,1576,7591,7821
5633,7856,4714,8854,7591,884
5634,8902,4714,1576,4827,884
5635,7407,4714,1576,1592,7821
5636,7856,4714,9016,7591,884
5637,2383,9493,240,8433,884
5638,7856,1478,1576,9935,1772
5639,7856,9493,1576,7591,8548
5640,7856,4714,1576,7591,7145
5641,7856,666,240,7591,884
5642,7856,9493,240,8008,884
5643,7856,4714,5184,7591,9385
5644,9675,4714,8854,7591,7821
5645,7407,4714,8854,7591,3401
5646,7856,4714,1576,7591,8548
5647,8902,9972,1576,9935,884
5648,7856,9566,1576,9935,8548
5649,7856,3253,5184,9935,8548
5650,7856,4714,8854,7591,7821
5651,7856,9972,1576,7591,7356
5652,7856,4714,1576,7591,8548
5653,7856,1478,1576,7591,884
5654,7856,1478,1576,7591,7356
5655,7856,1478,240,2195,7145
5656,7856,4714,8017,7591,8548
5657,3474,666,240,2195,884
5658,7856,9493,8854,9935,9385
5659,7856,9493,1576,9935,9385
5660,7856,9493,8854,4537,1449
5661,7407,4714,9016,7178,884
5662,7407,4714,5184,9935,8548
5663,7407,4714,1576,9935,9385
5664,7856,9493,5184,9935,7145
5665,7856,2390,1576,7591,8548
5666,7856,9493,8854,7591,884
5667,7856,4714,8854,7591,3446
5668,7856,2390,240,2195,7145
5669,7856,4714,1576,7591,884
5670,7856,4714,1576,7591,7145
5671,7856,4714,1576,7591,884
5672,7856,9493,1576,7591,884
5673,7856,4714,1576,7591,8548
5674,7856,4714,1576,7591,884
5675,7856,9972,1576,7591,8548
5676,7856,2390,1576,7591,8548
5677,7407,4714,1576,7591,7821
5678,7856,4714,1576,7591,7821
5679,7856,4714,8854,7591,7821
5680,7856,4714,8854,7591,7821
5681,7856,4714,5184,7591,7145
5682,7856,2390,1576,7591,7821
5683,7407,4714,1576,9935,7821
5684,7856,4714,1576,7591,8548
5685,7856,3253,8854,9935,1449
5686,7856,9493,8854,8433,8548
5687,7856,4714,1576,9935,2422
5688,7856,4714,8854,7591,7145
5689,7856,9493,5184,9935,7145
5690,7856,9493,1576,7591,7145
5691,7856,2390,1576,7591,8548
5692,7856,4714,1576,7591,8548
5693,7856,1478,1576,9935,8548
5694,7856,4714,1576,7591,884
5695,7856,4714,1576,7591,884
5696,7856,4714,1576,9935,7145
5697,7856,9493,8854,7591,7821
5698,7856,4714,4026,7591,7821
5699,7407,4714,1576,7591,7821
5700,7856,9493,1576,7591,7145
5701,7856,4714,8854,7591,7145
5702,7856,4714,668,7178,7145
5703,2383,9493,1576,7591,884
5704,7407,4714,1576,7591,8548
5705,7856,4714,8854,7591,5885
5706,2383,5353,240,9857,884
5707,2383,2390,240,8433,884
5708,8902,9972,1576,9935,6
5709,7407,4714,5184,7591,7145
5710,7856,4714,1576,4827,884
5711,7856,4714,1576,7591,7145
5712,7856,3253,8854,4537,1449
5713,7856,4714,1576,7591,8548
5714,7856,4714,8854,7591,1449
5715,7856,4714,1576,9935,8548
5716,7407,4714,5184,9935,4202
5717,7407,4714,5184,9935,8548
5718,7856,4714,7093,4827,2422
5719,7856,9493,8854,7591,884
5720,7856,4714,1576,7591,7145
5721,9675,4714,8017,2195,4202
5722,7856,4714,1576,4985,7145
5723,7856,4714,8017,7591,3446
5724,7856,9493,7093,9935,1449
5725,7856,1478,1576,9935,8548
5726,7856,2390,1576,9935,8548
5727,7856,9493,8854,7591,7145
5728,7856,4714,1576,7178,7145
5729,7856,9493,1576,7591,7145
5730,7856,4714,1576,7591,884
5731,7856,1478,240,7591,3746
5732,7856,2390,1576,7591,7145
5733,7407,4714,1576,5112,2422
5734,7856,2390,7093,9935,2422
5735,3565,6429,2225,9935,9337
5736,7856,9493,8854,8433,884
5737,7856,4714,8017,7591,4202
5738,7856,4714,1576,9935,2422
5739,7856,2390,1576,7591,884
5740,7856,9493,1576,4985,7821
5741,7856,4714,1576,7591,884
5742,7856,9493,1576,7591,884
5743,7856,4714,9016,7178,884
5744,7856,4714,1576,7591,8548
5745,7856,2390,1576,9935,9337
5746,7856,4714,1576,7591,8548
5747,7856,4714,4026,7591,8548
5748,7856,9493,1576,9935,9385
5749,7856,2390,1576,9935,8548
5750,7407,4714,1576,7591,2422
5751,7856,9493,8854,8433,7821
5752,7856,9493,8854,7488,5885
5753,7856,9493,5184,2195,4202
5754,7856,4714,1576,8433,884
5755,8902,5353,1576,478,884
5756,9675,75,9016,4827,884
5757,7407,4714,8854,7591,884
5758,7856,4714,5184,7591,8548
5759,7856,4714,1576,7591,884
5760,7856,4714,8854,7591,884
5761,7856,4714,1576,7591,7145
5762,7856,4714,8017,7591,7145
5763,7856,9493,1576,7591,8548
5764,7856,9493,1576,7591,8548
5765,7856,9493,240,2195,8548
5766,7856,9493,1576,9935,8548
5767,7856,2390,1576,9935,884
5768,7856,4714,8017,7591,884
5769,7856,4714,1576,7591,7821
5770,7856,4714,1576,7591,4202
5771,7856,4714,1576,9935,8548
5772,7856,4714,1576,7591,7145
5773,7856,4714,240,7178,884
5774,7856,9493,8854,7591,884
5775,7407,4714,5184,4985,4202
5776,7856,2390,1576,7591,7821
5777,7856,4714,8017,7178,7145
5778,7856,3253,8854,7591,5885
5779,7856,4714,5184,7591,9443
5780,7856,9493,8854,7591,7821
5781,7407,4714,5184,6765,4202
5782,7856,9493,8854,7591,7145
5783,7407,4714,9016,7591,4202
5784,7856,9493,1576,9935,7145
5785,7407,4714,8854,7591,7821
5786,7856,4714,1576,7591,884
5787,7856,4714,1576,9935,884
5788,7856,4714,1576,7591,7145
5789,7407,4714,1576,7178,7145
5790,8902,2390,1576,7591,884
5791,7856,4714,1576,7591,884
5792,7856,9493,240,7591,884
5793,7856,9493,1576,7591,884
5794,7856,4714,5184,7591,7145
5795,7856,4714,1576,7591,884
5796,7407,4714,1576,7591,8548
5797,7856,4714,8854,7591,9385
5798,7856,9493,8854,7591,884
5799,7407,4714,1576,7591,9385
5800,7856,4714,1576,7591,884
5801,7856,9493,1576,9935,2422
5802,7856,9493,240,9935,1449
5803,7856,9493,5184,7591,9385
5804,7856,3253,240,7591,3401
5805,7856,9493,5184,9935,7145
5806,7856,9493,1576,9935,8548
5807,7856,9493,1576,9935,8548
5808,7856,3253,8854,7591,5367
5809,7856,4714,9016,7591,4202
5810,7407,2390,1576,9935,7145
5811,7856,4714,1576,9935,7821
5812,7856,4714,1576,9743,4202
5813,7407,4714,5184,1592,7821
5814,7856,4714,8854,7591,7821
5815,7856,4714,5184,7591,884
5816,7407,4714,1576,7591,5690
5817,7856,1478,7093,9935,8548
5818,7856,4714,1576,7591,8548
5819,7856,4714,1576,7591,7145
5820,7856,4714,1576,7591,884
5821,7856,4714,1576,7591,7145
5822,7856,4714,1576,7591,8548
5823,8902,9972,1576,7591,1772
5824,2383,4714,240,9857,884
5825,8902,4714,1576,7591,884
5826,7856,1478,1576,9935,1772
5827,8902,9972,9436,7591,1772
5828,8902,2390,1576,9935,8548
5829,7856,4714,8854,7591,884
5830,7856,4714,1576,7591,884
5831,7856,9493,240,7591,7145
5832,7856,2390,7093,9935,2422
5833,7407,4714,7093,7591,2422
5834,7856,9493,1576,9935,9385
5835,7856,4714,1576,7591,884
5836,7856,4714,1576,2195,3401
5837,7856,4714,1576,7591,884
5838,7856,4714,9016,4827,884
5839,7856,4714,8854,7591,5885
5840,7856,4714,8017,7591,3446
5841,7407,4714,5184,9935,9385
5842,7856,4714,5184,9935,7145
5843,7856,9493,5184,8433,7145
5844,7856,4714,8854,7591,7821
5845,7407,4714,1576,7591,884
5846,7856,4714,1576,7591,884
5847,7856,4714,5184,7591,7821
5848,7407,4714,1576,7591,4202
5849,7856,2390,1576,9935,2422
5850,7856,4714,1576,7591,7145
5851,7856,4714,1576,4985,5690
5852,7856,2390,1576,9935,9385
5853,7856,9972,1576,9935,8548
5854,7856,4714,1576,4985,884
5855,7856,9493,8854,9935,5690
5856,7407,4714,1576,7178,7145
5857,7856,4714,5184,7591,7821
5858,7407,4714,5184,7591,9385
5859,7856,4714,1576,7591,884
5860,7856,75,240,8433,8548
5861,7856,4714,9016,4985,884
5862,7856,9493,1576,7591,884
5863,7856,9493,1576,7591,7145
5864,7856,4714,1576,7591,884
5865,7856,3253,1576,7591,7145
5866,7856,9493,1576,9935,5690
5867,7856,4714,1576,7591,8548
5868,7856,9493,1576,9935,7145
5869,7856,4714,9016,7591,884
5870,7407,4714,1576,9935,2422
5871,7856,4714,8854,7591,884
5872,7856,4714,8854,7591,3446
5873,7856,75,240,9935,9337
5874,7856,1478,1576,9935,8548
5875,7856,4714,1576,7591,7145
5876,7856,4714,1576,7591,884
5877,7856,9493,8854,7591,884
5878,7856,4714,8854,7591,7145
5879,7856,4714,8854,7591,7145
5880,7407,4714,1576,7178,884
5881,7856,4714,8854,7591,4202
5882,8902,4714,1576,7591,884
5883,7856,4714,8854,7591,884
5884,7856,9493,1576,7591,884
5885,7856,1478,1576,9935,7356
5886,7856,4714,1576,7591,7145
5887,7856,9493,1576,7591,7145
5888,7856,4714,1576,7591,884
5889,7856,9493,8854,9455,5885
5890,7407,4714,5184,7591,1449
5891,7407,4714,5184,9935,9385
5892,7856,2390,1576,9935,884
5893,7856,9493,1576,9935,884
5894,7856,9493,1576,7591,884
5895,7407,4714,8854,7591,4202
5896,7856,4714,1576,4985,884
5897,7856,9493,5184,9935,9385
5898,7856,4714,1576,4985,7145
5899,7407,4714,5184,9935,9385
5900,7856,4714,1576,7591,7145
5901,7856,4714,1576,4985,7145
5902,7856,9493,3647,9935,1895
5903,7856,2390,1576,7591,8548
5904,7407,4714,5184,7591,7821
5905,7407,4714,1576,7591,7821
5906,7407,4714,1576,7591,7821
5907,7856,4714,1576,9935,2422
5908,7856,9493,1576,9935,1895
5909,8902,6429,1576,9935,2422
5910,7856,4714,1576,7591,884
5911,7856,4714,1576,7591,884
5912,7856,9493,5184,4985,7145
5913,7856,9493,1576,7591,884
5914,7856,9493,8854,8433,7821
5915,7856,9493,1576,9935,7145
5916,7856,9493,1576,9935,7145
5917,9675,4714,1576,7591,884
5918,7856,9493,1576,9935,7145
5919,7407,4714,1576,7591,7145
5920,8902,4714,1576,7591,663
5921,7856,4714,5184,7591,8548
5922,7856,75,1576,8433,8548
5923,7856,9493,240,8302,7145
5924,7856,1478,240,7591,8548
5925,7856,4714,1576,4985,7145
5926,7856,9493,1576,7591,5690
5927,8902,9493,9016,9935,884
5928,7407,4714,1576,9935,884
5929,7856,9493,240,7591,884
5930,7856,9493,8854,4537,1449
5931,7856,4714,1576,7591,8548
5932,7407,4714,9016,7178,4836
5933,7856,4714,1576,4985,7145
5934,7856,2390,1576,7591,8548
5935,7407,4714,1576,7591,7821
5936,7856,4714,1576,7591,884
5937,7856,4714,1576,9935,7145
5938,7856,2390,1576,9935,7145
5939,7856,4714,1576,7591,7145
5940,7407,4714,9016,9455,5885
5941,7407,4714,9016,9455,4202
5942,7407,2390,9016,3178,884
5943,7856,9493,1576,9935,8548
5944,7856,4714,1576,7591,7821
5945,7856,4714,8854,7591,8548
5946,7856,4714,8854,7591,7821
5947,7856,4714,8854,7591,884
5948,7856,4714,240,7591,3446
5949,7856,4714,1576,7591,7821
5950,7407,4714,1576,9935,7821
5951,7856,1478,1576,9935,7145
5952,7856,4714,1576,7591,4202
5953,7856,9972,1576,7591,7701
5954,7856,4714,1576,7591,8548
5955,7856,4714,1576,4827,884
5956,7856,9493,1576,9935,7821
5957,7856,4714,1576,4985,7821
5958,7856,9493,1576,4985,4202
5959,7856,4714,9016,7178,7145
5960,7407,4714,1576,7591,4202
5961,7856,4714,1576,7591,7145
5962,8902,2463,1576,9935,884
5963,7856,4714,1576,7591,884
5964,7856,4714,1576,7591,884
5965,7856,4714,1576,7591,9385
5966,7856,4714,1576,7591,884
5967,7407,4714,8854,7591,884
5968,7407,4714,668,7591,884
5969,7856,1478,240,7591,884
5970,7856,4714,8854,7591,884
5971,7856,9493,5184,7591,3446
5972,7856,9493,1576,8433,7145
5973,7856,4714,1576,7591,7821
5974,7407,4714,8854,7591,884
5975,7856,4714,8854,7591,7821
5976,7856,4714,1576,7591,8548
5977,7856,4714,1576,4985,7145
5978,7856,4714,8854,7591,7145
5979,7856,1478,1576,9935,1772
5980,7856,9493,5184,7591,8548
5981,7856,9493,1576,9935,7145
5982,7856,4714,5184,7591,7145
5983,7856,4714,1576,7591,5885
5984,7856,4714,1576,9935,7145
5985,2383,9493,1576,4827,884
5986,9675,9493,8017,6765,7995
5987,7856,9493,240,8433,884
5988,7856,9493,8854,7591,7821
5989,7856,4714,5184,7591,7145
5990,7856,1478,1576,7591,8548
5991,8902,2390,1576,9935,884
5992,7856,4714,1576,7591,884
5993,7856,4714,1576,9935,2422
5994,7856,9493,1576,7591,7145
5995,7856,4714,8854,7591,7821
5996,7856,9972,1576,9935,7821
5997,7856,9493,3647,9935,9385
5998,7407,4714,1576,9935,8548
5999,7856,1478,1576,9935,8548
6000,7856,9493,8854,7591,5885
6001,7856,9493,1576,2195,8548
6002,7856,4714,1576,7591,4202
6003,7856,4714,1576,4985,4202
6004,7856,4714,1576,9935,8548
6005,7407,4714,1576,9455,4202
6006,7856,4714,1576,4985,7821
6007,3474,666,240,2195,884
6008,3474,9493,8854,8302,7145
6009,7407,4714,8854,7591,7821
6010,7856,4714,8854,7591,884
6011,7856,9493,8854,7591,884
6012,7856,4714,5184,9935,9385
6013,7856,4714,1576,7591,4202
6014,7856,4714,8854,7591,7821
6015,7407,4714,8854,7591,884
6016,7856,4714,8854,7591,884
6017,7856,4714,8854,7591,884
6018,7856,1478,1576,7591,8548
6019,7856,4714,5184,7591,8548
6020,7856,9493,1576,7591,8548
6021,7856,4714,8854,8433,7821
6022,7856,9493,1576,8433,7145
6023,7856,9493,1576,7591,663
6024,9675,4714,8854,7591,7821
6025,7856,4714,1576,7591,4202
6026,7856,2390,1576,8433,7145
6027,8902,9493,1576,9935,1772
6028,7856,9493,1576,9935,7821
6029,7856,4714,8854,7591,884
6030,7856,4714,1576,7591,7821
6031,7856,2390,1576,7591,884
6032,7856,2390,1576,7591,884
6033,7856,4714,9016,4827,884
6034,7856,4714,8854,7591,884
6035,7856,1478,1576,9935,8548
6036,7856,9493,1576,7591,7145
6037,7407,4714,1576,7591,884
6038,7856,4714,1576,7591,7145
6039,7856,4714,8854,7591,884
6040,7856,4714,1576,7591,7821
6041,7856,4714,9016,7591,884
6042,7856,4714,1576,7591,7145
6043,9675,4714,8854,7591,3446
6044,7856,4714,1576,9935,8548
6045,7856,4714,5184,7591,7145
6046,7856,9493,8854,8433,1449
6047,7856,9493,8854,4537,1449
6048,7407,4714,5184,7591,8548
6049,7856,4714,1576,7591,8548
6050,7856,4714,1576,7591,884
6051,7856,9493,1576,7591,7821
6052,7856,4714,1576,7591,7145
6053,7856,4714,1576,7591,884
6054,7856,4714,5184,9935,8548
6055,7856,4714,1576,7591,7145
6056,7856,2390,1576,9935,7145
6057,7856,4714,5184,9935,7821
6058,9675,4714,9016,7178,884
6059,9675,4714,8854,4537,7821
6060,7856,4714,8854,7591,3446
6061,7856,4714,1576,7591,884
6062,7856,9493,8854,7591,884
6063,8902,6429,1576,9935,7145
6064,7856,9493,1576,8433,7145
6065,7856,9493,8854,8433,7821
6066,7856,4714,1576,7178,8548
6067,7856,4714,1576,7591,884
6068,7856,2390,1576,7591,884
6069,7856,9493,8017,2195,3401
6070,7856,4714,1576,7591,8548
6071,7856,4714,8854,7591,8548
6072,7856,4714,5184,9935,8548
6073,7856,9493,8854,7591,7145
6074,7856,2390,1576,7591,8548
6075,7856,4714,1576,9935,8548
6076,7856,4714,8854,7591,1449
6077,7856,4714,5184,7591,9443
6078,7856,4714,1576,9935,9385
6079,7856,1478,1576,7591,884
6080,8902,1478,7093,9935,884
6081,7856,4714,8017,7591,7145
6082,7856,9493,240,8302,7145
6083,7856,9493,9016,4827,884
6084,7856,4714,1576,7591,8548
6085,7856,9493,240,7591,884
6086,7856,4714,1576,7591,884
6087,7856,4714,240,4827,884
6088,7856,4714,8854,7591,884
6089,7856,9493,1576,9935,8548
6090,7856,9493,8854,8433,7821
6091,7856,9493,1576,9935,2422
6092,7856,4714,1576,1592,7821
6093,7856,9493,1576,9935,884
6094,7856,9493,1576,7591,884
6095,7856,2390,1576,9935,884
6096,7856,4714,1576,9935,7821
6097,7407,9493,8854,7591,7821
6098,7856,9493,240,7591,884
6099,7856,4714,1576,7591,4202
6100,7856,4714,1576,7591,884
6101,7856,9493,8854,7591,3446
6102,8902,1478,1576,7591,884
6103,7856,2390,1576,7591,8548
6104,7856,4714,1576,7591,7821
6105,9675,9493,6490,7178,7145
6106,7407,4714,1576,7178,884
6107,7407,4714,1576,4985,884
6108,7856,4714,1576,7591,7821
6109,7856,2390,5184,7591,7821
6110,7856,9493,240,8302,9443
6111,7856,4714,1576,7591,884
6112,7856,4714,1576,7591,884
6113,7856,4714,1576,7591,7145
6114,8902,9972,1576,9935,6
6115,7856,9493,1576,8433,7145
6116,3474,666,240,8302,7145
6117,7856,2390,1576,7591,8548
6118,7856,666,8854,1563,3446
6119,7856,4714,240,2195,884
6120,7856,9493,8854,7591,8548
6121,7856,9493,1576,7591,884
6122,7856,9493,5184,9935,9385
6123,7856,4714,1576,7591,884
6124,7856,9493,1576,9935,884
6125,8902,2390,1576,9935,1772
6126,7407,4714,9016,9455,8509
6127,7407,4714,1576,4985,4202
6128,7856,4714,5184,7591,8548
6129,7856,4714,1576,4985,7145
6130,7856,4714,1576,7591,7145
6131,7856,9493,1576,4827,7145
6132,7856,4714,8854,7591,3446
6133,7856,4714,1576,7591,884
6134,7856,4714,8854,7591,884
6135,7856,9493,240,7591,8548
6136,7856,9493,240,7591,7145
6137,7856,9493,240,7178,884
6138,7856,4714,8854,7591,7821
6139,7856,4714,8854,7591,3446
6140,7856,9493,1576,2195,3401
6141,7856,3253,8854,7591,3446
6142,7856,4714,1576,7591,7821
6143,7856,9493,1576,7591,8548
6144,8902,2390,1576,9935,7145
6145,7407,4714,2345,9935,9385
6146,7856,2390,1576,9935,7145
6147,7856,4714,1576,7591,884
6148,7856,9493,1576,9935,8548
6149,7856,2390,1576,9935,1772
6150,7407,4714,4026,7591,7821
6151,7856,1478,1576,7591,8548
6152,7856,4714,9016,4985,884
6153,7407,4714,9016,7591,7145
6154,9675,4714,1576,7591,7145
6155,7856,9493,1576,9935,7145
6156,7856,4714,1576,4827,7145
6157,7856,9493,1576,1563,7145
6158,7856,9493,8854,7591,7145
6159,9675,4714,1576,7591,3401
6160,7856,4714,9016,7591,884
6161,7856,4714,9016,4985,7145
6162,9675,9493,1576,2195,884
6163,7856,4714,1576,7591,8548
6164,7856,9493,1576,7178,884
6165,7856,4714,1576,7591,663
6166,7407,4714,5184,7591,8548
6167,7856,9493,8854,7591,7145
6168,7856,2390,1576,7591,9385
6169,7856,4714,8854,7591,884
6170,7856,9493,8854,7591,884
6171,7856,9493,1576,8433,7821
6172,7856,2390,1576,9935,663
6173,7856,9493,9016,9935,7145
6174,7856,4714,1576,7591,4202
6175,7407,4714,1576,7591,4202
6176,7407,4714,8854,7591,2422
6177,7856,4714,1576,7591,884
6178,8902,1478,1576,7591,7145
6179,7856,4714,1576,7591,884
6180,7856,4714,1576,7591,4202
6181,7856,4714,1576,7591,4202
6182,7856,4714,8017,2195,3401
6183,7856,4714,1576,7591,884
6184,7856,9493,1576,9935,663
6185,7856,4714,1576,7591,7145
6186,7856,9493,8854,7591,3446
6187,7856,9493,1576,7591,884
6188,7856,4714,1576,7591,884
6189,7856,4714,8854,5112,7821
6190,7856,4714,1576,7591,884
6191,7856,4714,1576,7591,7821
6192,7856,9493,1576,9935,663
6193,7407,4714,1576,9935,8548
6194,7856,9493,1576,9935,9337
6195,7407,4714,4026,7591,8548
6196,7856,9493,5184,9935,8548
6197,7856,4714,1576,7591,7821
6198,7856,4714,1576,9935,8548
6199,7856,4714,9016,7591,884
6200,7856,2390,1576,7591,884
6201,7856,2390,1576,7591,7821
6202,7856,4714,1576,7591,7821
6203,7856,9493,6490,7178,7145
6204,7407,4714,8854,7591,7821
6205,7856,9493,1576,7591,884
6206,7856,4714,1576,7591,884
6207,7856,4714,1576,7591,7821
6208,7856,4714,1576,7591,7821
6209,7856,9493,9016,4827,7145
6210,8902,9972,1576,9935,1772
6211,7856,4714,1576,4985,7145
6212,7856,2390,1576,7591,7821
6213,7856,9493,8854,8433,7821
6214,7856,4714,8854,7591,884
6215,7856,9493,8854,7591,884
6216,7856,9493,8854,7591,884
6217,7856,3253,8854,7591,3446
6218,7856,4714,1576,1592,7821
6219,7856,9493,1576,9935,663
6220,7856,4714,8854,7591,884
6221,7856,9493,1576,9935,8548
6222,7856,4714,4026,7591,7821
6223,7856,9493,8854,8433,5885
6224,7407,9493,1576,7591,7821
6225,7856,4714,8854,7591,7821
6226,7856,4714,1576,7591,884
6227,7856,9493,8854,7591,9385
6228,7856,9493,1576,9935,8548
6229,7856,4714,1576,4827,884
6230,7856,9493,8854,7591,3446
6231,9675,4714,668,7591,884
6232,8902,2390,1576,7591,8548
6233,7856,4714,1576,7591,4202
6234,7856,9493,1576,7591,7145
6235,7856,9493,5184,8433,7145
6236,7856,2390,1576,7591,884
6237,7856,2390,8854,7591,7821
6238,7856,9493,1576,7591,884
6239,7856,4714,1576,7591,657
6240,7856,4714,1576,7591,7821
6241,7856,4714,1576,7591,884
6242,7407,4714,9016,7178,884
6243,7856,4714,1576,7591,884
6244,7856,4714,1576,7591,8548
6245,7407,4714,9016,7591,4202
6246,7856,4714,1576,7591,884
6247,7856,4714,9016,4827,884
6248,8902,9972,1576,9935,1772
6249,7856,4714,1576,7591,4202
6250,7856,9972,1576,7591,8548
6251,7856,2390,1576,7591,4202
6252,7856,4714,1576,7591,8548
6253,7856,4714,1576,4537,7145
6254,7856,4714,1576,7591,7145
6255,7856,4714,1576,9455,7145
6256,7856,9493,240,8302,7145
6257,7856,4714,8854,7591,7145
6258,7856,4714,8854,7591,3446
6259,7407,4714,1576,7591,7821
6260,7856,9493,1576,7591,884
6261,7407,4714,1576,1592,7821
6262,7407,4714,1576,9935,8548
6263,7856,3253,4026,7591,7821
6264,7856,4714,1576,7591,4202
6265,7407,4714,1576,7591,7821
6266,7856,9493,1576,7591,884
6267,7407,4714,8017,7591,4202
6268,7856,4714,1576,4985,4202
6269,7856,4714,1576,7178,884
6270,7856,9493,240,7591,9443
6271,7856,9493,1576,7591,884
6272,7856,2390,1576,7591,9443
6273,8902,9493,1576,9935,8548
6274,7856,9493,1576,4985,7821
6275,7407,9493,1576,9935,7145
6276,7856,4714,9016,4827,884
6277,7407,4714,1576,7591,8548
6278,7407,4714,1576,7591,8548
6279,7407,4714,5184,7591,4202
6280,7407,4714,8854,7591,7821
6281,9675,4714,1576,9935,2422
6282,7856,4714,1576,7591,663
6283,7856,4714,5184,7178,7145
6284,7856,4714,8854,7591,7145
6285,7856,9493,7093,9935,2422
6286,7856,9493,1576,9935,7145
6287,7856,9493,7093,4827,884
6288,7856,9493,8854,7591,4202
6289,7407,4714,8854,7591,7821
6290,7407,4714,8854,7591,4202
6291,7856,4714,1576,7591,7356
6292,7856,2390,1576,7591,884
6293,9675,4714,1576,4985,5690
6294,7856,4714,8854,9935,1449
6295,7856,2390,1576,9935,663
6296,7856,4714,8854,7591,7821
6297,7856,4714,1576,7591,4202
6298,7856,9493,8854,7488,5885
6299,7856,9493,8854,8433,884
6300,7856,4714,5184,7591,9385
6301,7856,9493,1576,8433,7821
6302,7407,4714,1576,7591,7821
6303,7856,9493,8854,8302,7145
6304,7407,9493,8854,9935,9385
6305,7856,2390,1576,7591,7145
6306,7407,4714,1576,6765,3401
6307,7407,4714,9016,4827,884
6308,7856,4714,8854,7591,7821
6309,7856,4714,1576,7591,7145
6310,7856,4714,1576,7591,8548
6311,7856,2390,1576,7591,7145
6312,7856,4714,8854,7591,884
6313,7856,3014,8854,1563,3446
6314,7407,4714,8854,7591,7821
6315,7856,4714,5184,7591,8548
6316,7856,4714,8854,7591,7821
6317,7407,4714,1576,7591,9385
6318,7856,9493,1576,9935,8548
6319,9675,4714,7093,7591,2422
6320,7856,4714,9016,7591,884
6321,7856,4714,7093,9935,2422
6322,7856,9493,9016,4827,884
6323,7856,2390,1576,9935,8548
6324,7856,4714,8854,7591,5885
6325,7856,4714,2345,9935,2422
6326,7856,4714,8854,7591,3446
6327,7856,2390,1576,9935,7145
6328,7856,4714,9016,7591,2422
6329,7856,4714,9016,7591,2422
6330,7856,9493,8854,8433,1449
6331,7407,4714,9016,4827,884
6332,7856,1478,240,9935,7145
6333,7856,4714,1576,7591,7145
6334,7856,4714,8854,7591,7145
6335,7407,4714,8854,7591,8548
6336,7856,4714,668,7591,884
6337,7856,4714,1576,7591,7145
6338,7856,4714,5184,7591,7145
6339,7856,9493,1576,8433,7145
6340,7856,9493,1576,9935,8548
6341,7856,9493,5184,9935,9385
6342,7856,4714,8854,7591,884
6343,7856,9493,1576,7591,7145
6344,7856,1478,1576,7591,8548
6345,7856,9493,8854,7591,7821
6346,7856,9493,5184,4985,7821
6347,7856,9493,240,1563,884
6348,7856,2390,1576,9935,7821
6349,7856,4714,1576,7591,884
6350,7856,4714,8854,7591,7821
6351,7856,4714,1576,7591,884
6352,7856,9493,1576,7591,884
6353,7856,9493,8854,7591,884
6354,7856,4714,1576,7591,4202
6355,7856,4714,1576,4858,4202
6356,7856,4714,1576,7591,4202
6357,7856,9493,8854,7591,7821
6358,7856,9493,8854,8433,7145
6359,7856,4714,8854,7591,884
6360,7856,2390,1576,9935,8548
6361,7856,9493,6490,556,5885
6362,7856,4714,1576,9935,884
6363,7407,4714,9016,9455,4202
6364,7407,4714,5184,1592,7821
6365,7856,4714,9016,7591,2422
6366,7856,4714,5184,7591,8548
6367,7856,4714,8017,7591,7145
6368,7856,9972,1576,9935,663
6369,7856,2390,1576,7591,884
6370,7856,4714,1576,7591,884
6371,7856,9493,1576,7591,7821
6372,7856,9493,1576,9935,7821
6373,7856,3253,8854,7591,884
6374,7856,1478,1576,9935,8548
6375,7856,4714,1576,7591,8548
6376,7856,9493,1576,7591,8548
6377,7856,2390,1576,7591,8548
6378,7856,4714,1576,7591,884
6379,7856,9493,5184,8433,7821
6380,7856,4714,5184,7591,8548
6381,7856,4714,1576,7591,7145
6382,7856,4714,1576,7591,884
6383,7856,2390,1576,9935,8548
6384,7856,9493,8854,7591,884
6385,7856,4714,1576,9935,7145
6386,7856,4714,1576,7591,663
6387,7856,2390,1576,7591,663
6388,7856,4714,1576,7591,7821
6389,7856,4714,9016,7178,884
6390,7856,4714,8017,7591,7145
6391,7856,9493,240,7591,7145
6392,7856,4714,1576,7591,7145
6393,7856,6429,1576,9935,8548
6394,7856,4714,8854,4537,7821
6395,7856,9972,1576,7591,884
6396,7856,9493,8854,7591,7821
6397,7856,4714,1576,7591,884
6398,8902,2390,1576,7591,884
6399,9675,4714,668,7591,7145
6400,7856,4714,1576,7591,884
6401,7856,4714,8017,7591,884
6402,7856,4714,1576,6765,4202
6403,7856,4714,9016,7591,884
6404,7856,4714,1576,4985,7821
6405,7856,4714,1576,7591,7821
6406,9675,4714,8854,7591,7821
6407,7856,4714,1576,7178,7145
6408,7856,4714,5184,7591,8548
6409,7856,9493,8854,8433,7821
6410,7856,4714,1576,9935,9385
6411,9675,4714,1576,7591,4202
6412,7856,9493,8854,4537,5690
6413,7407,4714,8854,7591,4202
6414,7407,4714,9016,7591,884
6415,7856,4714,9016,7178,7145
6416,7856,9493,1576,9935,7145
6417,7856,9493,1576,7591,884
6418,8902,2390,1576,7591,7145
6419,7856,2390,1576,7591,884
6420,7856,4714,4026,7591,7821
6421,7856,9493,1576,2195,4202
6422,7856,4714,1576,9935,7145
6423,2383,9493,1576,9935,884
6424,7856,9493,1576,2195,3401
6425,7856,9493,1576,7591,884
6426,7856,9493,8854,9935,7821
6427,7407,4714,5184,7591,8548
6428,8902,4714,1576,4985,4202
6429,7407,4714,5184,9935,7701
6430,7856,4714,1576,7591,663
6431,7407,4714,9016,7591,4160
6432,7407,4714,9016,7591,8548
6433,7856,9493,1576,9935,5690
6434,7856,9493,5184,7591,7821
6435,7856,2390,8854,7591,884
6436,7856,4714,8854,7591,7145
6437,7856,4714,8854,7591,663
6438,7856,4714,8854,1563,663
6439,7856,4714,1576,7591,884
6440,7856,4714,1576,7591,7145
6441,7856,9493,1576,9935,7145
6442,7856,1478,1576,9935,8548
6443,7856,4714,8854,7591,884
6444,7856,6429,1576,9935,7145
6445,7856,4714,1576,4985,7145
6446,7856,4714,1576,7591,7145
6447,7407,4714,9016,7178,7145
6448,7407,4714,1576,6765,4202
6449,7856,4714,1576,9935,9385
6450,7856,3253,1576,7591,8548
6451,7856,2390,1576,7591,8548
6452,7856,4714,1576,9935,8548
6453,7856,9493,1576,2195,884
6454,2383,9493,8375,8433,884
6455,2383,7134,240,9742,3401
6456,9675,9493,1576,8433,884
6457,7407,9493,1576,6765,3401
6458,7856,9493,240,8433,884
6459,7856,2390,1576,7591,7145
6460,9675,9493,8854,4537,7145
6461,7407,4714,1576,7178,7145
6462,7856,2390,1576,7591,884
6463,7407,4714,1576,7591,884
6464,9675,9493,1576,6765,3401
6465,7856,9972,7093,9935,6
6466,7856,4714,1576,7591,884
6467,7856,9493,1576,7591,8548
6468,7856,4714,1576,7591,8548
6469,7407,4714,9016,7591,2422
6470,7856,4714,9016,7591,7145
6471,7856,4714,1576,7591,8548
6472,7856,4714,1576,9935,7145
6473,7856,2390,1576,9935,7145
6474,7856,4714,1576,7591,663
6475,7856,9493,1576,9935,663
6476,7856,2390,1576,7591,8548
6477,7856,4714,9016,7591,8548
6478,7407,4714,2345,9935,2422
6479,7856,4714,1576,7591,7145
6480,7856,9493,1576,7591,7145
6481,7856,9493,8854,7591,8548
6482,7856,2390,1576,9935,1772
6483,7407,4714,1576,7591,8548
6484,8902,9972,240,7039,1836
6485,7856,4714,1576,7591,884
6486,7407,4714,1576,7591,884
6487,7856,4714,1576,7591,7145
6488,7856,9493,1576,7178,7145
6489,7856,4714,1576,9935,884
6490,7856,4714,1576,7591,884
6491,7856,1478,1576,9935,7145
6492,7856,4714,1576,7591,884
6493,7856,4714,1576,6765,6163
6494,9675,4714,1576,2195,884
6495,7856,4714,1576,7591,884
6496,7856,4714,1576,7591,884
6497,7856,4714,1576,7591,884
6498,7407,4714,1576,7591,8548
6499,7407,4714,8017,7591,4202
6500,7856,4714,1576,7591,7145
6501,7856,9493,1576,7591,7145
6502,7856,9493,1576,9935,1772
6503,7856,9493,1576,9935,7145
6504,7856,2390,1576,9935,8548
6505,7856,4714,1576,7591,663
6506,7856,1478,1576,9935,8548
6507,7856,9493,8854,7591,884
6508,7856,9493,8854,7591,3446
6509,7856,9493,1576,7178,7145
6510,7407,4714,7093,9935,2422
6511,9675,4714,6490,7178,7145
6512,7856,2390,1576,9935,1772
6513,7856,9493,1576,7591,884
6514,7856,9493,8854,7591,3446
6515,7856,9493,8854,7591,7821
6516,7856,9566,1576,9935,7145
6517,7856,4714,1576,9935,9385
6518,7856,9566,9016,9935,2422
6519,7407,4714,9016,7591,2422
6520,7856,9972,1576,9935,6
6521,7856,1478,1576,9935,663
6522,7856,4714,1576,6765,4202
6523,7407,4714,1576,7591,884
6524,7856,4714,9016,4985,884
6525,7856,4714,1576,7591,884
6526,7856,9493,1576,9935,7145
6527,7856,4714,8854,7591,884
6528,7856,4714,1576,7591,663
6529,7856,9493,1576,2195,4202
6530,7856,9493,8854,7591,3446
6531,7407,4714,5184,4985,8548
6532,7856,9972,1576,9935,8548
6533,7856,4714,4026,7591,8548
6534,7856,4714,1576,7591,884
6535,7856,4714,1576,7591,4202
6536,9675,4714,1576,7591,3401
6537,7856,2390,1576,9935,8548
6538,7856,3253,1576,7591,7145
6539,7856,1478,1576,7591,7145
6540,7856,2390,9016,8008,884
6541,7856,4714,1576,7591,9385
6542,7856,4714,1576,7591,7821
6543,7856,2390,1576,7591,663
6544,7856,4714,1576,7591,4202
6545,7856,2390,1576,4985,5690
6546,7407,4714,1576,9935,9385
6547,7856,4714,1576,9935,8548
6548,7856,2390,1576,9935,8548
6549,8902,9972,1576,4985,392
6550,7856,9493,1576,9935,1772
6551,7407,4714,1576,7591,7821
6552,7856,4714,1576,7178,7145
6553,7856,4714,1576,4827,884
6554,7856,4714,1576,7591,7145
6555,7856,4714,5184,7591,884
6556,7856,9493,8854,9935,663
6557,7856,9493,5184,7591,8548
6558,8902,2390,9016,9935,2422
6559,7856,2390,1576,9935,663
6560,7856,4714,1576,9935,2422
6561,7856,3253,8854,9935,1449
6562,7856,9493,1576,9935,8548
6563,7407,4714,1576,7591,7821
6564,7856,4714,5184,7591,4202
6565,7856,4714,1576,7591,884
6566,7856,9493,8854,8433,7821
6567,7856,4714,1576,7591,7145
6568,7856,9493,1576,7591,8548
6569,7856,4714,8854,7591,884
6570,8902,2390,1576,7591,8548
6571,7856,4714,5184,7591,8548
6572,7856,4714,8854,7591,884
6573,7856,9493,240,7591,8548
6574,7856,4714,1576,4537,7145
6575,7856,9493,1576,9935,7145
6576,7856,9493,5184,9935,9337
6577,7856,1478,1576,9935,8548
6578,9675,9493,5184,8433,884
6579,7856,4714,1576,7591,7821
6580,7856,4714,8854,7591,7821
6581,7856,4714,1576,9935,5690
6582,7856,4714,1576,7591,4202
6583,7407,4714,9016,7591,7145
6584,9675,4714,9016,7591,7145
6585,7856,9493,1576,7178,884
6586,7856,9493,1576,9935,8548
6587,7856,9493,1576,2195,884
6588,9811,666,240,1563,884
6589,9811,75,240,7039,884
6590,7856,9972,7093,4573,1772
6591,7856,3253,8854,7591,7145
6592,7856,9493,4026,9935,8548
6593,7856,3253,1576,7591,8548
6594,7856,4714,8017,7591,7145
6595,7856,9972,1576,9935,8548
6596,7856,4714,1576,7591,884
6597,7856,4714,1576,7591,884
6598,7856,4714,1576,7591,7145
6599,7856,2390,1576,3178,884
6600,7856,9493,240,7591,884
6601,7856,4714,5184,7591,8548
6602,7856,9493,8854,8433,884
6603,7856,2390,1576,9935,1772
6604,7856,2390,1576,9935,1772
6605,7856,4714,1576,9935,9385
6606,7856,2390,5184,9935,9385
6607,7407,4714,9016,7591,884
6608,7856,4714,1576,7591,7145
6609,7856,4714,1576,7591,8548
6610,7407,4714,5184,7591,8548
6611,7856,9493,1576,7591,7145
6612,2383,9493,240,8205,3401
6613,2383,9493,240,8205,3401
6614,2383,9493,9044,8433,884
6615,7856,4714,1576,7591,884
6616,7856,9493,8854,7591,884
6617,7856,9493,1576,9935,7145
6618,7407,4714,1576,7591,884
6619,7407,4714,1576,7591,9385
6620,7856,4714,9016,7591,7145
6621,7856,4714,1576,4985,7821
6622,7856,4714,1576,9935,7821
6623,7856,9493,5184,9935,7145
6624,7856,4714,1576,4827,884
6625,7856,4714,5184,7591,4202
6626,7856,9493,1576,9935,884
6627,7856,2390,1576,9935,7145
6628,8902,2390,1576,9935,663
6629,7856,9493,1576,7591,884
6630,9675,4714,8854,7591,7821
6631,7856,9493,240,2195,7821
6632,7856,4714,4026,7591,4202
6633,7856,9493,8017,7591,8548
6634,7856,4714,1576,1592,6901
6635,7407,4714,1576,7591,4202
6636,3474,7134,9044,9857,884
6637,7856,2390,1576,4777,884
6638,2383,2390,1576,8433,884
6639,7856,75,8854,6803,1449
6640,7856,4714,1576,7591,5885
6641,7856,4714,1576,7591,8548
6642,7856,9493,1576,7591,7145
6643,7856,75,240,1563,3401
6644,8902,9972,1576,7591,884
6645,7407,4714,1576,7591,8548
6646,7856,2390,7093,9935,884
6647,7856,9493,8854,9935,1895
6648,7856,9493,8854,7591,884
6649,7856,4714,4026,7591,7821
6650,7407,4714,8854,7591,7821
6651,7856,2390,1576,7591,4202
6652,7856,4714,1576,7591,7145
6653,7856,4714,9016,4985,2422
6654,7856,9493,8854,9935,1895
6655,7856,4714,1576,7591,884
6656,7856,2390,1576,7591,8548
6657,7856,9493,5184,7591,9385
6658,7856,2390,1576,4985,7145
6659,7856,9566,1576,9935,8548
6660,7856,9493,1576,9935,7821
6661,8902,4714,1576,9935,8548
6662,7856,4714,4026,7591,7821
6663,7856,9493,1576,7591,2422
6664,7856,4714,1576,4985,884
6665,7856,9493,1576,8433,884
6666,7856,4714,1576,7591,884
6667,7856,4714,1576,9935,7145
6668,7407,4714,9016,7591,884
6669,7407,4714,1576,7591,4202
6670,7856,4714,1576,7591,7145
6671,7856,4714,1576,7591,4202
6672,7856,4714,1576,9935,884
6673,9675,9493,9016,7178,884
6674,7407,2390,1576,4985,663
6675,7856,4714,9016,9935,2422
6676,7856,4714,1576,9935,2422
6677,7856,4714,2345,9935,2422
6678,7856,4714,1576,7591,7821
6679,7856,4714,1576,7591,4202
6680,7856,4714,1576,7591,4202
6681,3474,9493,8854,8433,7821
6682,7856,4714,8854,7591,7821
6683,7856,4714,9016,7178,884
6684,7856,4714,1576,7591,7821
6685,7856,4714,1576,7591,884
6686,7856,4714,7093,7591,884
6687,9675,4714,1576,7591,4202
6688,7856,4714,1576,9935,7145
6689,7856,9493,8854,7591,884
6690,7407,4714,9016,7591,884
6691,7856,4714,1576,7591,7821
6692,7856,4714,1576,4985,4202
6693,7856,4714,1576,7591,8548
6694,7856,9493,1576,7591,663
6695,7856,4714,1576,7591,884
6696,7407,4714,1576,6765,4202
6697,7856,4714,1576,4985,4202
6698,7856,9493,5184,7178,884
6699,7856,9493,240,2195,7821
6700,7856,9493,1576,9935,7145
6701,7856,4714,9016,7591,884
6702,7856,9493,5184,7591,884
6703,7856,9493,240,4827,7145
6704,7856,75,8854,3945,884
6705,7856,4714,8854,7591,3446
6706,7856,9493,240,2195,7145
6707,7856,4714,8854,7591,3446
6708,7856,4714,8854,7591,884
6709,7856,1478,1576,7591,884
6710,7856,2390,1576,7591,8548
6711,7856,1478,1576,7591,884
6712,8902,9972,1576,7591,8548
6713,7856,1478,7093,7591,3746
6714,7407,4714,8854,7591,884
6715,7856,4714,8854,7591,884
6716,7856,4714,1576,7591,884
6717,7856,4714,668,7591,7145
6718,9675,9493,8854,9455,5885
6719,7856,9493,8854,8433,884
6720,7856,4714,4026,7591,884
6721,7856,9493,1576,7591,8548
6722,7856,2390,1576,7591,884
6723,7407,4714,1576,7591,4202
6724,7407,4714,5184,4985,7821
6725,8902,9972,1576,9935,8548
6726,7407,4714,1576,4985,4202
6727,7856,4714,5184,9935,4202
6728,7407,4714,1576,6765,4202
6729,7856,4714,1576,9935,8548
6730,7856,4714,8854,7591,7145
6731,7856,9493,1576,7591,884
6732,7407,4714,9016,7178,884
6733,7856,4714,7093,4827,884
6734,7856,4714,1576,7591,7145
6735,9675,4714,8854,7591,4311
6736,7856,4714,8854,7591,3446
6737,7856,4714,8854,7591,4202
6738,7856,9493,1576,7591,8548
6739,7856,9493,1576,9935,7145
6740,7856,4714,1576,4985,4202
6741,2383,7134,240,9857,884
6742,3474,666,9044,9857,884
6743,3474,7134,9044,9742,884
6744,7856,4714,1576,9935,2422
6745,7856,4714,1576,7591,884
6746,7856,4714,7093,9935,2422
6747,7856,4714,1576,7591,884
6748,7407,9493,1576,4985,7821
6749,7856,4714,8854,7591,884
6750,7856,4714,5184,7591,9385
6751,7856,4714,1576,7591,9385
6752,7856,4714,1576,9935,8548
6753,7856,4714,1576,9935,663
6754,7856,2390,8854,7591,7821
6755,8902,2390,1576,9935,1772
6756,7856,9493,1576,7591,884
6757,7407,4714,2225,9935,9337
6758,7856,4714,1576,7591,8548
6759,8902,2390,1576,9935,7145
6760,7856,9493,1576,4985,7145
6761,8902,2390,1576,8433,884
6762,7856,2390,1576,9935,663
6763,7407,4714,1576,7591,8548
6764,7856,4714,1576,9935,7145
6765,7407,4714,9016,7591,2422
6766,7856,9493,1576,9935,8548
6767,7856,4714,1576,9935,8548
6768,8902,9972,7093,7591,3660
6769,8902,9493,1576,7591,884
6770,7856,9493,9016,4827,884
6771,7856,9493,8854,7591,7821
6772,7856,4714,8854,7591,663
6773,7856,4714,1576,2195,3401
6774,7856,4714,1576,7591,884
6775,7856,2390,1576,9935,7145
6776,9675,4714,9016,4827,884
6777,7856,1478,1576,7591,884
6778,7856,4714,1576,7591,884
6779,7856,3253,1576,7591,8548
6780,7856,9493,1576,7591,884
6781,9675,4714,5184,7591,7821
6782,7856,9493,1576,4985,7145
6783,2383,4714,9016,7178,884
6784,7856,4714,9016,7591,884
6785,7856,9493,1576,7591,7145
6786,7856,9972,1576,7591,884
6787,7856,4714,1576,7591,8548
6788,7856,4714,9016,7591,884
6789,7856,4714,8854,7591,5885
6790,7856,4714,8854,7591,884
6791,3474,4714,8854,556,5885
6792,8902,4714,1576,9935,1772
6793,7856,9972,1576,9935,663
6794,7856,6429,1576,9935,663
6795,7856,4714,1576,7591,8548
6796,7856,4714,1576,7591,884
6797,7856,4714,1576,7591,884
6798,7856,2390,1576,9935,9443
6799,7856,1478,1576,9935,663
6800,7856,2390,1576,2195,7145
6801,7856,2390,1576,7591,7821
6802,7407,4714,8017,7591,7821
6803,7856,4714,240,7591,884
6804,7856,3253,8854,7591,3446
6805,7856,9493,1576,7591,7145
6806,7856,9493,1576,7591,7145
6807,7856,9493,8854,4827,7145
6808,7856,4714,1576,7591,7821
6809,7856,9493,3647,9935,9337
6810,7856,9493,5184,4537,7145
6811,7407,4714,8854,4537,9385
6812,7856,4714,1576,9935,9385
6813,7856,9493,1576,9935,7145
6814,7856,9493,1576,9935,5696
6815,7856,1478,1576,9935,1772
6816,7407,4714,9016,7591,4202
6817,7407,4714,1576,7591,8548
6818,7856,9493,1576,8433,884
6819,7856,4714,1576,7591,7145
6820,7856,4714,1576,7591,884
6821,7856,9493,1576,9935,2422
6822,7856,4714,1576,7591,4202
6823,7856,4714,8854,7591,1449
6824,7856,4714,1576,7591,7145
6825,7856,4714,8854,7591,4202
6826,7856,4714,8854,7591,5885
6827,7856,4714,1576,7591,884
6828,7856,4714,8017,7178,7145
6829,9675,4714,240,2195,3401
6830,7407,4714,5184,7591,8548
6831,7856,2390,1576,7591,8548
6832,7407,9493,5184,9935,8548
6833,7856,4714,1576,7591,884
6834,7856,4714,8854,7591,7821
6835,7856,4714,8854,7591,884
6836,7856,9493,1576,9935,663
6837,7856,4714,1576,9935,7821
6838,7856,4714,1576,7591,7821
6839,7856,2390,1576,7591,8548
6840,7856,9493,1576,9935,7145
6841,7856,1478,1576,9935,1772
6842,8902,9972,1576,9935,663
6843,7407,4714,5184,7591,8548
6844,7856,4714,1576,943,5690
6845,7856,4714,9016,4985,7145
6846,7856,4714,1576,7591,7821
6847,7856,9972,1576,7591,1772
6848,8902,9972,1576,7591,884
6849,7856,4714,1576,7591,7145
6850,7856,4714,1576,7591,4202
6851,7856,4714,1576,7591,8548
6852,7407,4714,5184,4985,8548
6853,7856,4714,5184,7591,884
6854,7856,9493,8854,7591,7145
6855,7856,9493,1576,8433,884
6856,9675,4714,1576,7178,884
6857,7407,4714,1576,7178,884
6858,7856,9493,1576,9935,7145
6859,7856,1478,1576,7591,7145
6860,7856,9493,8854,8433,8548
6861,7856,9493,1576,7591,7821
6862,7856,4714,8854,7591,3401
6863,7856,4714,1576,7591,4202
6864,7856,4714,9016,9935,7145
6865,8902,2390,1576,9935,8548
6866,9675,9493,8854,8433,7145
6867,7856,2390,1576,7591,663
6868,7856,9493,1576,9935,7821
6869,7856,4714,1576,7591,7821
6870,7407,4714,1576,4985,4202
6871,7856,9493,8854,9935,7821
6872,8902,2390,9016,4827,884
6873,7856,4714,1576,7591,7145
6874,7407,4714,8854,7591,9385
6875,7407,4714,9016,9935,2422
6876,7856,9493,8854,7591,884
6877,7856,4714,1576,7591,8548
6878,7856,4714,1576,7591,884
6879,7856,9493,240,2195,884
6880,7856,4714,1576,7591,884
6881,7856,4714,1576,7591,884
6882,7856,4714,8854,7591,7821
6883,7856,2390,1576,9935,663
6884,7856,4714,1576,7591,884
6885,7856,9493,9016,4827,7145
6886,7856,4714,9016,7591,884
6887,7856,9972,7093,9935,884
6888,7856,1478,7093,9935,884
6889,7856,2390,240,7591,8548
6890,7856,1478,1576,7591,8548
6891,7856,4714,1576,7591,8548
6892,7856,9972,1576,9935,1772
6893,7407,4714,8854,9935,2422
6894,7856,4714,6490,7591,884
6895,7856,9493,8854,7591,884
6896,7856,2390,1576,9935,8548
6897,7856,9493,1576,7591,7145
6898,7856,9493,1576,7591,7145
6899,7856,9493,9016,9935,884
6900,7856,75,240,9935,8548
6901,7856,4714,1576,7591,663
6902,7856,9493,5184,9935,9385
6903,7856,9493,1576,9935,5696
6904,7856,4714,1576,7591,8548
6905,8902,9493,240,2195,884
6906,7856,4714,1576,9935,663
6907,7856,4714,1576,9935,7821
6908,7856,4714,9016,4827,884
6909,7856,4714,1576,7591,884
6910,7856,9493,1576,9935,8548
6911,7856,9493,240,8433,7821
6912,7856,2390,1576,7591,8548
6913,7856,4714,8854,7591,3446
6914,7856,4714,1576,7591,884
6915,7856,4714,8854,7591,884
6916,7856,4714,1576,7591,8548
6917,7856,4714,240,7591,884
6918,7856,4714,1576,7591,7145
6919,7856,4714,9016,7591,884
6920,7856,4714,1576,9935,7145
6921,7856,4714,5184,7591,8548
6922,8902,5353,9016,8433,884
6923,7856,9493,8854,4537,5885
6924,7856,4714,1576,7591,8548
6925,7856,4714,5184,7591,7145
6926,7856,4714,1576,7591,884
6927,7856,4714,8854,7591,6329
6928,7856,9493,8854,9935,1449
6929,7856,4714,1576,7591,8548
6930,9675,9493,9016,7178,884
6931,7856,4714,5184,9935,9337
6932,7856,4714,1576,7591,7821
6933,7856,9493,1576,7591,8548
6934,7856,9493,1576,9935,7145
6935,7856,4714,8854,7591,884
6936,9675,4714,8854,7591,884
6937,7856,9493,1576,7591,884
6938,7856,9493,1576,7591,884
6939,7856,4714,1576,9935,7821
6940,7856,3253,240,2195,7145
6941,3474,9493,8017,8205,7145
6942,7407,4714,4026,7591,8548
6943,7856,4714,2345,9935,9385
6944,7856,4714,8854,7591,884
6945,7856,4714,1576,7591,7145
6946,7856,9493,8854,7591,884
6947,7407,4714,1576,7591,884
6948,8902,9972,1576,7591,7821
6949,7856,9493,1576,7591,663
6950,7856,4714,1576,7591,9385
6951,7407,4714,9016,7591,884
6952,7856,9493,1576,9935,884
6953,9675,4714,1576,7591,7821
6954,7856,9493,1576,9935,7821
6955,7856,9493,1576,7591,884
6956,7856,4714,1576,7591,884
6957,7856,4714,1576,7591,8548
6958,7856,9972,1576,7591,1772
6959,7856,4714,1576,7591,884
6960,7856,2390,1576,7591,884
6961,7856,9493,1576,9935,7821
6962,7856,9493,1576,8433,7145
6963,9675,4714,8854,7591,884
6964,7856,4714,1576,7591,884
6965,7856,9493,5184,8433,9913
6966,7856,9493,1576,7591,8548
6967,7856,4714,240,7591,9443
6968,7856,2390,1576,7591,3746
6969,7856,9972,1576,7591,8548
6970,7856,4714,1576,9935,9385
6971,7856,9493,8854,7591,5885
6972,7856,4714,240,7591,8548
6973,7856,4714,1576,7591,4202
6974,7856,2390,1576,9935,7145
6975,7856,4714,9016,7591,7145
6976,7856,75,1576,9935,7145
6977,7856,4714,5184,9935,7145
6978,7856,4714,1576,9935,8548
6979,7856,75,240,2195,3401
6980,7856,4714,1576,7591,884
6981,9675,9493,8854,7591,1449
6982,7856,1478,1576,9935,8548
6983,7856,4714,1576,4985,4202
6984,7856,4714,1576,9935,7145
6985,2383,9493,8854,8433,7821
6986,7856,4714,1576,7591,7145
6987,7856,4714,5184,7591,8548
6988,8902,9972,1576,7591,3746
6989,7856,4714,1576,7591,884
6990,7856,2390,1576,7591,7145
6991,7856,1478,1576,7591,8548
6992,7856,9493,9016,4827,7145
6993,7856,4714,8854,4537,7145
6994,7407,4714,5184,4985,7821
6995,7856,4714,1576,7591,8548
6996,7856,666,240,8302,3446
6997,7856,4714,8854,7591,884
6998,7856,4714,1576,7591,7145
6999,8902,2390,1576,7591,8548
7000,7856,4714,8017,7591,7821
7001,7856,4714,1576,7591,7145
7002,7856,4714,1576,7591,7821
7003,7407,4714,5184,6765,4202
7004,7856,4714,1576,7591,7145
7005,7856,4714,8854,7591,7145
7006,7856,4714,1576,7591,8548
7007,7856,4714,1576,1592,7821
7008,7407,4714,8854,7591,884
7009,7856,4714,8854,7591,884
7010,7856,3253,1576,7591,9443
7011,7856,4714,9016,7591,884
7012,7407,4714,5184,7591,7145
7013,7407,4714,1576,7591,7145
7014,7856,4714,4079,8302,7145
7015,7856,9972,1576,7591,663
7016,7856,4714,5184,9935,9385
7017,7856,9493,1576,7591,663
7018,9675,4714,8854,7591,884
7019,7407,4714,1576,7591,8548
7020,7856,9493,1576,7591,884
7021,7856,4714,240,7591,9443
7022,7856,9493,1576,7591,8548
7023,7856,4714,9016,7591,884
7024,7856,9493,1576,9935,7145
7025,7856,4714,1576,1592,7821
7026,7856,9493,1576,7591,884
7027,7856,1478,240,9935,8548
7028,7856,4714,1576,9935,8548
7029,7856,4714,1576,7591,884
7030,7856,9493,1576,7591,7145
7031,7856,4714,9016,4827,884
7032,7856,4714,5184,7591,7145
7033,7856,9493,240,7591,9443
7034,7856,4714,1576,4827,884
7035,9675,4714,8017,7591,4202
7036,7856,9493,8854,7591,7821
7037,7856,4714,1576,7591,884
7038,7856,4714,8854,7591,7145
7039,7856,2390,1576,9935,5696
7040,7856,4714,5184,7591,7821
7041,7856,2390,7093,9935,2422
7042,7407,4714,8854,7591,2422
7043,7856,9493,1576,2195,884
7044,7856,9493,5184,9935,8548
7045,7856,9493,1576,7591,884
7046,7856,4714,1576,9935,884
7047,7856,9493,8854,8302,7145
7048,7856,9493,1576,9935,7145
7049,7856,9493,1576,7591,7145
7050,7856,4714,1576,7591,7821
7051,7856,4714,1576,9935,7145
7052,7856,4714,8854,7591,884
7053,7856,1478,1576,9935,1772
7054,7407,4714,1576,7591,884
7055,7856,9493,1576,9935,9337
7056,7856,9493,5184,9935,9385
7057,7856,4714,8854,7591,7821
7058,7856,9493,8854,4537,5690
7059,7856,4714,8854,7591,884
7060,7856,2390,1576,9935,8548
7061,7856,6429,1576,9935,7821
7062,7407,4714,9016,7591,2422
7063,7856,4714,9016,7591,7145
7064,7856,4714,1576,7591,884
7065,7856,4714,8017,7591,7145
7066,7856,9493,1576,7591,7145
7067,8902,9972,1576,9935,8548
7068,8902,9493,1576,9935,663
7069,7856,4714,1576,7591,7821
7070,7856,4714,1576,9935,663
7071,7407,4714,1576,7591,7821
7072,7407,4714,1576,7591,884
7073,9675,4714,9016,7178,7145
7074,7856,4714,1576,7591,7145
7075,7856,4714,8854,7591,884
7076,7856,4714,1576,7591,7821
7077,7856,4714,1576,7591,8548
7078,7856,9493,8854,7591,7145
7079,7856,9493,1576,9935,7145
7080,7856,4714,1576,7591,4202
7081,7856,4714,8854,7591,884
7082,7856,4714,5184,7591,7821
7083,7856,4714,8854,7591,7821
7084,7407,4714,9016,7178,884
7085,7856,4714,1576,7591,9385
7086,7856,4714,8854,7591,3446
7087,7856,1478,1576,7591,884
7088,7856,4714,8854,7591,884
7089,7856,9493,8854,7591,1449
7090,7856,4714,8854,7591,884
7091,7856,4714,1576,7591,7145
7092,7856,4714,8854,7591,3284
7093,7856,9493,240,8302,7145
7094,7856,1478,1576,9935,7145
7095,7856,9493,1576,7591,884
7096,7856,4714,1576,7591,8548
7097,7856,2390,1576,9935,7145
7098,7856,4714,1576,7591,5885
7099,7856,9493,8854,7591,7145
7100,7856,3253,1576,7591,8548
7101,8902,4714,1576,1592,7821
7102,7407,4714,1576,7591,657
7103,7856,4714,5184,8302,7145
7104,7856,4714,8854,8302,7145
7105,7856,9493,240,7591,4202
7106,7407,4714,9016,9743,2422
7107,7856,2390,1576,9935,8548
7108,7856,1478,1576,7591,1772
7109,7856,2390,1576,7591,8548
7110,7856,1478,1576,9935,8548
7111,7856,4714,4026,7591,7821
7112,7856,3253,1576,7591,8548
7113,7856,4714,1576,9935,7145
7114,7856,2390,1576,2195,8548
7115,7856,3253,8854,7591,1449
7116,7856,9493,8854,7591,7821
7117,7407,4714,1576,7591,4202
7118,7856,9493,240,8302,7145
7119,7856,4714,1576,7591,7145
7120,7856,4714,1576,7591,7145
7121,2383,9493,1576,8433,884
7122,7856,4714,1576,7591,884
7123,7856,9493,3647,9935,9385
7124,7856,4714,1576,7591,7821
7125,7856,4714,1576,7591,4202
7126,9675,4714,1576,2195,884
7127,7856,4714,8854,7591,7821
7128,7856,4714,1576,7591,663
7129,7407,4714,1576,7591,4202
7130,7856,4714,9016,4827,884
7131,7856,4714,8854,9935,5690
7132,7856,4714,1576,7591,884
7133,7856,4714,1576,7591,7145
7134,7856,4714,1576,7591,7145
7135,7407,4714,1576,7591,9385
7136,7856,9493,5184,8433,7145
7137,7407,4714,8854,7591,884
7138,7856,9493,8854,7591,7821
7139,7856,9493,240,2195,884
7140,7856,9493,1576,7591,7145
7141,7407,4714,1576,7591,7821
7142,7856,4714,8854,7591,884
7143,7856,9493,240,2195,3401
7144,7856,9493,5184,7591,7145
7145,7407,4714,5184,1592,7821
7146,7856,9493,8854,4537,1449
7147,7856,4714,1576,7591,884
7148,7856,4714,1576,7591,7145
7149,7856,4714,1576,7591,884
7150,7856,9493,1576,8433,7821
7151,2383,9972,240,7039,884
7152,7856,4714,1576,7591,8548
7153,7407,4714,668,7591,884
7154,7856,4714,1576,5112,884
7155,7856,9493,1576,7591,884
7156,7856,9493,1576,9935,2422
7157,7856,9493,5184,8433,9385
7158,7407,4714,8017,7591,7145
7159,7856,9493,8854,9935,884
7160,8902,9972,9436,4573,884
7161,7856,6429,1576,9935,663
7162,9675,4714,8017,7591,7145
7163,8902,4714,1576,4985,884
7164,7856,9493,8854,7591,8548
7165,7856,4714,1576,7591,884
7166,7856,4714,1576,7591,4202
7167,7856,9493,1576,7591,884
7168,7856,9493,1576,2195,3401
7169,7856,4714,1576,2195,7145
7170,7856,4714,8854,7591,3446
7171,7856,9493,1576,7591,7145
7172,7856,2390,1576,9935,7145
7173,7856,4714,8854,7591,8548
7174,7407,4714,9016,7591,884
7175,7856,4714,5184,7591,9385
7176,7856,4714,1576,7591,884
7177,7856,4714,1576,7591,8548
7178,7856,1478,1576,9935,7145
7179,8902,9972,7093,9935,7145
7180,7856,2390,1576,9935,8548
7181,7856,2390,1576,7591,884
7182,7856,4714,1576,5112,5885
7183,7856,4714,8854,7591,8548
7184,8902,9493,1576,9935,7145
7185,7856,9493,1576,4985,7145
7186,7856,4714,8017,7591,7145
7187,7856,9493,9016,7591,884
7188,7856,4714,1576,7591,884
7189,7856,1478,7093,4573,884
7190,7407,4714,5184,7591,8548
7191,7856,1478,1576,7591,8548
7192,8902,9972,9016,9743,6222
7193,7407,4714,9016,7178,7145
7194,3474,666,240,7039,7145
7195,7856,4714,1576,7591,884
7196,7856,9493,1576,7591,8548
7197,7856,4714,1576,7591,7821
7198,7856,2390,1576,9935,7145
7199,7856,9493,1576,2195,884
7200,7856,4714,8017,7591,8548
7201,7407,4714,9016,6765,884
7202,8902,4714,9016,9935,884
7203,7856,2390,1576,7591,663
7204,7856,4714,1576,7591,7145
7205,7856,4714,9016,7591,884
7206,7856,4714,8854,7591,884
7207,7856,4714,8854,7591,884
7208,7856,4714,8854,7591,657
7209,7407,4714,8017,7591,7145
7210,7856,9493,1576,9935,7145
7211,7856,4714,8854,7591,7821
7212,7856,1478,1576,4985,8548
7213,7856,4714,1576,7591,8548
7214,7856,4714,1576,7591,7821
7215,7856,9493,240,7591,7145
7216,8902,4714,1576,7591,884
7217,7856,9493,1576,9935,7145
7218,7856,4714,1576,7591,4202
7219,7856,4714,1576,7591,7821
7220,7856,4714,1576,7178,884
7221,7856,9493,8854,1563,884
7222,7856,9493,1576,7591,884
7223,7856,9493,240,7591,8548
7224,7856,9493,8854,7591,7821
7225,7856,4714,9016,7178,7145
7226,7856,9493,8854,7591,884
7227,7856,4714,240,4827,884
7228,7856,4714,8854,7591,7821
7229,7407,4714,1576,4985,7821
7230,7856,9493,240,7591,9443
7231,7856,2390,1576,7591,884
7232,7856,4714,1576,7591,884
7233,7407,4714,1576,7591,8548
7234,7856,9972,1576,7591,663
7235,7407,9493,1576,7591,4202
7236,7856,9493,5184,9935,7145
7237,7856,2390,1576,7591,884
7238,7856,1478,8854,7591,7821
7239,7856,9493,1576,9935,7145
7240,7856,3229,2345,9935,2422
7241,7856,9493,1576,9935,663
7242,7856,2390,1576,9935,663
7243,7856,4714,1576,7591,884
7244,7856,4714,5184,7591,7145
7245,7407,4714,1576,7591,7145
7246,7856,4714,9016,7591,884
7247,7856,4714,1576,7591,4202
7248,7856,9493,1576,9935,5696
7249,7856,4714,1576,7591,8548
7250,9675,3253,8854,7591,6329
7251,7856,4714,1576,7591,884
7252,7856,9493,8854,7591,3446
7253,7856,4714,1576,7591,884
7254,7856,9493,1576,7591,884
7255,7407,4714,1576,7591,8548
7256,7856,4714,1576,7591,8548
7257,7856,2390,1576,7591,884
7258,7856,4714,1576,9935,7145
7259,7856,1478,240,7591,7145
7260,7856,4714,8854,7591,7821
7261,8902,9972,9016,9935,6743
7262,7856,1478,1576,9935,1772
7263,7856,4714,8854,7591,884
7264,7856,4714,5184,7591,7145
7265,7407,4714,9016,7591,884
7266,7856,9493,1576,9935,884
7267,7856,9493,8854,7591,7821
7268,7856,4714,1576,7591,8548
7269,7856,4714,8017,2195,884
7270,7856,4714,9016,4985,4202
7271,7856,4714,5184,7591,8548
7272,9675,4714,9016,4827,884
7273,7856,4714,1576,7591,4202
7274,7856,9493,1576,9935,663
7275,7856,4714,1576,7591,884
7276,7856,4714,7093,7591,2422
7277,3474,4714,9044,9857,884
7278,7856,4714,1576,7591,4202
7279,7856,9493,1576,7591,7145
7280,7407,4714,8854,9935,663
7281,7407,4714,1576,7591,4202
7282,7407,4714,1576,7591,7821
7283,7856,1478,8854,7591,7821
7284,7856,4714,1576,7591,884
7285,8902,4714,1576,7591,884
7286,9675,4714,1576,6765,4202
7287,7856,4714,1576,2195,4202
7288,7856,9493,8854,7591,884
7289,7856,4714,1576,7591,663
7290,7856,9493,1576,7591,7145
7291,7856,9493,1576,7591,8548
7292,7856,4714,1576,7591,8548
7293,7856,4714,1576,7591,7145
7294,8902,9972,1576,7591,7145
7295,7856,4714,8854,7591,884
7296,7856,4714,8854,7591,884
7297,7856,4714,4026,7591,8548
7298,7856,1478,1576,9935,8548
7299,7856,4714,8854,7591,3446
7300,7856,4714,5184,7591,7145
7301,7856,9493,6490,943,7145
7302,7856,4714,1576,9935,1772
7303,7856,4714,1576,7591,884
7304,7856,9493,8854,7591,884
7305,7856,4714,1576,7591,4202
7306,7856,2390,1576,9935,9337
7307,7856,4714,8854,7591,3446
7308,7856,9493,1576,556,7145
7309,7856,4714,1576,9935,7145
7310,7856,4714,1576,9935,7145
7311,7856,4714,1576,7591,884
7312,7856,4714,1576,7591,7821
7313,7856,4714,8854,7591,3446
7314,7856,4714,1576,9935,1895
7315,8902,1478,1576,9935,9337
7316,7856,4714,1576,7591,8548
7317,7856,4714,1576,9743,4202
7318,7856,4714,8854,7591,884
7319,7856,9493,8854,7591,884
7320,7856,4714,8854,7591,7821
7321,7856,2390,1576,7591,8548
7322,7856,4714,1576,7591,8548
7323,7407,4714,2225,9935,7821
7324,7856,9493,1576,2195,3401
7325,7856,9493,1576,7591,884
7326,7856,1478,1576,9935,7145
7327,7856,4714,1576,7591,4202
7328,7856,4714,8854,7591,5690
7329,7856,9493,8854,9935,663
7330,7856,9493,1576,7591,7145
7331,7856,4714,5184,7591,8548
7332,7856,9493,8854,7591,884
7333,7856,4714,1576,7591,884
7334,7856,1478,1576,7591,8548
7335,7856,4714,8854,7591,8548
7336,7856,4714,1576,9935,7145
7337,7856,9493,240,7591,884
7338,7856,4714,1576,7591,7821
7339,7856,9972,1576,7591,6
7340,7856,9493,7093,9935,884
7341,7856,9493,240,7178,7145
7342,7856,4714,1576,7591,8548
7343,7856,1478,240,7591,884
7344,8902,9972,7093,9935,2422
7345,7856,4714,8854,7591,3446
7346,7856,4714,1576,7591,884
7347,7856,4714,1576,4985,7821
7348,7856,9493,1576,9935,9337
7349,7856,9493,1576,2195,7145
7350,7856,4714,1576,7591,884
7351,7856,2390,1576,9935,7145
7352,7407,4714,9016,9455,7145
7353,7856,4714,1576,9935,9385
7354,7856,4714,9016,7591,884
7355,7856,4714,9016,7591,884
7356,7856,4714,1576,7591,4202
7357,7856,4714,1576,9935,7145
7358,7856,9493,8854,8302,7145
7359,7856,4714,8017,7591,4202
7360,7856,9493,8854,7591,3446
7361,7856,9493,5184,9935,9385
7362,7856,4714,1576,9935,2422
7363,7856,4714,1576,7591,7145
7364,7856,2390,1576,9935,8548
7365,8902,9972,1576,9935,7145
7366,7407,4714,5184,7591,884
7367,7856,2390,1576,7591,8548
7368,7856,9493,8854,7591,7821
7369,7856,4714,1576,7591,2422
7370,7856,9493,1576,9935,8548
7371,7856,9972,1576,7591,7145
7372,7856,4714,1576,7591,884
7373,7856,4714,1576,7591,663
7374,8902,4714,1576,1592,7821
7375,7856,9493,8854,9935,1895
7376,7407,4714,1576,9935,7145
7377,7407,4714,1576,7591,884
7378,7856,4714,8854,8302,7145
7379,7856,1478,1576,9935,8548
7380,7856,4714,4026,7591,7821
7381,7856,3253,240,7591,8548
7382,7856,4714,8854,4537,5690
7383,7407,4714,1576,7591,7145
7384,7856,1478,1576,9935,663
7385,7856,4714,1576,7591,884
7386,7856,2390,1576,7591,8548
7387,7856,4714,1576,7591,7145
7388,7856,9493,1576,9935,663
7389,7856,4714,8017,7591,8548
7390,7407,4714,1576,9935,663
7391,7856,4714,8854,7591,884
7392,7856,4714,8854,7591,884
7393,7856,4714,5184,7591,8548
7394,7856,4714,1576,7591,7821
7395,7856,4714,1576,9935,7145
7396,7856,1478,1576,9935,1772
7397,7856,4714,1576,7591,4202
7398,7856,2463,1576,9935,884
7399,7856,4714,8854,7591,884
7400,7856,4714,5184,7591,8548
7401,7856,9493,5184,9935,9385
7402,7856,4714,8017,7591,7145
7403,7407,4714,1576,6765,7145
7404,7407,4714,1576,4985,7145
7405,7856,9493,8854,7591,884
7406,7856,9493,8854,7591,7145
7407,7856,2390,1576,7591,8548
7408,7856,75,240,7591,9443
7409,7856,4714,1576,7591,884
7410,7856,4714,8017,7591,884
7411,7407,4714,5184,4985,4202
7412,7407,4714,8854,7591,663
7413,7856,4714,1576,7591,7821
7414,7856,9493,1576,8302,7145
7415,7856,4714,1576,7591,7145
7416,7407,4714,9016,4985,7145
7417,7407,4714,8017,7591,9443
7418,7856,9493,3647,9935,9385
7419,8902,9972,9436,4573,6743
7420,7856,4714,1576,7591,884
7421,7856,4714,1576,9935,7145
7422,7856,9493,6490,7591,7145
7423,7856,4714,1576,9935,9385
7424,7856,4714,1576,7591,8548
7425,7856,4714,7093,9935,2422
7426,7407,4714,1576,7591,7145
7427,7856,9493,1576,9935,9385
7428,7856,5353,240,7039,6992
7429,7856,3253,8854,9935,1895
7430,7856,4714,8854,7591,3446
7431,7856,4714,8854,7591,7821
7432,7407,4714,1576,7591,7821
7433,7856,4714,1576,7591,884
7434,7856,2390,1576,9935,7145
7435,7856,2390,1576,9935,2422
7436,7407,4714,8854,7591,7821
7437,7856,9493,1576,7591,8548
7438,7856,9493,1576,9935,9385
7439,7856,9493,1576,7591,7145
7440,7856,4714,1576,7591,884
7441,7856,9493,1576,9935,7145
7442,7856,9493,5184,9935,9385
7443,7856,2390,1576,7591,884
7444,7856,2390,1576,9935,7145
7445,7407,4714,1576,7591,8548
7446,7856,4714,8854,7591,884
7447,7856,9493,240,7039,7145
7448,7856,4714,1576,7591,7145
7449,7856,4714,8854,7591,884
7450,7856,4714,1576,7591,7145
7451,7407,4714,1576,7591,2422
7452,8902,9972,1576,2195,8548
7453,9675,9493,8854,4537,3446
7454,7856,4714,8854,7591,7821
7455,7856,4714,7093,7591,2422
7456,7856,4714,8017,7591,7145
7457,7407,4714,6490,7591,7145
7458,7407,4714,1576,7591,8548
7459,7856,1478,1576,7591,8548
7460,7856,75,240,1563,884
7461,7856,4714,1576,7591,884
7462,7856,9493,8854,7591,7821
7463,7856,9972,1576,9935,9385
7464,7856,4714,1576,7591,8548
7465,8902,9972,9436,4573,884
7466,7856,4714,1576,9935,7145
7467,7856,4714,8854,9935,7821
7468,7856,9493,1576,7591,884
7469,7856,4714,5184,7591,8548
7470,7856,9493,1576,9935,884
7471,7856,4714,1576,7591,884
7472,7856,4714,1576,7591,7145
7473,7407,4714,1576,4985,4202
7474,7856,9493,8854,7591,3446
7475,8902,1478,240,7591,884
7476,7856,4714,1576,7591,884
7477,7856,9493,1576,8302,7145
7478,7856,9493,8854,7591,7821
7479,7856,9972,1576,9935,8548
7480,7407,4714,1576,7591,884
7481,7856,4714,5184,8302,7145
7482,7856,4714,1576,7591,4202
7483,7856,4714,1576,7591,7821
7484,7856,4714,2345,9935,2422
7485,7856,3253,1576,7591,663
7486,7856,2390,1576,7591,7145
7487,7856,9493,8854,8302,7145
7488,7856,4714,8854,7591,884
7489,7856,4714,8854,7591,884
7490,7856,9493,5184,9935,7145
7491,7407,4714,1576,7591,884
7492,7856,4714,1576,9935,5696
7493,7856,9493,1576,7591,8548
7494,7856,4714,8854,7591,4202
7495,7856,1478,1576,9935,7145
7496,7856,4714,1576,9935,2422
7497,7856,4714,1576,9935,7821
7498,7407,4714,1576,7591,7821
7499,7856,4714,1576,9935,2422
7500,7856,4714,5184,7591,9385
7501,7856,2390,1576,9935,9385
7502,7856,4714,8854,4537,7145
7503,7856,4714,8854,9935,2422
7504,7856,4714,1576,7591,4202
7505,7856,4714,8017,7591,7145
7506,7856,9493,8854,7591,7821
7507,8902,9972,1576,9935,7145
7508,7856,9493,5184,7591,7821
7509,7856,9493,1576,9935,8548
7510,7856,9493,8854,8302,7145
7511,7856,9493,1576,9935,7145
7512,7856,4714,1576,7591,884
7513,7856,9493,8854,4537,5885
7514,7856,4714,1576,7591,8548
7515,7856,4714,1576,7591,884
7516,7856,3253,8854,7591,9385
7517,7856,9493,240,7039,7145
7518,7856,1478,8854,7591,884
7519,9675,4714,1576,7591,884
7520,7856,4714,8854,7591,7821
7521,7856,75,240,2195,884
7522,7407,4714,9016,7591,884
7523,7856,4714,8854,7591,7145
7524,7856,9493,8854,7591,3446
7525,7856,4714,1576,7591,7145
7526,7856,2390,1576,9935,8548
7527,7407,4714,8854,7591,7821
7528,7856,3253,1576,7591,1895
7529,7856,4714,1576,7591,7821
7530,7856,4714,1576,7591,7145
7531,7856,4714,1576,7591,884
7532,7856,4714,1576,7591,8548
7533,7856,4714,1576,7591,7145
7534,7856,4714,1576,7591,7145
7535,7856,2390,1576,7591,884
7536,7856,9493,1576,9935,9337
7537,7856,4714,1576,7591,884
7538,7856,2390,1576,7591,663
7539,7856,4714,1576,7591,8548
7540,9675,4714,1576,7178,4202
7541,7407,4714,9016,7591,7145
7542,7856,4714,1576,7591,4202
7543,7407,4714,9016,5112,884
7544,7856,4714,1576,7591,8548
7545,7856,2390,1576,7591,7145
7546,7856,4714,1576,7591,7145
7547,7856,4714,8854,7591,3401
7548,7856,4714,8854,4537,5690
7549,2383,75,240,7039,884
7550,7856,4714,1576,7591,7145
7551,7856,4714,1576,7591,8548
7552,7856,9493,240,4827,884
7553,7856,4714,1576,7591,8548
7554,7856,4714,8854,7591,884
7555,7856,9493,5184,7591,7145
7556,7856,4714,1576,8433,884
7557,9675,4714,1576,7591,4202
7558,7407,4714,4026,7591,8548
7559,7856,4714,8017,7591,7145
7560,3474,9493,240,2195,884
7561,7856,4714,5184,7591,7145
7562,7856,4714,1576,7591,884
7563,7856,4714,9016,4827,884
7564,7856,9493,8854,9935,884
7565,7856,4714,240,7591,3401
7566,7407,4714,5184,7591,4202
7567,7856,9493,1576,9935,884
7568,7407,4714,1576,7591,9385
7569,7856,9972,1576,7591,8548
7570,7856,4714,1576,9935,7145
7571,7856,4714,1576,7591,884
7572,7856,2390,1576,9935,1772
7573,7407,4714,9016,7591,884
7574,7856,9493,8854,9935,7145
7575,7856,2390,1576,9935,8548
7576,7407,4714,1576,1592,7821
7577,7856,9493,9016,7591,884
7578,7856,4714,1576,7591,884
7579,7407,4714,1576,9935,8548
7580,7856,9493,8854,7591,884
7581,7856,3253,240,7591,3401
7582,7856,4714,668,7591,7145
7583,7856,9493,8854,7591,884
7584,7856,2390,1576,9935,8548
7585,7856,2390,1576,7591,8548
7586,2383,9493,240,2195,3401
7587,7856,4714,1576,7591,8548
7588,7856,4714,1576,9935,9385
7589,7856,4714,9016,7591,7145
7590,7856,2390,1576,7591,8548
7591,7856,4714,240,7591,9443
7592,7856,4714,1576,7591,884
7593,8902,4714,1576,7591,884
7594,7856,9493,8854,7591,884
7595,7856,1478,1576,9935,1772
7596,7407,4714,8854,7591,7821
7597,7856,4714,1576,7591,7145
7598,7856,4714,8854,7591,884
7599,7407,4714,8017,7591,7145
7600,7856,9493,8854,9935,1449
7601,7856,9493,240,2195,884
7602,7856,9493,9016,9935,884
7603,7856,9493,240,2195,3401
7604,7856,1478,1576,7591,884
7605,7856,1478,1576,7591,884
7606,7856,9493,240,7591,884
7607,7856,4714,1576,7591,7145
7608,7856,9972,1576,7591,7145
7609,7856,4714,1576,9935,7821
7610,7856,2390,1576,7591,7821
7611,7856,4714,1576,9935,7145
7612,7407,4714,1576,7591,8548
7613,7856,9493,1576,9935,7145
7614,7407,4714,1576,7591,4202
7615,7407,4714,1576,7591,7821
7616,7856,3253,1576,7591,8548
7617,7856,4714,1576,7591,884
7618,7407,4714,8854,7591,8548
7619,7407,4714,1576,9935,2422
7620,7856,4714,1576,7591,8548
7621,7856,4714,1576,4985,7145
7622,3299,9972,1576,4985,6992
7623,7856,9493,1576,7591,7145
7624,7856,4714,1576,7591,7145
7625,7856,4714,8854,7591,884
7626,7856,2390,240,4827,884
7627,7856,9493,1576,7591,7145
7628,7407,4714,1576,7591,7145
7629,7856,4714,1576,9935,9385
7630,7856,3253,8854,7591,3446
7631,7856,9493,8854,7591,7145
7632,7856,4714,5184,7591,7145
7633,7856,4714,8854,7591,884
7634,7856,9493,8854,7591,884
7635,7856,9493,8854,9935,1895
7636,7856,9493,1576,9935,8548
7637,7856,4714,8854,7591,884
7638,7856,2390,1576,9935,7145
7639,7856,4714,8854,7591,3446
7640,7856,4714,1576,9935,884
7641,7856,4714,8854,7591,884
7642,7856,4714,1576,9935,7145
7643,7856,9493,8854,7591,7145
7644,7856,4714,8854,4537,1449
7645,7856,4714,8854,1592,7821
7646,7856,4714,9016,4827,884
7647,2383,9493,1576,7591,884
7648,7856,4714,5184,7591,7145
7649,9675,4714,8854,8302,3446
7650,7856,1478,1576,9935,884
7651,7856,9493,240,2195,884
7652,7407,4714,8854,7591,884
7653,7856,4714,1576,7591,884
7654,7856,4714,1576,7591,884
7655,7407,4714,8854,7591,884
7656,7856,4714,8854,7591,7821
7657,7856,9493,1576,4537,5690
7658,7856,3253,8854,7591,5885
7659,7856,4714,8854,7591,3446
7660,7856,9972,1576,9935,1772
7661,7856,4714,1576,7591,8548
7662,7856,9493,240,2195,2796
7663,7856,9493,1576,7591,884
7664,7856,4714,1576,7591,884
7665,7856,4714,1576,7591,8548
7666,7856,4714,1576,7591,7145
7667,7856,3253,8854,7591,7145
7668,7856,9493,8854,8302,7145
7669,7856,4714,240,8205,3401
7670,7856,4714,8854,7591,7821
7671,7856,2390,1576,7591,884
7672,7856,4714,1576,7591,884
7673,7856,9493,5184,8433,7821
7674,7856,4714,1576,7591,884
7675,7856,9493,1576,9935,8548
7676,7856,9493,1576,7591,884
7677,7856,4714,9016,9743,7145
7678,7856,4714,1576,7591,7821
7679,7856,4714,5184,9935,9385
7680,7407,4714,5184,7591,8548
7681,7856,4714,1576,7591,4202
7682,7407,4714,1576,7591,7821
7683,7856,4714,5184,7591,4202
7684,7856,4714,9016,7591,884
7685,7856,9493,8854,7591,7821
7686,7856,4714,1576,9935,7821
7687,7856,9493,1576,9935,9337
7688,7407,4714,240,2195,3401
7689,7407,4714,1576,4985,7821
7690,7856,4714,5184,7591,8548
7691,7856,9493,5184,8302,7145
7692,7856,4714,1576,7591,884
7693,7856,4714,8854,8302,7145
7694,7856,4714,9016,7591,884
7695,7856,9493,8854,9935,4542
7696,7856,4714,1576,7591,884
7697,7856,9493,1576,9935,9385
7698,7856,4714,1576,4985,7821
7699,7856,4714,9016,4827,884
7700,7856,4714,240,7591,884
7701,7856,9493,8854,4537,1449
7702,7856,4714,8854,7591,884
7703,7856,4714,8854,7591,8548
7704,7856,4714,1576,7591,7145
7705,7856,9493,8854,7591,8548
7706,7856,4714,8854,7591,7145
7707,7856,9493,240,8302,7145
7708,7856,4714,1576,7591,884
7709,7856,9493,1576,7591,7145
7710,3474,2390,240,1304,884
7711,7856,9493,1576,4985,884
7712,7856,9493,8854,7591,3446
7713,7856,4714,1576,4537,5690
7714,7856,9493,1576,9935,7145
7715,7856,4714,1576,9935,8548
7716,7856,4714,8854,7591,7821
7717,7407,4714,8854,7591,884
7718,7856,4714,5184,7591,8548
7719,7856,4714,1576,7591,884
7720,7407,4714,5184,7591,7145
7721,7856,4714,8854,9935,1449
7722,7407,4714,1576,7591,884
7723,7856,4714,8854,9935,7145
7724,7856,4714,1576,7591,8548
7725,7856,1478,1576,9935,8548
7726,7407,4714,1576,1592,6901
7727,7856,4714,1576,7591,7145
7728,8902,9566,1576,9935,8548
7729,7856,1478,1576,9935,8548
7730,7856,4714,5184,7178,4202
7731,7856,9493,1576,7591,7145
7732,7856,4714,1576,7591,7145
7733,7856,3253,1576,7591,1772
7734,7856,4714,8854,7591,7145
7735,7856,9493,5184,9935,7145
7736,7856,4714,240,7591,3446
7737,9675,4714,5184,6765,7821
7738,7856,2390,1576,9935,7145
7739,7856,4714,8854,7591,884
7740,8902,9972,1576,9935,8548
7741,7856,4714,5184,8433,8548
7742,7856,4714,1576,7178,4202
7743,7856,4714,1576,7591,8548
7744,7856,4714,240,7591,884
7745,7856,4714,8854,7591,884
7746,7407,4714,5184,7591,8548
7747,7856,4714,1576,7591,8548
7748,7856,4714,8854,9935,7821
7749,9675,4714,5184,7591,884
7750,7407,4714,1576,7591,4202
7751,7407,4714,1576,7591,7821
7752,7856,4714,8854,7591,884
7753,7856,4714,8854,7591,884
7754,7856,4714,9016,9935,2422
7755,7856,9493,1576,7178,884
7756,7856,4714,5184,7591,7145
7757,7856,9493,5184,8433,7145
7758,7856,4714,9016,7591,7145
7759,7856,9493,8854,7591,3446
7760,7856,4714,1576,7591,884
7761,7856,9493,8854,7591,3446
7762,7856,9493,240,9935,8548
7763,7856,2390,1576,7591,884
7764,7856,9493,8854,7591,3446
7765,7407,4714,5184,9935,7821
7766,8902,2390,1576,9935,1772
7767,7856,3253,8854,7591,7145
7768,7856,4714,1576,7591,4202
7769,7856,4714,8854,4537,5885
7770,7856,4714,2345,9935,7145
7771,8902,4714,1576,9935,8548
7772,7856,9493,1576,7591,7145
7773,7407,4714,1576,7591,4202
7774,7856,9493,8854,7591,7821
7775,7856,4714,1576,7591,8548
7776,7856,4714,1576,7591,7145
7777,7856,3253,240,7591,7145
7778,7856,4714,1576,9935,7145
7779,7856,4714,1576,7591,7145
7780,7856,4714,8854,7591,7821
7781,7856,4714,1576,9935,7145
7782,7856,2390,1576,9935,8548
7783,7856,4714,1576,9935,8548
7784,7407,4714,1576,7178,4202
7785,7856,4714,1576,7591,8548
7786,7856,1478,1576,2195,3746
7787,7856,4714,1576,7591,884
7788,7856,9493,240,8433,7145
7789,7856,4714,1576,9935,9385
7790,7407,4714,7093,9935,2422
7791,7856,4714,1576,9935,9385
7792,7856,9493,1576,7591,884
7793,7856,2390,9016,4827,7145
7794,7856,4714,1576,7591,884
7795,7856,4714,668,7591,884
7796,7856,4714,7093,9935,884
7797,7856,9493,1576,9935,7145
7798,8902,9972,1576,4985,7145
7799,7407,9493,1576,7178,5885
7800,7856,4714,5184,9935,9337
7801,7856,4714,1576,7591,8548
7802,7856,4714,7093,9935,884
7803,7856,9493,1576,7591,8548
7804,7407,4714,9016,7591,4202
7805,7856,4714,1576,9935,8548
7806,7856,4714,1576,7591,8548
7807,7856,3253,1576,9935,9337
7808,7856,4714,1576,7591,7145
7809,7856,9493,1576,4827,884
7810,7856,1478,1576,9935,8548
7811,7856,9493,1576,9935,7145
7812,7856,4714,1576,7591,884
7813,7856,4714,1576,7591,8548
7814,7856,4714,8854,7591,884
7815,7856,4714,1576,7591,884
7816,7856,9493,8854,7591,884
7817,7856,4714,1576,7591,8548
7818,7856,4714,1576,7591,7821
7819,7856,4714,8854,7591,884
7820,7856,4714,1576,7591,8548
7821,7856,9493,1576,9935,7145
7822,9675,4714,8854,7591,5885
7823,9675,4714,5184,6765,7821
7824,7856,4714,1576,7591,8548
7825,7856,2390,1576,9935,7145
7826,7856,4714,1576,7591,8548
7827,7407,4714,1576,6765,4202
7828,7856,9493,8854,7591,884
7829,7407,4714,1576,7591,8548
7830,7856,4714,8854,7591,7821
7831,7856,4714,1576,7591,8548
7832,7856,4714,5184,4985,4202
7833,7407,4714,3200,7591,9385
7834,7856,9493,1576,7178,7145
7835,7856,4714,1576,7591,7145
7836,7856,4714,1576,7591,4202
7837,7856,9493,1576,7591,884
7838,7856,9493,240,8433,884
7839,7856,4714,1576,7591,884
7840,7856,2390,1576,9935,7145
7841,7856,4714,8854,4537,7821
7842,7856,4714,8854,7591,7821
7843,7856,4714,1576,7591,7145
7844,7407,4714,1576,4985,4202
7845,7856,9493,1576,9935,7145
7846,7856,9493,8854,7591,7821
7847,7407,4714,1576,7591,7821
7848,7856,4714,1576,7591,884
7849,7856,4714,8854,7591,3446
7850,7856,4714,1576,7591,884
7851,7856,4714,1576,7591,8548
7852,7856,9493,240,7591,2535
7853,7856,4714,9016,7591,884
7854,7856,4714,9016,4827,884
7855,7856,4714,1576,7591,8548
7856,7856,4714,1576,7591,7821
7857,7856,4714,1576,7591,4202
7858,7856,9493,8854,7591,884
7859,7856,9493,1576,9935,884
7860,9675,9493,8854,4537,3446
7861,7407,4714,1576,7591,7145
7862,7856,4714,8854,7591,7145
7863,7856,4714,8854,7591,884
7864,7407,4714,1576,7591,7145
7865,7407,4714,1576,4985,7821
7866,7856,4714,1576,7591,884
7867,7856,4714,1576,9935,1449
7868,7856,4714,9016,7591,884
7869,8902,9972,1576,9935,1772
7870,7856,4714,8854,7591,7821
7871,7856,4714,1576,9935,9337
7872,7856,2390,9044,9857,884
7873,7856,2390,1576,9935,663
7874,7856,9493,1576,7591,884
7875,7856,4714,1576,9935,7145
7876,7856,4714,1576,7178,7145
7877,7856,9493,5184,9935,8548
7878,7856,2390,1576,7591,7145
7879,7856,4714,8854,7591,884
7880,7856,4714,8854,7591,884
7881,7856,9493,1576,7591,8548
7882,9675,4714,1576,7591,7821
7883,7856,4714,240,7591,8548
7884,7856,4714,8854,7591,884
7885,7407,4714,9016,9935,2422
7886,7856,4714,1576,7591,663
7887,7856,9493,240,7591,3446
7888,7856,9493,240,7591,884
7889,7856,4714,5184,7591,4202
7890,8902,4714,1576,9935,7145
7891,7856,4714,8854,9935,884
7892,7407,4714,1576,7591,8548
7893,7407,4714,5184,7591,4202
7894,7856,1478,1576,9935,8548
7895,7856,4714,1576,7591,7145
7896,7856,4714,1576,9935,9385
7897,9675,9493,1576,8433,884
7898,7856,9493,1576,7591,884
7899,7856,9493,8854,7591,1449
7900,7856,9493,1576,7591,7145
7901,7856,4714,1576,7591,7145
7902,7856,9972,1576,7591,884
7903,7856,9493,8854,7591,884
7904,7407,4714,8854,7591,884
7905,8902,9972,1576,7591,663
7906,7407,4714,9016,7591,6743
7907,7856,1478,1576,4777,8548
7908,7856,1478,1576,7591,8548
7909,7856,9972,1576,9935,663
7910,7856,4714,1576,7591,7145
7911,8902,9972,1576,7591,6
7912,7856,9972,1576,9935,7701
7913,7856,3253,8854,7591,3446
7914,7856,9493,8854,7591,7145
7915,7856,3253,8854,7591,7145
7916,7856,4714,8854,7591,884
7917,7856,9493,1576,9935,7145
7918,7856,4714,1576,9935,884
7919,7856,4714,1576,7591,884
7920,7856,4714,8854,7591,884
7921,7856,4714,1576,9935,663
7922,9675,9493,8854,7591,884
7923,7856,4714,1576,7591,8548
7924,7856,4714,2225,9935,9337
7925,7856,9972,1576,7591,663
7926,7856,9493,1576,9935,8548
7927,7856,9493,8854,7591,7145
7928,7856,9493,1576,9935,7145
7929,7856,9972,9016,9935,8341
7930,7856,4714,8854,7591,7145
7931,7856,4714,1576,9935,7145
7932,7407,4714,1576,9935,7145
7933,7856,9493,240,9935,7145
7934,7856,3253,8854,9935,1895
7935,8902,2390,1576,9935,663
7936,7856,4714,1576,7591,7145
7937,7856,4714,1576,7591,884
7938,7856,5353,240,9935,884
7939,7856,9493,240,8433,884
7940,7856,9493,1576,8433,884
7941,7407,4714,4026,7591,8548
7942,7856,9493,1576,9935,9385
7943,7407,4714,8854,7591,884
7944,7856,4714,1576,7591,7356
7945,7856,4714,4026,7591,7821
7946,7856,4714,8017,7591,7145
7947,7856,9972,1576,7591,884
7948,7856,9493,1576,9935,8548
7949,7856,4714,1576,7591,8548
7950,7856,4714,5184,8433,7821
7951,7856,4714,8854,7591,663
7952,7856,9493,1576,7591,884
7953,7856,4714,1576,7591,8548
7954,7856,9493,1576,7591,884
7955,7856,4714,8854,7591,884
7956,7856,4714,8854,7591,7821
7957,7856,4714,5184,7591,8548
7958,7856,4714,8854,7591,884
7959,7407,4714,1576,9935,663
7960,7856,4714,9016,7591,2422
7961,7856,4714,3200,7591,884
7962,7856,4714,1576,7591,884
7963,7856,4714,8854,7591,884
7964,7856,4714,1576,4985,657
7965,9675,4714,8854,7591,1449
7966,7856,4714,8854,4537,7145
7967,7856,4714,1576,7591,884
7968,7856,4714,1576,8433,7821
7969,7856,9493,1576,9935,7145
7970,7407,4714,1576,9935,8548
7971,7407,4714,9016,7591,884
7972,7856,4714,1576,9935,1895
7973,7856,4714,8854,7591,884
7974,7856,2390,1576,7591,7145
7975,7856,4714,1576,7591,884
7976,7856,9493,1576,7591,9443
7977,7856,4714,8854,7591,7821
7978,7856,9493,8854,7591,9385
7979,7856,9493,1576,9935,7145
7980,7856,2390,1576,7591,663
7981,7856,4714,5184,7591,7821
7982,7856,9493,1576,9935,8548
7983,8902,4714,1576,9935,7145
7984,7856,4714,1576,4985,7145
7985,7856,4714,1576,9935,2422
7986,7856,4714,1576,7178,884
7987,7856,4714,1576,7591,884
7988,7407,4714,1576,7591,7821
7989,7856,1478,1576,9935,8548
7990,7856,9493,8854,4130,7821
7991,7856,9493,1576,8433,7821
7992,7856,9493,240,2195,7145
7993,7856,9493,8854,8433,7145
7994,7856,9493,1576,9935,1449
7995,7856,2390,1576,9935,2422
7996,7856,4714,1576,7591,884
7997,8902,2390,1576,7591,884
7998,7856,4714,7093,3945,884
7999,7856,4714,8854,7591,884
8000,7856,2390,1576,9935,8548
8001,7856,9493,8854,7591,884
8002,7856,9493,1576,7591,884
8003,7856,4714,1576,7591,4202
8004,7407,4714,9016,7591,884
8005,7407,4714,1576,7591,884
8006,7856,9493,1576,7591,7145
8007,7856,9493,1576,9935,9337
8008,9675,4714,8854,7591,884
8009,7407,4714,1576,7591,884
8010,7856,9493,1576,9935,8548
8011,9675,4714,1576,7591,884
8012,7856,4714,8854,7591,7821
8013,7856,4714,8854,7591,5885
8014,7856,4714,8854,7591,3446
8015,7856,9493,8854,7591,8548
8016,7856,4714,1576,9935,884
8017,7856,4714,1576,7591,884
8018,7856,2390,1576,9743,7145
8019,7856,4714,8854,7591,884
8020,7856,9972,1576,9935,8548
8021,7407,4714,5184,7591,9385
8022,7856,4714,8854,7591,884
8023,7856,4714,1576,7591,884
8024,8902,1478,1576,9935,8548
8025,7856,4714,1576,7591,4202
8026,7856,4714,1576,7591,884
8027,7856,4714,1576,7591,884
8028,7407,4714,1576,9743,4202
8029,7856,9493,8854,4537,5690
8030,7856,4714,1576,9935,2422
8031,7856,3253,8854,7591,8548
8032,7856,2390,1576,7591,7145
8033,7856,9972,240,7591,2883
8034,7856,4714,1576,7591,4202
8035,7856,4714,9016,4827,884
8036,7856,4714,1576,7591,884
8037,7856,4714,8854,7591,3446
8038,7856,4714,7093,7591,2422
8039,7856,2390,1576,9935,8548
8040,7856,3253,1576,7591,7145
8041,7856,4714,1576,9935,8548
8042,7856,4714,1576,9935,8548
8043,7856,4714,1576,7178,7145
8044,7407,4714,7093,9935,2422
8045,7856,3253,8854,9935,1449
8046,7407,4714,1576,7591,7821
8047,7856,2390,1576,9935,8548
8048,7856,9493,8854,7591,5885
8049,7856,4714,8854,7591,884
8050,7856,4714,1576,6765,4202
8051,7856,4714,8854,7591,3446
8052,7856,1478,1576,9935,1772
8053,7856,4714,1576,7591,884
8054,7856,1478,1576,9935,1772
8055,7856,4714,1576,7591,4202
8056,7856,4714,9016,4827,884
8057,8902,2390,1576,8433,7145
8058,7856,4714,7093,9935,2422
8059,7407,4714,1576,7591,8548
8060,7856,4714,1576,7591,663
8061,7856,9493,240,2195,3401
8062,7856,9493,1576,7591,7145
8063,7856,9972,1576,9935,7145
8064,7856,9493,240,8433,884
8065,7856,4714,9016,7591,8548
8066,7407,4714,4026,7591,7821
8067,7856,4714,1576,7591,884
8068,7856,4714,1576,7591,884
8069,7856,4714,8854,7591,884
8070,7856,1478,1576,9935,8548
8071,7856,9493,8854,7591,884
8072,7856,4714,8854,7591,8548
8073,7407,4714,1576,4985,8548
8074,7856,4714,1576,7591,884
8075,7856,2390,1576,9935,7145
8076,7856,3014,240,7591,3446
8077,7856,9493,1576,7591,884
8078,7856,9493,1576,7591,7145
8079,7856,2390,1576,9935,8548
8080,9675,4714,1576,7591,7821
8081,7856,9493,1576,9935,9337
8082,7856,9493,8854,7591,8548
8083,7856,4714,8854,7591,884
8084,7856,4714,8854,7591,7821
8085,7856,9972,1576,7591,8548
8086,2383,9493,240,9857,884
8087,7856,2390,1576,4985,7145
8088,7856,4714,8854,7591,884
8089,7856,4714,8017,7591,8548
8090,7407,4714,1576,7591,4202
8091,7407,4714,1576,7591,7821
8092,7856,990,4026,9935,1895
8093,7856,4714,1576,7591,884
8094,7856,4714,1576,9935,7821
8095,7856,4714,240,7591,884
8096,7407,4714,1576,9935,9337
8097,7856,4714,1576,7591,7145
8098,7856,4714,1576,7591,4202
8099,7856,4714,1576,7178,884
8100,7856,9493,1576,7591,7145
8101,7856,4714,8854,7591,3446
8102,7407,4714,1576,4985,7821
8103,8902,9972,1576,9935,8548
8104,7856,2390,1576,9935,1772
8105,7407,9493,5184,7591,8548
8106,7856,4714,2345,9935,2422
8107,7856,4714,8017,6765,7145
8108,7856,4714,1576,7591,7821
8109,7856,4714,8854,7591,4202
8110,7856,4714,8854,7591,884
8111,7856,9493,1576,9935,1895
8112,7856,4714,1576,4985,884
8113,7407,9493,2225,110,7821
8114,7856,9493,5184,9935,9385
8115,7856,4714,1576,9935,7145
8116,7856,1478,240,7591,3746
8117,7856,4714,8854,7591,7821
8118,7856,9493,1576,9935,7145
8119,7856,3253,8854,7591,9385
8120,7407,4714,1576,9935,2422
8121,8902,4714,1576,9455,7821
8122,7856,9493,240,2195,7356
8123,7856,9493,8854,8433,884
8124,7856,9493,240,7591,884
8125,7856,4714,1576,7591,7145
8126,7856,9493,8854,7591,9385
8127,7856,4714,4026,7591,7821
8128,7407,4714,5184,4985,7145
8129,7856,4714,1576,7591,7145
8130,7856,2390,1576,7591,8548
8131,9675,4714,8854,7591,884
8132,7856,9493,1576,9935,663
8133,7856,4714,8854,7591,884
8134,7407,4714,1576,7591,7821
8135,7856,4714,8854,7591,7821
8136,7856,4714,8854,7591,3446
8137,7856,4714,8854,7591,884
8138,7407,4714,9016,7591,884
8139,7856,4714,1576,7591,7821
8140,7856,4714,8854,7591,884
8141,8902,9972,1576,7591,663
8142,7856,3253,1576,9935,8548
8143,7856,4714,6490,7178,7145
8144,7856,4714,1576,7591,8548
8145,7856,4714,1576,7591,884
8146,8902,9972,7093,4573,1772
8147,7856,9493,8854,8433,7821
8148,7856,4714,668,7591,884
8149,7856,9493,8854,9935,9385
8150,7856,9493,240,7591,3446
8151,7856,4714,1576,9935,7821
8152,7856,4714,1576,7591,8548
8153,7856,4714,1576,7591,884
8154,7407,4714,9016,7591,7356
8155,7856,4714,1576,9935,7145
8156,7856,9493,5184,9935,7145
8157,7856,4714,1576,7591,7821
8158,7407,4714,1576,7591,4202
8159,7407,4714,8854,7591,884
8160,7856,9493,1576,7591,8548
8161,8902,9972,7093,4573,1772
8162,7407,4714,1576,7591,884
8163,7856,9493,8854,8433,7821
8164,7856,9493,1576,7591,7145
8165,7856,2390,1576,9935,663
8166,7856,4714,1576,7591,4202
8167,7856,9493,1576,2195,7821
8168,7856,4714,8854,7591,1449
8169,7856,9972,1576,4985,8548
8170,7856,4714,5184,7591,8548
8171,7407,4714,1576,9935,9385
8172,7856,4714,1576,7591,884
8173,7856,4714,7093,7591,2422
8174,7856,4714,8854,7591,884
8175,7856,4714,8854,7591,884
8176,8902,9493,1576,7591,884
8177,7856,4714,1576,7591,7145
8178,7407,4714,8854,7591,884
8179,7856,4714,8854,7591,884
8180,7856,9493,8854,1902,5885
8181,7407,4714,1576,6765,7356
8182,7856,4714,1576,9935,8548
8183,7856,9493,1576,4985,884
8184,3474,666,240,7039,2796
8185,7856,4714,8854,7591,3446
8186,7856,4714,8854,7591,884
8187,7856,2390,1576,9935,7145
8188,7856,4714,1576,7591,8548
8189,7856,4714,1576,4827,884
8190,7856,9493,1576,7591,7145
8191,7856,9493,1576,9935,7145
8192,7856,4714,1576,7591,2422
8193,7856,4714,1576,7591,884
8194,7856,4714,4026,7591,7821
8195,7856,9493,4026,7591,7821
8196,7856,9493,5184,7591,7145
8197,7856,9493,8854,7591,884
8198,7407,4714,1576,9935,7821
8199,7856,9493,1576,7591,884
8200,7856,9493,8854,7591,3446
8201,7856,4714,1576,7591,7821
8202,7856,4714,1576,7591,7145
8203,7856,4714,1576,9935,663
8204,7856,2390,1576,7591,7145
8205,7856,9493,1576,7591,884
8206,7856,4714,1576,7591,4202
8207,7856,9493,8854,7591,884
8208,7856,4714,8854,7591,7145
8209,7856,4714,9016,9935,884
8210,7856,4714,9016,4827,884
8211,9675,4714,1576,7591,7821
8212,7856,4714,1576,8302,7145
8213,7856,9493,1576,9935,884
8214,7856,4714,1576,7591,7145
8215,7407,4714,1576,7591,4202
8216,7856,4714,8854,7591,884
8217,7856,4714,1576,7591,884
8218,8902,9493,240,7039,884
8219,7407,4714,1576,7591,884
8220,7407,4714,5184,1592,7821
8221,7856,9493,1576,9935,9337
8222,7407,4714,9016,7591,884
8223,7856,4714,1576,7591,7821
8224,7856,4714,1576,7591,7821
8225,7856,4714,8854,7591,4202
8226,7856,9566,1576,9935,8548
8227,7856,1478,1576,9935,7145
8228,7856,9493,1576,7591,8548
8229,9675,4714,1576,7591,3401
8230,7407,4714,1576,7591,4202
8231,7856,4714,1576,9935,7145
8232,7856,1478,1576,7591,884
8233,7856,2390,1576,9935,8548
8234,7856,4714,1576,9935,7145
8235,7407,4714,1576,4985,7821
8236,7856,4714,8854,7591,7821
8237,7856,4714,1576,7591,884
8238,7856,9972,1576,9935,8548
8239,7856,4714,1576,7591,884
8240,8902,9972,1294,9935,8548
8241,7856,2390,1576,9935,1772
8242,7856,4714,1576,7591,884
8243,7856,9493,1576,9935,7145
8244,7856,9493,5184,7591,8548
8245,7856,4714,240,9935,7145
8246,7407,4714,1576,9935,2422
8247,7856,75,240,7591,8548
8248,7856,9493,1576,7591,8548
8249,7856,4714,1576,7591,663
8250,7856,4714,1576,7591,884
8251,7856,4714,8854,4827,884
8252,7856,4714,1576,7591,4202
8253,9675,9493,5184,8302,1449
8254,7856,9493,1576,9935,7145
8255,7856,9493,8854,4537,5690
8256,7856,1478,1576,9935,7145
8257,7856,4714,8854,8302,3446
8258,7856,4714,1576,7591,7145
8259,7407,4714,9016,9935,2422
8260,7856,9493,1576,9935,8548
8261,7856,4714,8854,7591,8548
8262,7856,1478,1576,9935,1772
8263,7856,9493,1576,7591,7145
8264,7856,9493,1576,9935,884
8265,7856,4714,1576,7591,7821
8266,8902,4714,1576,7591,663
8267,7856,4714,1576,9935,884
8268,7856,3253,5184,9935,7145
8269,7407,4714,9016,7591,2422
8270,7856,4714,8854,7591,3401
8271,7856,4714,1576,7591,884
8272,7856,4714,1576,4827,884
8273,9675,4714,9016,7178,884
8274,7856,4714,240,2195,3446
8275,7856,4714,1576,7591,7145
8276,7856,4714,1576,7591,8548
8277,7856,4714,668,7591,7145
8278,7856,4714,1576,7591,884
8279,7856,9493,240,2195,7145
8280,8902,4714,1576,9935,663
8281,7856,4714,5184,7591,8548
8282,7856,4714,1576,7591,7145
8283,8902,2390,1576,9935,7145
8284,7856,4714,1576,7591,884
8285,7856,4714,1576,7591,7821
8286,7856,75,240,7591,884
8287,7856,3253,5184,7591,7145
8288,7856,4714,240,7591,884
8289,7856,4714,1576,7591,884
8290,7856,9493,5184,9935,9385
8291,7856,4714,8854,7591,3446
8292,8902,2390,1576,9935,884
8293,7856,4714,1576,4985,7145
8294,7856,9493,1576,7591,884
8295,7856,9493,1576,9935,7145
8296,7856,4714,1576,7591,4202
8297,7856,9972,1576,7591,8548
8298,7856,9972,8779,7591,2796
8299,7856,4714,1576,4985,7821
8300,7856,9493,1576,7591,3401
8301,7856,4714,1576,7591,7145
8302,8902,9972,1576,9935,663
8303,7856,4714,1576,7591,7145
8304,7856,9972,1576,7591,884
8305,7856,3253,8854,7591,3446
8306,7856,4714,1576,6765,3401
8307,7856,4714,1576,9743,5885
8308,7407,4714,8017,7591,7145
8309,8902,2390,1576,7591,884
8310,7856,1478,1576,7591,663
8311,7856,4714,1576,7591,7145
8312,7856,9493,5184,9935,7145
8313,8902,2390,5184,9935,9337
8314,7856,4714,1576,7591,884
8315,7856,4714,8854,7591,3446
8316,7856,4714,1576,7591,884
8317,2383,7134,9044,8433,884
8318,7856,1478,1576,7591,8548
8319,7856,9493,1576,9935,884
8320,7407,4714,5184,7591,9385
8321,7856,9566,1576,9935,1772
8322,7856,4714,8854,7591,8548
8323,7856,4714,8854,9935,5690
8324,7856,2390,1576,9935,1772
8325,7856,4714,1576,4985,884
8326,7856,9493,8854,7591,1449
8327,7856,1478,7093,9935,1772
8328,8902,9972,1576,9935,1772
8329,8902,9972,1576,7591,8548
8330,8902,4714,2345,943,1772
8331,8902,9972,9436,4573,1772
8332,2603,9972,9436,4573,1772
8333,7856,4714,1576,7591,884
8334,8902,9972,7093,7591,1772
8335,7856,1478,317,4573,884
8336,7856,2390,1576,7591,884
8337,7856,9972,1576,7591,663
8338,7856,1478,1576,7591,663
8339,8902,9972,1576,4827,884
8340,8902,9972,9436,5046,6
8341,2603,9972,9436,4573,6438
8342,7856,9972,1294,2195,8784
8343,7856,9972,1576,7591,884
8344,7856,9972,1576,7591,7145
8345,7856,2390,1576,7591,7145
8346,8902,3229,7093,7591,1772
8347,7407,4714,1576,7591,8464
8348,7856,1478,1576,7591,884
8349,7856,2390,1576,7591,7356
8350,7856,1478,1576,9935,8548
8351,8902,9972,1576,7591,8784
8352,8902,4714,1576,3537,663
8353,7856,4714,3065,7591,5885
8354,3474,9972,1576,5046,8784
8355,8902,9972,9436,4573,884
8356,8902,2390,9436,4827,884
8357,7856,9493,1576,7591,7145
8358,7856,4714,1576,4827,884
8359,7856,4714,1576,7591,9443
8360,8902,9972,8779,9935,1772
8361,7856,9972,1576,7591,7145
8362,8902,9972,1576,7591,3746
8363,7856,9972,1576,7591,3401
8364,7856,1478,1576,7591,3746
8365,7856,4714,1576,7591,4202
8366,7856,9972,1576,7591,8548
8367,7856,2390,1576,7591,7145
8368,7856,1478,1576,7591,884
8369,8902,1478,1576,7591,884
8370,7856,1478,240,7591,7145
8371,7856,9972,1576,9935,663
8372,8902,1478,7093,9935,1772
8373,7856,1478,7093,9935,7145
8374,8902,9972,317,9935,1772
8375,7856,1478,1576,7591,7145
8376,7856,1478,240,2195,9443
8377,7856,1478,1576,7591,884
8378,7856,9972,1576,7591,3746
8379,7856,2390,1576,7591,663
8380,7856,1478,1576,7591,884
8381,7856,9972,1576,9935,1772
8382,7856,9972,1576,9935,1772
8383,7856,9972,1576,7591,1772
8384,7856,4714,9044,7591,884
8385,7856,2390,1576,7591,884
8386,7856,3253,1576,7591,7356
8387,7856,1478,1576,7591,1772
8388,7856,2224,7093,7591,3660
8389,7856,2390,7093,7591,663
8390,8902,9972,317,3764,1772
8391,7856,2390,1576,7591,7145
8392,8902,9972,9436,5046,884
8393,7856,2390,1576,9935,663
8394,7856,4714,1576,9935,8548
8395,7856,9972,1576,9935,1772
8396,7856,9972,1576,478,1772
8397,7856,4714,1576,7591,8548
8398,7856,2390,1576,7591,884
8399,7856,1478,1576,7591,884
8400,7856,9493,240,4827,7145
8401,7856,9972,7093,9935,1772
8402,7856,1478,1576,9233,7145
8403,7856,2390,1576,9935,1772
8404,7856,4714,1576,7591,7356
8405,7856,1478,1576,2195,2796
8406,7856,1478,1576,7591,884
8407,7856,4714,1576,7591,5885
8408,7856,4714,1576,7591,884
8409,7856,4714,1576,7591,8548
8410,7856,2390,1576,7591,7145
8411,8902,9972,9436,2900,1772
8412,8902,9972,7093,4569,6743
8413,8902,9972,1576,7591,3660
8414,8902,9972,9436,4573,1772
8415,7856,9972,7093,9935,1772
8416,8902,9972,9436,5046,6813
8417,7856,4714,1576,7591,884
8418,8902,4714,1576,7591,884
8419,7856,1478,1576,7591,884
8420,8902,9972,1576,9935,7145
8421,8902,9972,1576,9935,1772
8422,8902,2390,1576,9935,1772
8423,8902,9972,7093,9935,1772
8424,7856,2390,1576,9935,1772
8425,7856,9972,1576,7591,1772
8426,8902,9972,1576,9935,1772
8427,7856,9972,1576,7591,1516
8428,8902,9972,317,4573,1772
8429,8902,9972,1576,9935,3660
8430,8902,2390,1576,9743,7145
8431,7856,9972,1576,7591,1772
8432,8902,2390,9016,9743,6222
8433,8902,9972,7093,9935,2422
8434,8902,9972,7093,9935,1772
8435,8902,4714,1576,9935,7145
8436,8902,9972,1576,9743,6992
8437,8902,9972,7093,7591,7957
8438,8902,2390,1576,9935,7145
8439,7856,9566,1576,9935,7145
8440,8902,9972,1576,9935,1772
8441,7407,2390,9016,7591,884
8442,7856,6429,1576,9935,7145
8443,7856,1478,1576,7591,9443
8444,8902,2390,7093,9935,2422
8445,7856,1478,2005,9935,1772
8446,7856,2390,1576,9935,7145
8447,7856,4714,1576,7591,7145
8448,7856,2390,1576,7591,7145
8449,7856,2390,7093,7591,7145
8450,7856,9972,1576,7591,884
8451,7856,9972,1576,9935,1772
8452,7856,9972,1576,7591,3660
8453,8902,9972,9436,4573,1772
8454,8902,9972,9436,4573,1772
8455,8902,9972,9436,4573,6
8456,7856,9972,1576,4573,6
8457,7856,1478,1576,2195,5885
8458,7856,1478,1576,9935,7145
8459,7856,4714,1576,7591,7356
8460,7856,2390,9016,7591,884
8461,8902,9972,9436,7591,3660
8462,7856,9493,6490,6754,5885
8463,7856,9493,1576,7591,7145
8464,7856,9972,1576,4777,1772
8465,7856,1478,9436,7591,884
8466,7856,1478,9436,7591,884
8467,7856,1478,7093,4573,884
8468,7856,1478,240,2195,5177
8469,7856,1478,240,1304,7145
8470,7856,1478,240,7591,2796
8471,7856,1478,7093,9935,1449
8472,7856,1478,1576,1563,884
8473,7856,1478,1576,7591,7145
8474,7856,6429,1576,9935,663
8475,8902,9566,1576,9935,6813
8476,7407,9972,9016,9935,6743
8477,7856,4714,706,7591,884
8478,8902,3229,1576,7591,6222
8479,3299,3229,1576,9743,6222
8480,2383,9972,9436,4573,6438
8481,2603,9972,9436,4573,884
8482,2383,9972,9436,2969,884
8483,7856,3253,8854,3945,3446
8484,7856,9493,8854,2195,5885
8485,7856,1478,1576,7591,884
8486,7856,4714,1576,5112,2422
8487,7407,4714,9016,7591,4160
8488,8902,2390,1576,2195,7145
8489,7856,4714,1576,7178,884
8490,8902,9972,1576,7591,1772
8491,7856,4714,1576,9743,884
8492,8902,9972,7093,9935,1772
8493,8902,9972,7093,9935,1772
8494,8902,9972,9939,4573,1772
8495,7856,9493,8854,7591,3446
8496,7856,9493,1576,7591,884
8497,7856,1478,1576,7591,663
8498,7856,1478,1576,7591,7145
8499,7856,1478,1576,7591,884
8500,7856,9972,1576,9935,1772
8501,7856,4714,1576,7591,7145
8502,7856,2390,1576,9935,1772
8503,7856,4714,1576,7591,7145
8504,2603,9972,9436,4573,9305
8505,2603,9972,9436,4573,9305
8506,8902,9972,9436,7591,884
8507,7856,9972,1576,7591,6
8508,8902,9972,1576,7591,884
8509,8902,9972,1576,7591,884
8510,7856,4714,1576,7591,884
8511,7856,1478,1576,7591,5885
8512,8902,9972,1576,7591,663
8513,7856,9972,1576,7591,884
8514,8902,2390,1576,7591,663
8515,7856,4714,1576,7591,8548
8516,8902,2390,9016,9743,884
8517,8902,4714,9436,5046,3446
8518,8902,9972,9436,4669,1772
8519,7407,4714,7093,943,2422
8520,7856,2390,1576,7591,4160
8521,8902,3229,9016,4985,4160
8522,7856,9972,1576,7591,884
8523,7856,9972,1576,7591,1772
8524,8902,9972,9436,4573,1772
8525,8902,9972,317,4827,1772
8526,8902,2463,317,9935,884
8527,7856,9972,1576,9935,7145
8528,8902,2390,1576,9935,2422
8529,8902,2390,1576,9935,1772
8530,8902,2390,7093,9935,884
8531,8902,9972,1576,9935,3746
8532,7856,9493,240,7591,9443
8533,7856,1478,240,2195,3401
8534,7856,1478,1576,7591,884
8535,7407,4714,1576,7178,884
8536,7856,4714,1576,7591,884
8537,7856,1478,1576,7591,7145
8538,7856,1478,1576,7591,7145
8539,7856,9972,7093,9935,1772
8540,8902,9972,1576,7591,1772
8541,8902,9972,7093,4573,6
8542,7856,2390,1576,7591,884
8543,8902,9972,1576,7591,884
8544,7856,9972,7093,4573,1772
8545,8902,9972,9436,4569,884
8546,8902,9972,9436,4573,1772
8547,8902,9972,9436,8008,1772
8548,2603,9972,9436,4573,9305
8549,2603,9972,9436,4573,6438
8550,2383,9972,9436,4573,6438
8551,8902,9972,706,4827,884
8552,2383,5353,9436,8008,884
8553,2383,9972,9044,9857,884
8554,3890,9972,9436,4573,6438
8555,2603,9972,9436,4573,9305
8556,7856,9972,9436,4573,6438
8557,2603,9972,9436,4573,1772
8558,7856,1478,1576,7591,8548
8559,7856,4714,1576,7591,884
8560,8902,4714,1576,7591,3660
8561,8902,3229,9436,7591,3660
8562,3299,3229,9436,9935,1772
8563,8902,9972,9436,4573,6813
8564,8902,9972,9436,4569,884
8565,8902,9972,9436,8008,884
8566,8902,9972,317,9935,884
8567,7856,1478,1576,7591,3401
8568,7856,2390,1576,7591,3401
8569,8902,1478,1576,7591,7145
8570,7407,4714,1576,7591,884
8571,7856,1478,1576,7591,5885
8572,7856,4714,1576,9743,5885
8573,7856,9972,1576,7591,884
8574,7856,4714,1576,7591,884
8575,7856,2390,9044,7591,884
8576,7856,9493,1576,9935,7145
8577,7856,1478,1576,7591,884
8578,7856,9493,1576,7591,884
8579,2603,9972,9939,3666,1772
8580,8902,9972,1576,4573,1772
8581,8902,9972,9939,4573,1772
8582,8902,9972,9436,3537,6438
8583,8902,9972,9436,4985,3660
8584,2603,9972,9436,4573,6438
8585,7856,2390,9436,5046,884
8586,7856,4714,1576,7591,884
8587,8902,4714,3065,3298,7995
8588,7856,4714,1576,7591,5885
8589,7407,4714,1576,7591,8464
8590,7407,4714,1576,7591,663
8591,7856,4714,1576,7591,4202
8592,7856,4714,7093,7591,5885
8593,8902,4714,7093,9935,2422
8594,2603,9972,9436,4573,8784
8595,3299,9972,9436,4573,6438
8596,2603,9972,9436,4573,6438
8597,7856,4714,1576,7591,5885
8598,8902,9972,1576,7591,884
8599,8902,9972,1576,7591,663
8600,7856,9972,9436,7591,884
8601,8902,9972,9436,7591,663
8602,7856,1478,240,7591,5885
8603,7407,4714,7093,7591,2422
8604,7856,9972,7093,7591,1772
8605,7407,4714,1576,7591,884
8606,2603,7134,9436,1632,884
8607,2603,7134,9436,3537,884
8608,2603,9972,9436,4573,6438
8609,7856,1478,1576,4777,8548
8610,7856,4714,1576,7591,884
8611,7856,9972,1576,9935,1772
8612,8902,9972,1576,9935,1772
8613,8902,9972,1576,7591,884
8614,7856,9972,9436,7591,884
8615,8902,9972,9016,4985,3660
8616,8902,9972,9939,4669,1772
8617,8902,9972,9436,4573,1772
8618,7856,2390,706,7591,884
8619,2383,5353,9044,8008,884
8620,3890,9972,9436,4573,6438
8621,8902,9972,1576,7591,884
8622,7856,9972,1576,7591,3746
8623,8902,9972,9436,4573,6
8624,8902,9972,9436,4573,1772
8625,8902,9972,9436,4573,3660
8626,8902,9972,1576,7591,1772
8627,8902,9972,9436,8008,884
8628,3890,9972,9436,8008,884
8629,2383,9972,9436,4827,884
8630,3890,9972,9436,8008,884
8631,8902,9972,9436,4573,1772
8632,3890,9972,9436,8008,1772
8633,8902,9972,1576,7591,6222
8634,8902,9972,9436,9743,6222
8635,7856,9972,1576,7591,7356
8636,2603,9972,9436,4573,6438
8637,2603,9972,1576,5046,1772
8638,2603,9972,9436,3537,1772
8639,8902,4714,1576,7591,7145
8640,7856,9972,317,4573,6
8641,8902,4714,9016,7591,7145
8642,2383,666,9044,9857,884
8643,8902,2390,9436,4573,884
8644,8902,9972,1319,4573,9840
8645,2603,9972,9436,4573,6438
8646,2603,9972,9436,4573,6438
8647,2603,9972,9436,4573,1772
8648,8902,9972,1576,3537,884
8649,8902,9972,9016,5812,6222
8650,8902,9972,317,7591,1772
8651,7407,4714,1576,9455,7995
8652,8902,9493,1576,9743,5885
8653,8902,2390,1576,4985,7145
8654,8902,9972,9436,4573,6438
8655,8902,9972,9436,4573,1772
8656,2603,9972,9436,4573,6438
8657,7856,1478,1576,9935,8548
8658,8902,9972,1576,9935,7145
8659,7856,1478,1576,7591,884
8660,3299,9972,9436,8008,884
8661,8902,9972,9436,4573,9305
8662,2603,9972,9436,4573,1772
8663,8902,9972,9436,5046,884
8664,8902,9972,1576,4985,1772
8665,8902,7134,3065,9742,884
8666,2603,9972,9436,8008,884
8667,8902,2390,9436,3666,1772
8668,8902,9972,9436,4573,6438
8669,2603,9972,9436,8008,884
8670,8902,9972,9436,8008,884
8671,8902,9972,9436,4573,884
8672,8902,9972,9436,3670,1772
8673,2383,5353,9016,8433,884
8674,8902,9972,317,2900,1772
8675,8902,9972,1319,4573,1772
8676,8902,9972,317,9935,1516
8677,2383,5353,317,8433,884
8678,7856,9493,1576,1563,884
8679,7856,1478,1576,7591,884
8680,7856,1478,1576,7591,3746
8681,8902,9972,9436,4573,1772
8682,7856,9972,1576,3666,1772
8683,7856,9972,9436,7591,3660
8684,8902,9972,7093,9935,1772
8685,7856,4714,5184,7591,7701
8686,8902,1478,7093,7591,1772
8687,3299,9972,9939,3666,1772
8688,2603,9972,9436,4573,6438
8689,8902,9972,9436,8008,884
8690,2603,9972,9436,4573,1772
8691,2603,9972,9436,4573,9305
8692,2603,9972,9436,4573,1772
8693,7856,1478,1576,2195,8548
8694,8902,1478,1576,9935,7145
8695,7856,2390,1576,9935,1772
8696,8902,9972,9436,3537,3660
8697,8902,9972,9016,9743,884
8698,8902,9972,9436,4573,1772
8699,8902,2390,1576,7591,7145
8700,7856,4714,6490,7591,7145
8701,8902,9972,1576,7591,7145
8702,8902,9972,9436,4573,1772
8703,8902,9972,9939,4573,1772
8704,8902,9972,9436,4573,1772
8705,8902,9972,7093,7591,1772
8706,8902,9972,9436,4573,6438
8707,8902,9972,1576,9935,1772
8708,3890,9972,9436,4573,1772
8709,8902,9972,9436,4573,1772
8710,8902,9972,6713,4573,1772
8711,3890,9972,9436,4573,6438
8712,8902,9972,9044,3537,884
8713,3890,9972,9436,3537,6438
8714,8902,9972,9436,4573,6438
8715,8902,9972,9436,7591,884
8716,2603,2390,8102,943,884
8717,8902,9972,9436,4573,6438
8718,3890,9972,9044,3537,8784
8719,3890,9972,5055,292,3216
8720,7856,4714,3065,7591,884
8721,8902,9972,9436,4573,1772
8722,8902,9972,6490,943,1772
8723,8902,9972,9436,4573,6743
8724,8902,9972,317,4573,1772
8725,3890,9972,317,4573,1772
8726,3890,9972,9436,4573,6438
8727,8902,2390,9436,9192,884
8728,3890,9972,9436,3537,6438
8729,8902,4714,7093,7591,1772
8730,8902,9972,6851,3666,1772
8731,2603,9972,9436,4573,1772
8732,3890,9972,9436,9857,884
8733,8902,2390,1576,4827,884
8734,2603,9972,9436,4573,9305
8735,8902,9972,7093,7591,1772
8736,8902,9972,7093,7591,1772
8737,8902,9972,1576,7591,1772
8738,8902,9972,9436,3537,6438
8739,8902,3229,3065,3537,884
8740,2603,9972,9436,4573,6438
8741,7856,1478,1576,7591,7145
8742,7856,2390,1576,7591,9443
8743,7856,1478,8779,1304,884
8744,8902,9972,1576,4573,1772
8745,7856,2390,9436,5046,884
8746,8902,9972,1576,9935,1772
8747,2603,9972,9436,3537,6438
8748,8902,9972,9436,4573,1772
8749,8902,9972,4298,3537,8784
8750,8902,9972,8815,9935,1772
8751,8902,9972,9436,4669,1772
8752,8902,9972,8779,4573,1772
8753,2383,5353,9044,3537,884
8754,8902,666,1294,4573,3216
8755,2383,666,9044,5046,884
8756,8902,9972,9436,3537,6438
8757,2603,9972,9436,4573,6438
8758,2603,9972,9436,4573,6438
8759,8902,9972,9436,8008,884
8760,8902,9972,9436,8008,884
8761,8902,9972,9436,8008,9840
8762,8902,9972,9436,8008,884
8763,7856,4714,3065,3537,7495
8764,8902,9972,9436,3537,6438
8765,8902,9972,9436,8008,884
8766,8902,9972,9436,4573,6438
8767,8902,9972,8779,3764,1772
8768,8902,9972,1576,9935,1772
8769,8902,9972,9016,3764,6743
8770,8902,9972,317,9935,6743
8771,8902,9972,9436,7591,1772
8772,8902,9972,1576,7591,1772
8773,8902,9972,9436,7591,6329
8774,7856,9972,1576,7591,663
8775,7856,4714,1576,7591,8548
8776,7856,9972,7093,7591,3660
8777,7856,9972,1576,7591,1772
8778,7856,1478,1576,9935,3746
8779,7856,4714,1576,7591,884
8780,2383,5353,9436,8008,884
8781,3890,9972,9436,4573,6438
8782,2603,9972,9436,4573,6
8783,8902,9972,9436,8008,6438
8784,8902,9972,9436,4573,6438
8785,8902,9972,9436,4573,6438
8786,8902,9972,9436,4573,1772
8787,8902,9972,317,4573,1772
8788,8902,9972,9436,3537,884
8789,8902,2390,9436,4827,884
8790,8902,9972,9436,4573,6438
8791,8902,9972,9436,4573,1772
8792,2603,9972,317,4573,6743
8793,8902,9972,1576,3537,663
8794,2603,9972,9436,4573,1772
8795,8902,2390,1576,9935,663
8796,7856,9972,1576,9935,663
8797,7856,2390,1576,9935,663
8798,8902,2390,9436,4827,884
8799,2383,7134,9436,9742,884
8800,8902,9972,9436,4573,6438
8801,2603,9972,9436,4573,6438
8802,3299,9972,9436,4573,9305
8803,2383,9972,3065,9742,884
8804,8902,9972,9436,4573,6438
8805,8902,9972,9436,3537,6438
8806,8902,9972,9436,4573,6438
8807,7856,4714,1576,4827,884
8808,8902,9972,9436,4573,884
8809,3299,4714,3065,3537,7495
8810,8902,9972,9436,4669,1772
8811,7856,2390,1576,7591,884
8812,8902,9972,9436,4573,6
8813,8902,2390,9016,4985,7145
8814,7856,2390,1576,4985,7145
8815,8902,2390,9016,9743,7145
8816,8902,9972,7093,9935,1772
8817,8902,4714,7093,9935,2422
8818,8902,3229,1576,7591,4202
8819,8902,9972,9436,8008,6438
8820,2603,9972,9436,4573,6438
8821,7856,1478,7093,7591,884
8822,7856,2390,1576,9935,884
8823,7856,2390,1576,7591,7145
8824,7856,2390,1576,7591,884
8825,8902,9972,1576,9935,1772
8826,8902,2390,1576,9935,1772
8827,8902,9972,1576,9935,1772
8828,3890,9972,9436,8008,6438
8829,9811,666,9436,4573,6438
8830,8902,9972,7093,9935,1772
8831,2383,2390,9016,4827,884
8832,8902,9972,9436,4573,6743
8833,2383,2390,9436,8008,884
8834,7856,1478,1576,9935,1772
8835,8902,9972,9436,9935,1772
8836,8902,9972,9436,8008,1772
8837,8902,9972,9436,9935,884
8838,8902,9972,8779,3764,6
8839,8902,9972,1576,7591,1772
8840,8902,9972,1576,9935,1772
8841,7856,9972,7093,9935,1772
8842,7856,9972,1576,7591,6
8843,7856,9493,1576,9935,1772
8844,8902,9972,1576,9935,663
8845,7856,2390,1576,9935,7145
8846,8902,9972,9436,4573,6
8847,8902,9972,9436,4573,1772
8848,2603,9972,9016,2969,6743
8849,8902,9972,1576,4827,884
8850,7856,2224,9436,4573,6
8851,8902,9972,1576,7591,1772
8852,8902,9972,9436,4573,6438
8853,8902,9972,9436,943,1772
8854,8902,9972,9436,4573,1772
8855,8902,2463,317,8008,1772
8856,8902,9972,9016,4985,884
8857,8902,9972,9436,4985,884
8858,2383,666,9044,9857,884
8859,2603,9972,9436,1304,9305
8860,2383,5353,240,8008,884
8861,7856,1478,1576,9935,8548
8862,8902,4714,1576,7591,5885
8863,7856,1478,1576,9935,1772
8864,8902,9972,9436,4573,6
8865,3299,4714,1576,4827,884
8866,8902,9972,9436,4573,6438
8867,2603,9972,9436,4573,6438
8868,2603,9972,9436,4573,1772
8869,8902,9972,9436,4573,1772
8870,8902,9972,9436,4573,1772
8871,7856,9972,9436,4573,6438
8872,8902,9972,1576,9935,1772
8873,8902,9972,9436,4573,6438
8874,2603,9972,9436,4573,6438
8875,8902,9972,1576,4569,3660
8876,3890,9972,9436,4573,1772
8877,3890,9972,9436,8008,884
8878,8902,9972,9436,4573,1772
8879,8902,9972,1576,4827,884
8880,2603,9972,9436,4573,6438
8881,2383,9972,9436,8008,884
8882,2383,9972,240,3670,884
8883,8902,9972,317,8008,884
8884,2383,5353,9436,8008,884
8885,8902,4714,1576,4985,884
8886,3299,4714,3065,9743,6222
8887,8902,9972,1576,4573,1772
8888,8902,4714,1576,9935,7145
8889,3299,9972,1576,9743,884
8890,8902,4714,1576,7591,8548
8891,8902,2390,1576,4827,884
8892,8902,9972,317,4573,3119
8893,8902,2390,9016,9935,884
8894,2383,666,9044,9742,884
8895,2383,666,9044,5330,6438
8896,8902,9972,9436,4573,6438
8897,7856,2390,4079,7591,7145
8898,7856,9972,7093,7591,884
8899,8902,9972,7093,7591,884
8900,7856,2390,1576,9935,7145
8901,7856,4714,1576,9935,7145
8902,7856,2390,1576,7591,7145
8903,8902,9972,9436,4573,884
8904,7856,4714,1576,7591,663
8905,8902,9972,9436,9935,1772
8906,8902,9972,1576,9935,7145
8907,8902,9972,1576,7591,8548
8908,7407,4714,9016,4985,884
8909,7856,2390,1576,7591,884
8910,7856,1478,240,2195,2796
8911,7856,4714,1576,7591,884
8912,7856,2390,1576,7591,7145
8913,8902,9972,1576,9935,1772
8914,8902,9972,7093,7591,1772
8915,7856,9972,1576,9935,8548
8916,8902,9972,1294,9935,1772
8917,7856,1478,1576,9935,7145
8918,7856,1478,1576,9935,1772
8919,8902,9972,1576,7591,1772
8920,8902,9972,9436,7591,1772
8921,8902,9972,9436,1304,1772
8922,8902,9972,9436,4573,1772
8923,8902,9972,317,9935,1772
8924,8902,9972,1576,7591,3660
8925,8902,9972,9436,4573,1772
8926,7856,4714,3200,7591,5885
8927,8902,9972,1294,9935,663
8928,8902,9972,9436,4573,6438
8929,8902,9972,1576,1879,7145
8930,8902,2390,1576,9743,7145
8931,7856,9972,1576,7591,884
8932,7856,4714,3065,7591,884
8933,8902,9972,9436,4573,1772
8934,2603,9972,9436,4573,1772
8935,8902,9972,9436,4573,6438
8936,8902,2390,1576,4985,663
8937,7856,9972,1576,4985,663
8938,7856,2390,1576,7591,7145
8939,7856,1478,1576,1563,663
8940,7856,1478,240,7591,3746
8941,7856,1478,1576,2195,8784
8942,8902,9972,9436,7591,1772
8943,7856,9972,1576,7591,7145
8944,8902,9972,1576,9935,6
8945,7407,9972,1576,7591,8548
8946,7856,2390,9016,7591,7145
8947,7856,9972,1576,7591,3746
8948,2603,9972,9436,4573,6438
8949,2383,5353,9436,8008,884
8950,2603,666,9044,5046,884
8951,8902,9972,1576,7591,1772
8952,8902,9972,9436,3537,6
8953,8902,9972,9436,3537,6
8954,7856,9566,1576,7591,5885
8955,7856,1478,240,9935,3746
8956,7856,1478,240,9935,1772
8957,7856,3229,1576,4985,7145
8958,7856,4714,9016,7591,884
8959,7856,2390,1576,7591,884
8960,7856,1478,240,9935,7145
8961,7856,1478,7093,9935,7284
8962,7856,2390,1576,7591,8548
8963,8902,4714,9016,9743,5885
8964,7856,2224,1576,4985,884
8965,7856,4714,6490,7591,7145
8966,7856,1478,317,9935,7145
8967,8902,1478,7093,9935,8548
8968,7856,1478,1576,7591,7701
8969,7856,9972,1576,9935,3746
8970,7856,1478,1576,7591,7145
8971,7856,1478,1576,7591,8548
8972,7856,2390,1576,7591,7145
8973,7856,2390,1576,7591,7145
8974,7856,2390,1576,7591,7145
8975,7856,9566,1576,9935,1772
8976,7856,9972,1576,7591,7356
8977,7407,9972,1576,7591,8548
8978,7856,4714,1576,7591,884
8979,7856,4714,1576,7591,7995
8980,7856,4714,7093,943,7145
8981,7856,4714,1576,7591,7821
8982,7856,1478,1294,9935,8548
8983,7856,4714,1576,9455,6901
8984,7856,9493,1576,7591,7145
8985,8902,9493,1576,7591,884
8986,7856,9493,1576,7591,8548
8987,7856,4714,3065,7591,663
8988,7407,4714,1576,7591,884
8989,7407,4714,1576,4985,4202
8990,7856,2390,1576,9935,7145
8991,7856,2390,1576,7591,884
8992,7856,2390,1576,9935,884
8993,8902,2390,7093,9935,1772
8994,7856,4714,1576,7591,7821
8995,8902,9493,1576,7178,884
8996,8902,4714,9436,5046,5885
8997,8902,3229,9436,9455,6222
8998,8902,3229,9436,5046,663
8999,7856,4714,9436,4573,6438
9000,8902,5391,3065,3537,3660
9001,3299,9972,1576,7591,2422
9002,7856,2390,1576,7591,7145
9003,8902,6429,1576,9935,7145
9004,7856,2390,1576,7591,7145
9005,7856,1478,1576,9935,1772
9006,7856,2390,7093,9935,1772
9007,7856,4714,1576,7591,884
9008,7856,1478,1576,7591,7145
9009,7856,2390,1576,7591,7145
9010,7856,1478,240,1563,3401
9011,8902,9972,9436,8008,6743
9012,8902,9972,9436,4573,6
9013,8902,9972,9436,4573,1772
9014,2603,9972,9436,3537,884
9015,8902,9972,9436,7591,1772
9016,8902,9972,9436,4573,6438
9017,2603,9972,9436,4573,884
9018,2383,9972,9436,9742,884
9019,3890,9972,9436,8008,884
9020,7856,2390,7093,9935,884
9021,7856,4714,1576,7591,7145
9022,7856,9972,7093,7591,1772
9023,7856,2390,1576,7591,884
9024,7856,4714,1576,7591,7995
9025,8902,4714,1576,8257,6
9026,8902,9972,1576,9935,7145
9027,7856,2390,1576,9935,1772
9028,7856,1478,1576,7591,7145
9029,8902,9972,9436,4573,1516
9030,8902,4714,3065,3537,884
9031,8902,9972,1576,3764,1772
9032,3299,3229,1576,9743,6222
9033,8902,4714,1576,943,7145
9034,8902,4714,2345,943,2422
9035,8902,9972,1576,9935,663
9036,8902,4714,3065,3298,5885
9037,8902,9972,1576,7591,6
9038,8902,9972,9016,4827,884
9039,8902,9972,9436,8008,884
9040,2603,9972,9436,4573,1772
9041,8902,9972,1576,9935,1772
9042,8902,9972,9436,3537,6438
9043,8902,2390,1576,9743,5885
9044,8902,9972,9436,3537,884
9045,8902,4714,1576,4827,7145
9046,3299,4714,3065,3537,884
9047,8902,9972,9436,8008,884
9048,8902,9972,9436,3764,1772
9049,8902,9972,1576,9935,1772
9050,8902,2390,3065,9857,884
9051,2603,9972,9436,3537,8784
9052,3890,9972,9044,3537,3216
9053,8902,4714,7093,9935,884
9054,8902,4714,1576,9935,7145
9055,8902,4714,7093,7591,3660
9056,7856,4714,1576,7591,8548
9057,8902,4714,2345,943,1772
9058,7856,1478,1576,7591,1772
9059,8902,4714,9436,7591,884
9060,7856,2390,1576,9935,884
9061,7856,4714,3065,7591,5885
9062,3890,9972,9436,4573,6438
9063,3890,9972,9436,4573,6438
9064,2383,9972,9436,4573,884
9065,8902,9972,1576,2900,1772
9066,8902,9972,1576,4985,3660
9067,3299,9972,9436,7591,1772
9068,8902,9972,9436,4573,6
9069,8902,9972,9436,3764,1516
9070,2603,9972,9436,4573,1772
9071,2383,9972,9436,4573,6438
9072,2383,2390,9436,3670,884
9073,8902,7134,9436,3537,6438
9074,8902,9972,7093,4985,3660
9075,8902,2390,1576,9935,7145
9076,7407,4714,3065,9455,8464
9077,2383,7134,9436,4827,884
9078,3890,9972,317,8008,6743
9079,8902,9972,9436,4573,3660
9080,8902,2390,1576,7591,884
9081,8902,4714,1576,7591,663
9082,8902,4714,3065,3537,884
9083,8902,9972,9436,4573,1772
9084,8902,9972,9436,8008,1772
9085,8902,9972,1576,7591,884
9086,8902,9972,1576,3537,3660
9087,2603,9972,9436,3537,6438
9088,2603,9972,9436,4573,6438
9089,8902,9972,9436,4573,7952
9090,8902,9972,9436,4573,6743
9091,2603,9972,9436,4573,1772
9092,8902,9972,7093,4573,6
9093,7856,1478,1576,2195,884
9094,8902,9972,317,4573,6
9095,7807,9972,9436,8008,6438
9096,8902,9972,9436,4573,6438
9097,2383,9972,9436,3670,884
9098,8902,9972,9436,4573,1772
9099,2603,9972,9436,4573,884
9100,8902,9972,9436,8008,6743
9101,2383,666,9044,7591,3446
9102,2383,666,240,8433,884
9103,2603,9972,9436,5046,663
9104,7856,1478,2005,9935,8548
9105,7856,9972,1576,9935,7145
9106,7856,9566,7093,9935,7957
9107,8902,2390,1576,4827,884
9108,7856,4714,1576,7591,884
9109,8902,9972,1576,9935,1772
9110,7856,9972,3065,3537,663
9111,8902,4714,1576,9743,884
9112,7407,9972,1576,1879,884
9113,8902,9972,1576,4985,663
9114,8902,9972,9436,3537,6992
9115,8902,9972,1576,7591,7145
9116,8902,2390,706,4827,884
9117,7856,9972,9436,4573,6438
9118,2603,9972,9436,4573,1772
9119,8902,9972,9436,5046,884
9120,8902,9493,1576,4985,7145
9121,3299,4714,3065,9743,884
9122,8902,9972,1576,1879,6
9123,8902,4714,9436,5046,884
9124,8902,9972,9436,4573,3119
9125,7856,9972,1576,9935,1772
9126,7856,9972,1294,2195,8548
9127,7856,1478,1576,7591,8548
9128,2603,9972,9436,8008,884
9129,3890,9972,317,8008,884
9130,8902,9972,9436,4573,1772
9131,2603,9972,9436,4573,6438
9132,3890,9972,9436,8008,6438
9133,2603,9972,9436,8008,884
9134,8902,2463,1576,9935,1772
9135,7856,4714,7093,7591,884
9136,8902,2390,1576,9935,2422
9137,8902,3229,9436,3537,884
9138,8902,9972,1576,4985,1772
9139,8902,9972,1576,4985,3660
9140,8902,9972,9436,4573,6438
9141,8902,9972,9436,4573,6438
9142,3890,9972,9436,8329,6222
9143,8902,9972,1576,9743,6222
9144,8902,9972,9016,9743,6992
9145,8902,3229,9016,9743,6222
9146,7856,4714,9016,9455,4160
9147,8902,4714,9016,9935,7145
9148,7856,4714,9016,9455,2422
9149,7856,2390,1576,7591,7145
9150,7856,4714,1576,8433,884
9151,8902,9972,9436,7591,884
9152,8902,3229,3065,4985,663
9153,3299,9972,9436,4573,6438
9154,8902,9972,1576,7591,884
9155,7856,9972,1576,9935,7145
9156,8902,1478,1319,8008,1772
9157,7856,2390,1576,7591,884
9158,8902,4714,9436,7591,663
9159,8902,9972,1576,4985,6992
9160,8902,9972,1576,7591,663
9161,7856,4714,3065,9742,884
9162,3299,9972,3065,3537,884
9163,7856,4714,9044,5046,884
9164,7856,9493,7093,9935,9337
9165,8902,3229,1576,4985,2422
9166,8902,9972,1576,7591,1772
9167,2603,9972,9436,4573,1772
9168,8902,9972,1576,9935,7145
9169,8902,9972,1576,9935,1772
9170,7856,4714,1576,7591,7145
9171,7856,3253,8854,7591,7145
9172,7856,1478,240,2195,5177
9173,8902,9972,9436,5046,884
9174,8902,9972,9436,4573,1772
9175,8902,7134,706,4827,884
9176,8902,9972,9436,9935,884
9177,8902,9972,317,9935,6743
9178,8902,9972,7093,7591,3660
9179,8902,9972,1576,7591,8548
9180,8902,9972,1294,478,8548
9181,8902,9972,1576,1879,8548
9182,7856,2390,1576,9935,884
9183,8902,9972,1576,4573,6
9184,7856,4714,7093,9935,884
9185,8902,2390,1576,7591,8548
9186,7856,9493,1576,7591,884
9187,7407,3229,1576,7591,663
9188,2383,9972,9436,7572,6438
9189,2383,9972,9436,4573,6438
9190,3890,9972,9436,4573,6438
9191,8902,9972,9436,4573,1772
9192,8902,9972,9436,3537,6
9193,8902,9972,9436,4573,6438
9194,8902,9972,9436,4985,1772
9195,8902,2390,706,9935,884
9196,8902,9972,9436,4669,1772
9197,8902,9972,317,4827,1772
9198,3299,75,9436,7572,6438
9199,3299,9972,9436,3326,1772
9200,8902,9972,1576,3673,6992
9201,8902,9972,9436,4669,1772
9202,8902,2390,1576,7591,663
9203,7856,4714,1576,9935,884
9204,7856,4714,9436,943,2422
9205,7856,9972,1576,7591,663
9206,3299,9972,1576,7178,884
9207,8902,9972,1576,9935,6743
9208,3299,2390,1576,3537,884
9209,7856,1478,240,1563,884
9210,7856,75,1576,7591,8548
9211,7856,1478,1576,7591,884
9212,8902,9972,9436,4573,1772
9213,8902,9972,9436,3537,6222
9214,8902,2390,6851,943,1772
9215,8902,9972,1576,3764,1772
9216,7856,4714,7093,943,5885
9217,8902,1478,1576,7591,1772
9218,8902,9972,9436,7591,884
9219,8902,5348,240,7039,884
9220,8902,9972,317,7616,884
9221,8902,9972,1576,9935,1772
9222,8902,9972,9436,4573,6438
9223,8902,9493,9016,4827,884
9224,8902,9972,9436,4573,6438
9225,7856,4714,9436,7591,884
9226,8902,4714,9436,4827,1772
9227,7856,4714,1576,7591,8548
9228,8902,9972,1294,9935,6
9229,8902,4714,9016,4985,6901
9230,8902,9972,9436,4573,884
9231,2603,9972,9436,4573,6438
9232,2603,9972,9436,4573,9305
9233,3299,9972,6851,5046,1772
9234,8902,9972,9436,4573,9305
9235,8902,9972,9436,8650,6438
9236,8902,1478,1576,7591,7145
9237,7856,9972,1576,7591,884
9238,7856,4714,9436,7591,884
9239,7856,9972,1576,7591,7145
9240,8902,9972,1576,9935,1772
9241,8902,9972,1576,7591,3746
9242,8902,9972,1576,7591,7145
9243,7407,4714,9016,9743,884
9244,8902,2390,9016,4985,6743
9245,7407,4714,1576,9935,2422
9246,8902,9972,9016,7591,1772
9247,7856,1478,1576,9935,1772
9248,7407,4714,7093,943,2422
9249,7856,4714,1576,7591,5885
9250,7407,4714,9016,4985,884
9251,8902,4714,9436,5046,6813
9252,7856,2390,7093,7591,7145
9253,8902,4714,9436,7591,884
9254,7856,9972,1576,7591,1772
9255,8902,2390,1576,4985,884
9256,7856,9972,1576,9935,8548
9257,8902,9972,7093,4573,3660
9258,7856,4714,9016,7591,7145
9259,7856,9972,9902,7591,3660
9260,8902,9972,7093,7591,6813
9261,8902,9972,7093,9935,1772
9262,7856,3229,1576,7591,1772
9263,8902,9972,7093,9935,884
9264,8902,9972,1576,9935,1772
9265,7856,4714,1576,9935,884
9266,3299,9972,9436,6350,6438
9267,2603,9972,9436,4573,6438
9268,3299,9972,9436,4573,1772
9269,8902,9972,1576,7591,1772
9270,8902,1478,1576,9935,1772
9271,8902,2390,2345,7591,2422
9272,8902,9972,317,8008,1772
9273,8902,9972,9436,4573,6438
9274,8902,9972,9436,4573,884
9275,8902,9972,317,3670,884
9276,8902,9972,1294,2195,7145
9277,8902,9972,9436,7591,884
9278,7856,4714,1576,7591,7356
9279,7856,1478,1576,7591,663
9280,7856,4714,7093,7591,5885
9281,8902,9972,7093,9935,1772
9282,7856,3229,9436,7591,3660
9283,8902,2390,7093,9935,1772
9284,3299,3229,9436,4827,884
9285,8902,9972,9436,943,884
9286,8902,9972,9436,3537,6438
9287,8902,9972,8779,9935,1772
9288,8902,2390,1576,7591,884
9289,8902,9972,1576,7591,6
9290,8902,9972,9436,4573,1772
9291,8902,9972,317,9233,1772
9292,3474,5348,240,7039,1772
9293,8902,9972,1576,3764,6743
9294,8902,9972,1576,9935,1772
9295,8902,9972,9436,943,2422
9296,7856,9972,1576,2195,3401
9297,7856,1478,240,1563,884
9298,8902,9972,9436,4573,6438
9299,7856,4714,240,7591,884
9300,7856,2390,1576,7591,884
9301,7856,1478,1576,7591,7145
9302,7407,4714,9016,5812,6222
9303,7407,4714,1576,943,2422
9304,3299,5391,9436,5046,6222
9305,8902,9972,9436,4573,6438
9306,8902,9972,9436,4573,1772
9307,8902,9972,9016,4827,884
9308,3299,2390,1576,3537,884
9309,3890,9972,9436,4573,6438
9310,2383,5353,240,7039,884
9311,2603,9972,9436,4573,6438
9312,2603,9972,9436,4573,884
9313,8902,9972,9436,8008,884
9314,7407,4714,1576,4985,663
9315,7856,4714,1576,7591,4202
9316,7407,4714,1576,7591,7821
9317,7856,4714,1576,7591,3746
9318,7856,1478,1576,8302,7145
9319,7856,1478,1576,9935,7145
9320,3299,9972,9436,4573,6438
9321,8902,9972,9436,7591,884
9322,2603,9972,9436,4573,6438
9323,7856,9972,1576,7591,1772
9324,4237,1478,8779,9935,1772
9325,7856,1478,240,1563,9443
9326,7856,9972,1576,7591,884
9327,7856,9972,1576,7591,1772
9328,7856,9972,1576,7591,884
9329,8902,9972,9436,3537,6438
9330,2603,9972,9436,8008,884
9331,2383,4714,9436,4573,6438
9332,7856,4714,6490,943,7145
9333,7407,4714,1576,7591,663
9334,7407,4714,9016,7591,884
9335,8902,9972,9436,8008,6438
9336,2603,9972,9436,7591,3660
9337,8902,9972,9436,4573,1772
9338,8902,2390,1576,9935,1772
9339,7856,2390,1576,9935,8548
9340,8902,2390,317,9935,1772
9341,3299,9972,9436,4573,1772
9342,8902,9972,9436,4573,1772
9343,3299,5391,9436,4573,6438
9344,2383,9972,9436,5330,6438
9345,2383,5353,9016,4827,884
9346,2383,9972,9436,9742,6438
9347,8902,3353,9016,9935,7145
9348,7856,1478,317,7591,9443
9349,7856,9493,1576,7591,8548
9350,8902,9972,9436,3537,6438
9351,8902,9972,9436,3537,884
9352,3890,7134,9436,3537,6438
9353,8902,4714,1576,7591,884
9354,8902,9972,1576,4985,7145
9355,8902,9972,1576,7591,663
9356,8902,4714,7093,9935,2422
9357,7856,9493,1576,9935,7145
9358,7856,4714,1576,4985,7145
9359,2603,9972,9436,4573,1772
9360,2603,9972,9436,4573,1772
9361,2603,5391,9436,3537,6438
9362,3890,9972,9436,2969,6438
9363,8902,9972,9436,4573,1772
9364,8902,9972,9436,4573,9305
9365,2603,9972,9436,4573,6438
9366,8902,9972,1576,7591,884
9367,8902,9972,1576,7591,1772
9368,9154,9972,9436,4573,6743
9369,8902,9972,1576,4573,1772
9370,8902,9972,9436,4573,1772
9371,8902,9972,9436,4573,6438
9372,2603,9972,9436,4573,6438
9373,8902,9972,9436,4573,884
9374,2603,9972,9939,4573,1772
9375,8902,9972,9436,4573,1772
9376,2603,9972,9436,4573,6438
9377,3299,3229,9436,8257,6222
9378,8902,9972,9016,1632,6222
9379,8902,9972,1576,4985,3660
9380,8902,9972,1576,4985,884
9381,8902,3229,9436,9455,6222
9382,8902,9972,1576,4985,1772
9383,8902,7134,9044,9742,884
9384,8902,3229,3065,3537,884
9385,3890,9972,9436,4573,1516
9386,7856,9972,1576,7591,884
9387,7856,4714,9044,9742,3446
9388,8902,9972,1576,4827,884
9389,7856,9972,1576,7591,3746
9390,8902,1478,1576,7591,884
9391,8902,9972,1576,7591,884
9392,8902,9972,7093,4573,1772
9393,8902,2390,1576,9743,7701
9394,8902,9972,317,7591,1772
9395,7407,4714,1576,7591,884
9396,7856,9972,1294,9935,6
9397,8902,1478,1294,9935,8548
9398,3890,9972,9016,6350,3660
9399,8902,9972,7093,7591,884
9400,8902,9972,317,9935,884
9401,8902,2390,1576,9935,7145
9402,7856,2390,7093,9935,7284
9403,8902,9972,1576,9935,1772
9404,8902,9972,9436,4573,1772
9405,2603,9972,9436,4573,9305
9406,3299,2224,9436,3537,6438
9407,3299,2390,706,8008,884
9408,9811,5348,1319,8008,884
9409,3890,9972,9044,3537,884
9410,7856,1478,1576,7591,884
9411,7856,2390,1576,7591,884
9412,7856,9493,1576,7591,9443
9413,8902,1478,1576,9935,8548
9414,8902,9972,1576,4985,884
9415,8902,2390,1576,4985,884
9416,8902,9972,317,4573,884
9417,8902,9972,317,9935,1772
9418,8902,4714,1576,4777,884
9419,8902,2390,1576,7178,7145
9420,7856,9972,1576,9935,6
9421,8902,9972,1576,7591,1772
9422,8902,1478,1576,9935,1772
9423,8902,9972,1576,7591,1772
9424,7856,9972,1576,7591,3746
9425,7856,9972,1576,7591,8548
9426,7856,1478,1576,9935,6743
9427,7856,2390,1576,9935,3746
9428,7856,9972,9436,7591,884
9429,8902,9972,9436,7591,1772
9430,8902,9972,9016,7591,6743
9431,8902,2390,1576,7591,7145
9432,8902,2390,317,4827,6743
9433,8902,2390,9016,9935,1772
9434,7856,3253,1576,7591,884
9435,7856,1478,9044,7591,884
9436,7856,1478,1576,7591,884
9437,8902,9972,1576,4985,7145
9438,8902,9972,317,9935,7145
9439,7856,4714,1576,9935,7145
9440,7856,1478,1576,7591,8548
9441,7856,1478,240,2195,9443
9442,7856,1478,240,2195,7145
9443,8902,2390,7093,9935,2422
9444,7856,9972,7093,9935,7145
9445,7856,2390,1576,9935,7145
9446,8902,3229,9016,7591,7145
9447,7407,4714,9016,9743,6222
9448,8902,4714,9016,4985,1836
9449,8902,9972,9436,4827,884
9450,8902,2390,1576,9935,1772
9451,8902,9972,9436,5046,6
9452,7856,1478,1576,7591,663
9453,7856,1478,1576,9935,1772
9454,7856,1478,1576,7591,8784
9455,8902,9972,9016,9743,6992
9456,8902,9972,9016,9743,1772
9457,8902,9972,1576,9935,1772
9458,7856,4714,1991,1902,8464
9459,8902,1478,1576,7591,884
9460,7856,4714,3065,4839,8464
9461,8902,2390,1576,4569,884
9462,3890,9972,9436,3537,884
9463,3890,9972,9436,4573,6438
9464,7407,4714,9016,7591,884
9465,8902,9972,1576,7591,884
9466,7856,9972,1576,7591,6222
9467,7856,9972,7093,7591,3660
9468,8902,9972,1576,7591,6
9469,8902,1478,1576,9935,1772
9470,7856,4714,7093,7591,2422
9471,7407,4714,1576,7591,884
9472,8902,2390,1576,9935,884
9473,8902,9972,9436,7591,1772
9474,8902,1478,1576,7591,884
9475,8902,2390,9436,943,884
9476,8902,3229,9016,9743,6222
9477,8902,4714,3065,9455,8464
9478,8902,2390,1576,9743,6992
9479,8902,2390,1576,7591,8548
9480,8902,2390,1576,7591,884
9481,7856,9972,9436,7591,1772
9482,7856,9493,1576,7591,884
9483,7856,2390,1576,7591,884
9484,7856,9972,1576,7591,1772
9485,7856,9972,1576,9935,1772
9486,7856,9566,1576,9935,7145
9487,7856,2390,7093,7591,7145
9488,8902,7134,9436,9742,884
9489,8902,9972,9436,7591,1772
9490,3890,9972,9436,4573,1772
9491,7856,2390,1576,7591,8548
9492,8902,9972,1576,9935,7145
9493,7856,2390,1576,7591,3401
9494,8902,9972,7093,9935,6
9495,8902,9972,6713,4573,1772
9496,8902,9972,1576,9935,1772
9497,7856,5348,1576,9935,1772
9498,3474,75,1319,9233,2462
9499,7856,2390,1576,9935,8548
9500,8902,2390,9436,9935,884
9501,2603,9972,9436,4573,9305
9502,2603,9972,9436,4573,6438
9503,8902,9972,9436,4573,1772
9504,8902,9972,1576,4985,6992
9505,8902,9972,1576,7591,7145
9506,8902,9972,9436,4573,1516
9507,8902,9972,9436,7591,1772
9508,8902,4714,9436,4573,6
9509,8902,4714,9436,943,6329
9510,8902,9972,9436,7591,884
9511,8902,9972,7093,9935,884
9512,8902,9972,1576,7591,1772
9513,8902,7134,9436,943,884
9514,8902,7134,9436,943,884
9515,3299,9972,9436,3537,6438
9516,3299,9972,9436,4573,9305
9517,8902,9972,9436,9935,1772
9518,8902,9972,1576,9935,1772
9519,8902,9972,7093,7591,6
9520,7856,9972,1576,9935,1772
9521,7856,1478,7093,7591,7957
9522,8902,9972,1576,7591,884
9523,7856,1478,240,7591,884
9524,8902,2390,1576,7591,884
9525,8902,9972,1576,7591,1772
9526,8902,9972,9436,4573,1772
9527,8902,3229,1576,4985,3185
9528,8902,4714,9436,9743,884
9529,8902,4714,706,943,884
9530,7856,4714,1576,7591,663
9531,7856,4714,1576,7591,884
9532,7856,1478,240,7591,3446
9533,8902,4714,3065,9743,663
9534,8902,2390,1576,9743,7145
9535,8902,9972,9016,943,2422
9536,8902,9972,6851,943,1772
9537,8902,9972,1576,4573,1772
9538,8902,5353,706,8008,884
9539,3299,9972,9436,4573,1772
9540,8902,9972,9436,4573,3660
9541,8902,9972,1294,4985,6992
9542,7407,4714,1576,7591,4202
9543,7856,4714,1576,7591,884
9544,8902,1478,1576,4777,884
9545,7856,4714,1576,7591,884
9546,7856,2390,1576,9743,7701
9547,7407,4714,1576,9743,4202
9548,8902,1478,1576,9935,8548
9549,7856,4714,7093,9935,1772
9550,8902,9972,1576,9935,1772
9551,7856,9972,1576,7591,8548
9552,7856,4714,1576,7591,884
9553,7856,9972,1576,7591,884
9554,7856,4714,6490,943,5885
9555,7856,2390,1576,7591,7145
9556,8902,9972,1576,9743,663
9557,8902,9972,1576,7591,1772
9558,7856,9972,7093,9935,6743
9559,8902,9972,9436,4573,9305
9560,8902,2390,1576,9935,1772
9561,7856,4714,1576,7591,884
9562,7856,9493,1576,7591,7145
9563,8902,9972,9436,4573,6
9564,7856,1478,3065,7591,8464
9565,7856,1478,1576,7591,663
9566,8902,4714,3065,3537,6
9567,7856,2390,1576,9935,1772
9568,8902,4714,7093,9935,6813
9569,8902,9972,1576,9935,7145
9570,8902,9972,1576,9935,7145
9571,8902,9972,1576,9935,1772
9572,7856,1478,1576,8433,7356
9573,7856,4714,8854,7488,5885
9574,7856,4714,6490,7591,5885
9575,2603,9972,9436,4573,884
9576,2383,9972,9044,3537,8784
9577,2383,666,9044,9742,884
9578,8902,9972,9939,3666,1772
9579,7856,9972,9436,7591,5885
9580,7856,4714,7093,5112,2422
9581,2603,9972,9436,8008,6438
9582,2603,9972,9436,4573,6438
9583,2383,9972,9436,8008,884
9584,3890,9972,9436,4573,6438
9585,8902,9972,9436,4827,884
9586,3299,9972,9436,4573,3660
9587,8902,2390,1576,2195,884
9588,8902,9972,1576,3670,884
9589,8902,9972,9436,9857,884
9590,3299,9972,9436,5046,6813
9591,8902,9972,7093,7591,1772
9592,7856,9972,1576,7591,3660
9593,8902,9972,9436,4827,884
9594,3890,9972,9436,8008,884
9595,8902,2390,1576,9935,7145
9596,8902,9972,317,2900,1772
9597,2603,9972,9436,4573,1516
9598,3890,9972,9436,4573,6438
9599,7856,6429,1576,9935,8548
9600,7856,6429,3647,9935,7145
9601,7856,2390,5184,9455,3622
9602,2603,9972,9436,4573,9305
9603,2603,9972,9436,4573,9305
9604,2603,9972,9436,4573,9305
9605,8902,9972,1576,4985,7145
9606,8902,9972,9016,9743,884
9607,7856,2390,1576,4985,7145
9608,8902,9972,317,7039,884
9609,2383,666,1319,3670,884
9610,8902,9972,7093,9935,1772
9611,8902,9972,9436,4573,1772
9612,8902,9972,317,4573,1772
9613,8902,9972,9436,3537,1772
9614,7856,1478,1576,7591,884
9615,2603,9972,9436,4573,6438
9616,8902,9972,9436,3537,6
9617,7407,4714,1576,7591,884
9618,7856,4714,1576,9743,5885
9619,7407,4714,1576,7591,884
9620,3299,9972,9436,4573,1772
9621,3299,3229,9436,1632,6
9622,8902,9972,9436,4669,1772
9623,8902,9972,1576,3537,1772
9624,8902,3229,9436,4985,2422
9625,8902,9972,1576,3764,1772
9626,8902,5391,9436,3537,884
9627,8902,9972,9436,4573,6743
9628,8902,9972,9436,4573,1772
9629,8902,9972,1576,9935,1772
9630,8902,9972,9436,4573,3660
9631,7856,4714,1576,7591,884
9632,8902,4714,1576,7591,663
9633,8902,4714,3065,3537,884
9634,8902,9972,9436,3764,1772
9635,8902,9972,1576,7178,7145
9636,8902,7134,1576,8433,884
9637,8902,5353,9044,4731,884
9638,8902,9972,9016,4985,4160
9639,8902,9972,9016,9935,884
9640,8902,2390,1576,9935,1772
9641,2383,9972,9044,9742,884
9642,3890,9972,9436,4573,6438
9643,2603,9972,9436,4573,1772
9644,8902,9972,9436,4573,6438
9645,8902,9972,9436,4573,1772
9646,2603,9972,9436,4573,884
9647,8902,2390,1576,8433,884
9648,7856,4714,1576,7591,884
9649,7856,9972,1576,7591,884
9650,2603,9972,9436,3537,6438
9651,8902,9972,9436,1632,6222
9652,8902,3229,1576,943,663
9653,8902,2390,9436,5046,1772
9654,8902,9972,9436,7591,3660
9655,8902,4714,9016,9743,2422
9656,2383,5348,3295,6892,7145
9657,8902,2390,9436,8008,9305
9658,8902,9972,317,8008,884
9659,7856,1478,9044,7591,884
9660,7856,4714,7093,7591,884
9661,7856,1478,1576,7591,884
9662,7856,1478,240,1563,884
9663,8902,9972,9436,7591,884
9664,7856,9972,9436,4573,6438
9665,7856,2390,1576,7591,884
9666,7856,9493,240,1563,7145
9667,7856,75,240,4777,7145
9668,8902,3229,9436,7591,884
9669,7856,9972,1576,7591,884
9670,8902,9972,1576,4573,6
9671,8902,9972,9436,4573,1772
9672,7856,2390,1576,7591,884
9673,8902,9972,9016,9935,1772
9674,8902,4714,1576,7178,884
9675,8902,9972,1576,7591,7145
9676,8902,2390,1576,9743,7145
9677,8902,9972,7093,7591,884
9678,2603,9972,9436,4573,6438
9679,2603,9972,9436,943,1772
9680,9811,666,240,7039,1772
9681,8902,9972,1576,4573,1772
9682,7856,1478,1319,4573,7284
9683,2603,9972,9436,4573,1772
9684,8902,9972,9436,4573,1772
9685,8902,9972,9436,3537,1772
9686,8902,9972,9436,9935,6743
9687,3890,9972,9436,4573,6438
9688,8902,9972,317,9935,1772
9689,8902,9972,1576,7178,884
9690,8902,9972,1576,7591,884
9691,8902,9972,1576,4827,884
9692,8902,9972,9436,8008,1772
9693,8902,9972,9436,4573,9305
9694,8902,9972,317,9935,6743
9695,7856,2390,1576,7591,7145
9696,7856,4714,1576,7591,7145
9697,7856,2390,1576,7591,7957
9698,8902,9972,317,7591,1516
9699,7856,9972,9436,4569,6743
9700,8902,9972,1576,7591,7145
9701,3890,9972,9436,4827,884
9702,3890,9972,9436,4573,6438
9703,8902,2224,9436,3537,884
9704,8902,9972,9436,4573,1772
9705,8902,9972,9436,3537,3660
9706,8902,9972,9436,8008,6438
9707,8902,9972,1576,9935,1772
9708,8902,9972,1576,9935,7356
9709,8902,9972,9436,5046,9305
9710,8902,2390,7093,9935,6743
9711,8902,4714,7093,9935,884
9712,8902,9972,9436,4573,6438
9713,8902,9972,7093,9935,1772
9714,7856,1478,1319,1304,7145
9715,7856,9493,1576,9935,663
9716,2383,5353,240,4731,6992
9717,3299,9972,9436,4573,1772
9718,2383,9972,9436,3326,1772
9719,7407,4714,1576,4985,663
9720,7856,4714,3065,7591,884
9721,8902,4714,7093,943,1772
9722,8902,9972,9436,4573,1772
9723,8902,9972,9436,7591,1772
9724,8902,9972,1576,7591,6
9725,7856,9972,1576,7591,1772
9726,7856,1478,1576,7591,1772
9727,8902,9972,9436,7591,1772
9728,8902,4714,1576,4985,663
9729,7856,1478,7093,7591,7957
9730,7856,4714,1576,7591,663
9731,8902,2224,9044,7572,884
9732,2603,9972,1576,4573,1772
9733,8902,9972,9436,7591,884
9734,8902,9972,9436,4573,3660
9735,8902,2390,1576,9935,3660
9736,8902,4714,1576,9455,6222
9737,7856,9972,8779,7591,3746
9738,7856,4714,1576,7591,884
9739,7856,1478,4024,7591,884
9740,7856,4714,1576,7591,884
9741,7856,4714,1576,7591,4202
9742,7856,4714,1576,7591,8464
9743,8902,9972,9436,9935,1772
9744,7856,9972,1576,7591,884
9745,8902,9972,1576,9935,1772
9746,3299,9972,3065,3537,884
9747,2603,9972,9436,4573,884
9748,2603,9972,9436,4573,6438
9749,7856,1478,1576,7591,7145
9750,8902,4714,1576,7591,7145
9751,7856,4714,7093,7591,1772
9752,8902,9972,9436,2969,6438
9753,7856,9972,1294,4573,6
9754,2603,9972,9436,4573,6438
9755,8902,2390,1576,4985,6992
9756,7407,4714,1576,7591,884
9757,7856,9493,1576,7591,884
9758,8902,5391,9436,3537,3660
9759,8902,9972,1576,9935,1772
9760,3299,3229,3065,5112,7495
9761,8902,2390,1576,7591,7145
9762,8902,9972,1576,9935,1772
9763,7856,9972,1576,7591,1772
9764,8902,9972,7093,9935,884
9765,7856,4714,1576,4985,7821
9766,7856,4714,1576,7591,884
9767,8902,4714,1576,7591,7145
9768,8902,9972,9436,4573,884
9769,2603,9972,9436,4573,1772
9770,2603,9972,9436,4573,6438
9771,2603,9972,9436,4573,6438
9772,2603,9972,9436,4573,6438
9773,2603,9972,9436,4573,1772
9774,2603,9972,9436,4573,6438
9775,8902,75,9436,8008,884
9776,8902,9972,9436,5046,9305
9777,2383,9972,9436,8008,884
9778,8902,9972,1576,7591,1772
9779,7407,4714,1576,7591,2422
9780,7407,4714,1576,9935,9337
9781,7407,4714,1576,7591,8548
9782,7856,9972,1576,7591,8548
9783,8902,2463,9016,9935,1772
9784,7856,1478,240,2195,2796
9785,8902,9972,9436,4573,1772
9786,8902,4714,1576,7591,884
9787,8902,9972,1576,7591,1772
9788,7407,4714,1576,4985,884
9789,8902,9972,1576,7591,3660
9790,7407,4714,1576,6765,4202
9791,8902,9972,9436,3537,884
9792,8902,9972,9436,3537,8784
9793,8902,4714,3065,3537,663
9794,8902,2390,7093,9935,1772
9795,7856,2390,7093,9935,1449
9796,8902,9972,1576,9935,1772
9797,8902,9972,1576,9935,1772
9798,7856,4714,7093,7591,884
9799,7856,4714,1576,9935,884
9800,7856,4714,9016,7591,5885
9801,7856,2390,1576,9935,7145
9802,7856,4714,9016,4985,7145
9803,8902,4714,9436,7591,1772
9804,8902,4714,2345,943,1772
9805,7856,9972,1576,9935,1772
9806,7856,4714,9016,7591,5885
9807,7856,9972,1576,9743,7145
9808,7856,9972,1576,7591,8548
9809,8902,3229,3065,5046,663
9810,8902,2390,3065,3537,663
9811,8902,9972,1576,9743,6992
9812,2383,7134,9044,9742,7495
9813,3299,9972,9436,3537,6438
9814,2603,9972,9436,4573,6438
9815,3890,9972,9436,4669,1772
9816,8902,9972,9436,4573,1772
9817,8902,9972,9436,4669,1772
9818,8902,9972,9016,9935,7145
9819,7856,9972,1576,9935,1772
9820,7407,3229,1576,7591,8548
9821,7856,3253,8854,7591,4311
9822,7856,1478,240,2195,5177
9823,7856,1478,1576,9935,8548
9824,7856,1478,317,9935,7145
9825,7856,1478,1319,4573,4611
9826,8902,4714,1576,7591,884
9827,7856,9972,1576,4985,4202
9828,7856,4714,1576,7591,7145
9829,7856,4714,1576,7591,2422
9830,8902,9972,9436,4573,1772
9831,2603,9972,9436,4573,6438
9832,8902,9972,9436,7591,3660
9833,8902,1478,7093,9935,1772
9834,8902,2390,7093,9935,1772
9835,8902,2390,2345,9935,2422
9836,3890,9972,9436,4573,6438
9837,7856,9493,240,9857,884
9838,3890,9972,9436,4573,9305
9839,8902,9972,7093,7591,884
9840,8902,9972,317,9935,1772
9841,8902,4714,9016,9935,2422
9842,8902,4714,9436,3537,6438
9843,3299,9972,9436,4573,6438
9844,8902,9972,9436,2778,1772
9845,7856,9972,1576,7591,7145
9846,7856,9972,1576,7591,663
9847,7856,1478,1576,7591,884
9848,7856,4714,1576,7591,7356
9849,7407,4714,3065,7591,7995
9850,8902,4714,1576,5046,3660
9851,7856,9972,3065,7591,663
9852,8902,5391,9436,5046,6813
9853,8902,9972,9436,7591,884
9854,8902,9972,9436,8008,884
9855,8902,9972,9436,4573,1772
9856,8902,9972,317,8008,1772
9857,8902,9972,9436,4573,6
9858,8902,9972,9436,9935,1772
9859,8902,9972,9436,4573,1772
9860,7856,4714,1576,7591,2422
9861,7856,9566,7093,9935,1772
9862,8902,2390,7093,9935,1772
9863,7856,4714,9436,5046,8464
9864,7856,2390,9436,1902,8464
9865,7856,4714,3058,7591,7995
9866,7856,2390,1576,7591,8548
9867,7856,1478,1576,4777,884
9868,7856,2390,317,9935,7145
9869,7856,4714,9016,4827,884
9870,8902,9972,1294,9743,7145
9871,3299,9972,9436,8257,6438
9872,7856,1478,1576,9935,1772
9873,7856,3253,1576,7591,7145
9874,7856,1478,1576,9935,1772
9875,7407,4714,1576,7591,4202
9876,7856,4714,1576,7591,884
9877,8902,9972,1576,9935,1772
9878,8902,9972,9939,5046,6813
9879,8902,9972,1576,9935,663
9880,8902,3229,1576,9935,8341
9881,8902,2390,9436,9455,6222
9882,8902,9972,9436,4573,1772
9883,7856,4714,3065,9743,884
9884,7856,2390,1576,2195,884
9885,8902,2390,1576,7178,884
9886,8902,2390,1576,9935,8548
9887,7856,9972,1576,7591,663
9888,8902,2390,1576,7591,884
9889,8902,2390,1576,4985,884
9890,7407,4714,3065,9455,7995
9891,8902,9972,3065,4985,884
9892,7856,2390,1576,7591,7356
9893,7856,1478,1576,7591,1772
9894,7856,1478,1576,9935,8548
9895,8902,9972,1576,9935,884
9896,7856,1478,1576,7591,7145
9897,7856,1478,240,7591,7145
9898,7856,1478,1576,7591,884
9899,8902,9972,1576,7591,884
9900,7856,9493,1576,7488,5885
9901,7856,2390,1576,7591,884
9902,8902,2390,1576,9935,7145
9903,7856,4714,1576,7591,4202
9904,8902,9972,1576,9935,7145
9905,8902,9972,9436,4573,9305
9906,2603,9972,9436,4573,6438
9907,2603,2390,9436,4827,884
9908,7856,4714,1991,7591,884
9909,8902,9972,9436,7591,3660
9910,8902,4714,1576,4985,7145
9911,8902,9972,1576,7591,884
9912,8902,9972,1576,9935,7145
9913,7856,1478,1576,7591,3746
9914,8902,9972,9436,2900,1772
9915,8902,9972,9436,5046,884
9916,8902,9972,7093,9935,1772
9917,7407,4714,3065,5812,7995
9918,7407,3229,1576,9455,6222
9919,8902,9972,1576,5812,6992
9920,7856,4714,1576,943,7145
9921,7856,9972,9436,5046,884
9922,8902,9972,9436,7591,1772
9923,8902,9972,1576,9935,1772
9924,7856,4714,6490,7591,884
9925,7856,4714,9016,7591,884
9926,8902,3229,3735,9935,8341
9927,8902,9972,9436,4573,6813
9928,8902,9972,9436,4573,1772
9929,7856,4714,1576,7591,884
9930,8902,2390,1576,3537,663
9931,8902,2390,1576,7591,663
9932,8902,9972,1576,7591,663
9933,8902,2390,1576,1592,663
9934,7856,9972,1576,9935,1772
9935,7856,2390,1576,9935,7145
9936,7856,4714,9016,4827,884
9937,7856,1478,1576,9935,884
9938,8902,9972,9436,4573,1772
9939,2603,9972,8779,4573,1516
9940,2603,9972,9436,4573,6438
9941,3299,9972,9436,4573,884
9942,8902,4714,3065,3537,884
9943,2603,9972,9436,4573,6438
9944,8902,9972,9436,4573,6438
9945,8902,4714,3065,943,5885
9946,2383,9493,9044,9742,884
9947,8902,9972,317,9935,1516
9948,8902,9972,9436,4573,1516
9949,8902,5353,240,7039,884
9950,8902,9972,1576,4569,6438
9951,7856,4714,1576,7591,8548
9952,7856,9972,1576,7591,1772
9953,8902,9972,9436,6350,6438
9954,7856,2390,1576,9935,8548
9955,2603,9972,1576,6350,6743
9956,2383,5353,240,9857,884
9957,8902,9972,9436,4573,9305
9958,8902,9972,317,4827,1772
9959,7856,4714,6490,943,7145
9960,7856,1478,8854,1563,884
9961,7856,75,1576,1563,7145
9962,2603,9972,9436,4573,6438
9963,8902,9972,9436,4573,1772
9964,8902,9972,9436,4573,6438
9965,8902,5348,706,4827,884
9966,8902,9972,1576,3537,1772
9967,2603,9972,9016,9743,6743
9968,2383,9972,9044,3537,8784
9969,2383,7134,9044,9742,884
9970,2603,9972,9436,3537,8784
9971,8902,4714,1576,7591,884
9972,8902,9972,9016,9743,6992
9973,7856,2390,9016,7591,884
9974,8902,4714,1576,4985,8548
9975,7856,2390,1576,7591,8548
9976,7856,2390,1576,7591,884
9977,2603,5391,9436,8257,7495
9978,2383,9972,9044,1513,884
9979,2603,9972,9436,3537,6438
9980,8902,9972,9436,4573,6438
9981,8902,9972,9436,4573,6438
9982,8902,9972,9436,3537,6438
9983,8902,9972,9436,4573,6438
9984,3299,9972,9436,4573,6438
9985,8902,9972,317,8008,9840
9986,7856,1478,1576,9935,8548
9987,7856,4714,1576,7591,884
9988,7856,4714,1576,7591,7356
9989,8902,2390,1576,7591,884
9990,7856,9493,9016,4827,884
9991,8902,9972,1576,7591,1772
9992,8902,4714,9436,5046,1772
9993,8902,4714,1576,7591,663
9994,7856,9972,1576,7591,6
9995,8902,9972,1576,4985,1772
9996,7407,4714,1576,4731,7995
9997,8902,9972,9436,9743,1772
9998,8902,9972,1576,7591,6813
9999,8902,4714,1576,8257,6
10000,8902,3229,1576,7591,663
10001,3474,75,9044,9857,884
10002,2383,75,9044,9742,884
10003,3474,75,9044,7591,3446
10004,7856,1478,1576,7591,9443
10005,7856,1478,1576,9935,7145
10006,7856,9493,1576,7591,7145
10007,7856,1478,1576,7591,3401
10008,8902,2390,1576,7591,884
10009,7856,1478,240,2195,5177
10010,3890,9972,9436,9742,6438
10011,2603,7134,9044,9742,2639
10012,8902,9972,1576,9743,884
10013,7856,9972,1576,9935,663
10014,7856,9972,1576,9935,6
10015,7856,2390,1576,9935,7145
10016,8902,4714,1576,7591,884
10017,7407,4714,1576,7591,884
10018,8902,4714,9016,4985,7145
10019,7856,2390,9016,7591,884
10020,7856,1478,7093,7591,884
10021,7856,2390,1576,7591,7145
10022,8902,9972,1576,9935,1772
10023,8902,9972,9436,3537,6992
10024,8902,2390,9436,4827,884
10025,8902,2390,1576,9935,7145
10026,7856,1478,4826,7591,7356
10027,7856,9566,1576,9935,8548
10028,8902,9972,1576,4573,1772
10029,8902,3229,1576,9935,663
10030,8902,2390,1576,9935,663
10031,7856,1478,1576,9935,663
10032,7856,9972,1576,9935,663
10033,8902,6429,1576,9935,1772
10034,7856,4714,9016,7591,7145
10035,7407,4714,9016,7591,4202
10036,7856,4714,1576,7591,5885
10037,8902,4714,1576,7591,663
10038,7856,4714,3065,7591,8464
10039,8902,3229,3065,3537,7995
10040,3890,9972,9044,4731,884
10041,2383,666,9044,5046,884
10042,8902,9972,9436,4573,6438
10043,8902,9972,9436,943,1772
10044,7407,4714,1576,4985,663
10045,8902,4714,1576,4985,663
10046,8902,9972,9436,4573,1772
10047,7407,3229,2345,7591,6222
10048,8902,3229,1576,7591,1772
10049,7856,2390,1576,7591,1772
10050,8902,9972,9436,4573,1772
10051,8902,4714,1576,7591,884
10052,2383,666,240,9857,884
10053,2383,7134,9044,9857,884
10054,8902,4714,3065,9742,884
10055,2383,5353,9016,4827,884
10056,3890,9972,9436,8008,1772
10057,2383,5353,9436,8008,884
10058,7856,2390,1576,9935,7145
10059,7856,2390,9016,7591,4160
10060,8902,2390,1576,9935,8548
10061,3299,4714,9436,3537,7995
10062,3299,9972,9436,3537,8784
10063,7856,4714,3065,3537,6438
10064,8902,9972,1576,9935,663
10065,8902,3229,9436,3537,6
10066,8902,4714,7093,7591,2422
10067,8902,3229,1576,4985,6901
10068,8902,9972,9436,7591,884
10069,8902,9972,1576,9935,1772
10070,7856,4714,9016,7178,884
10071,8902,4714,1576,7591,663
10072,7856,1478,7093,7591,7145
10073,7856,9972,1576,7591,6
10074,8902,9972,7093,9935,1772
10075,8902,9972,8815,9935,663
10076,7856,2390,7093,9935,7145
10077,8902,9972,1576,4985,3660
10078,7856,4714,1576,7591,663
10079,7856,9493,1576,9935,8548
10080,7856,9493,1576,2195,3401
10081,7856,2390,1576,6765,7995
10082,2603,9972,9436,4573,1772
10083,2383,9972,9044,9857,884
10084,2603,9972,9436,4573,1772
10085,8902,2390,9436,9935,884
10086,3890,9972,9436,4573,6438
10087,3890,9972,9436,9742,884
10088,8902,9972,9436,3764,1772
10089,8902,9972,7093,943,2422
10090,8902,9972,9436,4573,1772
10091,7407,4714,3065,3537,884
10092,8902,9972,1576,7591,3660
10093,8902,4714,1576,4985,7145
10094,7856,4714,1576,943,5885
10095,7856,2390,1576,9935,7145
10096,7856,4714,1576,7591,884
10097,8902,9972,9436,4573,6438
10098,8902,9972,9436,8008,6743
10099,7856,2390,1576,9935,884
10100,8902,9972,1294,1879,7701
10101,7856,9972,1576,7591,7145
10102,8902,9972,1576,7591,1772
10103,8902,9972,9436,4573,1772
10104,2603,9972,9436,3537,884
10105,8902,9972,9436,4573,6438
10106,8902,9972,1576,9935,6
10107,8902,9972,9436,4573,884
10108,3890,9972,9436,8008,884
10109,8902,9972,1576,4985,1772
10110,8902,4714,9436,9743,6222
10111,8902,9972,1576,9743,1772
10112,8902,3229,3065,4985,884
10113,8902,2390,706,8008,884
10114,8902,4714,9436,943,884
10115,7856,9972,1576,7591,1772
10116,3890,2390,9436,8008,884
10117,8902,9972,9436,3537,6438
10118,7856,9972,9436,7591,6222
10119,8902,9972,9436,3537,6438
10120,8902,9972,1576,292,6
10121,3299,9972,9436,943,7528
10122,8902,2390,1576,4731,7995
10123,8902,4714,1576,7591,884
10124,8902,9972,9436,7591,6743
10125,7856,4714,6490,7591,7145
10126,8902,9972,9436,4573,884
10127,2603,9972,9436,4573,6438
10128,8902,9972,9436,4573,6438
10129,8902,9972,9436,7591,1772
10130,8902,9972,7093,9935,663
10131,7856,2390,1576,9935,663
10132,8902,1478,1576,9935,4279
10133,7407,4714,1576,5812,3401
10134,7856,4714,4026,7591,657
10135,7856,9972,1576,7591,663
10136,7856,4714,3065,3537,884
10137,7856,9972,1576,7591,1772
10138,8902,9972,1576,9935,663
10139,7407,3229,3065,8257,6
10140,8902,9972,1576,3537,6992
10141,8902,9972,1576,7591,3660
10142,8902,9972,9436,9935,1772
10143,8902,9972,1576,3537,884
10144,8902,2390,1576,9935,884
10145,8902,9972,9436,4573,6438
10146,4237,9972,9436,4573,6
10147,8902,9972,9436,7591,9305
10148,7856,1478,1576,4777,8548
10149,7856,9972,1576,7591,1772
10150,7856,9972,1576,9935,1772
10151,7856,2390,1576,9935,1772
10152,7856,2390,1576,9935,9385
10153,7856,4714,7093,9935,2422
10154,8902,9972,7093,9935,1772
10155,8902,9972,1576,7591,884
10156,7856,666,240,8302,9443
10157,7407,4714,1576,7591,6222
10158,8902,2390,1576,7591,884
10159,7856,4714,1576,9743,7145
10160,2603,9972,9436,3537,6438
10161,2603,2390,9436,4827,884
10162,8902,9972,9436,4573,1772
10163,7856,1478,1576,9935,1772
10164,7856,1478,1576,9935,1772
10165,7856,1478,1576,7591,884
10166,7856,9972,1576,4573,1772
10167,8902,9972,9436,7591,884
10168,2603,9972,9436,3537,6438
10169,8902,9972,7093,9935,1772
10170,7856,1478,7093,9935,1772
10171,7856,9972,240,7591,5177
10172,7856,1478,1576,7591,8548
10173,7856,2390,1576,7591,663
10174,7856,9972,1576,7591,6743
10175,7856,1478,1319,7591,884
10176,7856,1478,1576,7591,7145
10177,7856,1478,240,2195,9443
10178,8902,9972,1576,7591,3746
10179,7856,1478,240,2195,3746
10180,7856,1478,8779,2195,3746
10181,7856,9972,1576,7591,3185
10182,7856,4714,9016,7591,884
10183,8902,9972,9016,9743,1772
10184,8902,3229,9016,1632,6222
10185,8902,9972,9436,9743,3660
10186,7407,3229,9016,7591,8548
10187,8902,9972,1319,2900,1772
10188,8902,9972,1576,7591,7145
10189,7856,9972,1319,4573,1516
10190,7856,9972,9016,7591,3660
10191,8902,9972,1576,7591,3660
10192,7856,9972,1576,7591,884
10193,7856,9972,7093,9935,663
10194,7856,9493,8854,8433,8548
10195,7856,5353,1576,7591,884
10196,7856,4714,1576,7591,884
10197,7856,2390,1576,2195,8548
10198,8902,9972,1576,7591,884
10199,8902,2390,1576,7591,1772
10200,8902,9972,9436,4573,6
10201,7856,9972,9436,9935,884
10202,7856,1478,8779,2195,7145
10203,7856,9972,1576,7591,3746
10204,8902,9972,1576,7591,7145
10205,7856,2390,1576,9935,7145
10206,8902,5353,1576,7039,884
10207,7856,2390,1576,7591,884
10208,8902,4714,1576,9743,6222
10209,8902,9972,1576,2195,7145
10210,8902,4714,3065,5046,5885
10211,7407,4714,3065,3537,7995
10212,7407,3229,3065,3537,7495
10213,7407,4714,1576,9743,6222
10214,2603,9972,9436,4573,6438
10215,8902,9972,9436,4573,1772
10216,2603,9972,9436,4573,6438
10217,7856,1478,240,8302,9443
10218,7856,1478,240,2195,3746
10219,7856,2463,1576,9935,1772
10220,7856,1478,8779,2195,3746
10221,8902,2390,7093,7591,884
10222,7856,9972,1576,7591,7145
10223,7856,1478,317,7591,884
10224,7856,1478,1319,9935,884
10225,7856,2390,1576,9935,7145
10226,8902,9972,1576,4985,7356
10227,7856,9972,1576,4985,6
10228,8902,9972,9436,6350,3660
10229,8902,9972,317,1304,1772
10230,7856,9972,1576,7591,7145
10231,8902,9972,317,9743,7145
10232,8902,9972,9436,7591,6743
10233,8902,9972,1576,4569,1772
10234,7407,3229,9436,7591,884
10235,2603,9972,9436,4573,6438
10236,8902,9972,9436,4573,6438
10237,8902,9972,9436,7591,1772
10238,7856,1478,1576,7591,3446
10239,7856,9972,1576,7591,5885
10240,7856,1478,240,2195,2796
10241,7856,1478,1294,7591,884
10242,7856,2390,1576,9935,7145
10243,8902,1478,1576,9935,1772
10244,7856,4714,1576,7591,884
10245,7856,4714,9016,9935,2422
10246,7856,2390,1576,9935,7145
10247,2603,9972,9436,4573,1772
10248,2603,9972,9436,4573,1516
10249,8902,9972,9436,4573,1772
10250,8902,4714,9436,7591,884
10251,8902,9972,9436,4573,9305
10252,2603,9972,9436,4573,6438
10253,7856,2390,1576,7591,8548
10254,7856,9972,1576,4985,884
10255,7856,9972,1294,9935,1772
10256,2603,9972,9436,4573,1772
10257,8902,9972,9436,4573,9305
10258,8902,9972,9436,4573,6438
10259,8902,9972,317,9743,1772
10260,8902,9972,1576,9935,1772
10261,8902,9972,1576,5046,8784
10262,7856,2390,1576,7591,663
10263,8902,1478,1294,2195,8548
10264,7856,1478,1576,7591,884
10265,8902,9972,7093,7591,1772
10266,8902,9972,9436,4573,1772
10267,2603,9972,9436,4573,9305
10268,8902,9972,1576,9935,1772
10269,8902,9972,9436,9935,6438
10270,8902,9972,9436,4573,1772
10271,7856,9493,1576,7591,5885
10272,7856,4714,1576,7591,6222
10273,7856,1478,1576,7591,884
10274,7407,9972,9016,4985,884
10275,7856,4714,9016,7591,4160
10276,7407,3229,3065,5112,2422
10277,7856,9972,1319,6754,884
10278,8902,9972,9436,4573,1772
10279,8902,9972,9436,4573,1772
10280,8902,9972,9436,4573,1772
10281,8902,3229,9436,4573,2422
10282,8902,9972,9436,7591,663
10283,8902,9972,9436,7591,6
10284,8902,9972,9436,4573,6438
10285,8902,9972,9436,4573,1772
10286,8902,9972,1576,5812,6222
10287,7856,3229,1576,9743,6222
10288,7407,4714,9016,7591,4160
10289,3299,2390,9436,3537,6438
10290,8902,9972,9436,4569,6438
10291,8902,9972,9436,3537,884
10292,8902,9972,1576,9935,8548
10293,8902,9972,9016,9743,6222
10294,8902,9972,9436,1632,6222
10295,2603,9972,9436,4573,6438
10296,8902,9972,9436,4573,1772
10297,3299,9972,9436,4573,6438
10298,8902,4714,9436,943,1772
10299,3299,9972,9436,4573,1772
10300,8902,2390,7093,7591,2422
10301,3299,9972,9436,3537,6438
10302,7856,2390,9436,9742,884
10303,8902,4714,6490,6754,884
10304,8902,9972,317,8008,1772
10305,8902,9972,6851,4573,1772
10306,8902,5353,240,8433,884
10307,8902,7134,9016,4731,884
10308,2603,9972,9436,4573,6438
10309,8902,9972,9436,4573,6438
10310,8902,9972,9436,3537,1772
10311,2603,9972,9436,4573,9305
10312,8902,4714,9436,8008,884
10313,8902,9972,9436,1632,6222
10314,2603,9972,9436,4573,6438
10315,2603,2390,9436,4573,9305
10316,3890,2390,9436,8008,6438
10317,2603,9972,9436,4573,9305
10318,2603,9972,9436,4573,6438
10319,7856,9972,1576,4573,1772
10320,7856,2390,1576,9935,663
10321,8902,2390,1576,7591,884
10322,7407,4714,3065,9743,884
10323,8902,9972,9016,4569,6743
10324,8902,9972,1576,7591,884
10325,8902,9972,9436,3537,6438
10326,2603,9972,9436,8008,884
10327,3299,4714,9436,3537,6438
10328,8902,9972,9436,4573,6438
10329,8902,9972,9436,4573,6438
10330,2603,9972,9436,4573,6438
10331,8902,2390,1576,4731,884
10332,8902,4714,3058,9742,884
10333,8902,4714,3065,8257,3185
10334,8902,9972,9436,3537,884
10335,8902,9972,9436,4573,9305
10336,2603,9972,9436,4573,1772
10337,7856,1478,1576,9935,1772
10338,7856,9972,1294,4985,7145
10339,7856,9972,1576,7591,7145
10340,8902,4714,1576,5112,7995
10341,8902,2390,1576,4985,884
10342,7856,4714,1576,7591,884
10343,7856,4714,7093,7591,884
10344,7856,4714,1576,7591,8548
10345,7856,1478,1576,7591,7145
10346,7856,9972,1576,9935,1772
10347,8902,9972,1576,9935,7145
10348,8902,9972,1576,7591,1772
10349,8902,9972,1576,7591,884
10350,7856,2224,1576,7591,884
10351,7856,4714,1576,3607,7495
10352,8902,9972,1576,3537,884
10353,7856,4714,3065,7591,5885
10354,7407,4714,1576,5812,7995
10355,8902,9972,9436,7591,3660
10356,8902,9972,9436,4573,1772
10357,8902,4714,3065,3537,8784
10358,8902,9972,1576,4569,3660
10359,8902,9972,9436,7591,1772
10360,7856,2390,7093,9935,7145
10361,8902,9972,9436,7591,884
10362,7856,9972,7093,9935,1772
10363,7856,9972,1576,9935,1772
10364,7407,4714,3065,3537,7495
10365,7407,4714,3065,9743,6222
10366,7856,4714,1576,7178,884
10367,3299,9972,9436,8257,6438
10368,8902,9972,9436,4573,1772
10369,2603,9972,9436,8008,6743
10370,2603,9972,9436,4573,9305
10371,2603,9972,9436,3537,6438
10372,8902,9972,317,8008,1772
10373,8902,9972,9436,4573,1772
10374,8902,9972,7428,9743,6222
10375,2603,9972,9436,4573,1772
10376,7856,2390,1576,4985,663
10377,7407,4714,1576,7591,884
10378,7856,4714,3065,7591,7495
10379,3299,5391,9436,3537,6438
10380,3890,9972,9436,3537,6438
10381,8902,9972,1576,5046,1772
10382,8902,9972,317,4985,3660
10383,8902,2390,9436,9935,1772
10384,7856,3229,1576,9935,1772
10385,5971,4714,9016,9743,4160
10386,8902,3229,9016,4985,884
10387,7407,4714,3065,9743,6222
10388,7407,4714,3065,9743,6222
10389,8902,9972,1576,7591,8548
10390,8902,3229,3065,7591,6222
10391,8902,4714,1576,9743,5885
10392,8902,9972,1576,9743,6992
10393,8902,4714,1576,7591,884
10394,7856,4714,1576,7591,4202
10395,3299,4714,6490,7591,884
10396,8902,4714,6490,9743,5885
10397,7856,9972,1294,7591,3401
10398,7856,1478,7093,7591,8604
10399,7856,2390,1576,7591,3401
10400,8902,9972,9436,4827,884
10401,8902,9972,9436,4827,884
10402,8902,7134,6490,8008,884
10403,8902,9972,1294,9935,6
10404,7407,4714,9016,4985,884
10405,8902,4714,6490,943,884
10406,7856,2390,1576,1879,1772
10407,7856,9972,1576,9743,1772
10408,3299,4714,1576,3537,6222
10409,8902,9972,9436,4669,1772
10410,8902,9972,1576,4985,2422
10411,8902,9972,1576,4573,1772
10412,8902,9972,9436,943,1772
10413,8902,9972,9436,4827,884
10414,2603,9972,9436,4573,1772
10415,7407,4714,1576,7591,663
10416,8902,4714,3065,8257,3185
10417,8902,4714,1576,9743,5885
10418,8902,9972,1576,7591,884
10419,8902,9972,9436,4573,1772
10420,2603,9972,9436,4573,6438
10421,8902,9972,9436,9743,884
10422,8902,4714,3065,3537,7995
10423,8902,9972,1576,4985,6992
10424,7856,2390,1576,7591,8548
10425,3299,4714,3065,7591,6
10426,8902,9972,9436,4573,6438
10427,2603,9972,9436,4573,8784
10428,7856,75,9044,3537,884
10429,2603,9972,9436,3537,8784
10430,3299,5391,9436,3537,6222
10431,3299,9972,9436,3537,6438
10432,8902,9972,9436,4573,6438
10433,8902,3229,9436,3537,6
10434,8902,9972,1576,9743,6992
10435,8902,9972,9016,9935,2422
10436,8902,9972,9436,4573,1772
10437,8902,9972,1576,4985,1772
10438,8902,9972,9436,4827,884
10439,7856,4714,7093,9935,884
10440,7407,4714,2345,9935,2422
10441,8902,4714,7093,9935,2422
10442,8902,9972,9436,4573,1772
10443,8902,9972,1576,4985,1772
10444,8902,9972,7093,4573,1772
10445,8902,9972,1576,9935,6743
10446,8902,9972,1576,4985,884
10447,8902,9972,9016,9743,884
10448,7856,1478,1576,2195,5885
10449,7856,1478,4026,7591,8548
10450,7856,4714,7093,943,884
10451,7856,4714,1576,7591,884
10452,7856,4714,7093,7591,884
10453,8902,9972,9436,7591,3660
10454,8902,9972,7093,9935,1772
10455,8902,4714,9016,9455,6222
10456,8902,4714,9016,9743,2422
10457,8902,9972,9016,9935,1772
10458,8902,4714,9436,7591,884
10459,8902,9972,1576,7591,884
10460,7856,4714,1576,7591,884
10461,7856,4714,1576,7591,884
10462,7856,4714,6490,943,5885
10463,8902,4714,1576,7178,884
10464,7856,4714,1576,7591,884
10465,7856,9972,1576,7591,8096
10466,2603,9972,9436,4573,6438
10467,3890,9972,9436,4573,1772
10468,3890,9972,317,8008,1516
10469,2383,9972,9044,4573,8784
10470,3890,9972,9436,4573,6438
10471,3890,9972,9436,4573,6438
10472,8902,9972,9436,6350,3660
10473,8902,9972,9436,4669,1772
10474,8902,9972,317,4573,6743
10475,8902,2390,1576,3537,663
10476,3299,4714,3065,3537,7995
10477,7856,4714,6490,943,5885
10478,2603,9972,9436,4573,6438
10479,8902,9972,9436,4573,1772
10480,3890,9972,9436,4573,6438
10481,7856,2390,1576,9935,1772
10482,8902,2390,1576,9935,1772
10483,7856,2390,1576,7591,7145
10484,3890,9972,9436,4573,6438
10485,2603,9972,9436,4573,6438
10486,3890,9972,9436,4573,6438
10487,2603,9972,9939,3666,1772
10488,8902,9972,9436,4573,6438
10489,2603,9972,9436,8008,9305
10490,9154,3229,7093,7591,1772
10491,8902,9972,7093,9935,2422
10492,8902,2390,1576,7591,663
10493,8902,2390,1576,9935,7821
10494,7856,9972,7093,9935,1772
10495,8902,2390,7093,7591,1772
10496,2603,7134,706,8008,2422
10497,2603,9972,9436,4573,9305
10498,8902,9493,9044,8008,884
10499,8902,9972,317,4573,6743
10500,8902,9972,9436,4573,6438
10501,8902,9972,9436,4573,9305
10502,8902,9972,9436,4573,1772
10503,8902,9972,9436,4573,1772
10504,2603,9972,9436,4573,6438
10505,3890,9972,9436,4573,884
10506,8902,9972,1294,3764,6743
10507,7407,4714,1576,5812,3401
10508,8902,9972,9436,4573,1772
10509,8902,9972,1576,4573,1772
10510,8902,9972,9436,5046,1772
10511,3890,9972,9436,3670,6438
10512,3890,9972,9436,4573,8784
10513,8902,9972,9436,3537,884
10514,7856,2390,1576,7591,7145
10515,7856,1478,1576,9935,7145
10516,8902,9972,317,9935,7145
10517,7856,9972,9436,5046,663
10518,8902,4714,1576,7591,663
10519,7856,9972,9436,3537,884
10520,7856,9972,1294,7591,7145
10521,3299,4714,3065,8257,7495
10522,7856,4714,1576,7591,5885
10523,7856,4714,9016,9743,884
10524,7407,4714,3065,9743,884
10525,7856,4714,1576,7591,884
10526,8902,9972,1576,9935,1772
10527,8902,9972,1576,4985,1772
10528,8902,9972,1576,3764,1772
10529,8902,9972,1576,4985,1772
10530,8902,9972,9436,4573,6438
10531,8902,9972,7093,7591,1772
10532,8902,1478,1576,9935,7145
10533,7856,4714,1576,7591,7145
10534,8902,9972,7093,9935,1772
10535,8902,2390,1576,9935,1772
10536,2603,9972,9436,4573,6438
10537,2603,9972,9436,4573,6438
10538,7856,4714,1576,4985,7145
10539,8902,2390,7093,9935,2422
10540,8902,9972,1576,4985,6992
10541,8902,9972,7428,2586,6743
10542,8902,9972,9016,2969,6438
10543,8902,9972,9436,4573,6438
10544,2603,2390,9436,8008,884
10545,2603,9972,9436,4573,6438
10546,2603,9972,9436,4573,6438
10547,8902,9972,9436,5046,1772
10548,7856,4714,1576,7591,3660
10549,8902,9972,9436,3537,1772
10550,7856,2390,1576,7591,7145
10551,7407,4714,1576,7178,884
10552,7407,4714,1576,3537,884
10553,2603,9972,9436,4573,6438
10554,3890,9972,9436,4573,1516
10555,2603,9972,9436,4573,6438
10556,7856,9972,9436,4573,6438
10557,8902,4714,1576,7591,663
10558,7856,4714,1576,7591,7145
10559,3890,9972,9436,4573,6438
10560,7856,2390,1576,7591,884
10561,8902,9972,9436,4573,1772
10562,8902,9972,9436,4827,9305
10563,3299,9972,9436,4573,6438
10564,2603,9972,9436,4573,6438
10565,3890,9972,9436,4573,6438
10566,2603,9972,9436,3537,884
10567,8902,2390,9436,8008,9305
10568,2603,9972,9436,4573,6438
10569,3299,9972,9436,1632,884
10570,8902,9972,9436,9935,884
10571,8902,9972,9436,4573,1772
10572,8902,9972,9436,4573,9305
10573,7856,9972,317,9743,7145
10574,2383,9972,9436,4573,9305
10575,2383,5353,1319,8008,9840
10576,8902,9972,9436,4573,884
10577,3890,9972,9436,8008,6438
10578,2603,9972,9436,4573,1772
10579,8902,2390,1576,7591,7145
10580,8902,9972,9436,4573,1772
10581,8902,9972,9436,4573,6438
10582,3890,9972,9436,8008,6438
10583,8902,2390,317,9743,6222
10584,8902,9972,1576,9935,1772
10585,8902,9972,9016,9935,2422
10586,8902,9972,9436,1632,6438
10587,2603,9972,9436,4573,6438
10588,2603,9972,9436,3537,8784
10589,8902,9972,9436,4573,6438
10590,3890,9972,9436,4573,6438
10591,2383,5353,9436,8008,884
10592,8902,4714,9016,9743,6222
10593,8902,9972,7093,7591,1772
10594,8902,2390,1576,7591,884
10595,7856,9972,1576,9935,6
10596,7856,9972,1576,7591,6992
10597,7856,4714,1294,5812,7145
10598,7856,2390,1576,2195,7145
10599,7856,3253,1576,8302,7145
10600,7856,1478,240,2195,3401
10601,8902,2390,1576,7591,884
10602,8902,4714,1576,7591,884
10603,7856,4714,1576,7591,884
10604,8902,9972,7093,4573,1772
10605,7856,1478,1576,9935,7145
10606,7856,4714,1991,943,5885
10607,2603,9972,317,4573,1516
10608,8902,9972,9436,8008,884
10609,3890,9972,9436,4573,6438
10610,8902,9972,9436,4573,1772
10611,3299,5391,9436,3537,663
10612,8902,9972,9436,4573,6438
10613,7856,9972,9436,4573,3660
10614,7856,9972,1576,7591,663
10615,8902,9972,7093,4573,3660
10616,7856,1478,1576,268,1772
10617,8902,2463,1576,9935,7145
10618,7856,2390,1576,9935,7145
10619,8902,9972,1576,9935,1772
10620,7856,2390,1576,9935,8548
10621,8902,9972,9016,9935,2422
10622,8902,9972,9436,8008,884
10623,8902,9972,9044,3945,884
10624,2383,5353,240,9935,884
10625,8902,3229,1576,7591,884
10626,8902,9972,9436,4573,6438
10627,8902,9972,9436,7591,884
10628,7407,4714,1576,9455,6222
10629,7407,4714,1576,7591,884
10630,7407,4714,3065,4985,884
10631,7856,9972,1576,7591,1772
10632,8902,9972,9436,4573,1772
10633,8902,9972,1576,9743,1772
10634,3299,9972,9436,4569,6438
10635,8902,9972,9436,4573,1772
10636,8902,9972,1576,7591,1772
10637,2603,9972,9436,4573,6438
10638,2603,9972,9436,8008,6438
10639,2603,9972,9436,4573,9305
10640,7856,2390,1576,7591,7145
10641,7407,4714,1576,7591,663
10642,7856,9972,1576,9935,7145
10643,8902,9972,6851,4827,884
10644,9811,666,9436,4573,884
10645,8902,9972,317,8008,1772
10646,8902,9972,1576,2900,1772
10647,8902,9972,9436,4573,6438
10648,7856,9972,9436,4573,884
10649,2603,9972,9436,8008,6438
10650,3890,9972,9436,4573,6438
10651,3890,9972,9436,8008,6438
10652,2383,9972,9436,9857,884
10653,2383,7134,9436,9857,884
10654,2603,9972,1576,5046,884
10655,8902,9972,9436,3666,1772
10656,7856,4714,1576,7591,5690
10657,8902,3229,7093,943,2422
10658,8902,9972,317,9743,1772
10659,8902,9972,9436,4573,1772
10660,2383,9972,9436,4573,9305
10661,8902,3229,7093,9935,1772
10662,8902,3229,1576,9455,6222
10663,7407,3229,1576,9935,2422
10664,8902,9972,9436,4573,884
10665,8902,9972,9436,4573,1772
10666,7856,1478,7093,1563,1772
10667,7856,9566,1576,9935,7145
10668,7856,2390,1576,9935,1772
10669,8902,4714,9016,9743,7145
10670,8902,9972,317,9935,1772
10671,8902,2463,317,9935,1772
10672,8902,9972,1576,9935,1772
10673,2603,9972,9436,4573,6438
10674,3299,9972,9436,4573,1772
10675,8902,9972,9436,4573,6438
10676,3299,9972,9436,8008,884
10677,3299,9972,9436,3537,6438
10678,8902,9972,9436,4573,1772
10679,2603,9972,9436,4573,6438
10680,2603,9972,9436,4573,1772
10681,3299,9972,9436,4573,6438
10682,7856,9972,1576,7591,884
10683,8902,9972,1576,9935,663
10684,2383,2463,9016,9935,7145
10685,7856,4714,1576,7591,884
10686,7856,4714,1576,7591,884
10687,7407,4714,9016,9455,6222
10688,8902,9972,1576,7591,3660
10689,8902,4714,9436,7591,5885
10690,8902,9972,9436,943,1772
10691,2383,7134,9044,9857,884
10692,7856,9972,7093,4573,1772
10693,2603,9972,9436,3326,1772
10694,2603,9972,9436,4573,1772
10695,2603,9972,9436,4573,1772
10696,3299,4714,9436,4573,6438
10697,7407,4714,1576,4985,884
10698,7407,4714,1576,4573,1772
10699,8902,2390,1576,9935,1772
10700,3299,5391,3065,8257,6222
10701,7407,4714,3065,5812,7995
10702,8902,9972,1576,9935,3660
10703,7407,4714,9016,9455,6222
10704,8902,9972,9016,9743,6222
10705,5971,9972,9016,9455,6222
10706,8902,9972,1576,9935,1772
10707,8902,9972,1576,9935,6
10708,8902,9972,1294,9935,1772
10709,7407,4714,706,4827,884
10710,8902,4714,9436,943,884
10711,8902,9972,9436,5046,884
10712,3299,9972,9436,8257,6222
10713,3299,5391,9436,2969,6
10714,8902,9972,9436,7591,884
10715,8902,9972,1576,3537,8784
10716,3299,4714,9436,4573,884
10717,8902,9972,1576,3537,6
10718,8902,4714,9436,943,1772
10719,8902,9972,9436,4573,1772
10720,7856,4714,9436,7591,884
10721,8902,1478,1576,7591,1772
10722,7856,1478,1576,9935,7145
10723,8902,1478,1576,9935,1772
10724,8902,9972,9436,943,1772
10725,8902,9972,9436,7591,884
10726,7856,4714,1576,7591,7145
10727,8902,4714,1576,7591,884
10728,8902,9972,1294,9935,1772
10729,8902,2390,240,4827,884
10730,7856,9493,240,1563,884
10731,7856,75,240,7591,9443
10732,7856,1478,240,1563,884
10733,8902,5353,317,4573,1516
10734,2603,9972,317,8008,1772
10735,2383,666,9436,8008,884
10736,7856,9972,1576,7591,1772
10737,7856,2390,1576,9935,8548
10738,7856,1478,1576,7591,1772
10739,7856,4714,1576,7591,884
10740,7856,4714,1576,7591,663
10741,8902,9972,9436,4573,884
10742,8902,9972,9436,7591,6
10743,7407,3229,1576,7591,6
10744,3299,9972,7093,4573,2422
10745,8902,9972,9436,4573,1772
10746,8902,9972,9939,4573,1772
10747,8902,9972,9436,4573,1772
10748,8902,9972,1576,9743,6992
10749,8902,9972,1576,9935,663
10750,7856,1478,1576,9935,1772
10751,8902,9972,1576,4573,1772
10752,7856,9972,1576,7591,663
10753,8902,4714,9436,5046,663
10754,7856,3253,1576,7591,4202
10755,7856,1478,1576,7591,8548
10756,7856,1478,1576,7591,7145
10757,8902,9972,9436,4573,1772
10758,8902,9972,1576,4573,1772
10759,8902,9972,9436,4573,6438
10760,2603,9972,9436,4573,6438
10761,8902,9972,9436,4573,6438
10762,8902,9972,9436,4573,1772
10763,8902,4714,9436,7591,663
10764,8902,9972,9436,7591,884
10765,8902,9972,317,8008,1772
10766,3299,9972,9436,4573,6438
10767,8902,7134,9044,4731,884
10768,8902,9972,9436,8433,884
10769,8902,3229,9436,5046,6813
10770,8902,9972,9436,943,884
10771,2603,9972,9436,4569,6438
10772,2603,9972,9436,4573,6438
10773,3299,4714,3065,3537,884
10774,7856,4714,9436,943,5885
10775,8902,4714,1576,4985,884
10776,8902,9972,9016,9935,2422
10777,7856,3229,1576,4985,884
10778,7856,2390,1576,7591,884
10779,7856,4714,4026,7591,8548
10780,7856,2390,1576,7591,884
10781,7856,2390,1576,7591,7145
10782,7856,4714,3200,7591,7145
10783,8902,2390,9016,9743,5885
10784,8902,4714,9436,3537,663
10785,8902,9972,9436,4573,1772
10786,8902,3229,9436,9743,1772
10787,2603,9972,5055,2586,3119
10788,2383,9972,9436,3537,6438
10789,2603,9972,1294,3537,6222
10790,8902,9972,1576,7591,7145
10791,8902,4714,706,4827,884
10792,7856,1478,4024,4573,6
10793,8902,9972,9436,4573,1772
10794,8902,9972,1576,3537,663
10795,8902,9972,1576,9935,1772
10796,8902,9972,9436,7591,6
10797,3299,7134,9044,4827,884
10798,2603,9972,9436,4573,6438
10799,8902,9972,9436,4573,1516
10800,3890,9972,1576,5046,884
10801,8902,9972,9436,4573,884
10802,8902,9972,1576,7591,663
10803,8902,4714,6490,7591,5885
10804,8902,1478,1319,8008,884
10805,8902,4714,1576,9743,7145
10806,8902,2390,9016,9935,7145
10807,8902,9972,7093,4985,3660
10808,8902,9972,1576,9935,663
10809,8902,9972,1576,4985,1772
10810,8902,3229,9436,7591,3660
10811,8902,9972,9436,4573,6
10812,7856,4714,1576,7591,884
10813,8902,4714,9436,9455,6222
10814,7856,9972,1576,7591,7145
10815,8902,4714,9436,7591,5885
10816,7407,4714,3065,5812,7995
10817,8902,4714,1576,4985,7145
10818,8902,9972,7093,7591,6743
10819,3299,5391,9436,8257,6
10820,8902,9972,9436,4573,884
10821,3890,9972,9436,4573,6438
10822,8902,9972,9436,4573,6438
10823,7856,9972,1576,7591,884
10824,8902,2224,3065,3537,663
10825,7856,4714,3065,9742,7995
10826,7407,4714,9436,7591,6222
10827,7856,4714,1576,7591,7145
10828,7407,4714,1576,7591,6222
10829,7856,1478,7093,9935,884
10830,7856,9972,1576,7591,7145
10831,7856,9972,1576,7591,3660
10832,8902,9972,1576,3764,6
10833,8902,9972,9436,3764,884
10834,8902,9972,9436,4573,663
10835,8902,9493,9044,8008,884
10836,8902,9972,9436,8008,6438
10837,7856,7134,9044,9742,884
10838,7407,4714,9436,3537,6992
10839,8902,9972,9436,4985,884
10840,7407,4714,9016,9743,6222
10841,7407,3229,9016,2586,884
10842,8902,9972,9436,7591,884
10843,3299,9972,9436,3537,884
10844,8902,4714,9436,8257,7995
10845,8902,4714,3065,7591,884
10846,8902,9972,9016,9935,884
10847,7856,2390,7093,7591,4160
10848,8902,9972,9436,4573,6438
10849,7856,4714,7093,7591,884
10850,8902,9972,1576,4573,1772
10851,8902,9972,1576,9743,884
10852,8902,9972,7093,4573,6
10853,2383,9972,9436,4573,9305
10854,8902,9972,9436,4573,884
10855,3890,9972,9436,8008,1516
10856,7856,6429,1576,9935,7145
10857,7856,4714,1576,7591,5885
10858,7856,1478,240,7591,884
10859,7856,4714,1576,7591,7145
10860,7407,3229,1576,9935,2422
10861,7685,6429,1576,9935,7145
10862,8902,9972,9436,4573,9305
10863,8902,9972,9436,4573,1772
10864,3890,2390,9436,1304,884
10865,7856,6429,3647,9935,7145
10866,7856,9493,1576,9935,7145
10867,7856,6429,3647,9935,9385
10868,8902,3229,7093,1632,3660
10869,8902,4714,9436,7591,1772
10870,8902,3229,3065,8257,7995
10871,3299,9972,9044,9742,8784
10872,2603,9972,9436,4573,6438
10873,8902,9972,9436,4827,884
10874,8902,9972,1576,4573,1772
10875,8902,9972,1576,4573,1772
10876,8902,9972,9436,4573,1772
10877,2383,9972,9436,4573,884
10878,3474,9972,9436,4573,1772
10879,7856,1478,8783,1563,5177
10880,7407,4714,9016,4985,884
10881,7856,4714,1576,7591,884
10882,3299,9972,9436,4573,6438
10883,8902,9972,1576,3764,3660
10884,8902,3229,9016,9743,6222
10885,8902,9972,1576,943,884
10886,8902,9972,1576,7591,1772
10887,8902,9972,1576,7591,663
10888,8902,9972,1576,7591,884
10889,7407,2390,1576,4985,884
10890,8902,2390,9016,9743,6222
10891,7856,9972,1576,7591,663
10892,7856,2390,1576,7591,7145
10893,7856,2390,9016,7591,7145
10894,7856,1478,1576,9935,7145
10895,8902,9972,9436,4573,884
10896,8902,9972,9436,4573,6438
10897,2603,9972,9436,4573,9305
10898,3299,9972,9436,3537,6438
10899,2603,9972,1576,9935,3660
10900,8902,9972,9436,4573,6438
10901,2603,9972,9436,8008,6438
10902,2603,9972,9436,4573,6438
10903,2603,9972,9436,4573,6438
10904,7856,1478,1576,7591,884
10905,7856,2390,1576,7591,884
10906,7856,2390,1576,7591,884
10907,7856,9972,1576,7591,3660
10908,8902,4714,1576,4985,8548
10909,7856,4714,1576,4985,7821
10910,7856,2390,1576,7591,7145
10911,8902,1478,1319,4573,884
10912,7856,9493,1576,7591,884
10913,7856,2224,1576,7591,884
10914,7856,2390,1576,7591,884
10915,7856,4714,1576,7591,5885
10916,8902,9972,9436,5046,884
10917,8902,9972,9436,4573,1772
10918,8902,9972,9436,4573,9305
10919,2603,9972,9436,4573,6
10920,7856,9972,9436,3537,8784
10921,3299,4714,9436,3537,6438
10922,8902,9972,9436,4573,3119
10923,8523,9972,9436,8008,884
10924,3890,5353,9436,8008,884
10925,2383,9972,9436,4573,6438
10926,2383,5353,317,9935,1516
10927,8902,9972,317,8008,1516
10928,2383,5353,6851,9233,1772
10929,7807,1693,317,3326,1772
10930,2383,9972,9436,9742,884
10931,2383,9972,9436,4573,6438
10932,8902,9972,9436,3537,6438
10933,3890,9972,9436,4573,6438
10934,7856,2390,1576,9935,6743
10935,7856,9972,1576,9935,8548
10936,7856,4714,1576,7591,7145
10937,3474,2390,3065,3972,884
10938,3890,9972,9436,4573,6438
10939,2383,9493,9436,8008,884
10940,8902,4714,7093,7591,884
10941,7856,4714,1576,7591,7356
10942,7856,4714,7093,7591,884
10943,8902,9972,9436,4573,6438
10944,2603,9972,9436,4573,9305
10945,2383,9972,9044,5046,884
10946,3890,9972,9436,4573,6438
10947,8902,9972,9436,4573,6438
10948,8902,9972,9436,4573,1772
10949,7856,2390,1576,9935,7145
10950,7856,2390,1576,7591,5885
10951,7856,2390,1576,7591,7145
10952,8902,9972,9436,5330,4101
10953,2383,7134,9044,9742,884
10954,2383,666,9044,4827,884
10955,2603,9972,9436,4573,6438
10956,8902,9972,9436,4573,6438
10957,2603,9972,9436,4573,6438
10958,7856,4714,1576,7591,8548
10959,8902,2390,1576,7591,884
10960,8902,9493,1576,9935,1772
10961,8902,9972,1576,4573,6
10962,8902,9972,1576,9743,6222
10963,8902,4714,1576,9743,5885
10964,8902,9972,7093,9935,1772
10965,8902,2390,1576,4985,7821
10966,8902,9972,9939,4669,1772
10967,8902,9972,1576,7591,6
10968,8902,9972,1576,9935,1772
10969,8902,2390,1576,4985,3660
10970,7856,9972,7093,4573,1772
10971,8902,9972,1576,4573,1772
10972,3299,9972,9436,4573,3660
10973,8902,9972,1576,3666,1772
10974,8902,9972,3065,3537,663
10975,7407,4714,1576,9743,884
10976,8902,9972,9016,3764,6743
10977,8902,9972,9436,4573,6438
10978,8902,9972,9436,4573,884
10979,2383,5353,9044,8433,884
10980,3890,9972,9436,8008,884
10981,8902,9972,9436,4573,6438
10982,7856,75,240,1563,5177
10983,7856,9493,8854,7591,7145
10984,7856,75,240,1563,5885
10985,8902,4714,1576,7591,884
10986,7856,4714,1576,4985,7145
10987,7856,4714,1576,7178,7145
10988,7856,2390,3200,7591,8604
10989,7856,4714,9016,7591,884
10990,8902,1478,7093,7591,7145
10991,7856,75,240,7591,9443
10992,7856,1478,1576,9935,7145
10993,7856,9493,1576,7591,7145
10994,7856,1478,1576,7591,884
10995,7856,1478,1576,7591,663
10996,7856,1478,1576,7591,8548
10997,2603,9972,9436,4573,9305
10998,7856,9972,9436,4573,6438
10999,2603,9972,9436,4573,6438
11000,8902,9972,9436,4573,1772
11001,7856,9972,1576,7591,6
11002,8902,9972,9436,9935,1772
11003,7856,4714,3065,5046,3446
11004,7856,4714,3065,7591,7995
11005,7856,4714,3065,3537,7995
11006,2603,9972,9436,4573,6438
11007,8902,9972,1576,9935,1772
11008,8902,9972,9436,3537,6438
11009,8902,9972,1576,9935,663
11010,8902,9972,9436,3537,884
11011,3299,4714,9436,3537,6438
11012,8902,2390,9436,4827,884
11013,7856,9972,1576,7591,884
11014,2383,2390,9436,5046,884
11015,8902,9972,9436,4573,1772
11016,2603,9972,9436,4573,6438
11017,3299,5391,9436,4573,6438
11018,8902,9972,9436,4573,663
11019,8902,9972,9436,4573,1772
11020,7856,9972,9436,7591,884
11021,8902,9972,7093,9935,1772
11022,7856,1478,7093,9935,1772
11023,8902,9972,9436,4573,1772
11024,8902,9972,1576,3764,1772
11025,8902,9972,9436,4573,884
11026,8902,9972,1576,4777,884
11027,7856,1478,240,1563,884
11028,7856,9972,1576,4573,1772
11029,7856,1478,4826,7807,8604
11030,3890,9972,9436,4573,6438
11031,2383,9972,84,4573,8784
11032,3890,9972,9436,4573,6438
11033,8902,9972,9436,4573,6438
11034,8902,9972,9436,4573,6438
11035,8902,9972,9436,7591,884
11036,8902,9972,1576,9935,1772
11037,7856,9493,1576,9935,7145
11038,8902,9972,7093,9935,1772
11039,3299,9972,3065,3537,6438
11040,2383,2390,9436,8008,884
11041,8902,3229,9436,7591,3660
11042,8902,9972,9436,3537,6438
11043,8902,9972,9436,4573,1772
11044,8902,9972,9436,4573,6
11045,7407,4714,7093,7591,2422
11046,7856,4714,3065,8257,6222
11047,7856,2390,1576,4985,7145
11048,8902,4714,3065,3537,7995
11049,8902,2390,1576,7591,663
11050,8902,9972,1576,4985,6
11051,7856,9972,1576,7591,884
11052,7856,2390,1576,7591,884
11053,7856,9972,1576,7591,884
11054,2383,9972,317,8008,1772
11055,3299,7134,9436,7572,884
11056,2603,9972,9436,4573,9305
11057,8902,9972,7093,7591,663
11058,8902,9972,9436,4573,9305
11059,8902,9972,9436,4573,1772
11060,7407,4714,3065,3537,7495
11061,3299,4714,3065,9742,884
11062,8902,3229,3065,3537,663
11063,8902,4714,1576,9743,6222
11064,8902,2390,1576,9743,7826
11065,7407,4714,1576,4985,7995
11066,8902,9972,1319,4573,1772
11067,2603,9972,9436,4573,6438
11068,3890,9972,9436,4573,6438
11069,2603,9972,6851,4573,1772
11070,8902,9972,9436,8008,9305
11071,8902,9972,9436,4573,1772
11072,8902,75,1576,7591,7145
11073,7856,9493,1576,7591,884
11074,7856,2390,1576,7591,3746
11075,7856,9972,1576,7591,6
11076,7856,1478,240,7591,884
11077,8902,9972,9436,4573,884
11078,8902,2390,9436,4827,884
11079,8902,9972,9436,4573,1772
11080,2603,9972,9436,4573,1772
11081,8902,9972,1294,3646,6222
11082,8902,4714,3065,943,884
11083,8902,3229,9436,3537,663
11084,7856,9972,9436,4573,884
11085,3299,9972,9044,5046,884
11086,2603,9972,9436,3537,6438
11087,7856,4714,3065,3945,8464
11088,7856,4714,1576,7591,7145
11089,7856,4714,6490,943,5885
11090,8902,9566,1294,9935,8548
11091,8902,1478,1576,9935,7145
11092,7856,1478,1576,7591,8548
11093,7856,1478,1576,7591,8548
11094,8902,9972,9436,4573,3660
11095,7856,9972,4026,7591,8548
11096,7856,9972,9436,4573,884
11097,8902,9972,7093,9935,1772
11098,7856,1478,4079,7591,7145
11099,8902,9972,9436,3666,1772
11100,8902,9972,7093,7591,884
11101,8902,3229,1576,9743,1772
11102,7856,4714,5184,7591,9443
11103,7856,9493,5184,9935,9385
11104,7856,9493,1576,9935,7145
11105,7856,9493,1576,7591,663
11106,8902,2390,1576,4777,884
11107,7856,1478,1576,9935,663
11108,7407,3229,2345,4985,2422
11109,7407,4714,3065,5112,7995
11110,8902,4714,1576,7591,884
11111,7856,2390,7093,7591,2422
11112,8902,9972,1576,7591,7145
11113,7856,4714,1576,7591,663
11114,7856,1478,1576,7591,884
11115,7856,1478,240,7591,2796
11116,7856,1478,1576,9935,7145
11117,8902,9972,1576,7591,7145
11118,8902,4714,1576,7591,884
11119,7407,4714,1576,1879,663
11120,8902,9972,9436,8008,6438
11121,2603,9972,9436,4573,884
11122,2383,666,9044,4573,4101
11123,7856,9972,1576,7591,884
11124,7856,1478,1294,4777,6
11125,7856,4714,3065,7591,884
11126,8902,9972,240,4573,884
11127,8902,5353,317,8008,1516
11128,8902,9972,9436,4573,1772
11129,8902,9972,9436,4573,1772
11130,8902,7134,9016,4827,884
11131,8902,2390,9016,4827,884
11132,7407,3229,1576,9743,6222
11133,8902,3229,1576,9935,3660
11134,8902,4714,9016,7591,2422
11135,7856,9972,7093,4573,6
11136,7856,2390,1576,5046,884
11137,7856,4714,1576,7591,884
11138,7856,4714,317,664,9676
11139,7856,1478,240,7591,9443
11140,7856,9493,3200,7591,9443
11141,8902,9972,9436,7591,1772
11142,8902,9972,9436,5046,884
11143,3299,9972,9436,3537,1772
11144,8902,9972,1576,9935,1772
11145,7856,2390,1576,7591,8548
11146,8902,9972,9436,4569,6438
11147,8902,9972,1576,7591,1772
11148,8902,9972,9436,3537,884
11149,8902,9972,1576,7591,6
11150,8902,9972,1576,9935,1772
11151,8902,4714,1576,7591,2422
11152,3299,9972,9436,943,2422
11153,7856,4714,1576,2195,3401
11154,7856,4714,1576,7591,6743
11155,7856,4714,1576,9743,3401
11156,3890,9972,9436,4573,6438
11157,2383,9972,9436,4573,884
11158,8902,3229,2345,4985,6992
11159,7856,4714,1576,7591,884
11160,7856,9972,1576,7591,6
11161,8902,4714,1576,5812,6222
11162,8902,4714,9436,7591,2422
11163,8902,9972,9436,4573,663
11164,8902,9972,9436,4573,6813
11165,8902,4714,1576,7591,884
11166,7856,1478,1576,9935,8548
11167,8902,9972,9436,7591,884
11168,3890,9972,9436,8008,884
11169,8902,9972,9436,4573,9305
11170,3890,9972,9436,4573,6438
11171,8902,5353,9436,8008,884
11172,9811,666,240,7039,884
11173,2383,5353,9436,8008,884
11174,2603,9972,9436,9742,884
11175,8902,1478,240,1563,884
11176,3890,9972,9436,4573,6438
11177,3299,3229,9436,4985,2422
11178,3299,9972,9939,4573,1772
11179,3299,9972,9436,6350,6438
11180,8902,9972,1576,2586,884
11181,8902,3229,1576,7591,884
11182,8902,9972,1576,4827,884
11183,3299,5391,9436,5046,884
11184,7856,9972,7093,4573,6
11185,2603,9972,9436,943,884
11186,8902,2390,3065,4985,663
11187,8902,9972,7093,7591,663
11188,8902,9493,706,7591,884
11189,7856,9493,1576,1563,884
11190,7856,2390,1576,7591,884
11191,7856,1478,1576,2195,7145
11192,8902,2224,9044,943,884
11193,3890,9972,9044,9857,884
11194,2603,9972,9436,7591,1772
11195,2383,5348,9436,1304,884
11196,2383,9972,9436,4573,6438
11197,7856,4714,1576,2195,3401
11198,7407,4714,7093,9455,8464
11199,7856,4714,7093,943,5885
11200,7856,4714,6490,9455,5885
11201,7856,9972,7093,9935,1772
11202,8902,9972,9436,4669,1772
11203,8902,9972,1576,7591,1772
11204,7407,4714,3065,8294,7995
11205,7856,4714,1991,943,8464
11206,7407,4714,3065,943,8464
11207,8902,5353,9436,8008,884
11208,8902,9972,9436,8008,1772
11209,8902,9972,9436,4573,1772
11210,8902,9972,9436,4827,884
11211,8902,7134,9436,4827,884
11212,8902,9972,1576,4985,884
11213,3299,5391,9436,3537,6438
11214,8902,4714,9436,7591,884
11215,2603,9972,9436,4573,9305
11216,7407,4714,3065,7591,5690
11217,7856,9972,1576,7591,8548
11218,7856,2390,1576,7591,7145
11219,8902,9972,1576,9935,1772
11220,8902,9972,7093,4573,6
11221,8902,9972,317,4573,1772
11222,8902,9972,1576,7591,884
11223,8902,2390,1576,7591,663
11224,2603,9972,1576,4573,1772
11225,3299,9972,9436,3537,6438
11226,3299,9972,9436,4573,6
11227,3299,9972,9436,3537,6438
11228,7856,4714,1576,7591,663
11229,8902,2463,1576,9935,1772
11230,7856,4714,1576,7591,8548
11231,8902,9972,9436,3537,6438
11232,2603,9972,9436,4573,6438
11233,8902,4714,9436,8008,2422
11234,3299,9972,9436,4573,6438
11235,3890,9972,9436,5046,884
11236,3890,9972,9436,4573,884
11237,7856,2390,1576,7591,7145
11238,8902,2463,1576,9935,7145
11239,7856,4714,1576,7591,7356
11240,7856,4714,9016,9455,4160
11241,8902,9972,1576,7591,1772
11242,8902,9972,1576,7591,1772
11243,3890,9972,9436,4573,6438
11244,8902,9972,9436,4573,1772
11245,2603,9972,9436,4573,6438
11246,2383,666,240,5046,1516
11247,8902,9972,9436,5046,884
11248,2383,9972,9044,292,2639
11249,7856,1478,1576,7591,8548
11250,7856,1478,1576,4777,884
11251,7856,4714,1576,7591,884
11252,8902,9972,1576,9935,1772
11253,8902,9972,9436,4573,1772
11254,8902,9972,6851,4573,1772
11255,8902,9493,1576,9743,7145
11256,7856,2390,1576,7591,7145
11257,7856,4714,9016,7591,884
11258,2603,9972,9436,9742,6438
11259,8902,5391,9436,943,884
11260,8902,2390,706,4827,884
11261,8902,9972,1576,9935,1772
11262,8902,9972,9436,5046,1772
11263,8902,3229,9016,4985,2422
11264,8902,1478,240,8008,1772
11265,8902,4714,1576,7591,884
11266,8902,9972,1294,8650,884
11267,8902,9972,9436,3537,663
11268,8902,9972,1576,3764,1772
11269,7856,9972,1576,7591,884
11270,8902,9972,9436,7591,884
11271,8902,9972,1576,7591,6
11272,8902,9972,1576,9935,1772
11273,8902,4714,1576,4985,884
11274,8902,2390,1576,4985,7145
11275,7856,9972,7093,7591,9840
11276,7856,1478,1576,9935,1772
11277,8902,9972,1576,9935,1772
11278,8902,2463,317,7591,884
11279,7856,2390,1576,9935,7145
11280,8902,9972,7093,7591,7145
11281,8902,4714,9016,9935,7145
11282,8902,9972,1576,3537,8784
11283,8902,9972,1576,9935,1772
11284,8902,9972,3065,3537,6438
11285,8902,9972,9436,4573,884
11286,8902,1478,8779,2195,3746
11287,8902,9972,1576,9935,6
11288,7856,2390,9016,7591,7145
11289,7856,9493,1576,7591,7145
11290,7856,4714,1576,7591,7145
11291,7856,4714,9016,7591,2422
11292,8902,9972,9436,7591,663
11293,8902,9972,1576,9743,6992
11294,8902,9972,9436,4573,9305
11295,8902,9972,9436,4573,1772
11296,8902,9972,1576,3537,6992
11297,3890,9972,9436,4573,6438
11298,8902,9972,1576,4777,7145
11299,2383,9972,9436,9742,6438
11300,8902,2390,1576,7591,884
11301,8902,2390,1576,9743,8509
11302,8902,9972,1576,9743,6992
11303,7856,4714,1576,7591,663
11304,7407,4714,3065,3537,663
11305,8902,4714,3065,943,8464
11306,8902,5348,3295,6892,1772
11307,8902,5353,9436,8008,884
11308,8902,5348,240,7039,1772
11309,8902,9972,9436,8008,884
11310,8902,4714,9436,943,9305
11311,3890,9972,9436,8008,884
11312,3890,9972,240,9857,884
11313,8902,9972,317,9743,884
11314,3890,9972,9436,4573,1516
11315,8902,4714,3065,3537,7495
11316,8902,9972,9436,9743,6992
11317,3299,4714,9436,7591,884
11318,8902,9972,9436,8008,2422
11319,8902,9972,1576,7591,1772
11320,8902,2390,9016,9935,7145
11321,8902,9972,1576,7591,1772
11322,8902,4714,4665,7591,3446
11323,8902,9972,9436,4573,1772
11324,7856,9972,1576,7591,7145
11325,7856,2390,1576,7591,7145
11326,8902,9972,1576,2195,7145
11327,7856,4714,9436,7591,884
11328,8902,9972,9436,4573,1516
11329,8902,9972,317,4573,1772
11330,7856,2390,1576,7591,7145
11331,8902,9972,1576,7591,1772
11332,8902,2390,1576,7591,7145
11333,8902,2390,1576,3537,884
11334,8902,9972,9436,3537,6438
11335,2383,2390,9436,9742,5464
11336,8902,9972,317,7039,884
11337,8902,9972,317,8008,1772
11338,8902,9972,9436,4573,884
11339,8902,9972,9436,3537,884
11340,3890,9972,9436,4573,6438
11341,2603,9972,9436,8257,6
11342,3299,5391,3065,3537,3185
11343,3299,5391,9436,1632,6
11344,3299,4714,3065,9743,884
11345,7856,3229,1576,7591,6
11346,8902,2390,1576,9935,2422
11347,7407,4714,1576,9935,2422
11348,2603,9972,9436,4573,884
11349,2383,9972,9436,8008,1516
11350,8902,9972,1576,4573,1772
11351,8902,5391,9436,5046,6
11352,3299,9972,9436,4573,6438
11353,8902,9972,1576,4573,1772
11354,7856,9972,9436,5046,1772
11355,8902,9972,1576,7591,1772
11356,7856,2390,1576,7591,7821
11357,3299,9972,9436,4573,9305
11358,2603,9972,9436,8257,6
11359,2603,9972,9436,4573,1772
11360,8902,2390,9436,943,884
11361,8902,9972,8102,943,6329
11362,8902,9972,9436,9743,1772
11363,2383,4714,1576,9743,884
11364,3299,3229,9436,9743,884
11365,3299,9972,9939,3537,8784
11366,3299,3229,9436,8257,6222
11367,7407,4714,9436,1632,6222
11368,8902,9972,3065,3537,6
11369,8902,9972,9436,4827,1772
11370,8902,9972,1576,9935,1772
11371,8902,4714,9436,943,884
11372,8902,9972,9436,9743,6992
11373,8902,2390,1576,2195,3401
11374,8902,9972,9436,7591,884
11375,7856,4714,1576,7591,663
11376,7856,2390,1576,9935,1772
11377,8902,4714,1576,6765,8096
11378,8902,2390,7093,9935,2422
11379,8902,3229,2345,7591,6813
11380,8902,4714,1576,7591,884
11381,7856,9972,1576,7591,1772
11382,8902,9972,9436,9935,1772
11383,8902,9972,1576,4573,1772
11384,8902,9972,9436,5046,1772
11385,8902,9972,1576,4669,1772
11386,8902,9972,9436,7591,3660
11387,8902,9972,1294,8650,1772
11388,8902,9972,9939,3666,1772
11389,8902,9972,1576,3537,1772
11390,3299,4714,9436,7591,884
11391,2603,9972,9436,8008,884
11392,2383,75,9044,6754,884
11393,3474,2390,1576,9742,884
11394,3474,4714,3065,9742,884
11395,3474,75,9436,3178,884
11396,8902,4714,3065,3537,884
11397,8902,2390,1294,9935,663
11398,8902,2390,1576,9743,1836
11399,7856,3253,1576,9743,5885
11400,7856,1478,1576,7591,7356
11401,7856,4714,1576,4985,7145
11402,8902,9972,9436,4573,6743
11403,8902,9972,9436,3764,1772
11404,8902,9972,9436,4573,1516
11405,7856,1478,1576,7591,7145
11406,7856,1478,240,2195,884
11407,7856,1478,1576,2195,884
11408,2603,9972,9436,4573,1772
11409,3890,9972,9436,4573,1772
11410,8902,9972,9436,4573,1772
11411,8902,9972,1576,5812,3185
11412,8902,9972,9436,9743,1772
11413,8902,9972,9436,4985,3660
11414,7407,4714,1576,5046,884
11415,8902,9972,7093,7591,7145
11416,7407,4714,1576,8257,7995
11417,8902,9972,9436,7591,6
11418,3299,9972,9436,4573,1772
11419,2603,9972,9436,4573,9305
11420,3299,9972,3065,3537,8784
11421,3299,4714,9044,9742,884
11422,8902,1478,317,7178,7145
11423,3890,9972,9436,8008,9305
11424,8902,9972,1576,3537,8784
11425,2603,9972,9436,4573,6438
11426,8902,9972,1576,9857,884
11427,7856,9972,1294,7178,884
11428,8902,2390,9436,1304,884
11429,7407,3229,1576,4985,663
11430,8902,9972,9436,9935,3660
11431,8902,9972,9436,951,6813
11432,7407,4714,5184,9935,7701
11433,7856,2390,1576,9935,7145
11434,7856,2390,1576,7591,8548
11435,8902,4714,7093,7591,7145
11436,8902,9972,1576,9935,1772
11437,7856,4714,7093,7591,1772
11438,8902,9972,1576,9935,1772
11439,7856,4714,9436,7591,884
11440,8902,9972,9436,7591,663
11441,8902,9972,9436,7591,5885
11442,8902,2390,1576,1879,1772
11443,8902,4714,1576,4985,663
11444,8902,2390,1576,9935,884
11445,7407,9972,1576,3537,5554
11446,8902,2390,1576,3537,8784
11447,7856,1478,1576,1563,884
11448,7856,1478,8779,7591,3746
11449,7856,1478,1576,2195,3401
11450,8902,4714,3065,7591,7995
11451,8902,2224,9436,943,884
11452,3299,4714,6453,1513,3446
11453,7856,9972,7093,7591,3660
11454,8902,4714,6490,9743,5885
11455,8902,4714,1576,9743,5885
11456,8902,9972,9436,4573,1772
11457,8902,4714,1576,9743,7995
11458,8902,4714,3065,4985,884
11459,3890,9972,9436,7572,6438
11460,8902,9972,1576,3537,8784
11461,8902,5353,1576,4827,884
11462,8902,2390,1576,4985,884
11463,8902,9972,1576,9935,884
11464,8902,9972,1294,4985,6992
11465,8902,9972,9436,5046,663
11466,8902,9972,9436,4573,1772
11467,8902,9972,1576,4573,884
11468,8902,9972,9436,4573,6438
11469,3299,9972,9939,4573,1772
11470,2603,9972,9436,4573,6438
11471,8902,3229,9436,3537,884
11472,8902,4714,1576,4827,884
11473,8902,2390,1576,4985,884
11474,3299,9972,9436,4573,9305
11475,8902,9972,9436,3537,1772
11476,3299,9972,9436,4573,6438
11477,7856,9972,9436,5046,9305
11478,2383,2390,9436,8008,884
11479,8902,9972,9436,4573,6438
11480,8902,4714,1576,7591,7145
11481,8902,9972,1576,9935,1772
11482,7856,4714,1576,7591,7145
11483,8902,9972,317,8008,6743
11484,8902,9972,9436,7591,1772
11485,8902,9972,9436,4573,1772
11486,8902,4714,1576,4731,7995
11487,8902,9972,9436,4573,3660
11488,8902,9972,9436,3537,1772
11489,2603,9972,9436,4573,6438
11490,2603,9972,9436,4573,6438
11491,3299,9972,3065,3537,6438
11492,3890,9972,9436,4573,6438
11493,3890,9972,9044,4573,884
11494,8902,9972,9436,5330,884
11495,8902,9972,9016,9935,2422
11496,5971,9972,9016,9743,6222
11497,8902,2390,1576,9935,1772
11498,8902,4714,9436,7591,5885
11499,8902,4714,3065,9743,7995
11500,8902,3229,9436,3537,9305
11501,2383,2390,9044,9742,884
11502,2603,9972,9436,4573,6438
11503,3890,9972,9436,3537,6438
11504,7856,1478,1576,7591,3746
11505,7856,75,240,7591,8541
11506,7856,1478,1576,7591,3746
11507,7856,1478,1576,9935,1772
11508,7856,9972,9436,4573,884
11509,7856,1478,1576,9935,7145
11510,8902,2390,1576,4827,884
11511,2383,9972,240,3670,884
11512,3890,9972,1319,4573,884
11513,7856,2390,7093,7591,884
11514,8902,5391,1576,7591,663
11515,3299,5391,9436,3537,6222
11516,2383,2390,1576,3537,884
11517,8902,9972,7093,9935,884
11518,8902,9972,5055,3537,8784
11519,7856,9972,9436,4573,6
11520,7856,9972,9436,7591,884
11521,2603,9972,9436,4573,9305
11522,8902,9972,9436,4573,6743
11523,8902,9972,9436,943,1772
11524,8902,9972,1576,4573,6438
11525,2603,9972,9436,9742,5464
11526,3299,9972,9436,4573,1772
11527,3299,9972,9436,4573,9305
11528,8902,9972,9436,4573,9305
11529,8902,9972,317,9935,884
11530,2383,9972,9436,4573,6438
11531,8902,9972,7093,9935,1772
11532,8902,9972,9016,9935,6743
11533,8902,9972,9436,4985,3660
11534,2383,2390,9436,4827,884
11535,2603,7134,9436,5358,884
11536,8902,2390,9436,5046,884
11537,8902,9972,9436,4573,6438
11538,2383,7134,3065,9857,884
11539,3299,5391,9436,5046,5885
11540,2603,9972,9436,3537,1772
11541,8902,9972,9436,4573,1772
11542,8902,9972,1576,943,1772
11543,7856,1478,240,2195,5177
11544,7856,3253,1576,7591,9443
11545,7856,4714,1576,7591,8548
11546,8902,9972,1576,4985,1772
11547,8902,2390,317,9935,6743
11548,8902,9972,317,7591,1772
11549,7856,75,240,8302,7145
11550,7856,9493,240,2195,7145
11551,7856,75,240,8302,7145
11552,7856,1478,240,9935,8548
11553,7856,1478,1576,4777,8548
11554,7856,1478,7093,4777,8548
11555,2383,9972,9436,4573,6438
11556,2603,9972,9436,4573,6
11557,2603,9972,9436,4573,6438
11558,2383,9972,9436,4573,6438
11559,8902,9972,9436,8008,884
11560,2603,9972,9436,4573,9305
11561,8902,9972,1576,9935,1772
11562,7856,2390,1576,7591,8548
11563,7856,9972,1576,7591,7145
11564,2603,2390,9436,4827,884
11565,2603,9972,9436,4573,1772
11566,8902,9972,9436,8008,6743
11567,8902,9972,6713,4573,1772
11568,8902,9972,1294,9935,8341
11569,8902,2390,1576,4985,6901
11570,8902,9972,317,8008,884
11571,8902,9972,9436,4573,6438
11572,8902,9493,7093,9935,884
11573,8902,9972,9436,3537,884
11574,8902,666,9436,8008,884
11575,3890,9972,9436,6769,6438
11576,7856,2390,1576,7591,5885
11577,7856,9972,1576,7591,884
11578,8902,4714,1576,7591,663
11579,7856,9972,317,1304,884
11580,7856,9972,1576,9935,663
11581,7856,9972,1576,7591,663
11582,8902,3229,1576,7591,663
11583,8902,9972,7093,7591,7145
11584,8902,4714,1576,9743,5885
11585,2383,9972,9436,3670,884
11586,3890,9972,9436,8008,884
11587,3299,9972,9436,4573,884
11588,3299,3229,9436,5046,2422
11589,3299,9972,9939,4573,6
11590,8902,2390,1576,4985,1772
11591,3299,4714,9436,943,884
11592,2603,9972,9436,4573,9305
11593,2603,9972,9436,4573,1772
11594,2383,7134,9044,8008,884
11595,7856,4714,9436,4827,884
11596,8902,5353,1319,8008,884
11597,2603,9972,9436,4573,884
11598,8902,9972,9436,4573,1772
11599,2603,9972,9436,4573,9305
11600,2603,9972,9436,4573,6438
11601,2603,9972,9436,4573,9305
11602,8902,9972,9436,8008,884
11603,8902,2390,9016,4827,884
11604,8902,9972,9436,3537,6438
11605,8902,2390,1576,9743,6992
11606,7856,4714,9016,7591,884
11607,8902,2390,9016,7591,7145
11608,8902,2463,7093,9935,1772
11609,8902,2390,7093,9935,1772
11610,8902,2390,1576,9935,1772
11611,8902,2390,7093,7591,1772
11612,7407,9972,9016,7591,7145
11613,7856,1478,1576,7591,7145
11614,8902,4714,1576,4985,1772
11615,7407,4714,1576,7591,663
11616,8902,3229,9436,5046,6813
11617,8902,9972,1576,7591,2422
11618,8902,2390,1576,9935,7145
11619,8902,9972,317,9935,6743
11620,7856,3253,1576,7591,7145
11621,8902,9972,1576,9935,8548
11622,7856,9972,1576,7591,1772
11623,8902,9972,9436,4573,884
11624,8902,9972,9016,4985,884
11625,8902,9972,1576,4985,663
11626,7407,3229,3065,3537,7495
11627,8902,9972,1576,9935,1772
11628,8902,9972,1576,9935,3660
11629,7856,2390,7093,943,9840
11630,8902,9972,9436,4573,6438
11631,2603,9972,9436,4573,6438
11632,3299,9972,9436,4573,6438
11633,7856,9972,9436,4573,6438
11634,2383,666,240,4573,1516
11635,2603,9972,9436,4573,884
11636,2603,9972,9436,7591,9305
11637,8902,9972,9436,4573,1772
11638,8902,5353,9436,8008,884
11639,3299,9972,9436,4573,6438
11640,8902,9972,9436,9935,1772
11641,8902,9972,9436,4573,6438
11642,8902,1478,240,2195,9443
11643,7856,4714,8854,7591,5885
11644,7856,9493,1576,7591,884
11645,8902,9972,9939,4669,3660
11646,8902,9972,9436,3537,6438
11647,3890,9972,9044,9742,884
11648,3890,9972,9436,4573,6438
11649,8902,2390,9436,3537,6438
11650,3890,9972,9436,4573,9305
11651,8902,9972,1576,9935,1772
11652,3299,4714,9436,943,6329
11653,8902,9972,9436,7591,1772
11654,7407,4714,1576,4985,2422
11655,8902,9972,1576,7591,6
11656,8902,2390,1576,3673,6901
11657,3890,9972,9436,4573,6438
11658,2603,9972,9436,2969,6438
11659,2603,9972,9436,3537,6438
11660,2603,9972,9436,4573,6438
11661,2603,9972,9436,4573,6438
11662,2603,9972,9436,4573,6438
11663,8902,9972,9436,7591,1516
11664,2383,5353,317,8008,884
11665,2603,9972,9436,4573,9305
11666,8902,9972,1576,9935,4279
11667,7856,9972,1576,7591,7145
11668,8902,9972,1576,7591,1772
11669,7856,4714,1576,7591,884
11670,7407,4714,9016,7178,7145
11671,7407,4714,9016,7178,884
11672,7856,1478,240,7591,7145
11673,7856,1478,1576,7591,3746
11674,7856,3253,1576,9935,7145
11675,3299,4714,9016,9743,7995
11676,8902,4714,1576,9743,5885
11677,8902,4714,1576,9743,4202
11678,8902,9972,1576,7591,1772
11679,7856,2390,1576,7591,884
11680,7856,2390,6490,943,5885
11681,8902,2390,9016,7591,7145
11682,7407,4714,1576,7591,884
11683,7407,4714,9016,7591,7145
11684,7856,9972,1576,7591,8548
11685,8902,6429,2345,9935,7145
11686,8902,9972,1576,7591,6
11687,8902,9972,1576,6350,6
11688,8902,9972,1576,9935,884
11689,8902,1478,1576,9935,7145
11690,3299,9972,1576,3666,1772
11691,2603,9972,9436,4573,1772
11692,2603,9972,9436,8008,6743
11693,7856,1478,1576,3945,3746
11694,7856,1478,240,2195,3746
11695,7856,1478,240,1563,884
11696,8902,9972,1576,7591,6
11697,8902,9972,3065,943,3660
11698,7407,3229,9016,4985,3660
11699,8902,9972,9436,7591,1772
11700,8902,4714,9436,7591,663
11701,8902,9972,6713,4573,1772
11702,8902,9972,1576,4669,1772
11703,8902,3229,9436,7591,6992
11704,8902,9972,9436,3537,6
11705,8902,5391,9436,3537,6438
11706,8902,2390,9016,8433,884
11707,7856,4714,1576,7591,884
11708,7856,4714,1576,7591,663
11709,8902,9972,8815,3666,6813
11710,8902,9972,1576,7591,663
11711,8902,4714,1576,7591,663
11712,8902,9972,3735,9743,6
11713,7856,4714,1576,7591,663
11714,8902,4714,1576,7591,2422
11715,8902,9972,1576,9743,6222
11716,8902,9972,1576,7591,3660
11717,8902,3229,1576,9743,6222
11718,8902,9972,1576,9935,6
11719,7856,9972,7093,9935,1772
11720,8902,9972,1576,9935,1772
11721,8902,1478,1576,4573,1772
11722,8902,9972,1576,9935,1772
11723,8902,2390,1576,9935,7145
11724,7856,9493,1576,9935,663
11725,8902,2390,1576,9935,884
11726,8902,2390,1576,9935,1772
11727,8902,9972,9436,7591,6743
11728,8902,2390,1576,7591,884
11729,8902,3229,1576,3537,884
11730,3299,5391,3065,3537,7495
11731,3299,5391,9436,3537,5554
11732,7407,3229,9436,9455,6222
11733,7856,4714,1576,7591,8548
11734,7407,3229,1576,4985,2422
11735,8902,9972,9436,4573,1772
11736,8902,9972,9436,3537,6438
11737,8902,9972,9436,4573,6438
11738,3299,9972,9436,4573,1772
11739,8902,9972,9436,4573,1772
11740,8902,9972,9436,4573,1772
11741,8902,9972,7093,7591,1772
11742,7856,4714,1576,7591,884
11743,8902,9972,7093,7591,7145
11744,2603,9972,9436,4573,6438
11745,2603,4714,9044,9857,884
11746,8902,2390,7093,7591,884
11747,7856,2390,7093,9935,884
11748,8902,9972,9436,5046,884
11749,2603,9972,9436,4573,9305
11750,7856,4714,1991,943,663
11751,2603,9972,9436,4669,1772
11752,8902,4714,7093,9935,2422
11753,8902,9972,1576,9935,6
11754,7856,4714,1576,7591,884
11755,8902,9972,1576,7591,1772
11756,8902,9972,9436,4573,884
11757,7856,9972,9436,7591,1772
11758,7856,9972,9436,7591,1772
11759,2603,9972,9436,8008,1516
11760,8902,2390,9436,4827,884
11761,8902,5353,317,9935,1772
11762,7856,3253,1576,7591,7145
11763,7856,1478,1576,9935,7145
11764,7856,1478,1576,7591,7145
11765,2383,7134,9044,3537,884
11766,8902,9972,9436,8008,884
11767,8902,9972,9436,3537,6438
11768,7856,9566,1576,9935,7145
11769,7856,9972,1576,7591,7145
11770,7856,9972,1576,7591,7145
11771,7856,2463,1576,9935,7701
11772,7856,9972,1576,7591,884
11773,7856,2390,1576,7591,7145
11774,8902,9972,9436,9743,1772
11775,8902,9972,9436,9743,6222
11776,8902,9972,9016,9935,7145
11777,8902,9972,7093,7591,6813
11778,8902,9972,9436,4669,1772
11779,3299,9972,9436,4669,1772
11780,8902,9972,9436,4573,1772
11781,8902,9972,317,4573,1516
11782,8902,9972,6713,4573,6
11783,7856,9493,8854,1563,884
11784,8902,2390,1576,4985,884
11785,7856,1478,1576,9935,8548
11786,2383,7134,9044,9742,884
11787,3890,9972,9436,4569,6438
11788,8902,3229,9436,4573,1772
11789,8902,9972,9436,3537,6438
11790,8902,4714,1576,9743,7630
11791,7856,9972,1294,7591,8548
11792,7856,4714,7093,943,884
11793,8902,9972,9436,4573,6438
11794,3299,9972,9436,4573,9305
11795,8902,9972,1576,4573,1772
11796,8902,2390,7093,9935,1772
11797,7856,9972,1576,9935,6813
11798,8902,2390,1576,9743,7145
11799,7856,1478,1576,9935,1772
11800,7856,1478,1576,7591,884
11801,3890,9972,9436,4573,6438
11802,8902,5353,317,8008,884
11803,8902,9972,317,8008,6743
11804,8902,2390,1576,1879,7145
11805,7407,2390,1576,4985,7145
11806,8902,4714,9016,1879,6743
11807,2383,9972,9436,4573,8784
11808,2383,7134,9044,9742,884
11809,2383,666,9044,5046,3446
11810,8902,9972,9436,9742,884
11811,7407,4714,1576,7178,884
11812,8902,9972,9436,4827,884
11813,2603,9972,9436,9743,884
11814,7856,4714,9044,9742,884
11815,2603,9972,9436,4573,9305
11816,7856,3253,1576,8433,663
11817,7856,9493,1576,2195,7145
11818,7856,1478,1576,7591,1772
11819,7856,9493,1576,7178,884
11820,8902,9972,1576,9935,663
11821,7856,4714,1576,7591,884
11822,8902,9972,1576,7591,1772
11823,7856,2390,1576,9935,6
11824,8902,4714,1576,9935,663
11825,8902,4714,9436,943,884
11826,8902,9972,9436,4573,6438
11827,3890,7134,9436,3537,6438
11828,8902,9972,9436,4573,884
11829,2603,9972,9436,4669,1772
11830,8902,9972,9436,4573,6438
11831,7856,1478,240,7591,2796
11832,8902,2390,240,8433,884
11833,7856,75,240,2195,3401
11834,8902,2390,1576,4985,663
11835,8902,4714,1576,9743,5885
11836,8902,9972,1576,7591,7145
11837,8902,9972,1576,4669,1772
11838,7407,4714,1576,9935,6901
11839,8902,9972,9436,9935,6743
11840,8902,9972,9436,4573,1772
11841,8902,9972,9436,3537,1772
11842,8902,9972,9436,4573,1772
11843,7856,9972,9436,4573,9305
11844,8902,9972,9436,7591,884
11845,2603,9972,9436,4573,1772
11846,7856,1478,240,1563,7145
11847,8902,4714,9436,943,1772
11848,7856,1478,1576,7591,7145
11849,8902,9972,1576,9935,7701
11850,7856,9972,1576,9935,8548
11851,8902,2390,1576,4985,7145
11852,8902,9972,9436,1632,6222
11853,8902,9972,1576,3764,6743
11854,8902,9972,6851,4573,1772
11855,8902,9972,1576,4985,884
11856,8902,9972,1576,4985,1772
11857,8902,9972,1576,4985,3660
11858,7407,3229,1576,9743,6222
11859,3299,9972,9436,9743,6438
11860,8902,9972,9436,943,1772
11861,7856,4714,1576,7591,884
11862,8902,9972,1576,7591,1772
11863,8902,9972,1294,9743,1772
11864,8902,2390,9436,8008,2422
11865,8902,9972,9436,4573,9305
11866,8902,9972,9436,4573,9305
11867,2603,9972,9436,4573,1772
11868,8902,9972,9436,4573,1772
11869,2603,9972,9436,4573,9305
11870,8902,4714,8102,943,6329
11871,8902,7134,3065,1513,884
11872,7856,4714,1576,7591,884
11873,7856,2390,1576,5046,5885
11874,7856,1478,1576,2195,884
11875,7856,4714,7093,7591,884
11876,7856,1478,4079,8302,7145
11877,7856,1478,1294,2195,8548
11878,7856,1478,4079,8302,9443
11879,8902,9972,1576,7591,884
11880,8902,1478,1576,4777,1772
11881,8902,9972,1576,7591,1772
11882,8902,9972,9436,4573,6813
11883,8902,4714,1576,9935,7145
11884,8902,1478,240,2195,884
11885,8902,9972,9436,7591,1772
11886,8902,9972,1576,9935,8548
11887,3299,9972,9436,4573,1772
11888,3299,4714,3065,6092,884
11889,3299,9972,9436,3537,6222
11890,3299,9972,9436,4573,6438
11891,8902,9972,9436,4573,6438
11892,2383,9972,9436,943,1772
11893,8902,9972,9436,3764,1772
11894,8902,9972,2345,9455,6813
11895,7407,4714,1576,9743,7995
11896,7407,9972,1576,943,6813
11897,3299,2390,9436,8008,9305
11898,8902,9972,9436,4573,6438
11899,8902,2390,1576,9935,7145
11900,7856,4714,1576,7591,5885
11901,7856,4714,1576,7591,663
11902,7856,9972,1576,7591,8548
11903,8902,9972,9436,4573,1772
11904,3890,9972,9436,4573,6438
11905,8902,9972,9436,5046,1772
11906,7407,3229,9436,9455,6222
11907,3299,9972,9436,4573,1772
11908,7407,3229,9016,4985,4160
11909,2603,9972,9436,4573,6438
11910,2603,9972,1576,4573,1772
11911,8902,9972,7093,7591,1772
11912,7856,4714,1576,7591,884
11913,7856,4714,1576,7591,884
11914,7856,4714,1576,7591,884
11915,7856,4714,9436,7591,884
11916,8902,3229,9436,7591,6222
11917,8902,4714,1576,7591,7995
11918,7856,3253,1576,7591,884
11919,7856,4714,1576,7591,884
11920,7856,9493,1576,7591,884
11921,8902,2390,1576,4985,884
11922,8902,9972,1576,9743,6992
11923,7856,3229,1576,9743,6992
11924,7856,4714,1576,9742,884
11925,2603,9972,9436,4573,6438
11926,8902,2390,9436,8008,884
11927,7856,9493,1576,3945,884
11928,7856,9493,1576,7591,8548
11929,7856,1478,1576,7591,884
11930,8902,9972,9436,4573,9305
11931,2603,9972,9436,4573,1772
11932,2603,9972,9436,4573,9305
11933,8902,9972,1576,4827,884
11934,3890,666,9436,5358,884
11935,2383,9972,9436,8008,884
11936,7407,4714,1576,7591,3185
11937,8902,9972,1294,5812,6222
11938,8902,2390,1576,9935,7145
11939,7856,2390,1576,7591,884
11940,7856,3253,1576,7591,7145
11941,7856,9493,1576,7178,884
11942,7856,1478,4079,7591,9443
11943,7856,3253,1576,8302,9443
11944,7856,1478,317,9935,7145
11945,9811,666,240,3670,884
11946,2383,9972,9436,8008,884
11947,3890,9972,9436,4573,884
11948,8902,2390,1576,4985,6992
11949,8902,3229,3065,5112,7995
11950,8902,9972,1576,7591,6
11951,8902,9972,7093,7591,2422
11952,8902,9972,9016,9935,7826
11953,7856,9972,1576,7591,8548
11954,7856,2390,1576,7591,7145
11955,7856,4714,1576,4985,7145
11956,7856,4714,5184,7591,7145
11957,8902,9972,9436,3326,6438
11958,3890,9972,9436,4573,6438
11959,8902,9972,9436,8008,884
11960,7856,9972,9436,4573,6
11961,7856,9972,9436,4573,1772
11962,7856,4714,9436,943,884
11963,7856,4714,3065,7591,884
11964,7856,9493,1576,7591,5885
11965,7856,1478,1576,9935,7145
11966,7856,9972,1576,9935,1772
11967,7856,1478,1576,7591,8548
11968,8902,2390,317,9935,7145
11969,7856,9972,1576,7591,7145
11970,7856,9972,1576,7591,1772
11971,7856,9972,1576,9935,1772
11972,8902,2390,9436,3537,884
11973,8902,9972,9436,4573,6438
11974,7856,2390,9436,5046,884
11975,7856,9972,2005,9935,1772
11976,8902,9972,6713,4573,1772
11977,8902,9972,1576,9935,663
11978,8902,9972,1576,7591,1772
11979,8902,9972,1576,7591,6
11980,8902,9972,1576,4985,1772
11981,8902,9972,9436,4573,884
11982,8902,9972,7093,4573,1772
11983,7856,1478,1576,4777,884
11984,2603,9972,9436,6125,6222
11985,8902,9972,9436,4573,6438
11986,3890,9972,9436,8008,6438
11987,2383,9972,9436,3178,6992
11988,3890,9972,9436,4573,6438
11989,3890,9972,9436,8008,884
11990,2603,9972,9436,4827,1772
11991,8902,9972,9436,4573,6438
11992,8902,9972,9436,4573,9840
11993,8902,2390,7093,9743,5885
11994,8902,2390,1576,7591,7145
11995,8902,4714,1576,7591,7145
11996,2603,9972,9436,4573,9305
11997,2603,7134,9044,8008,884
11998,7856,9972,317,9935,884
11999,8902,9972,1576,9743,6
12000,8902,9972,9436,5046,6
12001,8902,9972,9436,3537,6
12002,8902,9972,9436,1632,884
12003,8902,9972,9436,4573,884
12004,2603,9972,9436,4573,1772
12005,8902,9972,9436,4573,6438
12006,2603,9972,9436,7591,884
12007,2383,9972,9044,3537,8784
12008,2603,5391,9436,7591,6
12009,8902,9972,1576,4573,1772
12010,8902,9972,9436,4573,1772
12011,3299,9972,9436,3537,884
12012,3299,5391,3065,3537,6438
12013,8902,4714,706,943,884
12014,8902,9972,317,7591,7145
12015,7856,1478,1576,7591,7145
12016,7856,2390,1576,7591,884
12017,7856,2390,9016,9935,7145
12018,8902,9972,7093,7591,1772
12019,7856,9972,1576,7591,7145
12020,7856,1478,1576,7591,1772
12021,7856,9972,1576,9935,7145
12022,7856,9972,1576,9935,7145
12023,8902,9972,1576,7591,1772
12024,8902,9972,7093,7591,7145
12025,7407,4714,1576,7591,884
12026,7856,1478,240,2195,2796
12027,7856,3253,1576,7591,884
12028,7856,1478,1576,7591,3746
12029,7856,2390,1576,7591,663
12030,7856,9972,1576,7591,663
12031,7856,4714,1576,5046,884
12032,2603,9972,9436,4573,1772
12033,2603,9972,9436,4573,6438
12034,3890,9972,9436,4573,884
12035,8902,9972,7093,7591,3660
12036,8902,9972,1576,7591,884
12037,8902,9972,1576,7591,884
12038,7856,1478,240,7591,5177
12039,8902,5348,1576,8433,7145
12040,8902,9972,1576,9935,884
12041,7856,2390,1576,7591,7145
12042,8902,2390,1576,7591,7145
12043,7856,1478,1576,7591,7145
12044,8902,9972,1576,3537,663
12045,8902,9972,1576,9935,1772
12046,8902,9972,1576,4985,1772
12047,8902,4714,9436,7591,884
12048,8902,4714,1576,7591,6222
12049,8902,9972,1576,9935,884
12050,8902,9972,9436,4573,1772
12051,8902,9972,1576,9935,1772
12052,8902,9972,1576,4985,1772
12053,7856,9972,9436,1632,6222
12054,8902,9972,9016,9743,3660
12055,8902,9972,1576,4573,2422
12056,2383,7134,6490,4827,884
12057,8902,9972,9436,4573,6
12058,8902,9972,9436,8008,884
12059,8902,4714,1576,7591,884
12060,7856,3229,1576,7591,8548
12061,8902,9972,9016,4985,1772
12062,8902,9972,9436,4573,1772
12063,8902,9972,9436,4573,9305
12064,7856,9972,1576,7591,3746
12065,8902,9972,1576,9935,1772
12066,7856,9972,1576,9935,1772
12067,7856,9972,9016,7591,6743
12068,7856,4714,1576,7591,1772
12069,7856,1478,1576,7591,3746
12070,7856,9493,8854,7591,884
12071,8902,9972,9436,4573,6438
12072,2603,9972,9436,4573,6438
12073,8902,9972,1576,9935,3660
12074,8902,9972,9436,4573,6438
12075,8902,9972,7093,4573,6
12076,8902,9972,1576,7591,6
12077,7856,4714,1576,7591,7145
12078,7856,2390,1576,7591,7145
12079,7856,2390,1576,7591,5885
12080,8902,9972,1576,7591,1772
12081,8902,9972,9436,4573,1772
12082,8902,9972,9436,4573,1772
12083,8902,3229,1576,4985,6813
12084,8902,4714,2345,9743,2422
12085,8902,9972,9436,3666,1772
12086,8902,9972,1576,4573,1772
12087,7856,2390,1576,4985,7145
12088,8902,4714,1576,4985,663
12089,7856,3253,240,7591,884
12090,7856,1478,1576,7591,7145
12091,7856,4714,1576,7591,7145
12092,7856,9493,1576,7591,7145
12093,7856,4714,1576,8302,7145
12094,7856,1478,1576,4777,884
12095,8902,2390,7093,1304,884
12096,7407,9972,6851,943,1772
12097,8902,9972,317,3764,1772
12098,8902,9972,3065,2586,6
12099,3299,9972,9436,8008,6438
12100,3299,7134,9044,9742,884
12101,7856,9972,1576,7591,884
12102,7856,4714,1576,7591,884
12103,7407,4714,1576,7178,884
12104,2383,4714,6490,943,5885
12105,8902,4714,7093,7591,1772
12106,8902,9972,317,9935,7145
12107,8902,4714,1576,8433,884
12108,8902,2390,1576,4985,884
12109,8902,4714,1576,3537,884
12110,7856,4714,3065,7591,7495
12111,7856,4714,9436,7591,8464
12112,8902,9972,1576,7591,3660
12113,7856,1478,1576,2195,7145
12114,7856,1478,240,9935,9443
12115,7856,1478,240,1563,884
12116,7856,1478,1576,7591,884
12117,7856,4714,1576,7591,884
12118,7856,1478,1576,9935,1772
12119,7856,1478,1576,7591,3746
12120,7856,3253,8854,7591,7356
12121,7856,1478,1576,7591,884
12122,8902,9972,9436,4573,1772
12123,4237,9972,1576,9935,1772
12124,8902,9972,7093,4573,2422
12125,2383,9972,9436,4573,884
12126,8902,9972,9436,9743,1772
12127,3890,9972,9436,4573,6438
12128,8902,9972,9016,9935,884
12129,8902,9972,1576,4985,6992
12130,8902,2390,7093,9935,1772
12131,7856,2390,1576,7591,7145
12132,7856,9972,1576,3537,1772
12133,7856,1478,1576,9935,1772
12134,8902,9972,1576,951,1772
12135,3299,4714,9436,3537,1772
12136,2603,9972,9436,3537,6438
12137,8902,4714,9436,7591,884
12138,7407,4714,1576,7591,884
12139,7856,4714,1576,7591,7145
12140,8902,9972,1576,7591,663
12141,8902,9972,1576,9935,1772
12142,8902,2390,7093,7591,884
12143,8902,4714,1576,9935,663
12144,7856,2390,1576,7591,884
12145,7856,4714,1576,7591,884
12146,8902,9972,1576,1879,663
12147,7407,3229,1576,4985,4202
12148,8902,4714,1576,7591,884
12149,7856,4714,9016,7591,7145
12150,7856,1478,1576,7591,7145
12151,7856,2390,1576,7591,7145
12152,2383,4714,9436,5046,884
12153,8902,2390,1576,7591,663
12154,2383,9972,9044,9742,884
12155,8902,2390,1576,7591,3660
12156,8902,9972,1576,7591,663
12157,3299,9972,9436,4573,1772
12158,8902,9972,9436,5046,884
12159,8902,9972,9436,4573,884
12160,8902,9972,1576,7591,884
12161,8902,9972,9016,9935,7145
12162,7856,9972,1576,7591,884
12163,7856,2390,1576,7591,5885
12164,3890,9972,1576,7591,884
12165,8902,9972,9436,4573,884
12166,8902,9972,9436,7591,884
12167,8902,5353,317,4827,7145
12168,7856,9972,1576,9935,1772
12169,8902,9972,7093,9935,663
12170,7856,9493,6490,6754,5885
12171,7856,4714,1576,7591,7145
12172,7856,1478,1576,7591,8548
12173,7856,3253,8854,8302,7145
12174,7856,2390,1576,7591,7145
12175,7856,4714,668,7591,7145
12176,8902,4714,1576,9743,6222
12177,7856,4714,1576,7591,884
12178,7856,4714,9436,7591,884
12179,7856,4714,1576,7591,884
12180,7856,4714,1576,7591,884
12181,8902,4714,1576,7591,884
12182,7856,4714,1576,7591,7145
12183,8902,9972,9436,4573,1772
12184,8902,9972,9436,6125,6222
12185,8902,3229,9436,1632,3660
12186,8902,2390,1576,9935,884
12187,3299,5391,9436,3537,3660
12188,8902,9972,7093,9935,6
12189,8902,9972,9436,8008,6743
12190,8902,9972,1576,9935,884
12191,2603,9972,9436,3537,6438
12192,8902,9972,9436,943,1772
12193,2603,5391,9436,3666,1772
12194,8902,9972,9436,9935,1772
12195,8902,2390,1576,9935,7145
12196,8902,2390,317,9935,884
12197,3299,9972,9436,4573,6438
12198,2603,9972,9436,4573,6438
12199,8902,9972,9436,4827,9305
12200,7856,4714,1576,7178,884
12201,7856,2390,1576,7591,884
12202,7856,4714,1576,7591,884
12203,8902,2390,3065,5046,884
12204,8902,2390,1576,9743,884
12205,7407,4714,3065,9743,7995
12206,7856,9493,1576,2195,7145
12207,2383,5353,1576,8433,884
12208,8902,2390,9436,4827,884
12209,2603,9972,9436,4573,1516
12210,3299,9972,9436,4573,6438
12211,3890,9972,84,4573,1516
12212,7856,9972,1576,7591,884
12213,7856,9972,1576,7591,1772
12214,7856,9972,1319,4573,884
12215,8902,9972,1294,9935,8548
12216,8902,2390,1576,4985,7145
12217,8902,9972,1294,1879,1772
12218,8902,9972,9436,4573,1772
12219,2603,9972,9436,4573,1772
12220,2603,9972,9436,4573,1772
12221,8902,9972,1576,4985,1772
12222,7856,9972,1576,9935,1772
12223,8902,9972,1576,7591,6
12224,8902,9972,1576,7591,7145
12225,7856,9972,1294,1879,7145
12226,7856,4714,1576,7591,5885
12227,8902,2390,9436,4569,884
12228,8902,2390,1576,7591,884
12229,8902,9972,9436,3537,1772
12230,7856,2390,1576,7591,884
12231,7856,9493,1576,7591,7356
12232,7856,9972,1576,7591,884
12233,3299,5391,9436,4731,6222
12234,8902,9972,9436,3537,884
12235,8902,3229,3065,3537,884
12236,8902,9972,9436,7591,884
12237,8902,9972,9436,4569,6438
12238,8902,9972,1576,8433,1772
12239,8902,2390,1576,7591,884
12240,7856,9972,1576,9743,7145
12241,7407,4714,9016,4985,884
12242,3890,9972,9436,4573,6438
12243,2603,9972,9436,9742,6438
12244,8902,9972,9436,4731,884
12245,7856,9493,1576,4777,884
12246,8902,4714,1576,4985,884
12247,8902,9972,1576,9743,6992
12248,8902,3229,1576,7591,6
12249,8902,9972,1576,9743,7826
12250,3299,3229,9016,9743,6222
12251,8902,9972,9436,3537,6
12252,3299,9972,9436,3537,6992
12253,8902,9972,9436,4573,6438
12254,7856,2390,1576,9935,7145
12255,8902,9972,9436,3537,8784
12256,7856,2390,7093,7591,1772
12257,8902,9972,2345,9935,2422
12258,8902,9972,9436,4573,1772
12259,8902,3229,9436,7591,2422
12260,8902,9972,7428,7178,884
12261,7856,4714,1576,7591,884
12262,8902,9972,1576,7591,6
12263,8902,9972,7093,9935,3660
12264,8902,9972,7093,9935,1772
12265,8902,9972,1576,7591,6
12266,8902,9972,9436,4573,6438
12267,8902,2390,7093,7591,884
12268,8902,9972,9436,4573,1772
12269,7407,4714,1576,7591,663
12270,8902,4714,1576,9743,7995
12271,7407,3229,1576,9743,6222
12272,3299,9972,9436,4827,884
12273,2603,9972,9436,2969,884
12274,8902,9972,9436,4573,6438
12275,8902,3229,9436,9743,6222
12276,8902,9972,1576,4669,1772
12277,8902,9972,9436,3537,6438
12278,7856,2390,1576,7591,8548
12279,7856,75,240,2195,8548
12280,7856,1478,240,7591,884
12281,8902,4714,1576,7591,4202
12282,8902,4714,1576,9743,1772
12283,8902,9972,9436,3537,6
12284,8902,9972,9436,7591,6
12285,3299,4714,3065,8257,7495
12286,8902,2390,1576,7591,663
12287,3299,2224,1576,3537,9101
12288,3299,7134,9436,9742,884
12289,3474,75,3065,5046,884
12290,7856,4714,7093,7591,884
12291,7856,4714,9016,7591,884
12292,7856,2390,1576,9935,7145
12293,7856,2390,1576,7591,663
12294,7856,4714,1576,9935,7145
12295,7856,4714,1576,9935,663
12296,7856,2390,1576,9935,663
12297,7856,2390,7093,9935,2422
12298,8902,4714,7093,7591,2422
12299,7856,9972,9436,3537,6
12300,2383,4714,9044,8008,884
12301,3299,9972,9436,4573,1772
12302,2603,9972,9436,3537,8784
12303,3299,9972,9436,4573,1772
12304,7856,9972,9436,4573,884
12305,8902,2390,7093,9935,1772
12306,8902,9972,7093,4573,1772
12307,3299,9972,9436,4573,1772
12308,7856,4714,1576,7591,657
12309,7856,9972,1576,7591,7145
12310,7856,4714,1576,7591,7356
12311,7856,9972,1576,7591,3660
12312,7856,9972,1576,1879,7145
12313,8902,9972,9016,9743,6222
12314,3890,9972,9436,4573,6438
12315,9811,666,9044,4731,884
12316,8902,9972,9436,4573,6438
12317,7856,1478,1576,9935,1772
12318,8902,9972,8779,9935,1772
12319,8902,9972,1576,1879,884
12320,8902,3229,9016,4985,7145
12321,8902,9972,9436,3537,6438
12322,8902,4714,9016,7591,884
12323,8902,9972,1576,1879,7145
12324,7407,9972,9016,7591,3660
12325,8902,9972,9016,4985,7145
12326,7856,9972,9436,4573,1772
12327,3890,9972,9436,4573,884
12328,3890,9972,9436,4573,1772
12329,8902,9972,9436,7591,6
12330,2603,9972,9436,4573,884
12331,8902,5391,9436,7591,884
12332,7856,4714,1576,4985,7145
12333,7856,4714,1576,943,884
12334,7856,9972,1576,9935,1772
12335,7856,1478,1576,7591,1772
12336,7856,1478,1576,7591,7145
12337,7856,9972,1576,7591,7145
12338,9811,5353,9436,8008,884
12339,8902,9972,9436,5046,884
12340,8902,9972,9436,5046,1772
12341,7856,4714,1576,7591,884
12342,7856,4714,1576,7591,6743
12343,8902,2390,1576,7591,884
12344,7856,4714,1576,9935,2422
12345,8902,9972,1576,4985,6992
12346,7856,2390,1576,9935,9385
12347,7856,2390,1576,7591,884
12348,8902,9972,7093,9935,7145
12349,8902,2390,7093,7591,7145
12350,7856,1478,240,7591,7145
12351,7856,1478,4026,7591,7356
12352,7856,1478,1576,4777,7145
12353,7856,4714,1576,7591,884
12354,7856,2390,1576,9935,884
12355,7856,2390,1576,4985,7145
12356,2383,9972,9436,9742,6438
12357,2603,2390,9436,9742,884
12358,2603,9972,9436,4573,9305
12359,2603,9972,9436,4573,6438
12360,3890,9972,317,4573,9840
12361,8902,9972,9436,9935,884
12362,2603,9972,9436,3537,1772
12363,8902,9972,7093,9935,884
12364,8902,9972,317,4573,1516
12365,8902,2390,317,9935,1772
12366,8902,9972,9436,8008,884
12367,8902,2390,240,4827,7145
12368,8902,9972,9436,4573,1772
12369,8902,9972,9436,4573,6438
12370,8902,9972,9436,4573,6438
12371,3890,9972,9436,4573,1772
12372,8902,9972,9436,7591,1772
12373,2603,9972,9436,9743,1772
12374,7856,4714,7093,9935,2422
12375,7856,2390,7093,7591,884
12376,7856,2390,1576,7591,884
12377,7856,1478,7093,4777,884
12378,7856,9972,1576,7591,3746
12379,7856,1478,9436,5046,884
12380,8902,4714,7093,943,7145
12381,7856,4714,1576,7591,7145
12382,8902,9972,1576,9743,1772
12383,8902,9972,1576,7591,6
12384,8902,2390,9016,7591,7145
12385,8902,2390,1576,9935,1772
12386,7856,4714,1576,7591,7145
12387,7856,4714,1576,7591,7145
12388,7856,4714,1576,7591,884
12389,7856,9972,317,1304,884
12390,8902,4714,9016,9935,6743
12391,8902,9972,7093,9935,1772
12392,7856,2390,1576,9935,884
12393,7856,4714,1576,9935,7145
12394,7856,4714,7093,7591,884
12395,8902,9972,9436,4573,9305
12396,7856,9972,9436,4573,9305
12397,8902,9972,9436,4573,6438
12398,3890,9972,9436,4573,1772
12399,8902,9972,9436,5046,884
12400,8902,9972,9436,8008,1772
12401,2383,9972,9436,4573,9305
12402,2603,9972,9436,4573,6438
12403,2603,9972,9436,4573,9305
12404,8902,4714,1576,7591,884
12405,7856,1478,1576,4777,884
12406,8902,2390,706,7591,7145
12407,8902,9972,1576,7591,1772
12408,7856,9493,1576,9935,663
12409,8902,9972,7093,7591,1772
12410,7856,4714,1576,7591,7145
12411,7856,9493,240,1563,884
12412,7856,1478,240,2195,7145
12413,7407,4714,3065,9743,6222
12414,8902,4714,9436,5046,6
12415,7856,9972,9436,4573,6
12416,8902,9972,9436,4573,9305
12417,3299,9972,9436,4573,6438
12418,2603,9972,9436,4573,6438
12419,3299,5391,9436,4573,1772
12420,8902,3229,9436,4827,884
12421,2603,9972,9436,4573,6438
12422,8902,9972,317,3764,1772
12423,8902,9972,9436,7591,884
12424,8902,9972,1576,7591,1772
12425,8902,3229,1576,7591,6
12426,7407,3229,9436,3537,6222
12427,8902,2390,1576,943,7145
12428,8902,9972,9016,4985,3660
12429,8902,2390,1576,9935,7145
12430,8902,9972,9436,4573,1772
12431,7856,1478,1576,7591,7145
12432,7856,4714,9016,7591,7145
12433,8902,9972,1576,7591,884
12434,8902,9972,8779,3764,1772
12435,8902,9972,9016,9743,6222
12436,8902,9972,7093,7591,1772
12437,8902,9972,9436,7591,884
12438,8902,9972,1576,4573,6
12439,8902,9972,9436,4573,6
12440,7407,9972,1576,9743,6222
12441,8902,9972,1576,7591,3660
12442,8902,9972,7093,4573,1772
12443,8902,9972,9436,4573,1772
12444,2383,2390,9436,8008,884
12445,8902,9972,9436,8008,884
12446,2383,9972,1576,8433,884
12447,7407,4714,3065,3537,884
12448,7407,9493,1576,3178,884
12449,8902,9972,9016,4985,6992
12450,7856,9493,1576,7591,884
12451,7407,2390,9016,9743,6992
12452,8902,9972,9436,7591,884
12453,8902,9972,9436,3537,884
12454,2603,9972,9436,4573,6743
12455,8902,9972,1294,1879,8548
12456,7856,4714,1576,7591,7821
12457,8902,2390,3065,9743,6222
12458,2603,2390,9436,8008,884
12459,8902,9972,9436,4573,9840
12460,8902,9972,9436,4573,884
12461,3890,9972,9436,4573,6438
12462,2603,9972,9436,3537,6438
12463,2603,9972,9436,4573,6438
12464,8902,9972,9436,6350,6438
12465,8902,9972,9436,3537,6438
12466,8902,9972,1576,9935,7145
12467,8902,9972,9436,7591,884
12468,7856,9972,1576,9935,1772
12469,7856,9972,1576,7591,7145
12470,7856,1478,1576,9935,8548
12471,7856,1478,1576,7591,8548
12472,7856,9493,1576,2195,7145
12473,8902,9972,9016,9743,6992
12474,8902,9972,7093,9935,6743
12475,8902,9972,9016,9935,6743
12476,7856,1478,7093,7591,1772
12477,7856,9972,1576,7591,884
12478,7856,9972,9436,4573,884
12479,7856,75,1576,2195,3401
12480,7856,9493,1576,7591,884
12481,7856,1478,1576,7591,3746
12482,7856,4714,3065,7591,884
12483,7856,4714,1576,9935,6901
12484,7407,4714,1576,9455,7995
12485,2603,9972,9436,4573,1772
12486,2603,9972,9436,8008,884
12487,8902,9972,1576,5046,1772
12488,8902,9972,9436,3537,6438
12489,3299,7134,9436,8008,884
12490,8902,9972,9436,4573,1772
12491,8902,9972,9436,4573,1772
12492,2603,9972,9044,943,884
12493,2603,9972,9436,8008,884
12494,7856,9972,1576,7591,7145
12495,8902,9972,9436,8008,884
12496,8902,9972,9436,9743,3660
12497,3890,9972,9436,4573,6438
12498,3890,9972,9436,4573,6438
12499,3890,9972,9436,4573,6438
12500,8902,9972,1576,9743,6992
12501,8902,2224,9436,5046,9305
12502,7856,2390,1576,7591,7145
12503,7856,9972,1576,7591,4202
12504,8902,4714,1576,9935,2422
12505,7856,2390,1576,9935,7145
12506,3474,9972,9044,4573,884
12507,2383,666,9436,4573,884
12508,9811,666,9044,5046,3446
12509,8902,9972,9436,4573,6
12510,8902,9972,9436,3537,6
12511,8902,9972,9436,3537,6438
12512,7856,9972,9436,7591,884
12513,8902,9972,1576,7591,884
12514,7856,2390,1576,7591,7145
12515,2603,2390,9436,4569,6438
12516,3299,9972,9436,4573,1772
12517,3299,2390,9016,4827,884
12518,7856,4714,1576,9743,7145
12519,8902,9972,1576,9935,4279
12520,8902,9972,1576,4985,1772
12521,2603,9972,9436,4573,1772
12522,8902,9972,9436,5046,884
12523,2603,9972,9436,4573,6438
12524,8902,9972,1576,7591,663
12525,7856,2390,7093,7591,7145
12526,7856,9493,1576,9935,7145
12527,7856,9972,1576,7591,6
12528,8902,1478,7093,7591,884
12529,7856,2390,1576,9935,1772
12530,2603,9972,9436,4573,6438
12531,3299,5391,9436,4573,9305
12532,8902,9972,9436,4573,6438
12533,7856,4714,9436,7591,884
12534,7407,4714,1576,1592,7821
12535,7856,4714,1576,7591,884
12536,7407,4714,9436,4827,884
12537,8902,7134,9436,3537,6438
12538,8902,2390,9436,4827,884
12539,7856,1478,1576,9935,8548
12540,7856,9493,1576,2195,7145
12541,8902,4714,1576,7591,7145
12542,8902,9972,9436,4573,1772
12543,2603,9972,9436,4573,9305
12544,3299,9972,3065,9742,7495
12545,8902,9972,1576,9935,8341
12546,8902,9972,1576,9935,1516
12547,8902,1478,1576,9935,1772
12548,7856,4714,1576,9743,5885
12549,8902,9972,1576,7591,5885
12550,8902,2390,1576,7591,7145
12551,8902,2390,7093,7591,884
12552,7856,9972,1576,7591,1772
12553,7856,4714,1576,9935,7145
12554,8902,9972,1294,7591,6
12555,7856,9972,1576,9935,7701
12556,8902,9972,1576,9935,8548
12557,2603,9972,9436,8008,6438
12558,2603,9972,9436,8008,884
12559,2383,7134,9044,9742,5464
12560,8902,9972,7093,9935,1772
12561,7856,1478,7093,9935,1772
12562,8902,1478,7093,4573,1772
12563,7856,1478,1576,7591,884
12564,7856,4714,1576,7591,884
12565,7856,1478,1576,7591,884
12566,8902,9972,1576,7591,1772
12567,8902,9972,1576,9935,1772
12568,8902,9972,9436,1304,884
12569,7856,1478,7093,8008,884
12570,7856,4714,9436,7591,884
12571,8902,9972,9436,4573,9305
12572,7856,9493,1576,7591,884
12573,7856,9493,1576,7591,7145
12574,7856,1478,1576,9935,7145
12575,7856,2390,1576,7591,7145
12576,7407,4714,9016,7591,7145
12577,7856,1478,4026,2195,3401
12578,8902,9972,9436,4573,9305
12579,3474,9972,9436,4827,884
12580,3474,666,9044,4731,884
12581,7856,9972,1576,9935,663
12582,7856,9972,1576,9935,7145
12583,8902,2390,1576,7591,663
12584,8902,9972,1576,9935,1772
12585,8902,9972,1576,8008,884
12586,8902,9972,7093,9935,1772
12587,8902,9972,1576,2900,1772
12588,8902,9972,1576,4985,6992
12589,8902,3229,1576,3537,884
12590,8902,9972,9436,8008,884
12591,8902,9972,240,4573,1516
12592,2603,9972,9436,4573,9840
12593,8902,9972,1576,7591,1772
12594,8902,9972,1576,7591,884
12595,8902,9972,1576,9935,1772
12596,8902,2390,7093,9935,2422
12597,8902,2390,1576,9935,7145
12598,8902,9972,317,9935,1772
12599,7856,4714,1576,7591,7145
12600,7407,4714,1576,4985,8548
12601,8902,4714,9436,9743,6222
12602,7856,4714,1576,7591,884
12603,7856,9972,1576,7591,3746
12604,8902,9972,7093,9935,2422
12605,8902,9972,9436,4573,1772
12606,8902,4714,9436,5046,884
12607,2603,9972,9436,4573,9305
12608,7856,9972,1576,7591,1772
12609,8902,9972,1576,7591,8548
12610,7856,3229,3065,5812,8464
12611,8902,9972,9436,4573,6438
12612,8902,9972,9436,4569,884
12613,8902,9972,9436,4573,1772
12614,2603,9972,9436,4573,6438
12615,2383,9972,9436,4573,884
12616,8902,75,9436,8008,884
12617,7807,5348,1294,4573,3119
12618,2383,666,1319,4573,7284
12619,8902,5353,1576,9935,1772
12620,8902,9972,7093,9935,1772
12621,8902,9972,9016,9935,6743
12622,8902,9972,9436,4669,1772
12623,8902,9972,1576,9935,1772
12624,8902,9972,9436,4573,1772
12625,8902,9972,1576,7591,6
12626,7407,4714,1576,7591,6222
12627,7407,3229,3065,3537,663
12628,8902,4714,3065,3537,663
12629,8902,4714,1576,7591,8464
12630,7407,4714,3065,5812,7995
12631,8902,2390,1576,4985,6992
12632,7856,1478,1576,9935,8548
12633,8902,9972,1576,7591,7145
12634,7856,9972,1576,7591,8548
12635,8902,9972,9436,4573,1772
12636,8902,9972,1576,7591,1772
12637,8902,9972,9436,4573,1772
12638,8902,2390,2345,943,884
12639,7856,2390,1576,9935,7145
12640,8902,9972,317,8008,1516
12641,7856,9972,9436,4573,6
12642,7856,2390,1576,7591,884
12643,7856,4714,1576,7591,884
12644,3890,9972,9436,3537,6438
12645,2383,9972,317,8008,1516
12646,2383,9972,9436,4573,1772
12647,8902,9972,1576,7591,663
12648,8902,9972,1576,9935,1772
12649,8902,2390,7093,9935,884
12650,7856,2390,1576,7591,8548
12651,8902,2390,1576,9935,7145
12652,7856,4714,1576,7591,884
12653,8902,9972,9436,3537,6438
12654,8902,4714,9436,5046,9305
12655,8902,9972,7093,7591,1772
12656,3299,5391,9436,4573,6438
12657,7856,4714,9436,7591,663
12658,8902,4714,9436,7591,884
12659,3299,9972,9436,3537,1772
12660,3299,9972,9436,4573,6438
12661,7407,4714,1576,9743,6222
12662,3890,9972,9436,4573,6438
12663,8902,9972,9436,9743,3660
12664,8902,9972,9436,4985,2422
12665,8902,9972,1576,7591,7356
12666,7856,1478,1576,9935,1772
12667,8902,9972,9436,5046,8784
12668,8902,9972,1576,9935,1772
12669,8902,9972,1576,9935,6
12670,8902,4714,1576,9935,663
12671,8902,9972,9436,4573,1772
12672,8902,9972,9436,8008,9305
12673,8902,9972,9436,9935,884
12674,8902,9972,1576,4669,1772
12675,8902,4714,9436,943,1772
12676,8902,9972,9436,4573,1772
12677,2603,9972,9436,4826,6438
12678,7856,9972,9436,4573,6438
12679,8902,9972,9436,7591,884
12680,8902,9972,9436,4573,6438
12681,8902,9972,9436,3537,663
12682,8902,9972,9436,4573,1772
12683,7856,4714,1576,7591,884
12684,8902,2390,1576,7591,884
12685,8902,9972,1294,7591,884
12686,7856,4714,1576,7591,6222
12687,7856,2390,9016,4985,7145
12688,8902,9972,7093,7591,2422
12689,7856,4714,1576,7591,884
12690,8902,4714,2225,1592,7821
12691,8902,9972,1576,1592,6901
12692,7856,2390,1576,7591,8548
12693,8902,9972,1576,7591,1516
12694,7856,4714,1576,7591,4202
12695,3890,9972,9436,4573,6438
12696,2603,9972,9436,4573,9305
12697,2603,9972,9436,4573,6438
12698,3299,4714,3065,3537,6
12699,8902,3229,3065,9455,6222
12700,7856,9972,1576,7591,3660
12701,8902,3229,3065,4985,884
12702,8902,9972,3065,3537,663
12703,8902,4714,1576,7591,5885
12704,7856,9493,1576,9935,7145
12705,7856,1478,1576,7591,7145
12706,7856,9493,240,2195,884
12707,8902,9972,9436,4573,6438
12708,8902,9972,9436,8008,6743
12709,8902,9972,9436,4573,6438
12710,2603,5391,9436,5046,6222
12711,8902,9972,1576,7591,663
12712,8902,5391,9436,8257,6
12713,8902,9972,7093,9935,6743
12714,8902,9972,9436,8008,1772
12715,8902,9972,1294,7039,884
12716,7407,4714,3065,5112,884
12717,8902,3229,3065,943,663
12718,8902,9972,1294,4985,6992
12719,7856,4714,1576,7591,4202
12720,7856,1478,1576,7591,3401
12721,7856,4714,1576,7591,884
12722,2383,5353,9436,8008,884
12723,8902,9972,9436,2900,1772
12724,2603,9972,9436,4573,6438
12725,8902,4714,1576,9743,5885
12726,8902,9972,1294,1879,663
12727,8902,9972,317,4827,884
12728,8902,9972,9436,4573,3660
12729,8902,9972,1576,7591,7145
12730,8902,9972,9016,9743,6222
12731,7856,9972,7093,7591,1772
12732,8902,9972,1576,3537,884
12733,8902,4714,9436,3537,6222
12734,7856,2390,1576,7591,7145
12735,7856,9972,1576,7591,5885
12736,7856,4714,5184,7591,8548
12737,8902,9972,1576,7591,884
12738,7856,1478,1576,9935,1772
12739,7856,9972,1576,9935,7145
12740,7856,2390,1576,7591,3401
12741,7856,4714,1576,7591,7145
12742,7856,4714,1576,7591,884
12743,8902,2390,9016,9935,6743
12744,8902,9972,9016,7591,884
12745,8902,2390,1576,4985,7145
12746,7856,1478,1576,7591,884
12747,7856,4714,1576,7591,7145
12748,7856,2390,1576,9743,6222
12749,8902,9972,2345,4669,3660
12750,8902,3229,9436,3537,884
12751,8902,3229,1576,7591,6
12752,7856,2390,7093,7591,7145
12753,7856,4714,3065,3945,7495
12754,7856,4714,1576,7591,5885
12755,8902,9972,1319,9935,884
12756,8902,9972,317,8008,6743
12757,8902,9972,317,9935,1772
12758,8902,9972,1576,7591,6
12759,7856,1478,1576,9935,7145
12760,8902,9972,1576,9935,7145
12761,7856,9493,1576,4827,884
12762,7856,4714,1576,4827,884
12763,7856,4714,3065,7488,884
12764,8902,4714,7093,7591,884
12765,8902,4714,9436,8008,6743
12766,8902,9972,9436,4573,6438
12767,8902,3229,9436,3537,6438
12768,2603,9972,9436,4573,6438
12769,8902,9972,9436,4573,6438
12770,8902,9972,9436,9935,1772
12771,8902,9972,9436,8008,6743
12772,8902,9972,9436,4573,3660
12773,8902,9972,1576,4985,663
12774,7856,2390,3065,5112,884
12775,8902,9972,1294,7591,8548
12776,7856,9972,1576,7591,6
12777,2383,2224,9044,3537,2639
12778,7856,9972,1576,7591,884
12779,8902,9972,9436,4573,1772
12780,2603,9972,9436,4573,9305
12781,8902,9972,9436,4573,1772
12782,8902,9972,9436,7591,884
12783,8902,4714,1576,7591,1772
12784,8902,4714,1576,7178,884
12785,8902,2390,9016,4827,884
12786,7856,4714,9016,7591,884
12787,8902,9972,1576,9935,1772
12788,7856,9972,1576,7591,1772
12789,7856,9972,1576,7591,7145
12790,8902,9972,9016,9935,6992
12791,8902,2390,9436,9935,3216
12792,8902,9972,1576,9935,1772
12793,7856,9972,7093,7591,1772
12794,8902,9972,9436,4573,1772
12795,7407,4714,9016,9743,6222
12796,8902,4714,7093,9935,2422
12797,8902,4714,9016,4985,884
12798,7856,4714,317,7591,7145
12799,8902,9972,9436,4573,6438
12800,8902,2390,9436,9935,2422
12801,7856,9972,1576,9935,7145
12802,7856,4714,1576,7591,7821
12803,2603,9972,9436,4573,6438
12804,2603,9972,9436,4573,6438
12805,3299,7134,9044,9857,884
12806,7856,9972,1576,9935,663
12807,8902,9972,9436,4573,884
12808,7856,2390,1576,7591,663
12809,3299,9972,9436,6125,6222
12810,8902,9972,4154,9743,6222
12811,3299,9972,1576,6350,3660
12812,3299,2390,9436,8008,884
12813,3299,9972,9436,4573,6438
12814,8902,9972,9436,3537,7495
12815,3372,4714,1576,7591,3185
12816,8902,9972,9436,9743,884
12817,7856,4714,1576,9935,1772
12818,7856,2390,1576,7591,8548
12819,7856,1478,1576,7591,8548
12820,8902,9972,1576,9935,7145
12821,7856,1478,9016,7591,7145
12822,7856,4714,3200,7591,7145
12823,7856,4714,9016,7591,884
12824,3890,666,9044,9857,884
12825,2383,5353,9044,8008,884
12826,3890,9972,9436,4573,1772
12827,8902,9972,9016,9743,6222
12828,7407,4714,9016,4985,2422
12829,8902,9972,9016,9743,1772
12830,8902,2390,1576,4985,7145
12831,8902,2390,1576,9935,1772
12832,8902,9972,9436,6350,6438
12833,7856,4714,1576,4985,663
12834,8902,2390,1576,7591,3746
12835,8902,4714,3065,3537,663
12836,7856,9972,1576,9935,663
12837,8902,9972,9436,3666,1772
12838,8902,9972,7093,9935,1772
12839,7856,4714,9016,9935,7145
12840,7856,9972,1576,9935,663
12841,7856,4714,1576,4985,4202
12842,8902,2390,9016,9935,1772
12843,8902,9972,1576,9935,6813
12844,7856,9972,1576,7591,1772
12845,2383,9972,9044,3537,8784
12846,2603,9972,9436,4573,6438
12847,3890,9972,9436,4573,6438
12848,2603,9972,9436,4573,1772
12849,3299,9972,9436,4573,5885
12850,3299,9972,9436,3537,6438
12851,8902,4714,1576,7591,8548
12852,8902,2390,1576,9935,7145
12853,7856,1478,1576,9935,1772
12854,8902,9972,1576,9935,663
12855,7856,1478,1294,1879,1772
12856,8902,4714,1576,7591,3446
12857,8902,9972,1576,7591,3660
12858,8902,4714,1576,9743,6222
12859,8902,3229,1576,9743,7826
12860,8902,9972,1576,9935,1772
12861,7856,9972,1576,7591,1772
12862,7856,9493,1576,9935,7145
12863,7856,9972,9436,7591,2422
12864,7856,9972,1576,5046,1772
12865,7856,9972,1576,7591,6
12866,8902,9972,1576,1592,1549
12867,7856,9972,1576,7591,1772
12868,8902,9972,1576,9935,1910
12869,8902,9972,9436,4573,9305
12870,8902,9972,9436,4573,9305
12871,8902,9972,9016,9935,1516
12872,3299,9972,9436,4573,9305
12873,8902,5348,9436,3326,1772
12874,8902,9972,9436,3666,1772
12875,8902,3229,1576,9455,6222
12876,7407,3229,9016,7591,3660
12877,8902,3229,7093,9455,6222
12878,7856,1478,1576,9935,1772
12879,7856,1478,2005,9935,1772
12880,7856,9566,1576,7591,7701
12881,7856,1478,1576,2195,3401
12882,7856,4714,1576,7591,884
12883,7856,2390,1576,7591,884
12884,8902,9972,1576,4985,884
12885,7856,4714,1576,7591,7145
12886,7856,2390,1576,7591,884
12887,8902,2390,1576,9935,9337
12888,8902,9972,1576,4985,1772
12889,7856,9972,1576,7591,663
12890,2383,7134,9436,8008,884
12891,8902,9972,9436,7591,884
12892,2383,9972,9436,4573,6438
12893,7856,1478,7093,9935,1772
12894,8902,9972,9436,7591,6222
12895,7856,1478,1576,9935,1772
12896,8902,2390,1576,7178,884
12897,3299,3229,9016,9935,2422
12898,8902,9972,1576,7591,6
12899,7856,9972,1576,2195,7145
12900,7856,4714,1576,7591,7145
12901,7856,2390,1576,7178,884
12902,9675,4714,3065,3537,884
12903,2603,9972,9436,4573,6438
12904,8902,9972,9436,2969,1874
12905,7407,4714,9016,9743,5885
12906,7407,4714,1576,7591,4202
12907,7856,4714,1576,7591,884
12908,8902,9972,9436,4569,3660
12909,8902,9972,9436,4573,6438
12910,8902,9972,9436,8008,884
12911,7856,9493,1576,7591,8548
12912,8902,9972,1576,7591,8548
12913,7856,2390,1576,7591,884
12914,7856,3253,240,2195,2796
12915,7856,666,240,9657,5177
12916,7856,1478,240,1563,5177
12917,8902,2390,1576,7591,884
12918,7856,9972,1576,7591,7145
12919,7407,3229,9016,7591,2422
12920,7856,1478,1576,7591,884
12921,8902,9972,1576,8433,3401
12922,8902,4714,1576,4985,7145
12923,7856,9972,1576,7591,3660
12924,8902,9972,1576,9935,9337
12925,7856,4714,1576,7591,7356
12926,7856,4714,1576,7591,884
12927,7856,1478,1576,7591,8548
12928,7856,9972,1576,7591,3401
12929,7856,4714,1576,7591,8548
12930,7856,2390,706,7591,884
12931,7856,9493,1576,7591,9443
12932,7856,9972,1576,9935,1772
12933,8902,9972,1576,9935,7145
12934,8902,9972,317,9935,1516
12935,8902,9972,1576,9935,1772
12936,8902,9972,1576,7591,6
12937,8902,9972,1576,7591,663
12938,8902,9972,9016,9743,6992
12939,8902,9972,7093,4573,3660
12940,8902,9972,317,4573,6743
12941,8902,9972,1576,9935,9337
12942,7856,4714,1576,9935,7145
12943,7856,2390,7093,943,2422
12944,7856,4714,1576,7591,5885
12945,8902,4714,1576,7591,884
12946,7856,9972,7093,4573,7356
12947,7856,2390,1576,9935,8548
12948,7856,9972,1576,7591,884
12949,7856,9972,1576,7591,884
12950,8902,2390,1576,7591,884
12951,8902,4714,1576,7591,884
12952,8902,9972,1576,7591,663
12953,7856,4714,1576,7591,884
12954,7856,4714,1576,9455,884
12955,7856,4714,1576,7591,884
12956,7856,9972,1576,7591,663
12957,7856,2390,1576,4985,7145
12958,7856,9566,1294,9935,1772
12959,2383,666,9436,8008,884
12960,2603,9972,9436,4573,6438
12961,8902,4714,706,7591,884
12962,2383,9972,9436,9742,6438
12963,3299,9972,9436,2969,6438
12964,2603,9972,9436,4573,6438
12965,8902,4714,1576,4827,884
12966,8902,9972,9436,4573,884
12967,2383,9972,9436,4573,6438
12968,8902,9972,1576,7591,884
12969,8902,9972,9436,9743,884
12970,3299,9972,3065,3537,884
12971,8902,9972,1576,9935,663
12972,7856,1478,1576,7591,7145
12973,7856,4714,1576,7591,884
12974,7856,4714,1576,7591,7145
12975,7856,9972,317,9743,7145
12976,7856,2390,1576,7591,4202
12977,8902,9972,7093,9935,3660
12978,8902,9972,9436,9743,6222
12979,7407,3229,9016,9743,6222
12980,8902,9972,9436,3666,1772
12981,3299,9972,9436,4573,1772
12982,8902,9972,9436,4573,1772
12983,2603,9972,9436,4573,6438
12984,2603,9972,9436,7572,6438
12985,3890,9972,9436,8008,6438
12986,2383,666,240,4827,884
12987,8902,9972,9436,3537,9305
12988,3890,5353,9044,9742,884
12989,7856,9972,1576,3537,663
12990,8902,3229,9436,9743,6992
12991,8902,9972,1576,9743,6992
12992,3299,9972,9436,4573,6438
12993,3299,9972,9436,3537,6438
12994,3299,9972,9436,3537,6438
12995,8902,5353,1319,3670,884
12996,8902,2463,1576,8433,884
12997,3890,9972,9436,9742,6438
12998,8902,9972,9436,4573,1772
12999,8902,9972,9436,4573,1772
13000,8902,9972,1576,5046,1772
13001,2603,2224,9436,3537,6438
13002,8902,9972,9436,4573,1772
13003,8902,9972,9436,4573,6438
13004,8902,4714,9436,9455,6222
13005,7856,9972,7093,943,2422
13006,8902,2390,1576,7591,7826
13007,2603,9972,9436,4573,1772
13008,8902,9972,9436,9743,884
13009,3890,9972,9436,4573,6438
13010,8902,9972,9436,4573,1772
13011,8902,9972,9436,7591,6
13012,8902,9972,9436,3537,1772
13013,3299,9972,9436,4573,6438
13014,2603,9972,9436,4573,6438
13015,2603,9972,9436,4573,6438
13016,3299,2390,9436,5046,884
13017,3299,5391,9436,4573,6329
13018,8902,2390,317,7039,884
13019,8902,4714,1576,9743,3185
13020,7856,4714,1576,9743,884
13021,8902,2390,3065,5112,7995
13022,8902,9972,1576,4985,1772
13023,8902,9972,1576,4985,1772
13024,8902,9972,9436,4985,3660
13025,8902,9972,9436,6350,6438
13026,8902,9972,9436,4731,6222
13027,5971,9972,9436,1632,6438
13028,7856,4714,8017,7178,7145
13029,7407,4714,1576,9743,4202
13030,7856,4714,1576,7591,884
13031,8902,4714,9016,7591,884
13032,7856,4714,1576,4985,884
13033,7856,4714,1576,7591,884
13034,8902,9972,1576,3537,663
13035,8902,4714,3065,8294,7995
13036,8902,9972,9436,4669,1772
13037,8902,9972,7093,9935,1772
13038,8902,9972,1576,9935,1772
13039,7856,9972,7093,9935,1772
13040,7856,9493,1576,9935,8548
13041,7856,9493,1576,9935,1449
13042,7856,9972,1576,7591,7356
13043,7856,2390,1576,9935,1772
13044,7856,4714,1576,7591,663
13045,8902,9972,1576,7591,8548
13046,8902,9972,9436,4573,6438
13047,7856,9972,1576,7591,3660
13048,8902,9972,9436,7591,6
13049,8902,9972,1576,7591,1772
13050,7856,4714,1576,4985,663
13051,7407,9972,3065,9455,6222
13052,7856,2390,1576,9935,1772
13053,8902,2390,1576,7591,884
13054,7856,4714,9436,9743,6222
13055,3299,9972,9436,3537,6
13056,3299,9972,9436,3537,8784
13057,8902,9972,1576,9935,1772
13058,8902,9972,9436,4669,1772
13059,8902,4714,9436,5046,663
13060,8902,9972,9436,7591,6
13061,8902,2390,9436,8008,884
13062,8902,9972,9436,4573,6438
13063,8902,9972,9436,4573,6438
13064,8902,9972,9436,4569,6438
13065,8902,9972,9436,7591,6
13066,8902,9972,9016,4827,884
13067,4237,9972,9436,4573,1772
13068,3890,9972,9436,3537,6438
13069,2603,9972,9436,9743,6222
13070,8902,9972,9436,8008,6438
13071,2383,5353,240,3670,884
13072,2383,5353,706,4827,884
13073,8902,4714,9436,8008,884
13074,8902,9972,9436,4573,884
13075,8902,9972,9436,943,2422
13076,8902,2390,1576,1879,7145
13077,7856,9493,1576,7591,8548
13078,8902,2390,1576,7591,7145
13079,3299,4714,9436,4573,6438
13080,2603,9972,9436,4573,6438
13081,7856,9972,9436,4573,884
13082,3299,9972,9436,4573,6438
13083,3299,9972,9436,4573,6438
13084,8902,9972,9436,3764,1772
13085,7856,9972,1294,9935,1772
13086,8902,9972,7093,7591,3660
13087,7856,1478,317,9935,1772
13088,8902,4714,9016,9743,6222
13089,7856,4714,1576,7591,4202
13090,8902,9972,9436,4573,1772
13091,7856,1478,240,1563,9443
13092,7856,1478,1576,4777,8548
13093,7856,1478,7093,9935,884
13094,8902,2390,7093,9935,884
13095,7856,9972,1576,7591,7145
13096,8902,9972,317,4985,7145
13097,8902,9972,1576,1879,7145
13098,8902,2390,1576,8433,884
13099,8902,4714,3065,9742,884
13100,8902,9972,9436,4573,6438
13101,2603,9972,9436,4573,6438
13102,8902,9972,9436,8008,884
13103,8902,4714,9436,7591,1772
13104,8902,9972,9016,7591,7145
13105,3299,3229,9436,3537,8784
13106,8902,9972,9436,5046,1772
13107,3890,9972,9436,1632,6222
13108,3299,9972,9436,3537,3165
13109,7856,9972,1576,7591,8548
13110,8902,1478,1576,7591,1772
13111,8902,1478,1576,7591,8548
13112,7856,6429,1576,9935,6901
13113,8902,6429,1576,9935,7145
13114,8902,9972,1576,9935,7145
13115,8902,4714,1576,7591,7145
13116,7856,9972,317,8008,884
13117,8902,3229,9436,4573,3660
13118,8902,9972,9436,4573,1772
13119,8902,1478,7093,7591,1772
13120,8902,9972,9436,4573,6438
13121,8902,9972,1576,4573,1772
13122,8902,9972,1576,5046,1772
13123,7856,9972,1576,7591,5885
13124,7856,9972,1576,3764,1772
13125,2603,9972,9436,3666,1772
13126,8902,9972,9436,7591,6992
13127,7856,4714,9436,7591,9305
13128,8902,9972,9436,4573,9305
13129,2383,9972,9436,4573,6438
13130,2383,9972,9436,4573,6438
13131,2383,7134,9436,4827,884
13132,8902,666,1319,4573,6041
13133,8902,2390,706,4827,884
13134,8902,9972,9436,3537,6438
13135,8902,9972,1576,478,884
13136,8902,4714,1576,4985,6901
13137,8902,2390,1576,9935,1772
13138,7856,2390,1576,9935,663
13139,7856,4714,1576,9935,7145
13140,8902,4714,1576,7591,663
13141,8902,9972,9436,7591,884
13142,2603,9972,9436,5046,6
13143,3299,9972,9436,5046,1772
13144,8902,4714,1576,7591,6222
13145,7856,4714,1576,7591,663
13146,8902,9972,1576,7591,663
13147,7856,4714,1576,7591,3446
13148,8902,2390,1576,9935,7145
13149,8902,9972,1576,7591,884
13150,8902,2390,1576,7591,884
13151,8902,9972,9436,4573,6438
13152,2603,9972,9436,4731,6222
13153,8902,9972,317,8008,1772
13154,7856,4714,1576,7591,884
13155,7856,1478,1576,7591,3746
13156,7856,9972,7093,7591,884
13157,3299,7134,4298,9742,884
13158,8902,9493,9016,4827,884
13159,8902,9972,9436,8008,884
13160,7856,2390,7093,9935,7145
13161,7856,4714,1576,7591,884
13162,8902,2390,1576,4985,884
13163,8902,2390,1576,7591,663
13164,7856,1478,1576,9935,6
13165,7856,9972,1576,7591,3746
13166,7856,4714,1576,9935,2422
13167,7856,1478,240,2195,3746
13168,7856,2390,1576,2195,884
13169,7407,4714,1576,7591,3401
13170,7856,9972,1576,7591,663
13171,7856,9493,1576,5046,663
13172,3299,9972,9436,4573,6438
13173,8902,3229,9436,3537,4199
13174,3299,9972,9436,4573,6438
13175,8902,9972,9436,7591,1772
13176,8902,9972,7093,7591,1772
13177,8902,4714,1576,7591,1772
13178,8902,9972,9436,4573,6438
13179,8902,9972,9436,3537,6438
13180,8902,9972,9436,4573,884
13181,7407,4714,3065,5112,884
13182,7856,4714,1576,7591,7995
13183,8902,2390,1576,8433,7821
13184,3299,9972,9436,3537,6438
13185,2603,9972,9436,4573,6438
13186,2603,9972,9436,9742,6438
13187,2603,9972,9436,4573,9305
13188,7856,9972,9436,4573,6438
13189,8902,9972,9436,4573,1772
13190,2603,9972,2241,8257,6
13191,8902,9972,9436,7591,3119
13192,2383,9972,240,2969,1516
13193,8902,9972,9436,4569,884
13194,8902,9972,9436,4573,6438
13195,2603,9972,9436,4573,6438
13196,7856,4714,1576,7591,7821
13197,7856,9493,1576,7591,884
13198,8902,9972,1576,9935,1772
13199,8902,2390,1576,9743,7145
13200,8902,1478,1576,7591,884
13201,7856,4714,1576,7591,884
13202,7856,1478,240,9935,9337
13203,7856,2390,1576,7591,1449
13204,7856,2390,1576,9935,7145
13205,8902,9972,1576,4573,2422
13206,8902,9972,1576,1879,663
13207,8902,9972,9436,9743,884
13208,8902,2390,1576,7591,884
13209,7856,9972,1576,7591,884
13210,7856,4714,1576,7591,8548
13211,8902,9972,1576,4985,6
13212,8902,9972,1576,9935,7145
13213,7856,4714,1576,7178,7145
13214,7856,9493,1576,2195,5885
13215,7856,2390,1576,4985,7145
13216,7856,9493,1576,7591,884
13217,8902,4714,9436,9743,6222
13218,7856,4714,1576,5812,6222
13219,7856,9972,1576,4985,7145
13220,3890,9972,9436,4573,6438
13221,2603,9972,9436,4573,884
13222,2603,9972,9436,3537,6438
13223,8902,9972,1576,9935,1772
13224,8902,9972,7093,9935,1772
13225,8902,9972,7093,4573,663
13226,8902,9972,1576,3764,1516
13227,3299,9972,9436,4573,6
13228,8902,9972,9436,4573,1772
13229,3890,9972,9436,4573,6438
13230,8902,9972,9436,4573,1772
13231,2603,9972,9436,4573,9305
13232,7856,4714,7093,9935,884
13233,8902,9972,1576,9935,7145
13234,7407,3229,1576,2686,6
13235,2603,7134,9436,4731,884
13236,2603,9972,9436,4573,6438
13237,3890,9972,9436,4573,6438
13238,3299,9972,9436,3537,6438
13239,2603,9972,9436,4573,6438
13240,3299,3229,3065,3537,884
13241,8902,9972,9436,8008,1772
13242,3890,9972,9436,4573,6438
13243,3890,9972,9436,4573,6438
13244,7856,4714,3065,7591,884
13245,8902,3229,9436,7591,663
13246,8902,4714,3065,7591,884
13247,7856,9566,1576,9935,8548
13248,7856,6429,1576,9935,5690
13249,8902,9972,317,9743,6222
13250,3890,5353,9436,4827,884
13251,3890,9972,9436,8008,6438
13252,7856,4714,3065,9742,884
13253,2603,9972,9436,7591,884
13254,2603,9972,9436,4573,1772
13255,8902,9972,9436,3537,884
13256,8902,2390,1576,7591,663
13257,8902,2390,1576,7591,6
13258,8902,2390,1576,9935,1772
13259,8902,9972,9436,4573,1772
13260,2603,9972,9436,3537,6438
13261,8902,9972,9436,4573,884
13262,8902,9972,9016,9935,6743
13263,3299,9972,9436,4573,6438
13264,8902,9972,9436,4573,1772
13265,8902,9972,9436,4573,6438
13266,8902,9972,1576,3764,1772
13267,8902,9972,9436,9935,1772
13268,7856,2390,1576,7591,7145
13269,7856,2390,1576,7591,7145
13270,7856,9972,1576,7591,7145
13271,8902,9972,1576,9743,6992
13272,7856,4714,1576,7591,7145
13273,7856,2390,1576,7591,7145
13274,2603,9972,9436,4573,884
13275,8902,9972,9436,3537,6438
13276,8902,9972,1576,3764,1772
13277,8902,2390,7093,9935,1772
13278,8902,2390,7093,9935,1772
13279,7407,3229,3065,3537,7495
13280,7856,4714,1576,7591,663
13281,7856,2390,1576,7591,884
13282,8902,9972,9436,4573,663
13283,8902,9972,1576,7591,884
13284,3890,9972,317,4573,1772
13285,8902,9972,9436,7591,1772
13286,7856,1478,1576,4777,8548
13287,8902,1478,1576,9935,1772
13288,7856,2390,1576,9935,7145
13289,7856,9972,1576,1632,6
13290,7856,9972,1576,7591,663
13291,8902,9972,1576,1879,663
13292,8902,4714,7093,7591,1772
13293,8902,9972,1576,7591,1772
13294,7856,4714,2345,9935,2422
13295,2603,9972,9436,4573,1772
13296,8902,9972,9436,3537,6438
13297,2383,9972,9436,4573,6438
13298,7856,9972,1576,7591,7145
13299,7856,4714,1576,7591,7145
13300,7856,9972,1576,9935,7145
13301,2603,9972,9436,4573,1772
13302,8902,9972,9436,4573,9305
13303,8902,9972,9436,4573,884
13304,8902,9972,9436,4573,6438
13305,2603,9972,9436,4573,884
13306,2603,9972,9436,4573,6438
13307,8902,9972,1576,9743,6992
13308,8902,2463,317,9935,884
13309,8902,5348,240,8433,7145
13310,8902,9972,9436,9935,4199
13311,8902,9972,9436,3537,6438
13312,8902,9972,9016,9935,2422
13313,8902,9972,1576,8433,884
13314,8902,3229,1576,9935,2422
13315,8902,2390,1576,4985,8548
13316,8902,4714,1576,3537,884
13317,7856,4714,1576,1879,663
13318,8902,2390,1576,4827,884
13319,3299,4714,3065,7591,663
13320,8902,4714,9436,3537,884
13321,8902,3229,1576,9743,6222
13322,8902,9972,9436,7591,1772
13323,8902,3229,3065,3537,884
13324,7407,4714,3065,3537,7995
13325,7856,9493,1576,7591,7145
13326,7856,4714,1576,7591,7145
13327,7856,4714,6490,7591,7145
13328,3299,5391,9436,3537,6992
13329,8902,9972,317,9935,884
13330,8902,2390,9016,9935,7145
13331,8902,9972,317,8008,1772
13332,8902,9972,1576,9935,884
13333,8902,5353,317,8008,884
13334,7856,4714,1576,9743,5885
13335,7856,1478,1576,7591,1772
13336,7856,1478,1576,7591,7145
13337,3299,9972,1576,6377,4199
13338,7407,4714,1576,4985,6992
13339,8902,4714,1576,4985,663
13340,8902,4714,1576,7591,884
13341,8902,1478,240,2195,884
13342,7856,2390,1576,7591,7145
13343,3890,9972,9436,4573,6438
13344,2603,9972,9436,4573,9305
13345,8902,9972,9436,4573,1772
13346,8902,9972,1576,9743,6992
13347,8902,9972,9436,7591,1772
13348,8902,9972,1576,943,2422
13349,8902,9972,9436,4573,1772
13350,2603,9972,9436,4573,6438
13351,2603,9972,9939,4669,1772
13352,8902,9972,1576,3764,1772
13353,8902,9972,9436,3537,884
13354,8902,9972,1576,7591,1772
13355,7407,4714,1576,9743,6222
13356,7856,9972,1576,7591,7145
13357,8902,2224,7093,9743,884
13358,7856,1478,1576,7591,7145
13359,7856,1478,4024,7591,2796
13360,7856,3253,8854,7591,2796
13361,2383,9972,9436,7572,884
13362,2383,9972,9436,4573,884
13363,3890,9972,9436,4573,9305
13364,3299,5391,9436,4573,6
13365,2603,9972,9436,4573,1772
13366,8902,9972,1576,7591,6
13367,8902,9972,1576,9935,1772
13368,2603,9972,9436,1632,884
13369,8902,9972,9436,4985,3660
13370,2603,9972,9436,8008,884
13371,2603,9972,9436,4573,6438
13372,3890,9972,9436,4573,6438
13373,2603,9972,9436,3537,6438
13374,8902,9972,9436,4573,1772
13375,3299,9972,9436,4573,6438
13376,8902,9972,9436,7591,884
13377,8902,2390,1576,4827,884
13378,8902,9972,317,8008,884
13379,8902,4714,1576,4985,1772
13380,8902,3229,9436,9743,6222
13381,8902,9972,2345,9743,6222
13382,2603,9972,9436,4827,9305
13383,8902,2390,706,8008,884
13384,2603,2390,9436,8008,884
13385,7807,9972,6713,4573,9222
13386,7807,1693,6713,4573,9222
13387,2383,9972,9436,4573,884
13388,2603,9972,9436,4573,1772
13389,8902,9972,9436,4573,1772
13390,8902,9972,1576,4573,6438
13391,7856,9972,1576,4985,7145
13392,7407,4714,1576,4985,884
13393,7856,2390,1576,2195,4202
13394,8902,9972,9436,4573,6438
13395,8902,9972,9436,4573,1772
13396,8902,9972,9436,3537,6438
13397,8902,9972,1576,7591,5885
13398,3299,5391,9436,7591,6222
13399,8902,9972,1576,9935,1772
13400,7856,1478,1576,7591,884
13401,8902,2390,9436,3537,884
13402,8902,9972,1576,5046,884
13403,2383,75,9044,7572,884
13404,2383,7134,9044,4731,7995
13405,8902,2390,9436,4573,6438
13406,8902,3229,9016,9935,6743
13407,8902,9972,9939,4573,1772
13408,8902,4714,9436,7591,884
13409,8902,9972,3065,4985,3660
13410,8902,9972,1576,5812,6222
13411,7407,4714,9016,4731,6222
13412,7856,4714,7093,7591,5885
13413,7856,4714,1576,7591,884
13414,8902,4714,9016,7591,884
13415,7856,2390,1576,7591,884
13416,7856,4714,1576,7591,884
13417,7856,1478,1576,7591,884
13418,8902,2390,9436,4573,884
13419,7856,9972,1576,7591,3746
13420,8902,9972,1576,7591,884
13421,8902,2390,1576,4985,6992
13422,2603,9972,9436,4573,1772
13423,8902,9972,1576,4985,1772
13424,8902,9972,7093,7591,3660
13425,8902,9972,9436,4573,1772
13426,8902,9972,9436,4669,1772
13427,7856,2390,1576,7591,7145
13428,7856,1478,240,7591,884
13429,7856,4714,9016,7591,5885
13430,7407,4714,1576,9743,884
13431,7856,4714,1576,7591,663
13432,8902,9972,9436,4573,1772
13433,8902,2390,1576,4985,4160
13434,7856,9972,1576,7591,1772
13435,8902,9972,1576,7591,1772
13436,7856,2390,1576,7591,884
13437,7856,4714,3065,7591,663
13438,7856,2390,7093,7591,884
13439,7856,4714,1576,7591,5885
13440,7856,4714,1576,7591,884
13441,8902,4714,1576,7591,5885
13442,8902,9972,9436,4669,1772
13443,3299,5391,9436,7591,884
13444,8902,4714,7093,9935,1772
13445,8902,2390,9436,4827,884
13446,8902,9972,1576,4573,1772
13447,3299,9972,9436,4573,1772
13448,3890,9972,9436,4573,1516
13449,8902,9972,9436,6754,884
13450,8902,9972,9436,8008,884
13451,7856,1478,1576,7591,8548
13452,7856,1478,1576,7591,884
13453,7856,1478,1576,7591,9443
13454,3890,9972,9436,4573,6438
13455,8902,4714,9436,5046,663
13456,8902,9972,9436,4573,6438
13457,8902,9972,9939,4669,1772
13458,8902,4714,9436,7591,884
13459,8902,4714,1576,7591,5885
13460,7856,2390,1576,9935,7145
13461,7856,1478,1576,9935,8548
13462,7856,9972,7093,7591,884
13463,3299,75,9436,4573,9305
13464,2603,7134,9436,5046,884
13465,8902,9972,9436,4573,1772
13466,2383,9972,9436,4827,884
13467,2383,9972,9436,9742,884
13468,2383,9972,317,7616,1516
13469,7856,4714,3065,3537,7495
13470,7856,9972,9436,5046,884
13471,7856,9972,9436,9743,1772
13472,7407,4714,1576,7591,5690
13473,8902,2390,9436,4569,3660
13474,8902,9972,9436,4573,6743
13475,8902,9972,1576,7591,1516
13476,8902,9972,1576,7591,1772
13477,8902,9972,1576,4985,1772
13478,7856,1478,1576,2195,884
13479,7856,3253,1576,7178,7145
13480,7856,9493,4079,7591,7145
13481,7856,2390,9436,4573,884
13482,8902,9972,9436,4573,1772
13483,7856,4714,9436,943,9305
13484,8902,9972,9016,9743,1772
13485,7856,4714,1576,7591,8548
13486,8902,9972,1576,9935,1772
13487,8902,3229,9016,4985,884
13488,7856,4714,9016,9935,4160
13489,8902,9972,9436,4573,6438
13490,8902,9972,9436,4573,1772
13491,8902,9972,9436,4573,1772
13492,8902,9972,1576,1304,1772
13493,7856,1478,1576,9935,1772
13494,7856,2390,7093,7591,884
13495,7856,1478,7093,9935,1772
13496,8902,9972,1576,4985,663
13497,7856,9972,1576,4985,3660
13498,7856,4714,1576,9743,6222
13499,7856,2390,3058,3945,884
13500,8902,9972,1576,7591,884
13501,7856,9493,1576,2195,884
13502,8902,9972,1576,9935,663
13503,8902,9972,9436,3537,884
13504,7856,9972,1576,7591,6
13505,8902,9972,9436,4573,6438
13506,8902,9972,9436,4573,6438
13507,2603,9972,9436,8008,884
13508,2383,5353,9436,8008,884
13509,2603,9972,9436,4573,6438
13510,8902,9972,9436,7572,884
13511,2603,9972,9436,4573,9305
13512,2603,9972,9436,4573,6438
13513,2603,9972,9436,4573,1772
13514,8902,9972,9436,4573,6438
13515,8902,2390,1576,9742,884
13516,8902,2390,9016,951,884
13517,8902,9972,1576,9935,1772
13518,8902,9972,7093,7591,884
13519,8902,9972,7093,9935,1772
13520,8902,2390,1576,7591,1772
13521,7856,1478,1576,7591,8548
13522,7856,4714,1576,7591,884
13523,7856,1478,1576,9935,1772
13524,7856,1478,1576,2195,3401
13525,7856,1478,1576,7591,8548
13526,2603,9972,9436,4573,6438
13527,8902,9972,9436,4573,6438
13528,8902,9972,9436,3537,884
13529,8902,1478,240,4777,1772
13530,7856,4714,240,7591,884
13531,7856,1478,1576,9935,1772
13532,7856,9972,1576,7591,7145
13533,8902,2390,1576,9935,7145
13534,7856,2390,1576,7591,884
13535,7856,9972,1576,9935,1772
13536,7856,4714,1576,9743,2883
13537,7856,2390,1576,7591,5885
13538,3299,9972,1294,2586,1516
13539,8902,9972,9436,4573,6438
13540,3299,4714,9436,4573,6438
13541,8902,9972,1576,9935,1772
13542,8902,9972,7093,9935,1772
13543,8902,4714,9016,7591,884
13544,2603,9972,9436,4573,9305
13545,3299,9972,9436,4573,9305
13546,2603,9972,9436,3537,5464
13547,8902,1478,1576,9935,1772
13548,8902,4714,9016,9935,7145
13549,8902,4714,1576,9935,1772
13550,8902,9972,9436,4573,6438
13551,8902,9972,9436,4569,884
13552,2603,9972,9436,4573,1772
13553,7856,1478,240,1563,884
13554,7856,9493,1576,2195,7145
13555,7856,2390,1576,9935,7145
13556,8902,3229,9016,3764,6743
13557,8902,2390,1576,7591,7145
13558,8902,2390,1576,9935,7145
13559,7856,2390,1576,7591,884
13560,7856,9493,1576,7591,7145
13561,7856,4714,7093,9935,7284
13562,2603,9972,9436,4573,1772
13563,2603,9972,9436,4573,1772
13564,2603,9972,9436,4573,1772
13565,8902,9972,9436,4573,884
13566,8902,9972,9436,4573,884
13567,2603,9972,9436,4573,1772
13568,2383,5353,9044,9742,884
13569,8902,9972,9436,8008,6438
13570,2383,666,9044,9742,884
13571,3474,666,240,2195,3401
13572,3299,7134,9436,8008,884
13573,8902,9972,9436,7591,884
13574,8902,9972,1576,7591,7145
13575,7407,3229,1576,943,2422
13576,7407,3229,1576,7591,663
13577,8902,9972,1576,9935,1772
13578,8902,2390,9436,943,1772
13579,7407,3229,1576,7591,3660
13580,7856,9972,1576,9935,8548
13581,8902,9972,7093,7591,1772
13582,8902,2390,9016,9935,7145
13583,8902,9972,1576,4573,6
13584,8902,9972,1576,9935,6
13585,8902,9972,7093,9935,1772
13586,7856,4714,1576,7591,884
13587,8902,9972,1576,7591,884
13588,7856,1478,1576,9935,1772
13589,7407,3229,3735,9935,8341
13590,7407,3229,1576,9743,7356
13591,7856,9972,1576,7591,1772
13592,7856,4714,6490,943,5885
13593,7856,4714,2345,943,2422
13594,8902,4714,2345,943,6813
13595,8902,9972,1576,9935,7145
13596,7856,1478,1576,7591,1772
13597,7856,2390,1576,9935,6743
13598,2603,9972,9436,4573,1772
13599,8902,2390,706,8008,884
13600,2383,5353,9436,4973,884
13601,2383,9972,317,1879,884
13602,8902,9972,1576,9935,6
13603,8902,9972,9436,3537,6438
13604,7856,1478,1576,9935,1772
13605,8902,9972,9436,9743,6992
13606,8902,9972,1576,4985,1772
13607,7407,4714,1576,943,5885
13608,7856,4714,1576,943,7145
13609,8902,9972,7093,9935,1772
13610,2603,9972,9436,4573,6438
13611,8902,9972,9436,3537,6438
13612,3890,9972,9436,4573,884
13613,7856,4714,1576,7591,7145
13614,7407,4714,1576,7591,8548
13615,8902,9972,9016,9935,6743
13616,8902,9972,1576,9935,1772
13617,8902,9972,9436,4573,6
13618,8902,4714,1576,7591,663
13619,8902,9972,9436,4573,6438
13620,8902,9972,9436,8008,6743
13621,2603,9972,9436,4573,6438
13622,7856,1478,1576,1563,7145
13623,2383,2390,1576,3537,884
13624,8902,2390,1576,1563,1772
13625,7856,4714,1576,7591,884
13626,7856,9972,9436,3537,9305
13627,3299,4714,9436,4827,884
13628,7856,9972,9436,4573,6438
13629,8902,9972,9436,3537,6438
13630,3890,9972,9436,4573,6438
13631,3890,9972,9436,4573,6438
13632,2603,9972,9436,4573,6438
13633,8902,9972,317,8008,1772
13634,8902,9972,9436,9743,6222
13635,7856,4714,1576,4985,4202
13636,8902,9972,1576,9743,6992
13637,7856,1478,1576,7591,884
13638,7856,4714,1576,7591,5885
13639,7856,2390,1576,9743,5885
13640,8902,3229,1576,7591,2422
13641,8902,9972,9436,7591,6
13642,7407,4714,3065,7591,3660
13643,8902,9972,1576,9935,1772
13644,8902,7134,9436,8008,2422
13645,2603,9972,9436,4573,1772
13646,2603,7134,9436,4573,9305
13647,7856,9972,7093,9935,6743
13648,8902,9972,9436,4573,1772
13649,8902,4714,9436,7591,884
13650,8902,4714,7093,7591,3660
13651,7407,4714,3065,9455,6222
13652,8902,2390,1576,9935,7145
13653,7856,4714,1576,9935,8548
13654,8902,9972,9016,9935,7145
13655,3299,4714,9436,4569,884
13656,2603,9972,9436,8008,9305
13657,8902,9972,9436,4573,1772
13658,7856,9493,5184,9935,7145
13659,7856,4714,7093,9935,7145
13660,7407,4714,2345,9455,3622
13661,2603,4714,1576,3537,884
13662,7856,9972,7093,7591,1772
13663,3299,4714,1576,3537,884
13664,8902,9972,9436,4573,884
13665,8902,9972,9436,943,9305
13666,8902,9972,9436,3666,1772
13667,3890,9972,9436,4573,6438
13668,8902,9972,9436,4573,1772
13669,2603,9972,9436,4573,1772
13670,7856,4714,1576,9935,9385
13671,8902,2390,1576,4985,7145
13672,8902,4714,7093,9935,2422
13673,7856,2390,7093,9935,1772
13674,7856,4714,1576,9935,1772
13675,7856,4714,1576,7591,884
13676,8902,4714,1576,7178,7145
13677,7856,9972,1576,7591,3746
13678,8902,9972,9436,5046,884
13679,7856,9972,1576,7591,3746
13680,7856,2390,1576,9743,7145
13681,7856,9493,240,2195,884
13682,7856,1478,240,8542,8604
13683,7856,1478,1576,2195,9443
13684,7856,1478,1576,7591,9443
13685,8902,2390,9436,4827,884
13686,8902,9972,9436,4573,6438
13687,8902,9972,9436,3537,1772
13688,8902,9972,1576,2586,1772
13689,8902,9972,9436,1632,6438
13690,8902,9972,1576,4985,6
13691,7856,1478,1576,7591,3746
13692,8902,1478,2005,9935,1772
13693,7856,1478,1576,7591,7145
13694,3890,9972,9436,8008,884
13695,2603,9972,9436,8008,9305
13696,3299,9972,9436,4573,9305
13697,8902,5348,240,7039,1772
13698,8902,2390,9016,4827,884
13699,8902,1478,1576,9935,1772
13700,8902,9972,1576,7591,884
13701,7856,2390,1576,9935,8548
13702,8902,2390,9016,9935,7145
13703,8902,9972,9436,1632,6222
13704,8902,3229,1576,7591,6
13705,7856,2390,7093,9935,663
13706,8902,9972,9436,5046,1772
13707,8902,9972,9436,4573,6438
13708,8902,9972,9436,4573,1772
13709,8902,9972,9436,943,884
13710,8902,9972,9436,4573,6438
13711,8902,9972,9436,3537,6438
13712,7856,4714,7093,7591,2422
13713,8902,9972,2345,7591,6813
13714,8902,9972,9939,4669,1772
13715,7856,4714,1576,7591,884
13716,7856,4714,1576,7591,1772
13717,7856,4714,1576,7591,663
13718,7856,1478,1576,2195,3746
13719,7856,1478,240,7591,7145
13720,7856,1478,240,7591,3746
13721,8902,9972,9436,4573,884
13722,2603,9972,9436,6754,7528
13723,2603,9972,9436,4573,9305
13724,8902,2390,7093,4985,884
13725,7407,4714,2345,943,2422
13726,8902,3229,9016,9743,6222
13727,8902,2390,1576,7591,884
13728,8902,9972,9016,9935,2422
13729,8902,2390,1576,4985,8548
13730,7407,4714,9436,4827,884
13731,2603,9972,9436,8008,884
13732,2603,9972,9436,4573,6438
13733,8902,3229,9436,9743,884
13734,8902,4714,1576,9743,884
13735,7856,4714,1576,7591,4202
13736,8902,4714,9436,7591,884
13737,8902,9972,9436,7591,884
13738,7856,4714,1576,7591,663
13739,8902,4714,1576,7591,3185
13740,8902,9972,9436,3537,6992
13741,8902,9972,9436,5046,6222
13742,8902,2390,1576,7591,663
13743,8902,9972,3065,3537,6
13744,8902,3229,3065,4985,663
13745,8902,9972,9436,4573,6438
13746,8902,9972,9436,9935,1772
13747,8902,9972,9436,4573,1772
13748,2603,9972,9436,8008,1772
13749,2603,9972,9436,4573,6438
13750,8902,9972,9436,4573,9840
13751,8902,9972,3065,3537,7995
13752,8902,2390,9016,4985,7145
13753,8902,9972,1576,9743,6992
13754,2603,9972,9436,8257,6438
13755,8902,9972,9436,4573,1516
13756,8902,9972,9436,6350,6438
13757,8902,9972,1576,9935,8548
13758,8902,1478,1576,7591,884
13759,7856,4714,1576,7591,663
13760,8902,2390,240,8433,884
13761,8902,2390,706,4827,884
13762,8902,7129,9436,8008,884
13763,8902,9972,1576,4573,1772
13764,8902,9972,9436,4573,1772
13765,7856,9972,1576,7591,1772
13766,7856,9972,1576,9935,1772
13767,4237,9972,9436,4573,6
13768,8902,1478,1576,5046,8784
13769,8902,2390,1576,9935,663
13770,7856,9972,1576,7591,7145
13771,8902,2390,1576,9935,7145
13772,7856,1478,1576,7591,7145
13773,7856,4714,1576,7591,884
13774,7856,4714,1576,4777,884
13775,3299,9972,9436,4573,9305
13776,8902,9972,9436,4573,1772
13777,8902,9972,9436,4573,7528
13778,7856,2390,1576,7591,884
13779,7856,4714,3065,7591,663
13780,8902,9972,1576,7591,6
13781,7407,9972,1576,4985,3660
13782,7407,4714,3065,9743,6222
13783,8902,9972,9016,9935,3660
13784,7407,4714,3065,9455,7995
13785,7407,4714,1576,7591,3185
13786,8902,3229,9436,9743,6222
13787,8902,5391,9436,1632,6222
13788,8902,9972,1576,7591,663
13789,7407,4714,3065,5812,6222
13790,7407,9972,9436,1632,2422
13791,7856,9972,1576,9935,2422
13792,8902,9972,1576,7591,1772
13793,8902,9972,9436,4573,6438
13794,8902,9972,9436,3537,1772
13795,3299,2390,3065,9742,884
13796,3890,9972,9436,4573,6438
13797,8902,2224,9044,9857,884
13798,8902,9972,9436,4573,1772
13799,7856,1478,1576,7591,884
13800,8902,9972,9436,4569,884
13801,7856,1478,9436,7591,781
13802,3890,9972,9436,4573,6438
13803,3890,75,9436,8008,884
13804,8902,5353,317,8008,884
13805,3299,5391,9436,1632,6222
13806,3299,3229,9436,3537,6
13807,8902,9972,2345,943,6813
13808,7856,9493,1576,4827,884
13809,7856,9493,1576,9935,884
13810,7856,2390,1576,7591,884
13811,8902,9972,9436,1632,6
13812,8902,9972,1576,4985,6901
13813,8902,2390,1576,4985,6813
13814,7856,3253,240,2195,5885
13815,7856,1478,1576,2195,3746
13816,7856,9972,1576,7591,3746
13817,7856,9972,9436,4573,6438
13818,8902,9972,9436,4573,9305
13819,2603,9972,9436,2969,6438
13820,8902,9972,9436,4573,6
13821,8902,9972,1576,3537,1772
13822,8902,9972,1576,4985,6
13823,8902,9972,9436,4573,1772
13824,8902,9972,9436,4569,884
13825,8902,9972,9436,4985,3660
13826,7856,9972,9436,4573,1772
13827,7856,4714,9016,7591,884
13828,8902,9972,7093,4573,1772
13829,8902,9972,7093,9935,1772
13830,7856,2390,1576,9935,7145
13831,7856,1478,1576,9935,7145
13832,7407,4714,3065,3537,663
13833,7856,1478,1576,7591,7145
13834,8902,3229,9436,3537,6438
13835,7856,9972,1576,9935,1449
13836,8902,9972,7851,9935,6
13837,8902,9972,7093,9935,1772
13838,8902,9972,317,8008,6743
13839,2603,9972,9436,3537,6438
13840,8902,9972,9436,8008,6743
13841,8902,4714,9436,943,5885
13842,8902,9972,1576,3666,1772
13843,7856,4714,9436,7591,5885
13844,8902,2390,3065,9742,884
13845,3299,4714,3065,3537,884
13846,8902,4714,7093,943,7145
13847,7407,4714,3065,943,884
13848,3299,5391,9436,943,1772
13849,7407,4714,3065,9455,884
13850,8902,2390,1576,9935,1772
13851,8902,4714,1576,9743,5885
13852,8902,9972,9939,3666,1772
13853,8902,9972,1576,3537,6
13854,8902,9972,1576,7591,884
13855,3299,9972,1576,4573,884
13856,7407,9972,9016,9743,6
13857,8902,9972,1576,9935,3660
13858,8902,9972,9436,4573,1772
13859,7856,1478,9436,7591,1772
13860,7856,1478,1576,7591,7145
13861,7856,4714,1576,7591,6
13862,7856,4714,1576,2195,884
13863,7856,4714,1576,3537,884
13864,7856,4714,1576,7591,884
13865,7856,2224,9436,6754,884
13866,8902,7134,3065,9742,884
13867,3890,9972,9436,3537,6438
13868,7856,9972,9436,7591,884
13869,7407,9972,1576,7591,7826
13870,8902,9972,7093,9935,1772
13871,7856,2390,1576,9935,1772
13872,7856,9972,1576,7591,3401
13873,7856,1478,1576,7591,884
13874,7856,1478,7093,9935,884
13875,7856,9493,1576,2195,7145
13876,7856,1478,1576,1563,7145
13877,8902,2390,1576,7178,7145
13878,7856,4714,1576,3537,7145
13879,7856,4714,1576,9743,663
13880,3299,5391,9436,4573,6813
13881,3299,5391,9436,1632,6
13882,2603,9972,9436,4573,6438
13883,2603,9972,9436,4573,1772
13884,8902,9972,6713,4573,3119
13885,8902,9972,1576,4573,1772
13886,8902,9972,9436,4573,1516
13887,7856,9493,7093,9935,2422
13888,8902,9972,9436,4573,1516
13889,2603,9972,9436,8008,884
13890,2603,9972,9436,4573,1772
13891,2603,9972,9436,3537,6438
13892,7856,2390,1576,4985,884
13893,7856,2390,1576,8433,884
13894,7856,1478,1576,1879,663
13895,2603,9972,9436,4573,1772
13896,2603,9972,9436,4573,1772
13897,8902,9972,9436,7591,884
13898,8902,9972,9436,7591,1772
13899,7856,9972,9436,7591,9959
13900,2603,9972,9436,4573,6
13901,2383,666,1319,3670,884
13902,8902,9972,317,8008,884
13903,9811,9972,1319,4573,1516
13904,8902,9972,9436,1762,9840
13905,2603,9972,9436,1762,6438
13906,8902,9972,317,4573,1772
13907,2383,7134,9044,9742,884
13908,2603,9972,9436,3537,6438
13909,2603,9972,9436,3537,3165
13910,7856,9972,1576,9935,663
13911,7856,4714,1576,9935,663
13912,7856,9972,1576,9935,1772
13913,7856,9972,9436,7591,3660
13914,8902,9972,9436,4573,1772
13915,2603,9972,9436,4573,1772
13916,8902,1478,6490,7591,5885
13917,8902,2390,1576,4827,884
13918,7856,4714,1576,7591,7145
13919,7856,4714,9016,7591,7145
13920,8902,9972,1576,7591,6222
13921,8902,9972,1576,2195,663
13922,7856,9972,1576,4985,663
13923,8902,2224,3065,3537,884
13924,3299,9972,9436,3537,6438
13925,7856,9972,9436,7591,884
13926,8902,9972,9436,7591,884
13927,8902,3229,1576,9935,884
13928,2383,9972,9436,4573,9305
13929,8902,9972,9436,4573,884
13930,2383,9972,9436,3537,6438
13931,8902,9972,1576,9935,1772
13932,8902,4714,1576,4985,663
13933,8902,2390,1576,9935,1772
13934,7856,1478,240,4777,7145
13935,7856,1478,240,7591,8604
13936,7856,1478,1576,7591,884
13937,2603,2390,9436,4827,884
13938,2603,9972,9436,4573,6438
13939,3890,9972,9436,8008,884
13940,8902,9972,1576,7591,3746
13941,8902,9972,1576,4573,1772
13942,8902,9972,7093,4573,1772
13943,7856,4714,9016,9935,2422
13944,7856,2390,7093,9935,7145
13945,8902,2390,1576,9935,1772
13946,7856,9493,1576,9935,7145
13947,8902,2390,1576,7591,7145
13948,7856,1478,1576,9935,7145
13949,8902,9972,1576,7591,1772
13950,7856,9972,1576,7591,7145
13951,7856,2390,1576,7591,7145
13952,8902,9972,1576,4827,884
13953,3890,9972,9436,4569,884
13954,8902,9972,9436,4573,6438
13955,7856,4714,2345,9455,4160
13956,8902,2390,7093,943,884
13957,8902,9972,1576,7591,2422
13958,3890,9972,9436,4573,1516
13959,3890,9972,9436,4573,1516
13960,3890,9972,9436,3670,884
13961,8902,9972,1576,7591,663
13962,7856,4714,1576,7591,4202
13963,8902,4714,9436,7591,884
13964,8902,9972,1576,9935,7701
13965,8902,9972,9436,7591,6
13966,7407,9972,9016,9935,6743
13967,7856,1478,1576,7591,884
13968,7856,1478,1576,7591,884
13969,7856,1478,9044,5046,5885
13970,8902,1478,1576,7178,7145
13971,8902,2390,1576,7591,884
13972,7856,1478,1576,7591,3746
13973,7856,4714,1576,7591,884
13974,7856,1478,1576,9935,884
13975,7856,9493,8854,1563,884
13976,3890,9972,9436,4573,6438
13977,2383,666,9044,4731,884
13978,3474,9972,9436,4573,6438
13979,7856,9972,1576,9935,6
13980,8902,1478,1576,1304,1772
13981,8902,9972,9436,5046,9305
13982,7856,2390,1576,7591,7145
13983,7856,9972,1576,9935,8548
13984,8902,7294,2005,9935,8548
13985,8902,9972,317,7591,1772
13986,8902,9972,7093,7591,1772
13987,8902,9972,1576,9935,1772
13988,8902,9972,1576,9935,6
13989,8902,9972,9436,9935,884
13990,8902,9972,1576,9935,1772
13991,2383,5353,9436,8008,884
13992,2383,5353,1576,3178,884
13993,8902,9972,9436,4573,6438
13994,3890,9972,9436,4573,1772
13995,2603,9972,9436,4573,9305
13996,3890,9972,9436,6092,6438
13997,7856,2390,1576,7591,884
13998,8902,2463,1576,9935,1772
13999,8902,9972,1576,4573,3119
14000,8902,9972,3735,9935,6
14001,8902,9972,1576,4985,663
14002,7856,9972,1576,7591,7145
14003,7856,4714,1576,2195,884
14004,8902,4714,1576,3178,884
14005,8902,9972,1576,5046,884
14006,7856,4714,3065,7591,3660
14007,8902,3229,1576,7591,6
14008,8902,3229,9436,9743,6222
14009,2603,9972,9436,4573,1772
14010,8902,9972,9436,4573,9305
14011,2603,9972,9436,4573,1772
14012,7407,4714,1576,9743,7995
14013,8902,4714,1576,7591,663
14014,7407,4714,1576,9743,7995
14015,3890,9972,9436,9742,6438
14016,2383,9972,9436,4573,6438
14017,8902,9972,9436,5046,1772
14018,7856,9972,1576,7591,1772
14019,8902,9972,7093,9935,1772
14020,7856,9972,1576,7591,7145
14021,3890,9972,9436,8008,1772
14022,2603,9972,9436,4573,6438
14023,3890,9972,9436,4573,1516
14024,7856,2224,9436,7591,884
14025,7856,2390,9436,4569,884
14026,2383,7134,9044,9742,884
14027,8902,4714,9044,7591,884
14028,8902,2390,9016,4827,884
14029,8902,9972,1576,7591,663
14030,7856,2390,1576,4985,663
14031,7856,9972,7093,9935,1772
14032,7856,2390,1576,9935,7145
14033,8902,5353,1576,8433,884
14034,8902,1478,1576,9935,1772
14035,8902,2390,1576,9935,7145
14036,8902,9972,9436,4573,6438
14037,8902,9972,9436,4573,1772
14038,8902,9972,317,4573,1516
14039,8902,666,1319,4573,1772
14040,2383,5353,317,6892,1772
14041,8902,9972,9436,8008,884
14042,8902,2390,1576,4985,663
14043,7856,9972,1576,4985,663
14044,8902,2390,1576,9935,7145
14045,3890,9972,9436,9742,884
14046,3890,9972,9436,4573,6438
14047,8902,9972,9436,4573,6438
14048,8902,9972,1576,9935,1772
14049,8902,2224,9436,5046,1772
14050,8902,2390,1576,9743,6992
14051,2383,9972,317,8008,884
14052,9811,666,240,9233,6441
14053,7856,9972,7093,8008,884
14054,8902,4714,9436,7591,884
14055,8902,2390,1576,9935,7145
14056,7407,4714,3065,4985,663
14057,3299,9972,3065,3537,6438
14058,8902,9972,9436,4573,1772
14059,8902,9972,9436,4573,1772
14060,8902,9972,9436,4573,1772
14061,8902,9972,9044,7572,884
14062,2383,666,9044,2969,1516
14063,8902,9972,9436,4573,6438
14064,2383,5353,9436,4827,884
14065,2383,7134,9436,8008,884
14066,7856,1478,7093,9935,1772
14067,8902,1478,1576,4985,7145
14068,7856,3253,1576,8302,9443
14069,7856,9972,1576,9935,1772
14070,7856,1478,1576,7591,1772
14071,7856,2390,1576,7591,7145
14072,8902,9972,9436,4573,9305
14073,2603,9972,9436,4573,6438
14074,8902,9972,9436,4573,6438
14075,7407,4714,1576,4985,5690
14076,7856,2390,1576,9935,2422
14077,7407,4714,47,9935,2422
14078,2603,9972,9436,4573,6438
14079,2603,9972,9436,4573,6438
14080,8902,9972,9436,4573,6438
14081,7856,4714,7093,9935,2422
14082,7856,4714,7093,7591,884
14083,7856,9493,1576,9935,2422
14084,8902,9972,9436,8008,884
14085,8902,9972,9436,4573,6438
14086,3890,9972,9436,8008,6438
14087,8902,9972,1576,1879,1772
14088,8902,9972,1576,9935,1772
14089,7407,4714,9436,3537,884
14090,7407,4714,7093,943,6813
14091,7856,4714,9436,943,6813
14092,7856,4714,7093,943,6813
14093,7856,9972,9436,7591,6
14094,7856,4714,8854,7591,884
14095,7856,9972,1576,7591,884
14096,7856,9493,1576,8433,7145
14097,8902,2390,1576,9935,7145
14098,8902,9493,1576,2195,9443
14099,3299,4714,9436,8008,884
14100,8902,9972,9436,4573,884
14101,8902,9972,7093,7591,1772
14102,8902,9972,9436,7572,884
14103,8902,9972,9436,4573,1772
14104,8902,9972,9436,4573,6438
14105,8902,9972,9436,4573,884
14106,3299,4714,9436,3537,884
14107,8902,4714,9436,4827,884
14108,8902,9972,1576,3764,1772
14109,8902,2390,9436,4731,884
14110,8902,9972,1576,9742,884
14111,7407,2390,9016,4827,884
14112,8902,9972,9436,4573,1772
14113,8902,9972,9436,4573,6438
14114,8902,9972,1576,3537,663
14115,8902,4714,1576,4985,663
14116,8902,9972,1576,4985,6992
14117,8902,9972,9436,4573,1772
14118,2603,9972,9436,4573,1772
14119,8902,9972,9436,4573,1772
14120,2383,9972,9044,5046,8784
14121,3474,9972,9436,4573,6438
14122,3890,9972,9436,4573,6438
14123,8902,9972,9016,9743,6992
14124,8902,9972,9436,7591,1772
14125,7407,4714,9436,943,5885
14126,8902,9972,9436,4573,1516
14127,2603,2390,9436,943,9305
14128,2603,9972,9436,4573,6438
14129,8902,4714,9016,4827,884
14130,8902,2224,9436,3537,884
14131,8902,9972,1576,4573,1772
14132,7856,1478,1576,7591,7145
14133,7856,4714,1576,7591,8548
14134,7856,1478,1576,7591,8548
14135,8902,9972,9436,4573,6438
14136,2603,7134,9436,9742,6438
14137,2603,9972,9436,1632,6438
14138,3299,9972,9436,4573,6438
14139,8902,9972,9436,5046,884
14140,8902,2224,9436,943,1772
14141,2603,9972,9436,4573,6438
14142,2603,9972,9436,8008,9305
14143,2603,666,9044,8008,884
14144,8902,9972,9436,4573,1772
14145,8902,9972,9436,4573,9840
14146,3890,9972,9436,4573,1772
14147,7856,4714,6490,943,5885
14148,7407,4714,1991,943,5885
14149,8902,4714,1991,943,5885
14150,8902,9972,9436,3537,6438
14151,8902,9972,9016,9743,1772
14152,8902,9972,1576,2586,1772
14153,3890,9972,9436,4573,6438
14154,2603,9972,9436,4573,6438
14155,8902,9972,9436,4573,6438
14156,2603,9972,9436,4573,6438
14157,3890,9972,9436,4573,6438
14158,2383,2390,9044,5330,884
14159,2603,9972,9436,4573,1772
14160,2603,9972,9436,4569,6438
14161,8902,9972,7093,9935,1772
14162,3299,5391,3065,5812,6222
14163,8902,3229,9436,7591,6222
14164,8902,9972,1576,9743,6992
14165,8902,9972,9436,8008,884
14166,2603,9972,9436,4573,6438
14167,3299,9972,9436,5046,1772
14168,2383,666,9044,9857,884
14169,8902,9972,9436,4573,6438
14170,8902,9972,1294,4573,3119
14171,7856,9972,1576,4985,7145
14172,7856,4714,1576,7591,5885
14173,7407,4714,1576,7591,884
14174,7856,2390,1576,7591,7145
14175,8902,9972,7093,9935,1772
14176,8902,1478,1576,7591,884
14177,8902,9972,2345,9935,2422
14178,8902,2390,1294,5812,6992
14179,8902,3229,9436,943,2422
14180,8902,9972,1576,7591,1772
14181,7856,9972,9436,4573,1772
14182,8902,3229,9436,7591,1772
14183,7407,4714,1576,7591,3185
14184,8902,9972,9436,4985,3660
14185,3299,3229,9436,9743,6222
14186,8902,9972,1576,7591,8784
14187,7856,9972,9436,7591,884
14188,8902,9972,9436,7591,6222
14189,8902,9972,9436,4573,1772
14190,8902,9972,9436,7572,884
14191,2603,9972,5055,3537,6438
14192,7856,9972,1576,7591,6
14193,8902,9972,1576,7591,884
14194,8902,4714,1576,7591,884
14195,3890,9972,9436,1632,884
14196,3890,9972,9436,4573,6438
14197,2603,9972,9436,4573,9305
14198,7407,4714,7093,9935,2422
14199,7856,2390,9016,7591,884
14200,7856,4714,1576,4985,5885
14201,8902,9972,1576,4985,6
14202,3299,5391,3065,8257,6438
14203,8902,9972,9436,3537,3660
14204,8902,4714,1576,943,884
14205,3299,5391,9436,5046,884
14206,2603,9972,9436,3537,6438
14207,8902,2390,9436,5046,884
14208,2603,9972,9436,4573,1772
14209,2603,9972,6851,4573,1772
14210,8902,2390,1576,7591,884
14211,8902,9972,1576,4573,1772
14212,8902,9972,1576,9935,663
14213,8902,2390,1576,4985,663
14214,7407,4714,1576,7591,884
14215,8902,9972,1576,9935,663
14216,7407,4714,1576,7591,4202
14217,8902,4714,1576,7591,8548
14218,8902,9972,1576,9935,1772
14219,8902,2390,1576,9935,1772
14220,7856,4714,9016,4985,7145
14221,8902,9972,9436,3764,1772
14222,8902,9972,1576,9935,1772
14223,8902,9972,1576,9935,1772
14224,7856,9972,7093,7591,1772
14225,8902,9972,9436,4573,1772
14226,8902,9972,9436,4573,6438
14227,8902,9972,9436,4573,1772
14228,3890,9972,9436,4573,884
14229,8902,9972,9436,4573,884
14230,8902,9972,6851,4573,1772
14231,8902,9972,8779,9935,1772
14232,8902,9972,1576,9935,6
14233,8902,3229,9436,7591,6813
14234,8902,9972,9436,4573,1772
14235,2603,9972,9436,4573,1772
14236,8902,9972,1576,9935,6
14237,3299,9972,9436,1632,6438
14238,3299,4714,9436,8257,7495
14239,3299,3229,9436,4573,884
14240,8902,2390,1576,9935,8548
14241,8902,9972,1576,9743,7701
14242,8902,4714,1576,7591,4202
14243,3890,9972,9436,4573,6438
14244,2383,9972,9436,3537,6438
14245,8902,9972,9436,3537,6438
14246,8902,4714,9436,8008,884
14247,8902,9972,317,8008,6743
14248,8902,9972,9436,4573,1516
14249,7856,1478,240,2195,3401
14250,7856,9493,8854,1563,3401
14251,7856,2390,7093,7591,7145
14252,8902,9972,9436,4573,6438
14253,2603,9972,9436,4573,6438
14254,3890,9972,9436,4573,6438
14255,8902,2390,706,8008,884
14256,8902,9972,9436,4573,1772
14257,8902,9972,317,8008,1772
14258,7856,3253,1576,7591,7145
14259,7856,9493,1576,943,7145
14260,7856,4714,1576,7591,7145
14261,8902,9972,9436,4573,3660
14262,7856,4714,7093,7591,7145
14263,8902,9972,1576,7591,1772
14264,3890,9972,9436,4573,6438
14265,3890,9972,9436,7572,6438
14266,3890,9972,9436,4573,6438
14267,3890,9972,9436,8008,6438
14268,3890,9972,9436,4573,6438
14269,8902,2463,317,8433,1772
14270,8902,9972,9939,4669,1772
14271,8902,9972,317,9935,1772
14272,8902,9972,7093,9935,1772
14273,7856,2390,1576,7591,3401
14274,8902,9972,9436,4573,1772
14275,7856,1478,9436,4573,6222
14276,8902,9972,1576,9935,1772
14277,8902,2390,1576,9743,884
14278,8902,9972,1576,7591,663
14279,8902,3229,9016,9935,7145
14280,8902,9972,9436,3537,884
14281,3299,9972,9436,4573,6438
14282,3890,9972,9436,4573,1772
14283,3890,9972,9436,4573,6438
14284,3890,9972,9436,4573,1772
14285,3299,5391,9436,4573,1772
14286,7856,2224,1576,7591,8548
14287,8902,9972,1576,7591,6
14288,8902,3229,2345,9935,663
14289,8902,4714,1576,7591,663
14290,7856,4714,9016,7591,884
14291,2383,9972,9044,4827,884
14292,3299,9972,9436,5046,6813
14293,8902,5353,9436,9192,884
14294,7856,9972,1576,9935,7145
14295,8902,4714,3065,5112,7995
14296,8902,9972,1576,9935,1772
14297,7856,2390,9016,9935,884
14298,7856,2390,1576,7591,884
14299,8902,4714,9436,943,6329
14300,8902,2390,1576,9935,2422
14301,2603,9972,9436,1632,9840
14302,8902,9972,9436,3537,8784
14303,3890,7134,9436,4573,6438
14304,2603,9972,9436,6092,884
14305,8902,9972,3065,4731,7995
14306,7856,4714,1576,7591,663
14307,8902,9493,706,4827,884
14308,7856,9972,1576,7591,884
14309,2603,9972,9436,4573,6438
14310,8902,9972,9436,4573,6438
14311,8902,9972,9436,4573,6438
14312,8902,9972,9436,8008,884
14313,8902,9972,9016,8008,6743
14314,8902,9972,9436,4573,1772
14315,2603,9972,9436,4573,9305
14316,3299,9972,9016,943,884
14317,2603,9972,9436,4573,1772
14318,3890,9972,9436,4573,1772
14319,8902,5353,317,8008,884
14320,8902,9972,9436,3670,1772
14321,2383,9972,9044,9742,884
14322,2383,666,9044,9857,884
14323,2383,9972,9436,4573,6438
14324,8902,2390,706,8008,884
14325,8902,9972,9436,7591,884
14326,8902,9972,1576,7591,1772
14327,8902,9972,1576,9935,1772
14328,7856,2390,2345,9935,2422
14329,8902,4714,2345,4985,2422
14330,8902,9972,9016,9743,6222
14331,8902,3229,9016,9935,1772
14332,8902,9972,1294,1879,6743
14333,7856,1478,1576,7591,884
14334,8902,9493,1576,7591,884
14335,7856,1478,1576,7591,663
14336,8902,9972,9016,4827,6743
14337,3890,9972,9436,8008,884
14338,2603,9972,9436,4573,1772
14339,8902,9972,1576,1879,1772
14340,8902,4714,1576,9935,7826
14341,8902,9972,1294,1879,6
14342,8902,9972,317,4573,1772
14343,3890,9972,9436,4573,9840
14344,3890,9972,9436,4573,884
14345,8902,9972,9436,4573,6438
14346,2603,9972,9939,4573,1772
14347,2603,9972,9436,4573,1772
14348,7856,4714,1576,7591,884
14349,8902,9493,1576,8433,7145
14350,8902,9493,1576,4985,663
14351,8902,9972,1576,3537,8784
14352,8902,2390,1576,7591,884
14353,7856,9972,9436,4573,1772
14354,7856,4714,3065,7591,7495
14355,8902,9972,1576,4985,1772
14356,8902,4714,1576,9743,6992
14357,7856,1478,317,4573,884
14358,7856,1478,4024,7591,884
14359,7856,4714,1576,7591,884
14360,8902,9972,9436,7591,2422
14361,8902,4714,1576,5112,884
14362,8902,2224,1576,7591,884
14363,3890,9972,317,3670,884
14364,8902,2463,317,9935,1772
14365,8902,9972,9436,4573,1516
14366,2383,2224,9436,4573,884
14367,3890,9972,9436,4573,6438
14368,3299,9972,9436,3537,6438
14369,2383,5353,9436,8008,1772
14370,8902,5353,1319,4573,9840
14371,8902,5348,317,9935,7284
14372,2603,9972,9436,3537,6438
14373,2603,9972,9436,4573,884
14374,3890,9972,3065,3537,884
14375,8902,9972,3065,3537,7495
14376,2603,9972,9436,4573,1516
14377,8902,3229,1576,7591,663
14378,2603,9972,9436,9192,6438
14379,8902,9972,9436,8008,884
14380,3299,9972,9436,4573,6438
14381,2603,9972,9436,4827,884
14382,8902,3229,9016,4827,884
14383,3890,9972,9436,4573,9305
14384,2383,9972,9436,3537,884
14385,8902,5348,317,8008,1772
14386,3890,9972,9436,4573,6438
14387,7856,9972,9436,7591,6
14388,7856,9972,9436,7591,6
14389,8902,9972,9436,4573,6438
14390,3474,666,9044,9742,884
14391,2383,7134,9044,9742,884
14392,3890,9972,9436,4573,6438
14393,2603,9972,9436,4573,1772
14394,3299,9972,9436,3537,6438
14395,3890,9972,9436,4573,6438
14396,2603,5391,9436,4573,1772
14397,3299,5391,9436,4573,6
14398,7407,4714,9436,4827,6743
14399,7856,2390,1576,9935,7145
14400,8902,9972,7093,9935,1772
14401,8902,2390,7093,9935,2422
14402,8902,9972,9436,943,1772
14403,3299,2390,1576,943,1772
14404,8902,9972,1576,943,1772
14405,7856,1478,1576,7591,884
14406,7856,9972,1576,7591,3746
14407,7856,1478,1576,7591,8548
14408,8902,9972,1319,4573,884
14409,2603,9972,9436,4573,1516
14410,2603,9972,9436,9742,6438
14411,2603,9972,1576,4573,6438
14412,3299,9972,9436,7591,1772
14413,8902,9972,9436,7591,884
14414,7856,2390,1576,7591,7145
14415,7856,1478,1576,7591,7957
14416,7856,9972,4024,7591,884
14417,3299,4714,3065,3537,884
14418,3299,9972,9436,4573,1772
14419,7856,9972,7093,9935,1772
14420,8902,9972,9016,9935,7145
14421,8902,9972,9436,4573,1516
14422,8902,9972,9436,4573,6438
14423,8902,9972,7093,9935,1772
14424,2383,5353,9436,8008,884
14425,7807,9972,9436,5046,884
14426,3890,9972,9436,4573,6438
14427,3890,9972,9436,3326,1772
14428,8902,9972,9436,4573,1772
14429,8902,9972,6713,9935,1772
14430,8902,9972,1576,4985,1772
14431,3299,9972,1576,3537,8784
14432,8902,9972,9436,4573,6438
14433,3299,9972,9436,8008,884
14434,8902,9972,9436,8008,884
14435,8902,9972,9436,4573,2422
14436,3299,9972,9436,7591,6
14437,8902,9972,9436,4573,6
14438,2603,9972,9436,4573,6438
14439,8902,9972,9436,8008,884
14440,2603,9972,9436,8008,6743
14441,2603,9972,9436,4573,6438
14442,8902,2390,1576,4985,884
14443,8902,9972,9436,9742,6438
14444,8902,9972,9436,4573,6438
14445,8902,3229,9436,4573,1772
14446,8902,2390,1576,9935,1772
14447,8902,9972,9436,4573,1772
14448,2603,9972,3735,4669,1772
14449,8902,9972,9436,4827,884
14450,8902,9972,9436,5046,884
14451,7856,9972,7093,9935,7145
14452,2603,9972,9436,4573,9305
14453,3299,9972,9939,3666,1772
14454,8902,9972,7093,7591,1772
14455,2603,9972,9436,4573,1772
14456,8902,9972,9939,4573,1772
14457,8902,9972,9436,4573,6438
14458,2603,9972,9436,4573,6438
14459,8902,9972,9436,8008,6438
14460,8902,9972,1576,3764,1772
14461,8902,4714,9436,943,9305
14462,8902,9972,9436,4573,884
14463,7856,2390,1576,7591,663
14464,2603,9972,9436,4573,6438
14465,8902,9972,9436,3537,884
14466,8902,9972,7093,7591,1772
14467,8902,9972,9436,2900,1772
14468,2603,9972,9436,4573,9305
14469,2603,9972,9939,3666,1772
14470,3474,2390,6490,8008,884
14471,8902,9972,9436,3537,6438
14472,8902,9972,9016,4827,884
14473,8902,2390,706,9935,884
14474,8902,2390,9436,4827,884
14475,8902,9972,1576,4573,1772
14476,8902,9972,9436,4573,1772
14477,3890,9972,317,4573,1516
14478,2383,9493,9044,9857,884
14479,8902,9972,9436,8008,884
14480,7856,9972,1576,9935,1772
14481,7856,9972,1576,9935,8548
14482,7856,9972,1576,7591,663
14483,7856,9972,1576,9743,6992
14484,8902,4714,1576,9935,1772
14485,8902,9972,9436,4985,3660
14486,7407,4714,9016,943,2422
14487,7856,9972,1576,7591,663
14488,8902,9972,1576,9935,1772
14489,8902,9972,9939,3666,1772
14490,8902,9972,9436,3666,1772
14491,8902,4714,9436,7591,884
14492,8902,9972,9436,4573,6438
14493,8902,9972,9436,5046,8464
14494,3890,9972,9436,4573,6438
14495,2383,9972,9436,8008,884
14496,2383,5353,9436,8008,884
14497,3890,9972,9436,8008,6438
14498,8902,2390,1576,7591,884
14499,8902,2390,1576,7591,663
14500,7856,4714,3065,7591,884
14501,8902,9972,9436,4573,6438
14502,7807,9972,9436,4573,6438
14503,8902,9972,317,9935,884
14504,2383,7134,9016,8008,884
14505,8902,666,240,7039,1772
14506,7856,75,240,9935,1772
14507,7807,9972,9436,4573,6438
14508,8902,9972,9436,4573,1772
14509,2383,9972,9436,4573,6438
14510,8902,9972,317,9935,884
14511,8902,9972,9436,4573,1772
14512,8902,9972,6851,4573,1772
14513,2603,5353,9436,8008,884
14514,8902,4714,7093,943,6813
14515,2603,9972,9436,4573,9305
14516,8902,2390,1576,9935,663
14517,7856,9972,1576,9935,884
14518,8902,9972,1576,9935,8548
14519,8902,9972,9436,5046,3660
14520,8902,9972,1576,9935,1772
14521,7856,9972,2345,9935,2422
14522,2603,9972,9436,4573,9305
14523,2603,9972,9436,4573,6438
14524,8902,9972,9436,4573,6438
14525,7856,9566,1576,7591,8548
14526,8902,9972,1576,4985,1772
14527,7856,4714,1576,7591,7145
14528,8902,4714,9436,7591,884
14529,8902,9972,9436,4573,6
14530,8902,9972,9436,3666,1772
14531,8902,9972,1576,9935,7145
14532,7407,4714,9016,4985,6222
14533,8902,9972,9016,4985,884
14534,8902,9972,7093,9935,1772
14535,2603,9972,9436,4573,6438
14536,8902,9972,9436,7591,884
14537,3299,9972,9436,3537,884
14538,3299,5391,9436,7591,663
14539,7407,5391,9436,8257,6438
14540,7407,4714,3065,9743,5885
14541,8902,9972,1576,9935,1772
14542,8902,9972,1576,9935,1772
14543,2603,9972,9436,4573,1772
14544,3890,9972,9436,8008,884
14545,3890,5353,9436,8008,884
14546,2603,9972,9436,4573,9305
14547,8902,7134,9044,9742,884
14548,8902,9972,9436,4573,9305
14549,8902,9972,1576,9935,1772
14550,8902,9972,1576,9935,1772
14551,8902,2390,1576,9935,2422
14552,7407,4714,1576,7591,7356
14553,7407,4714,1576,7591,3660
14554,7856,4714,3058,7591,663
14555,2603,9972,9436,4573,9305
14556,3299,9972,9436,4573,9305
14557,2603,9972,9436,8008,884
14558,8902,2390,9016,9743,7145
14559,7856,9972,7093,9935,1772
14560,7407,4714,9016,4985,7145
14561,8902,9972,9436,3537,884
14562,8902,9972,9436,4827,884
14563,8902,4714,1576,7591,884
14564,7856,2390,7093,7591,2422
14565,8902,9972,2345,9935,2422
14566,8902,2390,7093,9935,2422
14567,8902,9972,1576,7591,663
14568,3890,9972,9436,4573,6438
14569,8902,9972,9436,3537,6438
14570,8902,1478,1319,4573,1516
14571,8902,9972,7093,9935,1772
14572,8902,9972,9016,9935,6743
14573,7856,4714,1576,7591,884
14574,7856,9493,1576,7591,7145
14575,8902,4714,1576,7591,884
14576,8902,9972,9436,7591,884
14577,7856,9972,9436,4573,6
14578,3299,9972,9436,4573,9305
14579,8902,9972,9436,3326,1772
14580,2383,5353,1576,8433,884
14581,8902,9972,317,7616,1516
14582,8902,9972,9016,2586,884
14583,8902,2390,1576,4827,884
14584,8902,2390,9016,4985,884
14585,7407,4714,3065,8257,6222
14586,8902,9972,1576,7591,7145
14587,8902,4714,1576,4985,6992
14588,3299,9972,1576,7591,1772
14589,8902,9972,9436,4669,1772
14590,8902,666,9436,8008,9305
14591,2603,9972,9436,3537,6438
14592,8902,9972,9436,4573,1772
14593,8902,9972,9436,4573,6438
14594,2603,9972,9436,4573,1772
14595,8902,2390,9436,4827,884
14596,2603,9972,9436,4573,6438
14597,3299,5391,9436,8257,6
14598,2383,5353,9436,8008,884
14599,2383,9972,9436,4573,1516
14600,8902,9972,9436,4573,6438
14601,8902,9972,9436,5046,8784
14602,8902,9972,9016,7591,884
14603,8902,9972,9436,4573,6438
14604,3890,9972,9436,4827,884
14605,3890,9972,9436,4573,6438
14606,8902,9972,1576,4573,1772
14607,8902,2224,9436,3537,884
14608,8902,9972,9436,4573,1516
14609,8902,9972,1576,4573,1772
14610,8902,9972,9436,4573,1772
14611,8902,9972,9436,9743,1772
14612,8902,4714,3065,3537,884
14613,8902,9972,9436,7591,1772
14614,8902,9972,1576,7591,884
14615,2603,9972,9436,4573,6438
14616,3890,2390,9436,9742,5464
14617,2603,7134,9436,9742,6438
14618,8902,2390,1576,7591,663
14619,7856,9972,1576,7591,6
14620,8902,9972,9939,7591,6
14621,7407,3229,3065,4985,884
14622,7407,4714,9016,9743,6222
14623,7407,4714,9016,9743,6222
14624,3299,9972,9436,4573,1772
14625,7856,2390,9436,7591,5885
14626,8902,9972,9436,8257,6
14627,2383,9972,9436,4827,884
14628,3299,4714,9436,4573,884
14629,9811,666,240,8008,884
14630,8902,2390,1576,7591,884
14631,8902,9972,9436,3537,884
14632,7856,9972,1294,7591,6
14633,8902,9972,9436,943,3660
14634,7407,3229,3065,9743,6222
14635,8902,2390,7093,9935,1772
14636,8902,3229,1576,9743,663
14637,8902,9972,9436,3666,1772
14638,8902,9972,1576,4985,1772
14639,7407,9972,1576,4985,8548
14640,7407,4714,3065,9455,7995
14641,8902,9972,1576,9935,4199
14642,8902,2390,9436,5046,884
14643,8902,9972,9436,4573,6438
14644,8902,4714,9436,943,884
14645,3299,5391,9436,4573,1772
14646,7856,4714,1576,7591,663
14647,8902,4714,9016,9743,6901
14648,2383,9972,9436,1632,6222
14649,3299,4714,706,4827,884
14650,3890,9972,9436,9742,884
14651,8902,9972,1576,2900,1772
14652,8902,9972,1576,4569,6438
14653,8902,9972,6490,9743,1772
14654,8902,9972,1576,4573,6
14655,8902,9972,9436,4573,6
14656,7856,9972,9436,7591,6813
14657,8902,9972,1576,9935,1772
14658,7856,2390,7093,9935,1772
14659,7856,1478,1576,9935,7145
14660,8902,9972,9436,4573,884
14661,7856,9972,1576,7591,884
14662,8902,9972,1576,7591,884
14663,7856,2390,7093,9935,2422
14664,8902,4714,9016,7591,884
14665,7856,2390,7093,9935,2422
14666,3299,9972,9939,4573,1772
14667,8902,9972,8779,4573,1772
14668,2603,9972,9436,4573,6438
14669,8902,9972,9436,5046,884
14670,2603,9972,9016,9743,6992
14671,8902,9972,1576,4827,1772
14672,8902,2390,9436,4573,1772
14673,8902,9972,9436,4573,1772
14674,8902,3229,9436,3537,1772
14675,2603,9972,1294,9743,3401
14676,7856,9972,9436,5046,1772
14677,8902,9972,1576,4573,1772
14678,8902,9972,9436,4573,6438
14679,3890,9972,9436,4573,9305
14680,2383,9972,9436,8008,884
14681,8902,9972,6851,4573,1772
14682,8902,9972,9436,4573,1772
14683,8902,9972,9436,4573,1772
14684,8902,9972,9436,943,1772
14685,8902,9972,9436,4573,6438
14686,2603,9972,9436,4573,1772
14687,7856,4714,1576,7591,663
14688,8902,9972,3065,3537,884
14689,8902,4714,6490,7591,5885
14690,8902,9972,1576,9935,2422
14691,8902,9972,317,9935,7145
14692,8902,9972,1576,4573,1772
14693,8902,9972,1576,4985,4202
14694,8902,4714,1576,9743,3185
14695,8902,4714,1576,9743,3185
14696,3299,9972,9436,9743,6222
14697,2603,9972,9436,4573,6438
14698,7856,4714,7093,9935,1772
14699,8902,4714,3065,5112,884
14700,7856,1478,6490,6754,7145
14701,8902,2390,3065,1513,884
14702,8902,9972,9436,4573,1772
14703,8902,9972,9436,4573,6438
14704,8902,9972,9436,4573,1772
14705,8902,9972,1576,9935,884
14706,8902,3229,9939,3666,1772
14707,8902,9972,1576,4985,663
14708,8902,9972,1576,7591,1772
14709,8902,2463,317,8008,1772
14710,8902,5353,1319,8008,1516
14711,8902,9972,1576,4827,884
14712,8902,9972,317,9935,7145
14713,7856,9972,9436,4573,1772
14714,8902,9972,8815,9935,1772
14715,8902,2390,9436,4569,2422
14716,8902,2390,1576,9935,1772
14717,8902,9972,317,8008,7145
14718,8902,9972,9436,8008,884
14719,8902,9972,9436,4573,6438
14720,8902,9972,9939,4573,1772
14721,8902,9972,9436,943,1772
14722,8902,9972,9436,3537,6438
14723,7407,4714,1576,4985,884
14724,8902,2390,1576,7591,7145
14725,3299,7134,9436,8008,884
14726,8902,9972,1576,9935,1772
14727,7407,2390,9016,4985,3660
14728,8902,9972,9939,4669,1772
14729,8902,2390,1576,7591,8784
14730,8902,9972,1576,5046,1772
14731,3299,9972,9436,3537,8784
14732,2603,9972,9436,4573,1772
14733,7856,9972,1319,4573,1516
14734,8902,9972,9436,7591,3660
14735,8902,9972,9436,4669,1772
14736,8902,2390,1576,9935,1772
14737,8902,9972,317,8008,6743
14738,8902,9972,9436,5046,3660
14739,8902,9972,9436,4827,884
14740,8902,9972,9436,4985,884
14741,8902,9972,9016,9743,6222
14742,8902,9972,9436,6350,3660
14743,8902,9972,9436,4573,6438
14744,8902,9972,9436,5046,1772
14745,8902,9972,9436,7591,1772
14746,3299,9972,9436,943,1772
14747,3890,9972,9436,8008,884
14748,8902,9972,9436,4573,1772
14749,2603,9972,9436,4573,1772
14750,8902,4714,1576,7591,7356
14751,8902,2390,1576,7591,6743
14752,7856,4714,1576,7591,5885
14753,3299,9972,3065,3537,663
14754,3299,9972,3065,9742,884
14755,3299,9972,9436,3537,6438
14756,3299,9972,9436,4573,6438
14757,3299,9972,9436,4573,1772
14758,3299,9972,9436,4669,6438
14759,8902,9972,9016,4985,3660
14760,7407,3229,9436,1632,6222
14761,7407,4714,1576,5112,884
14762,5971,9972,3735,9743,6992
14763,8902,9972,1576,9935,3660
14764,3299,9972,9436,9743,3660
14765,7856,1478,1576,8433,7145
14766,7856,9972,1576,2195,7145
14767,7856,1478,1576,4777,8548
14768,2603,9972,6851,4573,1772
14769,2603,9972,9436,8008,884
14770,8902,9972,9436,7591,884
14771,8902,2390,9436,4827,884
14772,2603,5353,9044,4827,884
14773,2603,9972,9436,4573,1772
14774,9811,5353,240,7039,884
14775,8902,9972,9436,4573,1772
14776,8902,5348,1319,1967,7284
14777,3299,5391,9436,951,2422
14778,8902,9972,9436,4669,4199
14779,8902,3229,9436,3537,884
14780,8902,9972,7093,9935,1772
14781,8902,3229,9436,7591,6
14782,8902,9972,1576,7591,6
14783,8902,9972,6490,9743,7145
14784,8902,4714,9436,7591,884
14785,8902,9972,9436,7591,6813
14786,3299,5391,3065,9742,7495
14787,2603,9972,9436,4573,6438
14788,8902,9972,9436,9935,1772
14789,2603,9972,9436,4573,1772
14790,2603,9972,9436,4573,1772
14791,2603,9972,9436,4573,6438
14792,8902,4714,1576,7178,884
14793,8902,9972,9044,3537,7495
14794,2603,9972,9436,3537,6438
14795,7856,2390,1576,7591,7145
14796,7856,9493,7093,9935,663
14797,7856,4714,3200,7591,5885
14798,8902,9972,9436,4669,1772
14799,8902,2390,1576,9935,1772
14800,8902,9972,9436,5046,6813
14801,7856,9972,9436,4573,6
14802,8902,4714,1576,9743,6992
14803,7856,9566,1576,9935,1772
14804,2603,9972,9436,4573,1772
14805,2383,9972,9436,8008,884
14806,2603,9972,9436,4573,9305
14807,7856,1478,1576,7591,884
14808,7407,4714,1576,7591,884
14809,8902,4714,1576,7591,6222
14810,3890,9972,9436,4573,6438
14811,8902,9972,9436,4573,1772
14812,3890,9972,9436,4573,6438
14813,8902,9972,317,3764,1772
14814,2603,9972,9436,4573,6438
14815,8902,2390,9436,3537,1772
14816,8902,2390,1576,7591,8548
14817,7856,4714,1576,7591,884
14818,7856,4714,7093,3945,663
14819,8902,9972,9436,4573,1772
14820,8902,9972,317,8008,884
14821,2603,9972,9436,4573,6743
14822,8902,9972,9436,4573,6438
14823,3890,9972,9436,4573,6438
14824,2603,9972,9436,3537,1772
14825,8902,9972,9436,3537,6438
14826,8902,9972,1576,3764,1772
14827,7856,9972,9436,7591,884
14828,2383,9972,9436,8008,884
14829,7807,5353,317,7039,884
14830,9811,5353,317,8008,9840
14831,8902,2390,1576,7591,7145
14832,7856,9972,1576,7591,7145
14833,8902,9972,1576,9743,884
14834,8902,2390,9436,943,884
14835,8902,9972,9436,4573,6743
14836,8902,2390,7093,9935,2422
14837,2603,9972,9436,4573,1772
14838,2603,9972,9436,4573,1772
14839,3299,9972,9436,4573,1772
14840,8902,4714,9436,7591,663
14841,8902,4714,3065,7591,884
14842,3299,9972,9436,4573,6438
14843,3299,9972,9436,3537,6438
14844,8902,9972,9436,3537,663
14845,8902,4714,9436,943,1772
14846,7856,4714,3065,3537,7495
14847,2603,9972,9436,943,1772
14848,8902,2224,9436,3537,7495
14849,8902,2390,1576,7591,8548
14850,8902,9972,8779,9935,7145
14851,8902,2390,1576,9935,7145
14852,7407,3229,9016,9743,6222
14853,1413,9972,9436,1632,6222
14854,8902,9972,9016,7591,3660
14855,8902,9972,1576,9743,6222
14856,8902,3229,9016,9743,5885
14857,8902,9972,1576,1879,3660
14858,8902,9972,9436,4573,1772
14859,7856,4714,3065,7591,5885
14860,8902,4714,7093,9935,2422
14861,3299,9972,9939,3537,1772
14862,3299,5391,9436,3537,6438
14863,8902,3229,1576,4985,663
14864,2383,7134,9436,8008,884
14865,8902,2390,9436,8008,884
14866,2383,9972,9016,4827,884
14867,8902,6429,1576,9935,7701
14868,8902,9972,1576,9935,1772
14869,8902,9972,317,3764,1772
14870,3299,5391,9436,9743,6
14871,8902,3229,9436,7591,884
14872,3299,3229,1576,9743,6222
14873,7407,4714,1576,9743,884
14874,3299,9972,9436,3537,6438
14875,3299,5391,3065,9743,6222
14876,8902,3229,8815,4985,2422
14877,8902,9972,9436,4573,6438
14878,8902,4714,1576,7591,663
14879,8902,9972,9436,4573,5885
14880,8902,4714,1576,7591,7145
14881,8902,3229,1576,9743,6222
14882,8902,4714,1576,7591,884
14883,8902,9972,7093,4573,6
14884,8902,3229,9436,1632,3660
14885,2603,9972,9436,4573,6438
14886,3299,9972,3065,3537,6438
14887,3299,4714,3065,943,1772
14888,2603,9972,9436,4573,6438
14889,2603,7134,9436,4573,6438
14890,2603,9972,9436,4573,6438
14891,2603,9972,9436,4573,6438
14892,8902,9972,9436,4573,1772
14893,2603,7134,9436,4827,884
14894,2383,666,240,8433,884
14895,3890,9972,9436,4573,6438
14896,2383,9972,9436,8008,6438
14897,2603,9972,9436,9742,6438
14898,8902,2390,7093,943,884
14899,8902,2390,9436,4827,884
14900,8902,4714,6851,943,1772
14901,8902,4714,9436,5046,884
14902,8902,5353,317,8008,1772
14903,8902,4714,3065,5046,663
14904,8902,4714,3065,9455,884
14905,7856,2390,6490,943,7145
14906,8902,9972,9016,9935,7145
14907,8902,9972,9436,5046,1772
14908,8902,2390,9016,1879,6743
14909,8902,4714,9436,3537,6222
14910,7407,4714,3065,9455,6222
14911,7407,3229,3065,5812,6222
14912,3299,3229,3065,5112,7995
14913,8902,2390,1576,9935,1772
14914,8902,9972,1576,4985,6
14915,7407,4714,1576,7591,884
14916,8902,9972,1576,1632,6222
14917,8902,9972,9016,4985,2422
14918,8902,1478,1576,9935,1772
14919,8902,9972,1576,9935,1772
14920,8902,9972,8779,4573,1772
14921,7856,1478,1576,9935,7145
14922,7856,4714,7093,943,2422
14923,8902,9972,9436,4573,1772
14924,7856,9566,1576,7591,7145
14925,7856,9972,1576,9935,1772
14926,7856,9972,1576,9935,1772
14927,7856,1478,1576,7591,884
14928,7856,4714,1576,9935,7145
14929,7856,2390,1576,5046,884
14930,8902,9972,9436,9743,1772
14931,3299,9972,9436,3537,6438
14932,2603,9972,9436,4573,6438
14933,8902,2390,1576,9743,884
14934,8902,2390,1576,8433,3401
14935,8902,9972,9436,3537,884
14936,8902,4714,9436,943,2422
14937,8902,9972,9436,4573,1772
14938,8902,9972,9016,6350,6743
14939,2603,9972,9436,4573,6438
14940,2603,9972,9436,4573,6438
14941,2603,9972,9436,8008,884
14942,3299,9972,9436,4573,1772
14943,8902,9972,9436,4573,9305
14944,2603,9972,9436,4573,6438
14945,8902,2390,7093,9743,6992
14946,8902,9972,1576,9935,3660
14947,8902,5391,9436,9743,6222
14948,7856,1478,1576,7591,7145
14949,7856,2390,1576,2195,3401
14950,8902,9972,1576,9935,1772
14951,8902,2390,9016,4985,2422
14952,7856,9972,1576,7591,5885
14953,7856,4714,1576,7591,4160
14954,8902,9972,1576,9935,1772
14955,8902,9972,1576,9935,1772
14956,8902,9972,9436,4573,1772
14957,7856,4714,1576,7591,5885
14958,7856,4714,1576,7591,3401
14959,7856,3253,1576,7591,5885
14960,7856,1478,1576,2195,663
14961,7856,1478,1294,3945,884
14962,7856,1478,4026,7591,8784
14963,8902,9493,1576,8433,884
14964,8902,9493,240,8433,884
14965,7856,9493,1576,8433,884
14966,8902,9972,9436,6350,6438
14967,8902,9972,1576,3537,3660
14968,8902,9972,1576,4573,6743
14969,7407,3229,9436,943,2422
14970,3299,5391,9436,8257,6222
14971,3299,5391,9436,9743,6222
14972,7856,1478,1576,7591,884
14973,8902,9972,9436,8650,3660
14974,8902,2390,1576,7591,884
14975,8902,9972,9436,5046,884
14976,2603,9972,9436,943,1772
14977,2603,9972,9436,4573,1772
14978,7856,9972,1576,9935,663
14979,7856,1478,1576,7591,3746
14980,8902,4714,1576,9743,5885
14981,7856,9972,9436,4573,5885
14982,7856,4714,9436,5046,5885
14983,7856,2224,9436,5046,884
14984,8902,4714,1576,9743,7145
14985,8902,9972,9436,3537,6438
14986,8902,9972,9436,4573,1772
14987,2383,9972,9016,9857,884
14988,8902,2390,317,4827,884
14989,2383,9972,9436,4573,884
14990,9154,9972,9016,9935,6743
14991,8902,2390,1576,9935,1772
14992,8902,2390,9016,4827,884
14993,3299,3229,9436,3537,3660
14994,8902,4714,9436,3537,8784
14995,8902,9972,9436,3537,6438
14996,3890,9972,9436,4573,6438
14997,8902,2390,9436,5358,884
14998,3890,9972,9436,4573,884
14999,2383,5353,9436,8008,884
15000,8902,9972,317,4573,1516
15001,8902,9972,9436,9192,884
15002,8902,3229,9436,7591,6813
15003,8902,4714,9436,7591,884
15004,7407,4714,3065,9743,884
15005,8902,9972,1576,9743,7145
15006,8902,9972,1576,7591,6
15007,8902,9972,1576,9743,6992
15008,8902,4714,9016,943,884
15009,7407,4714,9016,7591,884
15010,7407,4714,9016,7591,2422
15011,7856,9972,9436,4573,6
15012,2603,9972,9436,4573,1772
15013,3299,9972,9436,4573,1772
15014,8902,2390,1576,9935,1772
15015,8902,9972,1576,7591,884
15016,8902,9972,7093,7591,1772
15017,2603,9972,9436,4573,6438
15018,3890,9972,9436,8008,6438
15019,2603,9972,9436,4573,6438
15020,8902,9972,1576,4827,1772
15021,8902,9972,1576,5046,663
15022,8902,9972,317,4827,1772
15023,8902,9972,9436,8008,884
15024,2383,9972,9436,9857,884
15025,8902,9972,317,8008,1772
15026,8902,9972,9436,4573,6438
15027,8902,9972,9436,3666,1772
15028,8902,9972,317,9935,1772
15029,8902,9972,9436,4573,1772
15030,8902,4714,9436,7591,884
15031,8902,9972,317,3764,6743
15032,8902,9493,9436,8008,884
15033,8902,9972,9436,4573,6438
15034,8902,7134,706,4827,884
15035,2603,9972,9436,4573,1772
15036,8902,9972,1576,7591,884
15037,8902,9972,9436,4573,1772
15038,3299,2390,9436,4827,884
15039,8902,9972,9436,4573,6438
15040,8902,2390,9436,8008,884
15041,8902,9972,9436,8008,884
15042,3890,9972,9436,4573,6438
15043,2383,9972,9436,7572,6438
15044,2383,9972,9436,8008,884
15045,2383,666,9436,8008,884
15046,3890,9972,9436,8008,884
15047,3299,9972,9436,4573,6438
15048,8902,2390,2345,943,884
15049,2603,9972,9436,4573,6438
15050,7856,9972,1576,7591,3446
15051,7856,1478,1576,7591,663
15052,7856,1478,1576,7591,7145
15053,2603,9972,9436,4573,1772
15054,2603,9972,9436,4573,1772
15055,2603,9972,9436,4573,1772
15056,8902,3229,3065,3537,7495
15057,9675,4714,1576,4985,884
15058,8902,9972,3065,943,884
15059,2383,9972,9436,4573,884
15060,2603,9972,9436,4573,1772
15061,8902,9972,9436,4573,1772
15062,8902,9972,317,8008,1772
15063,7856,9972,9436,4573,6438
15064,3299,9972,9436,9742,6438
15065,8902,4714,9016,4827,884
15066,8902,2390,9016,9935,7145
15067,2383,9972,9436,8008,884
15068,2603,3229,9436,7591,6813
15069,3890,9972,9436,4573,1772
15070,3890,9972,9436,4827,884
15071,2383,9972,9436,4573,6438
15072,2383,9972,3295,8008,1772
15073,8902,9972,9436,8008,884
15074,8902,9972,1576,7591,884
15075,2383,2390,1576,8433,884
15076,8902,9972,9436,8008,884
15077,8902,9972,9436,4573,1772
15078,8902,9972,9436,4573,663
15079,8902,9972,9436,4573,6438
15080,7856,1478,240,7591,884
15081,7856,1478,8854,7591,884
15082,7856,9972,1576,4573,3746
15083,7856,9972,1576,9935,7145
15084,7856,4714,1576,7591,884
15085,7856,9972,1576,7591,3746
15086,7856,2390,1576,9935,7145
15087,8902,2224,7093,7591,1772
15088,7407,4714,1576,9743,6992
15089,8902,9972,1294,7591,6
15090,7856,9972,1576,4985,7145
15091,8902,2390,7093,9935,1772
15092,7856,4714,1576,7591,6466
15093,7856,9972,7093,4573,6
15094,8902,9972,1576,4573,6
15095,8902,9972,9436,4573,1772
15096,2603,9972,9436,4573,9305
15097,2603,9972,9436,4573,1772
15098,2603,9972,9436,4569,6438
15099,8902,9972,1576,4985,884
15100,3299,4714,9436,3537,6
15101,8902,9972,1576,7591,1772
15102,8902,9972,1576,9935,8548
15103,7856,9972,317,3764,6743
15104,3890,9972,9436,4573,6438
15105,2603,5353,9436,4827,884
15106,8902,9972,9436,4573,1772
15107,8902,9972,9436,4573,1772
15108,3890,9972,9436,4573,6438
15109,2603,2224,9436,8008,884
15110,8902,9972,1576,7591,3660
15111,8902,9972,317,4573,1516
15112,8902,9972,1576,7591,1772
15113,8902,9972,9436,4573,9305
15114,8902,9972,9436,4573,6813
15115,2603,9972,9436,4573,1772
15116,8902,9972,9436,4573,1772
15117,8902,9972,1576,9935,1772
15118,8902,9972,317,4573,1772
15119,3299,5391,1576,3537,884
15120,8902,9972,9436,8650,6438
15121,8902,3229,1576,9743,884
15122,8902,9972,1576,9743,6992
15123,8902,4714,9016,4985,2422
15124,7407,4714,1576,9743,6222
15125,7856,4714,6490,7591,884
15126,7856,4714,1576,9743,5885
15127,7856,4714,1576,7591,7145
15128,8902,2390,1576,7591,884
15129,8902,2390,1576,7591,8548
15130,7856,4714,1576,7591,7495
15131,8902,9972,1576,7591,663
15132,2603,9972,9939,4573,1772
15133,3299,5391,9436,4573,9305
15134,7856,1478,1576,7591,3746
15135,7856,1478,1576,2195,7145
15136,7856,9972,1319,4573,3119
15137,7407,4714,1576,7591,8548
15138,7856,4714,1576,7591,8548
15139,7856,1478,1576,9935,7145
15140,8902,9972,1576,5046,663
15141,8902,9972,1576,3666,1772
15142,8902,9972,9436,943,884
15143,7856,2390,1576,7591,884
15144,7407,4714,1576,4985,3660
15145,8902,4714,9016,7591,7145
15146,8902,9493,7093,9935,1772
15147,7856,9972,7093,7591,5885
15148,8902,9972,1576,9935,6
15149,8902,3229,3065,7591,884
15150,8902,9972,1576,7591,1772
15151,7856,4714,3065,9455,8464
15152,2603,9972,9436,3537,6438
15153,8902,5353,9436,8008,884
15154,2383,9972,9436,7572,6438
15155,7856,1478,9436,5046,884
15156,7856,4714,7093,7591,2422
15157,8902,9972,1576,7591,6
15158,2603,9972,9436,4573,884
15159,2603,5391,9436,3537,6438
15160,8902,2390,1576,3537,663
15161,8902,9972,9016,9743,6222
15162,2603,9972,9436,4573,6438
15163,8902,9972,9016,1879,6743
15164,7856,4714,9436,7591,884
15165,7856,4714,9436,7591,884
15166,8902,2390,1576,7591,663
15167,8902,9972,9436,8008,6438
15168,8902,9972,317,9935,1516
15169,8902,9972,317,4573,3119
15170,7856,9566,1576,9935,8548
15171,8902,1478,7093,9935,1772
15172,8902,9972,7093,9935,6743
15173,8902,4714,3065,5112,7495
15174,7407,4714,3065,5112,8464
15175,8902,4714,1576,7591,884
15176,7856,9972,1576,7591,884
15177,7856,1478,1576,7591,884
15178,7856,9972,9436,7591,884
15179,7856,1478,6490,7591,5885
15180,7856,4714,3065,5112,7495
15181,7856,9972,1294,2195,3746
15182,8902,2390,9436,5046,884
15183,8902,9972,9436,3537,884
15184,8902,3229,3065,3537,884
15185,8902,3229,1576,7591,884
15186,8902,9972,317,7591,7145
15187,8902,2390,1576,9935,1772
15188,2603,9972,9436,4573,884
15189,2603,9972,9436,4573,6438
15190,8902,4714,9016,4827,884
15191,8902,5391,5680,5046,6
15192,2603,9972,9436,4573,1772
15193,7856,9972,9436,3666,5885
15194,8902,9972,1576,7591,884
15195,7856,4714,3065,3537,7995
15196,7407,4714,1576,3537,884
15197,7407,4714,3065,9845,884
15198,8902,9972,1576,4827,1772
15199,8902,4714,3065,943,884
15200,2603,9972,9436,4573,6438
15201,8902,9972,9436,943,1772
15202,2383,2390,9436,8008,884
15203,8902,9972,1576,9935,6992
15204,8902,9972,9016,9935,884
15205,8902,9972,9016,4985,884
15206,7856,9493,7093,9935,7284
15207,7856,4714,3065,943,5885
15208,8902,9972,9016,7591,884
15209,8902,2390,1576,8433,7145
15210,8902,4714,1576,7591,884
15211,8902,9972,9436,4573,1772
15212,8902,2390,1576,4985,7145
15213,8902,9972,9436,943,1772
15214,8902,9972,3065,3537,7495
15215,8902,9972,9436,4573,1772
15216,8902,9972,9436,4573,1772
15217,3299,4714,9436,4573,9305
15218,7407,4714,1576,9455,4160
15219,7856,1478,1576,7591,7356
15220,7856,4714,1576,7591,884
15221,3890,9972,9436,8008,884
15222,8902,9972,1576,4573,1772
15223,8902,9972,9436,4573,5885
15224,8902,9972,1576,5046,1772
15225,8902,9972,1576,7591,884
15226,7856,4714,3065,9743,884
15227,8902,9972,9436,5046,663
15228,2603,9972,9436,4573,1772
15229,3299,7134,706,4827,884
15230,2603,9972,9436,4573,6438
15231,2603,9972,9436,4569,884
15232,2603,9972,9436,4573,6438
15233,7856,4714,3065,5112,7995
15234,8902,3229,3065,5812,7995
15235,7856,4714,1576,7591,884
15236,8902,9972,1576,9935,1772
15237,8902,9972,1576,9935,3660
15238,8902,4714,1576,1592,657
15239,7856,9972,1576,7591,8548
15240,8902,4714,1576,7591,8548
15241,7856,1478,1576,9935,8548
15242,3890,9972,9436,4573,8784
15243,3890,9972,9436,4573,6438
15244,3890,5353,9436,8008,884
15245,8902,4714,9016,9743,6222
15246,7407,4714,9016,9743,6222
15247,7856,9972,7093,7591,884
15248,7856,4714,8854,7591,884
15249,7856,4714,1576,9935,7821
15250,7856,3253,8854,7591,3446
15251,7856,1478,1576,7591,3746
15252,7856,4714,1576,7591,884
15253,7856,1478,240,2195,2796
15254,3890,9972,9436,8008,884
15255,7856,1478,1576,7591,7145
15256,7856,2390,9436,7591,663
15257,2603,9972,9436,4573,1772
15258,3299,7134,9436,9742,5464
15259,8902,9972,9436,4573,1772
15260,8902,4714,6490,7591,7145
15261,8902,9972,9436,4573,9305
15262,2603,9972,9436,8008,6438
15263,8902,9972,9436,8008,884
15264,8902,2390,1576,7591,884
15265,8902,9972,1576,7591,884
15266,8902,9972,9436,4573,1772
15267,7856,2390,7093,7591,7957
15268,8902,4714,1576,7591,884
15269,2603,9972,9436,3537,6438
15270,8902,9972,9436,4573,1772
15271,8902,9972,1294,3764,1772
15272,2603,9972,9436,3537,6438
15273,8902,9972,1576,7591,1772
15274,7856,1478,4026,2195,884
15275,3890,9972,317,8008,884
15276,8902,5353,317,9935,1772
15277,8902,9972,9436,4573,1772
15278,2603,9972,9436,4573,9305
15279,7856,9493,7093,7591,884
15280,8902,9972,9436,4573,1772
15281,8902,9972,7093,7591,2422
15282,8902,3229,1576,4985,3660
15283,8902,2390,1576,7591,884
15284,8902,9972,9436,9935,2422
15285,2603,2390,9436,7572,6438
15286,3890,9972,9436,8008,884
15287,8902,2390,1576,9743,7995
15288,8902,9972,1576,5046,884
15289,8902,9972,9436,7591,884
15290,7856,9972,1576,7591,663
15291,7856,3253,4026,7591,8548
15292,7856,1478,1576,7591,7145
15293,2603,9972,9436,4573,6438
15294,8902,3229,9016,4985,6813
15295,8902,9972,317,4573,1772
15296,8902,9972,9436,4573,1772
15297,3890,9972,9436,4573,6438
15298,7856,4714,1576,7591,7145
15299,8902,2390,1576,9743,6222
15300,8902,2390,1576,9935,7145
15301,8902,9972,1576,7591,884
15302,8902,9972,1576,9935,1772
15303,3299,4714,3065,3537,6438
15304,8902,9972,9436,9935,3660
15305,8902,4714,7093,4827,884
15306,8902,9972,1576,4573,1772
15307,8902,4714,1576,7591,7821
15308,7856,2390,1576,7591,663
15309,7407,4714,1576,9455,7995
15310,8902,9972,1576,9743,7826
15311,9675,4714,9044,9857,884
15312,7856,4714,9016,7591,884
15313,7856,4714,1576,7591,884
15314,3890,9972,9016,8008,6743
15315,2603,9972,1576,3537,663
15316,3299,4714,9436,4569,884
15317,7856,9972,1576,7591,1772
15318,8902,9972,9436,4573,1772
15319,7856,1478,240,9935,8548
15320,7407,3229,1576,4985,3660
15321,8902,4714,1576,9935,7145
15322,8902,9972,1576,9935,1772
15323,2383,9972,9436,9192,6438
15324,7856,1478,1576,9935,8548
15325,8902,2390,7093,7591,1772
15326,8902,2224,1576,3537,7995
15327,8902,4714,9016,4985,7145
15328,3890,9972,9436,7572,6438
15329,8902,9972,1576,7591,7145
15330,7856,9972,1576,7591,884
15331,7856,4714,1576,7591,663
15332,8902,9972,9436,4573,9305
15333,8902,9972,9436,3537,663
15334,5971,9972,9016,9743,6222
15335,8902,9972,6490,9743,5885
15336,8902,9972,1576,4827,884
15337,7407,3229,9436,7591,6222
15338,8902,9972,9436,4573,1772
15339,8902,9972,1576,4569,6743
15340,8902,9972,317,7591,6743
15341,7856,1478,1576,9935,663
15342,2603,2390,9436,8008,884
15343,2603,9972,9436,4573,9305
15344,8902,9972,9436,4573,1772
15345,7856,9972,9016,7591,6743
15346,7856,9972,1576,9743,6222
15347,7856,1478,4026,2195,7356
15348,7856,9972,1576,4573,6
15349,8902,9972,9436,4573,1772
15350,7856,4714,9016,7591,5885
15351,8902,9972,9016,9935,6743
15352,8902,4714,3065,943,884
15353,7856,1478,1576,7591,884
15354,3299,9972,9436,943,1772
15355,8902,9972,9436,4573,6438
15356,8902,5348,240,9935,884
15357,8902,9972,9436,4573,9305
15358,2603,9972,9436,4573,6438
15359,8902,9972,9436,2900,1772
15360,8902,2390,1576,9935,1772
15361,8902,9972,9436,3666,1772
15362,7856,9972,1576,9935,8548
15363,3299,3229,9436,3537,884
15364,8902,9972,1576,3764,1772
15365,3890,9972,9436,8008,6438
15366,8902,3229,9436,9743,6222
15367,7856,1478,1576,9935,8548
15368,7856,1478,9044,7591,884
15369,8902,9972,1576,4573,6
15370,8902,9972,9436,4573,6438
15371,7856,9972,1576,4573,1772
15372,8902,9972,9436,9935,1772
15373,7856,9493,1576,7591,663
15374,8902,9972,9436,4573,884
15375,8902,9972,1576,7591,884
15376,8902,4714,9016,943,2422
15377,2603,9972,9436,3537,6438
15378,8902,9972,1576,4669,1772
15379,7407,4714,9436,5046,6813
15380,2603,9972,9436,4573,1516
15381,2603,9972,9436,4573,1772
15382,2603,9972,9436,4573,6438
15383,8902,4714,3065,3537,7495
15384,8902,9972,9436,4573,1772
15385,8902,2390,9436,943,884
15386,7856,1478,1576,7591,8548
15387,8902,9972,9436,9935,1772
15388,7407,3229,1576,7591,6222
15389,8902,4714,9016,9935,7145
15390,8902,9972,9436,4573,1772
15391,8902,4714,3058,7591,884
15392,3890,9972,9436,4573,6438
15393,7856,1478,1576,9935,1772
15394,7856,1478,1576,9935,8548
15395,7856,1478,1576,7591,663
15396,7407,4714,1576,7591,8548
15397,3299,9972,9436,4573,6438
15398,3299,9972,9436,4573,6438
15399,8902,9972,9436,9455,6222
15400,8902,9972,9436,4573,1772
15401,8902,2390,9016,9935,2422
15402,7856,9493,7093,9935,2422
15403,8902,9972,9436,5046,884
15404,7407,4714,1576,7591,3660
15405,7856,4714,1576,7591,884
15406,8902,9972,1576,9935,7145
15407,7856,2390,1576,4985,884
15408,2383,2390,9436,8008,884
15409,7407,4714,3065,3537,7995
15410,8902,4714,706,7591,7145
15411,7856,4714,9436,7591,6222
15412,8902,9972,1576,7591,8548
15413,2603,9972,9436,4573,6438
15414,8902,2390,6851,2900,1772
15415,8902,2390,7093,9935,1772
15416,7856,9972,1576,7591,1772
15417,8902,9972,7093,9935,1772
15418,3890,9972,9436,4573,1772
15419,8902,4714,1576,7178,7145
15420,8902,9972,9436,4573,9305
15421,8902,9972,1576,9743,5885
15422,8902,9972,9436,3537,1772
15423,8902,4714,3065,9743,884
15424,8902,2390,1576,3537,7995
15425,7856,4714,1576,7591,5885
15426,3299,7134,9436,9742,6438
15427,8902,5353,9436,8008,884
15428,3890,9972,9436,4827,884
15429,7856,4714,9016,7591,884
15430,7856,1478,1576,7591,7145
15431,7856,4714,1576,7591,7145
15432,8902,2390,9436,7591,884
15433,8902,9972,9436,4573,6438
15434,8902,9972,9436,4573,884
15435,8902,9972,1319,8008,884
15436,3890,9972,9436,4573,8784
15437,8902,9493,9016,4827,884
15438,8902,9972,7093,9935,6743
15439,8902,2390,1576,7591,884
15440,7856,2390,1576,4985,5885
15441,8902,5391,9436,5046,6
15442,7856,1478,7093,1563,884
15443,8902,9972,9436,4573,6
15444,7856,4714,3065,9743,663
15445,8902,9972,3065,4985,7995
15446,7407,3229,9436,9455,6222
15447,8902,9972,9436,3537,6438
15448,3299,3229,9436,9743,6222
15449,8902,9972,1576,9935,3660
15450,2603,9972,9436,4573,9305
15451,2603,9972,9436,9857,884
15452,7407,4714,1576,7178,884
15453,8902,9972,9436,4573,1772
15454,2603,9972,9436,4573,6438
15455,8902,4714,1576,4985,7821
15456,7856,9972,9436,943,1772
15457,2603,2390,9436,4573,6438
15458,2603,9972,9436,4573,6438
15459,7856,1478,7093,9935,7145
15460,3890,9972,6851,4573,1772
15461,7856,9972,9436,7591,884
15462,8902,9972,9436,3537,663
15463,7856,4714,1576,7591,884
15464,8902,9972,9436,2900,1772
15465,8902,2390,7093,9935,6743
15466,8902,9972,9436,9935,884
15467,8902,9972,9436,4573,1772
15468,7856,1478,1576,4777,884
15469,8902,9972,1576,1879,1772
15470,7856,1478,1576,9935,1772
15471,8902,9972,1576,4985,7145
15472,2603,7134,9436,5046,884
15473,8902,9972,9436,8008,6743
15474,8902,2390,9436,3537,884
15475,8902,9972,9436,4573,1772
15476,7856,9972,1576,7591,3746
15477,8902,4714,3065,9743,6992
15478,2603,9972,9436,4573,6438
15479,7856,2390,1576,7591,1772
15480,8902,9972,9436,4573,1772
15481,8902,2390,9436,1632,6222
15482,2603,9972,9436,4573,6438
15483,7856,1478,317,9935,7145
15484,8902,9972,1576,4573,1772
15485,8902,9972,1576,7591,1772
15486,7856,9972,7093,7591,884
15487,7856,4714,1576,9743,4202
15488,8902,9972,9016,9935,884
15489,8902,9972,1576,9935,1772
15490,8902,2224,1576,3537,663
15491,8902,9972,9016,4985,3660
15492,8902,9972,9016,9935,7701
15493,2603,9972,1576,4573,1772
15494,8902,9972,1576,9935,3660
15495,8902,9972,1576,4573,6
15496,8902,9972,9436,3666,1772
15497,8902,9972,1576,3537,884
15498,8902,9972,317,9935,7145
15499,2603,9972,9436,4573,1772
15500,8902,2390,1576,4985,7145
15501,3299,9972,9436,4669,1772
15502,7856,9972,1576,7591,1772
15503,7856,9972,1576,4573,1772
15504,8902,2390,1576,4827,7145
15505,8902,9972,1576,4573,884
15506,2603,9972,9436,4573,1772
15507,8902,9972,1576,4573,1772
15508,8902,9972,9436,4573,1772
15509,2383,9972,9436,4573,884
15510,2383,5353,9436,8008,884
15511,8902,9972,1576,3537,1772
15512,2383,5353,317,9935,884
15513,8902,3229,9016,7591,2422
15514,7856,9972,240,2195,3401
15515,7856,9972,9436,3537,884
15516,8902,2390,1576,9742,884
15517,8902,9972,9436,4573,1772
15518,8902,9972,9436,4573,1772
15519,7407,9972,9016,9743,7145
15520,3299,9972,2345,9935,1772
15521,8902,9972,9436,4573,1772
15522,8902,9972,1576,9935,1772
15523,2383,7134,9436,9742,6438
15524,2603,9972,9436,4985,1772
15525,7856,4714,9436,7591,884
15526,8902,9972,9436,9935,2422
15527,3890,9972,9436,4573,8784
15528,7856,4714,7093,8008,884
15529,8902,9972,9436,4985,3660
15530,8902,9972,9436,4573,663
15531,8902,9972,9436,3764,1772
15532,7407,4714,3065,8294,7995
15533,7856,1478,1576,7591,8548
15534,8902,4714,1576,7591,1772
15535,7856,1478,7093,4573,3746
15536,7856,2390,7093,9935,1772
15537,8902,9972,9436,8008,884
15538,2383,5353,317,8008,7145
15539,8902,9972,9436,7591,9305
15540,2603,2390,9436,8008,9305
15541,3890,9972,9436,4573,6438
15542,8902,9972,9436,4573,1772
15543,8902,9972,9436,7591,884
15544,7407,4714,1576,9743,884
15545,8902,9972,1576,7591,663
15546,7856,2390,3200,7591,7145
15547,8902,9972,9436,4573,6438
15548,8902,9972,9436,4573,6438
15549,7856,4714,1576,7591,8548
15550,7856,4714,1576,7591,7145
15551,8902,2390,1576,9935,7145
15552,3890,666,9044,9742,884
15553,8902,9972,1576,7591,4160
15554,2603,9972,9436,4573,6438
15555,8902,9972,1576,9743,884
15556,8902,9972,1576,5046,1772
15557,8902,3229,9436,3537,8784
15558,8902,2390,1576,4985,663
15559,8902,9972,9436,3537,6222
15560,7856,4714,1576,7591,7145
15561,7856,2390,1576,9935,1772
15562,2603,9972,9436,4573,6438
15563,8902,9972,9436,7591,2422
15564,8902,2390,1576,7591,663
15565,7856,1478,1576,7591,7145
15566,8902,9972,9436,4573,6438
15567,8902,9972,9436,4573,6438
15568,2603,9972,9436,4573,6438
15569,8902,9972,1576,8433,663
15570,7856,9972,9436,4573,6222
15571,8902,2390,1576,9935,1772
15572,8902,2390,7093,9935,1772
15573,7856,9972,1576,7591,884
15574,8902,9972,9436,4573,1772
15575,7856,9972,1576,4985,3164
15576,3299,9972,9436,3537,884
15577,7856,2390,7093,7591,1772
15578,8902,4714,9436,7591,884
15579,7856,9972,9436,4573,6
15580,7856,9972,7093,7591,1772
15581,8902,9972,8779,3764,1772
15582,2383,9972,9436,7591,884
15583,2603,9972,9436,4573,6438
15584,7856,9972,7093,9935,7356
15585,8902,3229,9016,4985,3982
15586,7856,4714,7093,1902,2422
15587,7856,4714,1576,7591,884
15588,7856,9972,9436,9743,884
15589,2383,5353,240,8008,884
15590,8902,9972,9436,4573,1772
15591,8902,9972,9436,4573,6438
15592,7407,4714,9436,7591,884
15593,7856,4714,1576,9935,1772
15594,7856,2390,1576,7591,7145
15595,8902,4714,1576,7591,2422
15596,8902,2463,240,9935,8548
15597,8902,9972,9436,4573,6438
15598,8902,9972,1294,7591,6
15599,8902,3229,1576,4985,7145
15600,7407,3229,1576,4985,7145
15601,3299,2390,9436,5046,3446
15602,7856,9972,1576,7591,8464
15603,8902,9972,9436,4573,1772
15604,8902,9972,9436,4573,884
15605,8902,9972,9436,4573,6438
15606,7856,2390,1576,7591,884
15607,8902,4714,9436,4827,884
15608,8902,9972,9436,5046,1772
15609,8902,9972,1576,7591,3660
15610,7856,9972,7093,7591,3660
15611,7856,4714,1576,4985,7145
15612,8902,9972,7093,7591,1772
15613,8902,9972,1576,3666,1772
15614,8902,9972,1576,9935,7145
15615,7407,3229,9436,9743,6222
15616,7856,2390,1576,9935,884
15617,8902,9972,1576,9935,884
15618,8902,9972,9436,4573,6438
15619,3890,9972,9436,8008,884
15620,2383,666,1319,8008,884
15621,7856,4714,1576,7591,7145
15622,8902,9972,9436,3537,884
15623,7856,2390,1576,9935,7145
15624,8902,4714,9436,1632,3660
15625,7856,4714,1576,7591,7145
15626,7856,9972,1576,7591,6
15627,8902,9972,1576,3537,1772
15628,8902,5353,317,8008,884
15629,8902,9972,9436,4573,1772
15630,8902,9972,7093,7591,1772
15631,3299,9972,9436,4573,6813
15632,8902,1478,1576,7591,8548
15633,2383,5353,9436,4573,6438
15634,7856,4714,1576,7591,5885
15635,7856,2390,1576,7591,7356
15636,3299,7134,1576,9742,884
15637,8902,9972,9436,4573,6438
15638,7856,9972,1576,7591,1772
15639,8902,9972,706,8008,884
15640,8902,4714,1576,7591,8548
15641,8902,9972,9436,4985,3660
15642,7856,4714,1576,4985,7145
15643,7856,9972,9436,7591,884
15644,8902,9972,7093,9935,1772
15645,8902,2463,1576,9935,1772
15646,8902,9972,9436,4573,1772
15647,7856,2390,1576,7591,7145
15648,8902,9972,317,4573,1516
15649,8902,9972,9436,3537,6438
15650,8902,4714,1576,7591,884
15651,2383,5353,9436,7572,884
15652,7856,2390,7093,9935,7145
15653,7856,2390,1576,7591,884
15654,7856,9972,1576,7591,7356
15655,2603,9972,9436,1632,884
15656,8902,9972,1576,4985,3660
15657,7856,1478,1576,9935,7145
15658,7856,9972,1576,7591,884
15659,3299,4714,9436,3537,884
15660,7856,2390,1576,7591,663
15661,8902,4714,9436,9743,5885
15662,7407,4714,1576,3537,7995
15663,7856,2390,1576,7591,884
15664,8902,9972,9436,3537,6438
15665,7856,2390,1576,9935,7145
15666,8902,9972,1576,4985,7145
15667,7856,2390,1576,7591,4202
15668,8902,9972,1576,3537,884
15669,7856,4714,9436,7591,884
15670,8902,9972,1576,4731,7995
15671,7856,4714,1576,7591,8548
15672,3299,9972,9436,4669,1772
15673,8902,3229,9436,943,884
15674,7407,4714,9436,7591,884
15675,8902,4714,1576,9935,7145
15676,8902,1478,1576,9935,1772
15677,7856,4714,1576,7591,663
15678,8902,9972,1576,292,8784
15679,7856,4714,1576,9743,663
15680,7856,2390,1576,7591,884
15681,7856,1478,7093,7591,884
15682,8902,9972,317,4573,1772
15683,8902,9972,1294,1879,1772
15684,7856,4714,7093,7591,7145
15685,8902,9972,317,4573,1516
15686,8902,9972,9436,4827,884
15687,8902,9972,1576,7591,1772
15688,2383,9972,9044,5046,884
15689,2603,9972,9436,3537,6438
15690,7407,4714,1576,7591,884
15691,7856,4714,1576,7591,8548
15692,7407,9972,9016,9743,3119
15693,8902,9972,9436,4573,6438
15694,8902,9972,9436,4573,1772
15695,8902,9972,9436,4573,1772
15696,8902,4714,1576,7591,663
15697,2603,9972,9436,4573,6438
15698,8902,9972,1576,7591,884
15699,8902,4714,1576,7591,663
15700,8902,2390,1576,9935,1772
15701,7856,9972,1576,7591,663
15702,3890,9972,9436,8008,1772
15703,8902,9972,9436,9742,884
15704,2603,9972,9436,4573,6438
15705,7856,2390,7093,7591,884
15706,7856,9972,1576,7591,884
15707,8902,9972,1576,478,7145
15708,8902,9972,9436,9742,884
15709,3890,9972,9436,4573,884
15710,2603,9972,9436,4573,6438
15711,8902,1478,7093,9935,884
15712,8902,9972,9436,4573,6438
15713,3890,5353,9436,8008,884
15714,7856,9972,1576,9935,663
15715,7407,4714,9436,3537,6
15716,2603,9972,9436,4573,6438
15717,8902,4714,7093,7591,1772
15718,8902,9972,9436,3537,1772
15719,7856,2390,1576,7591,7145
15720,7856,9972,1576,7591,6
15721,7407,4714,1576,7591,884
15722,2603,9972,9436,4573,1772
15723,3890,9972,9436,4573,6438
15724,7856,2390,7093,7591,7145
15725,7856,1478,1576,7591,8548
15726,3890,9972,9436,8008,1772
15727,8902,9972,1576,4985,6813
15728,3299,7134,9044,4827,884
15729,7856,9972,7093,7591,884
15730,2383,5353,317,8008,9840
15731,7856,4714,1576,7591,884
15732,7856,1478,240,8433,884
15733,2603,9972,9436,4573,6438
15734,7856,1478,4079,8302,7145
15735,7856,2390,1576,9935,1772
15736,2603,9972,9436,4573,6438
15737,2603,9972,9436,4573,1772
15738,7856,1478,1576,7591,663
15739,8902,9972,9939,3666,1772
15740,3299,9972,9939,3537,1772
15741,7856,4714,3065,5112,7995
15742,8902,4714,1576,7591,884
15743,7856,9493,1576,7591,884
15744,8902,9972,317,8008,884
15745,7856,1478,1576,9935,1772
15746,8902,9972,9436,7591,884
15747,7856,1478,1576,9935,1772
15748,7856,2390,1576,5812,6222
15749,7856,2390,1576,7591,884
15750,8902,2390,1576,9935,1772
15751,2603,9972,9436,4573,9305
15752,2603,9972,9436,4573,9305
15753,7856,9493,1576,7591,8548
15754,8902,9972,9016,9935,2422
15755,8902,4714,1576,4985,663
15756,8902,9972,1576,9935,884
15757,8902,9972,9016,4985,3660
15758,8902,9972,2345,5046,663
15759,7856,4714,1576,3945,884
15760,8902,9972,7093,9935,1772
15761,7856,4714,3065,943,884
15762,8902,9972,1576,9935,3660
15763,8902,9972,9436,6350,6438
15764,2603,9972,9044,9742,6766
15765,8902,9972,9016,4569,2422
15766,8902,4714,9016,8008,884
15767,8902,9972,9436,4573,6438
15768,7856,4714,9436,7591,884
15769,2603,9972,9436,4573,6438
15770,8902,9972,7093,9935,6992
15771,2383,666,9436,5046,884
15772,8902,2390,1576,9935,1772
15773,2603,9972,9436,4573,6438
15774,7856,1478,1576,7591,884
15775,2383,9972,9016,8008,884
15776,8902,9972,7428,7206,6743
15777,2383,9972,9436,8008,884
15778,8902,9972,1576,9935,663
15779,2603,9972,9436,9192,884
15780,7856,4714,7093,7591,8464
15781,3299,9972,9436,4573,6438
15782,8902,2390,9436,5046,884
15783,2383,2390,9436,4827,884
15784,7856,2390,7093,7591,884
15785,8902,2390,7093,7591,1772
15786,8902,2390,7093,9935,2422
15787,8902,9972,9436,1632,7952
15788,2603,9972,9436,4573,6438
15789,8902,9972,9436,4573,1516
15790,8902,9972,9436,4573,1772
15791,7856,2390,1576,9935,7145
15792,8902,9972,1576,4669,1772
15793,8902,9972,1576,9935,1772
15794,8902,4714,1576,7591,7145
15795,7407,4714,3065,9743,884
15796,8902,3229,9436,4985,3660
15797,7856,2390,1576,9935,7145
15798,8902,9972,1576,9935,1772
15799,3299,4714,1576,7591,884
15800,2603,9972,9436,4573,6438
15801,7856,2390,1576,7591,884
15802,7856,2224,9436,3537,884
15803,3299,7134,9436,4573,6438
15804,7856,9972,1576,7591,884
15805,8902,9972,9016,9743,6743
15806,8902,9972,1576,7591,884
15807,7856,2390,1576,4777,8548
15808,7856,1478,1576,7591,1772
15809,7856,4714,9436,3537,7495
15810,2603,9972,9436,4573,9305
15811,3299,4714,1576,3537,7995
15812,2603,9972,9436,8008,6743
15813,8902,9972,1576,5046,884
15814,7856,4714,1576,9935,5690
15815,2603,9972,9436,4731,7495
15816,8902,9972,317,8008,884
15817,8902,9972,9436,9935,1772
15818,8902,9972,1576,3666,1772
15819,7856,4714,1576,5046,663
15820,8902,2390,7093,9935,2422
15821,8902,9972,9436,4573,1772
15822,7856,4714,1576,9935,663
15823,7856,4714,1576,9935,2422
15824,8902,9972,9436,3537,8784
15825,7856,9972,3065,4839,8464
15826,2603,9972,9436,3537,6438
15827,7856,4714,240,9857,884
15828,7856,1478,1576,7591,7145
15829,3474,75,9044,5046,8784
15830,8902,9972,9436,4573,1516
15831,8902,3229,9436,7591,6813
15832,3299,9972,9436,3537,663
15833,8902,9972,7093,9935,1772
15834,7856,9972,1576,7591,663
15835,8902,9972,1576,3764,6
15836,8902,4714,9436,7591,1772
15837,8902,9972,9436,4573,6438
15838,7856,2390,1576,9935,2422
15839,7856,9972,7093,4573,6
15840,2383,9972,9436,8008,884
15841,8902,9972,9436,7591,1772
15842,8902,9972,1576,9935,1772
15843,4237,1478,6713,4573,1772
15844,3299,4714,9016,9743,884
15845,8902,5391,9436,3666,6813
15846,7856,2390,1576,7591,884
15847,8902,5353,9436,8433,884
15848,7856,9972,7093,9935,6
15849,8902,9972,9436,8008,6438
15850,8902,2390,1576,9935,663
15851,8902,9972,1576,3178,884
15852,8902,9972,9016,3764,6743
15853,7856,2390,1576,7591,884
15854,8902,2390,317,9935,1772
15855,8902,9972,9436,3537,6438
15856,3299,2224,9436,7572,9305
15857,8902,1478,240,9801,5177
15858,7856,1478,7093,9935,663
15859,8902,9972,9436,4827,884
15860,8902,2390,9016,4827,6743
15861,8902,9972,9436,3666,1772
15862,2603,9972,9436,8008,884
15863,8902,4714,8102,943,6329
15864,8902,9972,1576,9743,6992
15865,9811,666,240,1563,884
15866,7856,4714,1576,4985,663
15867,7856,1478,1576,7591,884
15868,3299,2224,1576,7591,6
15869,7856,9972,7093,4573,1772
15870,8902,9972,8815,4669,1772
15871,8902,2390,1576,9935,663
15872,8902,9972,1576,7591,1772
15873,8902,9972,9436,3537,6438
15874,8902,9972,7093,9935,1772
15875,8902,9972,9436,3537,663
15876,2603,9972,9436,4573,6222
15877,3890,9972,9436,8008,884
15878,7856,4714,7093,7591,663
15879,2603,9972,9436,4573,1772
15880,7856,9493,1576,7591,884
15881,7407,3229,3065,3537,7495
15882,8902,9972,1576,4985,6
15883,3299,4714,9436,4827,884
15884,8902,2390,240,9742,884
15885,8902,9972,1294,9935,6
15886,7856,9972,7093,7591,884
15887,2603,9972,9436,4573,6438
15888,8902,4714,9436,943,5885
15889,2603,9972,9436,4573,6438
15890,8902,2390,9016,9935,7145
15891,2603,9972,9436,4573,1772
15892,8902,9972,9436,4573,9305
15893,3299,9972,9436,943,1772
15894,8902,2390,1576,9935,7145
15895,8902,9972,9436,4573,6438
15896,7856,4714,1576,7591,663
15897,8902,2390,9016,9935,1772
15898,7856,1478,1576,7591,7356
15899,8902,9972,9436,4573,6
15900,7856,4714,1576,7591,884
15901,7856,1478,240,8302,7145
15902,7856,2390,1576,7591,663
15903,2603,9972,9436,4573,6438
15904,7856,2390,7093,7591,884
15905,7856,4714,7093,7591,884
15906,8902,9972,9436,3537,1772
15907,8902,9972,9436,7591,884
15908,8902,9972,9436,8008,884
15909,8902,9972,9436,4573,6438
15910,7856,4714,1576,7591,884
15911,2603,9972,8815,9935,2422
15912,7856,4714,9436,4573,1772
15913,2603,9972,9436,4573,1772
15914,8902,9972,9436,4573,1772
15915,8902,9972,9436,7591,5885
15916,2383,7134,9016,4827,884
15917,2603,9972,9436,8008,884
15918,8902,75,9044,1513,884
15919,8902,9972,9436,8008,884
15920,8902,2390,1576,7591,663
15921,8902,9972,8102,943,884
15922,8902,9972,9436,4573,1772
15923,7856,9972,1576,9935,1772
15924,7856,9493,1576,7591,884
15925,7856,4714,1576,7591,884
15926,2383,9972,9044,5046,3446
15927,8902,9972,1576,4985,6992
15928,8902,9972,1576,9935,1772
15929,8902,9972,1576,7591,884
15930,7856,1478,1576,4777,8548
15931,7856,2390,1576,7591,7145
15932,8902,5353,9436,8008,884
15933,7856,6429,3647,9935,1449
15934,2383,9972,240,3670,884
15935,7856,1478,1576,9935,1772
15936,7856,4714,6490,7591,5885
15937,7856,1478,1576,7591,8548
15938,7856,4714,1576,7591,884
15939,8902,9972,7093,9935,1772
15940,7856,9972,1576,9935,1772
15941,8902,9972,8779,9935,1772
15942,8902,2390,9436,8008,884
15943,2603,9972,9436,4573,663
15944,8902,9972,9436,3670,884
15945,8902,9972,1576,4573,3660
15946,8902,9972,9436,3537,884
15947,8902,2390,1576,7591,7145
15948,7856,4714,9016,4827,7145
15949,3299,9972,9044,9742,884
15950,8902,9972,1576,9743,7145
15951,8902,9972,317,4573,1772
15952,7856,4714,1576,9935,8548
15953,8902,9972,9436,3537,6438
15954,7856,1478,240,2195,884
15955,7856,9972,1576,7591,1772
15956,8902,3229,1576,7591,8096
15957,8902,9972,9436,4573,9305
15958,3299,2224,9436,7572,6438
15959,8902,9972,1576,4985,1772
15960,7856,1478,9436,4573,884
15961,8902,9972,3065,3537,663
15962,7856,4714,1576,7591,5885
15963,8902,9972,9016,7591,3660
15964,8902,9972,9436,4573,1772
15965,8902,9972,9436,4573,6438
15966,8902,2390,1576,4985,8548
15967,7856,9972,1576,7591,3660
15968,3299,9972,9436,3537,6438
15969,8902,9972,9436,4573,1772
15970,8902,9972,9436,4573,6438
15971,8902,9972,1576,9935,1772
15972,7856,9493,1576,2195,884
15973,7856,2390,1576,7591,7145
15974,8902,6429,1576,9935,7145
15975,2603,9972,9436,4573,9305
15976,2603,9972,9436,4573,1772
15977,7856,1478,4026,7591,7356
15978,8902,9972,1576,7591,663
15979,8902,9972,9436,4573,1772
15980,7856,2390,1576,7591,3746
15981,8902,9972,9436,4573,1772
15982,3890,9972,9436,4573,6438
15983,7856,9972,1576,7591,884
15984,7856,1478,1576,7591,663
15985,7407,9972,1576,9743,6222
15986,7856,1478,1576,7591,8548
15987,8902,9972,1576,4573,1772
15988,8902,9972,9016,7591,3660
15989,2603,9972,9436,4573,6438
15990,8902,9972,9436,7591,884
15991,2603,9972,9436,4573,6438
15992,7856,4714,1576,7591,663
15993,8902,2390,9016,9935,7145
15994,2383,9972,9044,5046,884
15995,8902,9972,317,4573,1772
15996,7856,2390,1576,7591,7145
15997,7856,4714,7093,7591,2422
15998,8902,2224,9436,943,884
15999,8902,9972,1576,9935,3660
16000,7856,9972,9016,9935,3660
16001,2603,9972,9436,4573,6438
16002,8902,5353,9436,8008,884
16003,7856,4714,1576,9935,8548
16004,8902,9972,1576,4985,3660
16005,7856,4714,1576,7591,2422
16006,8902,9972,9436,3537,884
16007,8902,2390,1576,4985,7145
16008,3890,9972,9436,4573,6438
16009,5971,5391,9016,9455,6222
16010,7856,2390,1576,9935,884
16011,7856,1478,1576,4777,884
16012,2603,9972,9436,7591,884
16013,8902,9972,9436,4573,3660
16014,7856,2390,1576,7591,884
16015,3299,9972,9436,4573,6
16016,2603,9972,9436,4573,1772
16017,7856,2390,7093,7591,7957
16018,8902,2390,1576,4985,663
16019,8902,9493,1576,2195,884
16020,2603,9972,9436,4573,1772
16021,7407,4714,1576,7591,3660
16022,7856,3253,1576,7591,7356
16023,8902,9972,9436,4573,1772
16024,8902,9972,1294,1879,6
16025,8902,2390,9436,5046,884
16026,8902,9972,9436,4573,1772
16027,7856,75,240,4777,884
16028,2603,2390,9436,4573,6438
16029,8902,4714,7093,7591,2422
16030,8902,9972,9436,2900,1772
16031,3299,9972,9436,4573,1772
16032,8902,9972,1576,9935,8548
16033,3474,75,240,7039,7145
16034,7856,9972,1576,7591,884
16035,7856,9972,1576,9935,7356
16036,8902,9972,7093,943,3660
16037,2603,9972,9436,4827,884
16038,7856,9493,8854,8302,7145
16039,2383,9972,9436,4731,884
16040,8902,9972,9436,4573,1772
16041,8902,9972,1576,7591,1772
16042,7856,2390,1576,7591,884
16043,8902,1478,317,1304,1772
16044,7856,9972,7093,7591,1772
16045,2383,9972,9436,4573,6438
16046,8902,9972,9436,6125,6222
16047,8902,2390,1576,4827,884
16048,8902,9972,9436,4573,9305
16049,9675,4714,3065,5358,884
16050,8902,4714,9436,7591,9305
16051,7856,4714,1576,7591,7145
16052,8902,4714,2345,7591,2422
16053,2603,9972,9436,4573,1772
16054,8902,5391,3065,3537,884
16055,3890,9972,9436,4573,6438
16056,7856,2390,9016,7591,884
16057,3890,9972,9436,4573,6438
16058,8902,2390,9436,4827,884
16059,8902,9972,9436,5046,6
16060,7856,1478,1576,7591,8548
16061,7856,4714,1576,9935,2422
16062,8902,9972,9436,8008,6438
16063,8902,2390,1576,7591,7145
16064,8902,9972,317,8008,1772
16065,8902,9972,9436,4573,1516
16066,8902,9972,9436,8008,9305
16067,8902,9972,1576,7591,884
16068,8902,9972,1576,4569,6
16069,7856,9972,9436,4573,6438
16070,8902,9972,1576,7591,7145
16071,8902,9972,9436,4827,884
16072,7856,2390,1576,9935,8548
16073,2603,9972,9016,1632,6222
16074,8902,4714,1576,4985,884
16075,2603,9972,9436,4573,1772
16076,3299,3229,9436,3537,663
16077,2383,9972,9436,3537,6438
16078,7856,1478,317,7591,884
16079,7856,9972,1576,7591,8548
16080,7407,4714,1576,5112,2422
16081,8902,9972,9436,9743,884
16082,8902,9972,317,8008,6743
16083,8902,9972,1576,9935,1772
16084,7856,4714,3065,3537,5885
16085,8902,9972,9436,7591,1772
16086,7856,2390,1576,9935,663
16087,7856,1478,1576,7591,884
16088,8902,4714,1576,7591,884
16089,7856,1478,7093,9935,884
16090,8902,9972,240,8008,884
16091,8902,9972,9436,3537,884
16092,7856,4714,1576,9935,7145
16093,7856,9972,9436,7591,884
16094,7856,4714,1576,9935,884
16095,7856,1478,240,7591,8548
16096,7856,4714,1576,4985,8548
16097,3299,5391,9436,3537,6438
16098,8902,7134,9436,4827,884
16099,7856,2390,1576,7591,884
16100,3890,9972,9436,4573,6438
16101,7856,9566,7093,7591,8548
16102,8902,4714,3065,3537,6438
16103,7856,4714,1576,8433,884
16104,7856,1478,1576,9935,7145
16105,3299,9972,9436,8257,6222
16106,7856,9493,1576,7591,884
16107,7856,2390,1576,9935,884
16108,7856,1478,8779,7591,1772
16109,3299,5391,9436,3537,5554
16110,7856,9972,1576,9743,7145
16111,7856,9972,7093,4573,6
16112,7856,2390,1576,7591,884
16113,7856,4714,1576,7591,8548
16114,7856,9972,1576,7591,7145
16115,2383,666,9044,1563,884
16116,7856,9493,1576,8433,884
16117,8902,9972,1576,4669,1772
16118,8902,9972,9436,8008,6743
16119,7856,2390,1576,7591,5885
16120,8902,9972,1576,7591,1772
16121,8902,9972,7093,7591,6743
16122,3299,9972,9436,3537,6438
16123,8902,9972,1576,9935,1772
16124,8902,9972,7093,7591,1772
16125,2603,9972,9436,4573,1772
16126,8902,9972,7093,7591,1772
16127,7856,9972,1576,1879,8548
16128,8902,4714,9436,7591,884
16129,8902,9972,1576,4573,1772
16130,8902,2390,7093,9935,7145
16131,7856,4714,1576,9935,663
16132,8902,1478,1576,7591,1772
16133,7856,9972,8779,9935,1772
16134,8902,9972,1576,7591,1772
16135,8902,9972,9436,4573,1772
16136,2603,9972,9436,4573,1772
16137,7407,5391,9436,9743,6
16138,8902,9972,1576,4573,1772
16139,8902,9972,9436,4573,9305
16140,8902,9972,9436,3537,884
16141,8902,4714,7093,943,2422
16142,7856,4714,1576,9935,7145
16143,8902,9972,1576,7591,3660
16144,2383,9972,9436,4573,884
16145,8902,9972,9436,4573,1772
16146,9811,9972,1319,8008,884
16147,8902,2390,1576,7591,6
16148,7856,1478,1576,9935,7145
16149,8902,4714,1576,7591,884
16150,8902,9972,9436,4573,1772
16151,8902,4714,1576,7591,6992
16152,8902,9972,9436,4573,6438
16153,8902,4714,1576,7591,663
16154,8902,9972,9436,3537,6438
16155,7407,4714,9016,7591,4160
16156,8902,3229,9016,1632,3660
16157,7856,9972,1576,7591,7145
16158,8902,1478,7093,9935,1772
16159,7856,4714,9436,7591,884
16160,8902,9972,9016,9935,7826
16161,8902,9972,9016,7591,3660
16162,8902,2463,1319,9935,7284
16163,8902,9972,1576,9935,1772
16164,7856,9972,9436,4573,1772
16165,4237,9972,9436,4573,6
16166,3299,9972,9436,2969,6222
16167,8902,9972,1576,4985,1772
16168,8902,9972,9436,4573,1772
16169,8902,2390,1576,9935,7145
16170,2603,9972,9436,4573,9305
16171,8902,2390,1576,4985,7145
16172,8902,2390,1576,4827,884
16173,8902,2390,9436,8008,9305
16174,8902,5353,9436,4573,884
16175,8902,9972,9436,3666,1772
16176,8902,9972,9436,4573,1772
16177,8902,4714,1576,9743,8509
16178,7856,9972,7093,7591,5885
16179,8902,9972,9436,4573,663
16180,7856,4714,1576,2195,8784
16181,8902,9972,9436,4573,1772
16182,2383,2224,9436,943,7528
16183,8902,9972,1576,3537,1772
16184,3890,5353,9436,8008,884
16185,3890,9972,9436,4573,6438
16186,7856,4714,1576,9935,7145
16187,7407,4714,1576,3537,3185
16188,3890,9972,9436,9742,6438
16189,3890,9972,9436,8008,884
16190,8902,2390,1576,3537,8784
16191,7856,2390,1576,2195,7145
16192,8902,9972,9436,4573,6438
16193,7856,1478,1576,7591,7145
16194,7856,9972,9436,4573,1772
16195,8902,9972,9436,4573,6438
16196,2383,666,9044,4731,884
16197,8902,9972,1576,7591,884
16198,8902,4714,2345,7591,884
16199,7856,9972,1576,7591,884
16200,7856,9493,1576,8302,7145
16201,3299,5391,9436,9742,6438
16202,7856,75,240,7591,884
16203,8902,2390,1576,9935,1772
16204,7407,4714,7093,7591,2422
16205,3299,3229,3065,9742,884
16206,3890,9972,9436,8008,6438
16207,7856,2390,1576,7591,884
16208,2603,9972,9436,4573,6438
16209,7856,3253,1576,7591,884
16210,8902,4714,1576,7591,4202
16211,8902,9972,1576,4573,1772
16212,7407,4714,1576,9455,7995
16213,8902,9972,1576,9935,1772
16214,3299,9972,9436,4573,6222
16215,3299,9972,9939,4573,1772
16216,2383,9972,9436,8008,884
16217,7856,1478,1576,7591,884
16218,8902,9972,1576,4985,3660
16219,8902,9972,9436,4573,1772
16220,7856,9972,1576,7591,4160
16221,8902,9972,1576,9455,6222
16222,8902,3229,1576,3537,6
16223,8902,9972,9436,7591,884
16224,8902,9972,9436,4985,6992
16225,3299,9972,9436,4573,9305
16226,8902,9972,1576,4573,6438
16227,8902,5353,9016,4827,884
16228,7856,1478,1576,7591,884
16229,8902,9972,9436,4573,1772
16230,2603,9972,9436,4573,9305
16231,2603,9972,9436,4573,1772
16232,8902,9972,9436,7591,1772
16233,3299,7134,9436,3537,6438
16234,8902,9972,1576,4985,3164
16235,7856,4714,9016,7591,3660
16236,8902,9972,9436,7591,1772
16237,3299,3229,1576,3537,663
16238,2383,666,9436,7572,6438
16239,3890,9972,9436,4573,6438
16240,8902,9972,1576,7591,2422
16241,8902,9972,9436,4573,1772
16242,8902,9972,1576,7591,663
16243,8902,2390,1576,4985,7145
16244,2603,9972,9436,4573,1772
16245,7856,9972,7093,5046,1772
16246,7856,2390,1576,7591,8548
16247,8902,9972,7093,9935,7145
16248,8902,4714,3065,3537,884
16249,7856,9972,1576,7591,884
16250,3299,9972,9436,3537,6438
16251,8902,9972,9436,7591,884
16252,8902,9972,9436,943,5885
16253,8902,4714,1576,9935,1772
16254,8902,9972,9436,4573,6438
16255,8902,5391,9436,4573,3660
16256,7856,4714,8854,7591,884
16257,3890,9972,9436,4573,6438
16258,2603,9972,9436,4573,6438
16259,7407,7134,3065,943,884
16260,8902,5353,1576,9935,7145
16261,8902,9493,1576,9935,1772
16262,3299,9972,9436,4573,884
16263,8902,9972,9436,7591,6
16264,8902,3229,1576,4985,6992
16265,8902,9972,7093,7591,2422
16266,7856,75,240,2195,884
16267,8902,4714,3065,3537,884
16268,8902,9972,9436,9743,6992
16269,8902,9972,7093,9935,884
16270,8902,9972,9436,4573,6
16271,7856,4714,1576,4777,884
16272,7856,9972,9436,4573,6
16273,8902,4714,7093,943,884
16274,8902,9972,9016,7591,6813
16275,3299,9972,9436,4573,9305
16276,8902,2390,1576,4985,7145
16277,2603,9972,9016,8008,884
16278,8902,9972,7093,9935,1772
16279,8902,9972,9016,4827,7145
16280,8902,2390,1576,7591,884
16281,7856,9972,1576,9935,1772
16282,8902,9972,1576,7591,884
16283,7856,1478,9436,7591,884
16284,2383,9493,240,2195,3446
16285,7856,4714,1576,4985,884
16286,7856,9972,9436,5046,884
16287,8902,9972,9436,2586,1772
16288,7856,4714,1576,7591,4202
16289,3890,9972,9436,8008,884
16290,8902,9972,9436,4573,1772
16291,8902,9972,9436,4573,1772
16292,7856,75,240,1563,884
16293,8902,9972,1576,9935,663
16294,7856,4714,7093,7591,6329
16295,3890,9972,9436,4573,6438
16296,2603,9972,9436,4573,6438
16297,8902,9972,9436,4573,3660
16298,8902,4714,9436,3537,884
16299,7856,9972,1576,7591,6
16300,2603,9972,9436,4573,1772
16301,7856,1478,1576,7591,7145
16302,7856,4714,7093,9935,2422
16303,8902,1478,7093,7591,884
16304,7856,9972,7093,5046,1772
16305,7856,1478,8854,7591,884
16306,7856,3253,1576,7591,5885
16307,8902,2390,1576,7591,663
16308,8902,9972,9436,4573,884
16309,7856,4714,9436,3537,7995
16310,7856,1478,1576,7591,8548
16311,8902,9972,9436,3670,884
16312,7856,3253,1576,7591,884
16313,8902,9972,9436,4573,9305
16314,3299,9972,9436,4573,6438
16315,8902,2390,9436,4827,6438
16316,7856,1478,1576,9935,1772
16317,8902,9972,1576,9935,1772
16318,8902,9972,3735,9935,6
16319,2603,9972,9436,4573,6438
16320,8902,9493,9016,4827,884
16321,7856,4714,7093,943,884
16322,8902,4714,9436,7591,884
16323,7407,4714,3065,3537,7995
16324,8902,9972,9436,4573,1772
16325,7407,3229,1576,7591,884
16326,8902,9972,9436,4573,6438
16327,8902,9972,1576,9935,1772
16328,8902,9972,9436,9743,1772
16329,8902,2390,1576,9935,7145
16330,8902,5353,9044,4827,884
16331,8902,9972,9436,9935,7145
16332,7856,9493,1576,9935,7145
16333,8902,9972,9436,7591,1772
16334,8902,4714,9016,4985,7145
16335,7856,1478,240,7591,5885
16336,8902,9972,2345,943,6813
16337,8902,9972,1576,1879,663
16338,8902,9972,1576,7591,884
16339,8902,9972,9436,4573,6438
16340,2603,9972,9436,4573,1772
16341,8902,9972,1576,9935,663
16342,7856,4714,7093,7591,2422
16343,7856,2390,1576,7591,884
16344,3890,2390,9436,8008,884
16345,7856,1478,1576,7591,7145
16346,8902,4714,7093,943,5885
16347,7856,9972,1576,7591,3746
16348,8902,9972,1576,4985,8784
16349,8902,9972,1576,7591,663
16350,8902,9972,8779,4573,1772
16351,8902,2390,1576,1879,7145
16352,8902,9972,9436,3666,1772
16353,8902,2390,1576,7591,3660
16354,2603,9972,9436,4573,6438
16355,8902,4714,9436,5046,663
16356,2603,9972,9436,4573,6438
16357,8902,666,9436,8008,884
16358,7856,4714,7093,8008,884
16359,7856,9972,1576,9935,7145
16360,3890,9972,9436,4573,6438
16361,8902,9972,9436,4573,1772
16362,7407,9972,9016,1879,3119
16363,7856,4714,1991,943,6329
16364,8902,9972,317,4827,884
16365,7856,9972,1576,7591,8548
16366,7856,9972,317,4573,1772
16367,7856,4714,1576,7591,7145
16368,8902,9972,9436,7591,884
16369,8902,9972,9436,8008,9305
16370,8902,9972,9436,4573,6438
16371,8902,9972,7093,9935,2422
16372,8902,9972,9436,951,1772
16373,8902,9972,1576,4573,2422
16374,8902,9972,1576,7591,1772
16375,8902,4714,1576,7591,884
16376,8902,9972,1576,7591,1772
16377,8902,2390,9016,4827,884
16378,8902,9972,1576,9935,1772
16379,8902,2390,1576,7591,7145
16380,2383,666,1576,4827,884
16381,2603,9972,9436,4573,6438
16382,8902,9972,1576,7591,884
16383,8902,2390,9436,8008,884
16384,8902,9972,1576,4985,1772
16385,8902,1478,1576,2195,884
16386,8902,4714,9044,3178,884
16387,7856,4714,1576,7591,663
16388,7407,3229,9436,943,6813
16389,8902,4714,1576,7591,7821
16390,8902,4714,1576,9743,663
16391,8902,9972,1576,7591,663
16392,7856,9972,1576,7591,7145
16393,8902,9972,9016,9935,1772
16394,8902,9972,9436,1304,9305
16395,8902,9972,9436,2900,1772
16396,8902,4714,1576,9743,8464
16397,7856,1478,1576,7591,7145
16398,7407,3229,9436,1632,3660
16399,8902,9972,317,8008,1772
16400,8902,9972,1576,7591,884
16401,8902,1478,9436,7591,884
16402,8902,5353,9436,4573,9840
16403,3890,9972,9436,4827,884
16404,8902,4714,1576,4985,2422
16405,8902,9972,9436,2969,3119
16406,8902,9972,9436,4573,6438
16407,7856,9972,9436,7591,884
16408,8902,9972,1576,9935,6813
16409,8902,2390,1576,7591,7145
16410,7856,2390,1576,4985,7145
16411,2603,9972,9436,4573,9305
16412,2603,9972,9436,4573,9305
16413,7856,4714,1576,7591,884
16414,9811,666,9436,3670,6438
16415,8902,2390,1576,3537,663
16416,8902,4714,2345,7591,6813
16417,8902,2390,1576,1879,663
16418,8902,9972,9436,4669,1772
16419,7856,9972,7093,9935,1772
16420,3565,4714,9016,4985,884
16421,2603,9972,9436,4573,1772
16422,7856,9493,240,1563,884
16423,8902,9972,9436,4573,6
16424,3299,5391,9436,3537,6222
16425,7407,3229,9016,9743,6222
16426,7856,2390,7093,7591,7145
16427,7407,4714,3065,3607,7495
16428,8902,9972,9436,3537,6992
16429,7407,4714,1576,4985,7821
16430,8902,5391,3065,8257,6
16431,3299,9972,9016,4731,884
16432,3299,9972,9436,4573,6438
16433,8902,9972,317,9935,1772
16434,3299,9972,317,7039,884
16435,8902,9972,9436,3537,6
16436,7856,2390,1576,9935,7145
16437,8902,9972,1576,4777,884
16438,7856,4714,1576,7591,884
16439,8902,9972,317,9935,1772
16440,8902,9972,1294,9743,1772
16441,8902,9972,1576,7591,1772
16442,8902,9972,9436,7591,884
16443,8902,2390,9016,4985,884
16444,8902,9972,9016,7591,884
16445,8902,9972,9436,5046,8784
16446,7856,2390,7093,9935,7145
16447,2603,9972,9436,4573,1772
16448,8902,9972,1576,7591,1772
16449,2603,9972,9436,1632,884
16450,8902,9972,9436,4573,6438
16451,2603,9972,9436,4573,9305
16452,7407,4714,3065,5112,2422
16453,7856,3253,240,7591,9443
16454,3299,3229,3065,3537,7995
16455,2603,9972,9436,4573,1772
16456,7856,9972,9436,4573,9305
16457,7856,3253,1576,7591,7356
16458,8902,9972,9436,8008,884
16459,8902,4714,1576,9743,7995
16460,8902,2390,6490,9743,5885
16461,8902,9972,1576,1879,3660
16462,2383,9972,1294,9935,1516
16463,2383,666,9436,1487,884
16464,2603,9972,9436,4573,6438
16465,7856,4714,1576,7591,663
16466,8902,9972,1576,9935,3660
16467,8902,9972,9436,5046,884
16468,8902,9972,9436,4573,1772
16469,8902,9972,9436,4669,1772
16470,2603,9972,9436,4573,6438
16471,7856,2390,1576,7591,7145
16472,8902,9972,1576,9935,1772
16473,7856,4714,6490,9743,5885
16474,8902,9972,9436,9935,884
16475,2383,2390,9044,9742,884
16476,8902,9972,1576,7591,7145
16477,8902,9972,1576,9935,6
16478,8902,9972,1576,9935,1516
16479,7856,4714,1576,9743,5885
16480,7856,9972,1576,9743,1772
16481,7856,9972,1576,7591,7145
16482,8902,2390,1576,4985,884
16483,8902,9972,9436,4573,1772
16484,2603,9972,1576,4569,6438
16485,2603,9972,9436,4573,6438
16486,3890,9972,9436,4573,9676
16487,8902,9972,9436,7591,6
16488,8902,2390,1576,9935,663
16489,8902,9972,9436,4573,1772
16490,8902,7134,9436,9742,884
16491,2603,9972,9436,4573,1772
16492,7856,9972,7093,7591,1772
16493,8902,9972,9436,7591,884
16494,7856,9493,1576,7591,7145
16495,3890,9972,9436,4573,6438
16496,7856,2390,1576,9935,663
16497,8902,9972,9436,4573,6438
16498,8902,9972,9436,7591,1772
16499,7856,4714,1576,4985,663
16500,7856,1478,8779,7591,8604
16501,8902,9972,1576,3537,884
16502,7856,4714,1576,7591,884
16503,7407,4714,3065,4985,884
16504,7407,4714,9436,3537,6
16505,8902,9972,317,4573,1772
16506,8902,2390,1576,7591,5885
16507,8902,9972,1576,1879,884
16508,8902,9972,317,7591,6743
16509,7856,4714,1576,7591,2422
16510,7856,4714,1576,7591,884
16511,8902,9972,1576,4573,6
16512,7856,9972,1576,7591,3660
16513,8902,9972,9436,4573,6438
16514,2603,9972,9436,4573,1772
16515,7856,9972,1576,7591,6
16516,7856,9972,7093,9935,7145
16517,2603,9972,9436,4573,6438
16518,7856,2390,1576,9935,8548
16519,7856,4714,3065,3537,7995
16520,8902,9972,1576,7591,663
16521,2603,9972,9436,4573,1772
16522,8902,9972,1576,9935,7145
16523,7856,2390,1576,9935,7145
16524,8902,9972,1576,478,7145
16525,7407,4714,3065,5112,7995
16526,8902,4714,9436,3537,884
16527,7856,2224,1576,7591,7145
16528,8902,4714,1576,7591,4160
16529,7856,9972,1576,7591,8548
16530,2383,2390,9044,3537,3216
16531,8902,4714,1576,4985,2422
16532,8902,9972,317,8008,884
16533,8902,9972,9939,3666,1772
16534,7856,1478,1576,7591,884
16535,8902,9972,1576,4985,1772
16536,8902,9972,9436,4573,6438
16537,8902,9972,9436,7591,1772
16538,8902,9972,9436,3666,1772
16539,8902,2463,317,9935,1772
16540,3890,9972,9436,4573,6438
16541,7856,4714,1576,7591,2422
16542,8902,2390,7093,4827,884
16543,7856,4714,317,7591,5885
16544,2603,9972,9436,4573,9305
16545,8902,2390,7093,9935,884
16546,7856,1478,7093,7591,884
16547,7856,9493,1576,7591,884
16548,7856,4714,240,8008,884
16549,7856,2390,1576,7591,7145
16550,8902,9972,1576,4985,6992
16551,8902,9972,1576,4985,6992
16552,8902,9972,9436,4573,884
16553,7856,2390,1576,7591,7145
16554,7856,9493,240,2195,7145
16555,8902,9972,1576,4985,663
16556,8902,9972,1576,4985,7995
16557,7407,4714,1576,7591,7995
16558,3299,4714,3065,3537,663
16559,8902,9972,9436,4573,1772
16560,3890,9972,9436,4573,6438
16561,8902,2390,1576,9743,6222
16562,8902,9972,1576,9935,1772
16563,8902,1478,7093,4573,7284
16564,8902,5353,1319,8008,9840
16565,7407,4714,3065,5812,7495
16566,2603,9972,9436,4573,6438
16567,2603,9972,9436,4573,6438
16568,8902,9972,706,4827,884
16569,8902,4714,3065,9743,884
16570,8902,9972,9436,4573,1772
16571,8902,2390,3065,8433,884
16572,3890,7134,9044,9742,884
16573,8902,9972,1319,8008,884
16574,8902,9972,1576,9935,7701
16575,8902,4714,1576,9743,7995
16576,7856,9493,1576,7591,884
16577,7856,2390,1576,7591,7145
16578,8902,2390,1576,9935,1772
16579,7856,1478,1576,2195,3401
16580,8902,9972,9436,943,1772
16581,8902,9972,9436,4573,6
16582,2603,9972,9436,4573,6438
16583,8902,9972,9436,5046,1772
16584,2383,9972,317,4573,884
16585,2383,9972,9044,5046,884
16586,7407,4714,1576,7591,3185
16587,7856,9972,7093,9935,7145
16588,2383,9972,9436,3537,6438
16589,7856,9972,9436,6125,5885
16590,2603,9972,9436,4569,6438
16591,7856,1478,7093,4573,1772
16592,8902,9972,1576,9935,7145
16593,8902,9972,9436,4573,6438
16594,7856,1478,240,7591,884
16595,3299,5391,9436,8257,6222
16596,7856,1478,1576,9935,3746
16597,3890,9972,9436,8008,884
16598,8902,3229,9436,943,884
16599,8902,4714,9436,7591,884
16600,8902,9972,1576,9743,7701
16601,8902,9972,9436,3537,6438
16602,8902,5391,1991,943,5885
16603,8902,9493,8854,3945,884
16604,8902,2390,9436,943,884
16605,8902,9972,9436,4573,1772
16606,3890,2390,1319,8008,884
16607,7856,4714,3065,8257,7995
16608,2383,9972,9436,4573,6438
16609,7856,3253,1576,7591,884
16610,7856,9972,1576,9935,7145
16611,7856,1478,240,1563,884
16612,2603,9972,9436,8008,884
16613,8902,9972,1576,3537,8784
16614,8902,9972,9436,7591,3660
16615,7856,4714,1576,4985,6901
16616,8902,4714,1576,7591,663
16617,7856,4714,1576,7591,8548
16618,8902,9972,1576,9935,1772
16619,8902,9972,9436,8008,884
16620,8902,9972,9436,4573,6438
16621,2603,9972,9436,4573,1772
16622,8902,9972,317,8008,884
16623,7856,4714,9016,7591,2422
16624,7856,9566,1576,9935,7145
16625,8902,4714,9016,9935,7145
16626,7856,2390,1576,7591,663
16627,8902,2463,1576,9935,1772
16628,8902,3229,9016,9743,6222
16629,8902,9972,1576,7591,3746
16630,7856,4714,3065,8294,8464
16631,7407,3229,3065,943,6813
16632,8902,1478,317,9935,3746
16633,8902,9972,1576,9935,6
16634,8902,9972,1576,7591,1772
16635,2603,9972,9436,4573,6
16636,2603,9972,9436,4573,6438
16637,8902,9972,1576,4985,3660
16638,8902,9972,3065,3537,884
16639,8902,9972,9016,9935,6743
16640,8902,9972,9436,4573,6
16641,8902,9972,317,8008,884
16642,2383,9972,9044,9857,884
16643,7856,9972,1576,9935,1772
16644,2603,9972,9436,3537,6438
16645,8902,9972,9939,6350,3660
16646,7856,4714,1576,943,5885
16647,8902,9566,1576,9935,8548
16648,8902,1478,1576,7591,7145
16649,8902,4714,9016,7591,7145
16650,2383,9972,9436,9742,6438
16651,7856,3253,1576,8302,7145
16652,7856,4714,1576,7591,7145
16653,8902,2224,317,8008,884
16654,8902,5353,317,9935,1516
16655,8902,9972,317,9935,1516
16656,2383,2463,317,9935,1516
16657,8902,9972,9436,4573,6438
16658,8902,9972,9436,4573,6
16659,8902,9972,9436,4573,1516
16660,7856,1478,1576,9935,8548
16661,7856,1478,8779,9935,8548
16662,7856,1478,1576,9935,8548
16663,7856,1478,4026,2195,7356
16664,7856,1478,1294,4777,3746
16665,7856,1478,240,1864,5177
16666,8902,9972,7093,4573,6
16667,7856,9972,7093,4573,1772
16668,7856,9972,1576,9935,9959
16669,7856,1478,1294,2195,7356
16670,7856,75,4026,1563,7356
16671,7856,1478,1294,7591,8548
16672,8902,9493,7093,9935,7145
16673,7856,2463,1576,9935,7145
16674,7856,1478,1576,9935,7145
16675,7856,6429,1576,9935,7145
16676,7856,1478,7093,9935,663
16677,7856,1478,1576,9935,8548
16678,7856,9566,1576,9935,1772
16679,7856,1478,1576,9935,7145
16680,8902,9972,1576,9935,7145
16681,7856,9972,1576,7591,8548
16682,7856,1478,1294,4777,1772
16683,7856,1478,7093,9935,1772
16684,7856,1478,240,9935,8548
16685,7856,1478,1576,9935,8548
16686,8902,9972,1576,9935,1549
16687,8902,9972,9436,4573,6438
16688,3890,9972,9436,4573,6438
16689,2383,9972,9436,4573,1516
16690,8902,9972,9436,4573,1772
16691,4237,1693,1319,4573,1772
16692,8902,1478,1319,4573,3119
16693,7856,2390,240,8433,884
16694,8902,9972,317,8008,884
16695,8902,9972,9436,4573,1772
16696,7856,1478,7093,9935,1772
16697,7856,1478,1576,9935,1772
16698,7856,1478,7093,9935,1772
16699,7856,9566,1576,9935,8548
16700,7856,1478,2005,9935,1772
16701,8902,6429,1576,9935,7145
16702,7856,1478,1576,9935,8548
16703,7856,1478,4026,9935,8548
16704,7856,1478,240,9935,8548
16705,7856,2390,1576,9935,7145
16706,7856,1478,1576,7591,7145
16707,7856,9972,7093,9935,6
16708,8902,9972,317,9935,1772
16709,8902,9972,9436,8433,884
16710,8902,9972,1294,478,1772
16711,8902,9972,8779,4573,6
16712,7856,2390,1576,7591,7356
16713,8902,1478,8779,7591,6
16714,8902,9972,317,9935,1772
16715,8902,9972,9436,4573,884
16716,8902,9972,1576,9935,8548
16717,8902,2463,2005,9935,7145
16718,8902,7294,1294,9935,1772
16719,7856,5348,240,9935,9443
16720,8902,9972,8779,9935,6
16721,8902,1478,1294,9935,8548
16722,7856,9972,7093,9935,1772
16723,8902,9972,1576,9935,1772
16724,8902,9972,1576,9935,6743
16725,8902,9972,1576,9935,1772
16726,7856,1478,240,9935,7145
16727,7856,1478,1576,9935,7145
16728,7856,75,240,7039,884
16729,7856,9566,1576,9935,7145
16730,8902,6429,1576,9935,8548
16731,7856,1478,1576,9935,7145
16732,7856,9493,1576,8433,7145
16733,8902,75,240,7039,2462
16734,2383,2390,317,9935,884
16735,8902,1478,1576,9935,1772
16736,8902,2463,1294,9935,1516
16737,7856,1478,1576,9935,8548
16738,7856,1478,1576,7591,884
16739,7856,9972,9436,4573,1516
16740,7856,1478,240,4573,3746
16741,7856,5353,240,9935,8548
16742,7856,1478,1576,9935,884
16743,8902,5353,240,8433,1772
16744,8902,2390,1576,9935,6
16745,8902,9972,1576,9935,1772
16746,8902,9972,1576,9935,6
16747,7856,1478,2005,9935,8548
16748,7856,1478,1576,7591,8548
16749,7856,1478,1576,9935,8548
16750,7856,1478,8779,2195,8548
16751,7856,9972,1576,7591,9443
16752,7856,1478,1319,4573,1772
16753,7856,1478,1576,9935,1772
16754,8902,1478,8779,9935,4279
16755,8902,9972,1576,9935,1772
16756,7856,1478,1576,9935,9443
16757,7856,9972,1576,7591,8548
16758,7856,1478,4079,7591,7145
16759,8902,9972,1576,9935,8548
16760,8902,9493,1576,9935,7145
16761,8902,3353,1576,9935,7145
16762,7856,1478,1576,9935,8548
16763,7856,1478,1294,4777,1772
16764,7856,9493,3647,9935,1895
16765,8902,9972,1576,9935,3660
16766,8902,9972,7093,9935,884
16767,7856,9972,317,4573,1772
16768,8902,9972,1576,9935,1772
16769,8902,9972,1319,9935,1772
16770,8902,9972,1294,6892,1772
16771,7856,1478,8779,7591,3746
16772,7856,1478,240,1563,3746
16773,7856,1478,317,9935,884
16774,8902,9972,9436,9192,6438
16775,8902,9972,1576,7591,1772
16776,8902,5353,1319,8008,884
16777,8902,9972,1294,9935,8341
16778,7856,1478,1576,9935,1895
16779,7856,9972,7093,9935,1772
16780,7856,1478,1576,7591,1772
16781,7856,2390,1576,7591,8548
16782,7856,1478,1576,9935,1772
16783,8902,1478,1576,9935,7145
16784,8902,2463,1576,9935,9337
16785,8902,1478,1576,9935,1772
16786,7856,9493,1576,9935,8548
16787,7856,9493,1576,9935,8548
16788,7856,9493,1576,9935,8548
16789,8902,9972,1294,9935,1772
16790,8902,1478,2005,9935,8548
16791,7856,1478,317,9935,7145
16792,8902,1478,317,5046,884
16793,8902,9972,9436,4573,1516
16794,8902,9972,1319,8008,884
16795,7856,1478,1576,7591,1772
16796,7856,1478,240,7591,8548
16797,7856,1478,240,2195,3401
16798,7856,1478,1576,9935,8548
16799,7856,1478,1576,9935,8548
16800,7856,1478,1576,9935,8548
16801,8902,9972,1294,4573,3119
16802,7856,1478,240,7039,2462
16803,7856,9972,1576,4827,884
16804,7856,1478,7093,9935,1772
16805,8902,1478,1576,9935,1772
16806,7856,9972,1576,7591,884
16807,7856,4714,7093,7591,884
16808,7856,2390,1576,9935,1772
16809,7856,9972,1576,2195,7356
16810,7856,2390,7093,9935,1772
16811,8902,9972,1576,9935,1772
16812,8902,2463,1576,9935,1772
16813,7856,1478,4026,9935,8784
16814,7856,990,3647,9935,8548
16815,7856,2390,1576,9935,8548
16816,8902,1478,2005,9935,1772
16817,8902,1478,7093,9935,8548
16818,8902,1478,8779,9935,7701
16819,7856,1478,1576,9935,1772
16820,7856,1478,1576,9935,8548
16821,8902,1478,2005,9935,1772
16822,7856,1478,7093,9935,1772
16823,7856,1478,1576,9935,1772
16824,7856,1478,4079,4573,1772
16825,7856,1478,8779,4573,3746
16826,7856,1478,7093,9935,8548
16827,7856,1478,7093,4573,7284
16828,8902,9972,2005,9935,1772
16829,7856,666,240,2195,5177
16830,7856,75,240,1563,3746
16831,8902,9972,1576,7591,1772
16832,7856,9972,1576,9935,8548
16833,8902,9972,1576,7591,1772
16834,8902,9972,1576,9935,8548
16835,8902,9972,2005,9935,8548
16836,8902,1478,7093,9935,1449
16837,8902,9972,1576,9935,3660
16838,8902,9972,1294,9935,8548
16839,4237,9972,1576,9935,1772
16840,7856,9972,1576,9935,8548
16841,7856,9972,1294,9935,8548
16842,8902,9972,1576,9935,663
16843,7856,1478,1294,2195,7145
16844,7856,3253,8854,7591,7356
16845,8902,9972,1576,9935,1772
16846,7856,2390,1576,9935,7145
16847,8902,2390,7093,9935,1772
16848,8902,9972,7093,7591,884
16849,8902,9972,1576,9935,7145
16850,8902,9972,317,9935,1772
16851,8902,9972,1576,4985,7145
16852,7856,1478,1294,2195,3401
16853,8902,9972,1294,4573,3119
16854,7856,9972,1576,4573,1772
16855,8902,9972,1576,9935,6
16856,8902,9972,1576,4985,663
16857,8902,9972,9016,7591,7145
16858,8902,9972,317,8008,884
16859,2383,9972,9436,8008,884
16860,2603,9972,9436,4573,6438
16861,7856,1478,240,7591,7356
16862,7856,1478,2005,9935,8548
16863,7856,6429,8854,9935,663
16864,7856,1478,7093,4777,9443
16865,7856,9493,1576,9935,8548
16866,7856,1478,1294,4777,1772
16867,7856,1478,240,2195,9443
16868,7856,1478,7093,4573,1772
16869,7856,1478,240,9935,1772
16870,7856,1478,240,9935,8548
16871,8902,9972,7093,9935,1772
16872,8902,9972,7093,9935,7284
16873,7856,1478,4026,7807,8541
16874,8902,2390,1576,2195,8784
16875,7856,1478,8779,7591,1772
16876,8902,1478,2005,9935,1772
16877,8902,9972,1576,9935,1772
16878,4237,9972,1294,4573,6
16879,7856,1478,240,1563,5177
16880,7856,1478,240,2195,9443
16881,7856,1478,240,2195,5177
16882,7856,1478,7093,9935,8548
16883,7856,1478,1576,9935,1772
16884,7856,1478,1576,7591,1772
16885,8902,9972,1319,4573,1772
16886,4237,1478,317,4573,4611
16887,4237,1478,7093,9935,1772
16888,8902,1478,1576,9935,7145
16889,7856,9972,7093,4573,1772
16890,8902,9972,1576,4985,6
16891,7856,1478,1576,7591,7145
16892,7856,1478,1576,7591,7145
16893,7856,4714,1576,7591,7145
16894,7856,1478,2005,9935,8548
16895,7856,1478,2005,9935,1772
16896,8902,1478,7093,4573,7284
16897,8902,6960,1294,4573,1772
16898,8902,75,240,3670,1772
16899,9811,666,240,9233,1772
16900,8902,9972,1576,9935,1772
16901,8902,9972,1576,9935,1772
16902,8902,9972,1294,4985,6992
16903,8902,9972,1576,9935,1772
16904,8902,9972,1294,9935,8548
16905,8902,9972,1576,9935,1772
16906,7856,9972,1576,9935,1772
16907,8902,9300,7851,9935,7236
16908,8902,9972,1294,9935,6
16909,2383,7134,9436,3537,6438
16910,2383,75,9044,9857,884
16911,2383,9972,9436,4573,8784
16912,2383,9972,1576,9935,1772
16913,8902,9972,9436,4573,6
16914,3890,9972,9436,8008,884
16915,7856,9972,1576,9935,7145
16916,8902,9972,1576,7591,663
16917,8902,4464,7093,9935,7701
16918,8902,9972,1576,9935,1772
16919,7856,9566,1294,9935,1772
16920,8902,9972,1576,9935,1772
16921,8902,9972,1576,9935,1772
16922,8902,9972,317,9935,1772
16923,7856,1478,1576,4777,8548
16924,7856,9972,1576,7591,884
16925,8902,1478,1576,9935,1772
16926,7856,9972,1576,1781,1772
16927,7856,1478,1294,9935,8548
16928,8902,1478,1294,9935,1772
16929,8902,9972,1576,9935,1772
16930,7856,9566,1576,7591,663
16931,7856,9972,1576,7591,1772
16932,8902,2390,7093,9935,1772
16933,8902,2390,1576,9935,1772
16934,7856,9566,1576,9935,8548
16935,8902,9972,1576,9935,1772
16936,8902,9972,317,9935,1772
16937,8902,9972,1576,9935,2422
16938,8902,9972,8815,9935,2422
16939,8902,9972,9436,4573,3119
16940,8902,9972,1576,9935,1516
16941,2383,9972,317,4573,1516
16942,7856,75,240,7591,884
16943,7856,3253,1576,7591,7145
16944,7856,1478,240,2195,9443
16945,8902,9972,1294,1879,6992
16946,8902,1478,2005,9935,1772
16947,8902,9972,1294,478,1772
16948,7856,2390,1576,9935,1772
16949,8902,9972,1576,9935,7145
16950,8902,9972,7093,9935,884
16951,8902,9972,1576,9935,1772
16952,8902,2463,1576,9935,1772
16953,8902,9972,8779,9935,3746
16954,8902,9972,1576,9935,1772
16955,8902,9972,1576,9935,1772
16956,8902,9493,1576,9935,8548
16957,7856,9972,9436,4573,1772
16958,8902,9972,317,4573,9840
16959,8902,9972,317,4573,9840
16960,8902,5348,317,6892,1772
16961,7856,1478,7093,9935,1772
16962,8902,5348,1319,4573,1772
16963,8902,9972,1576,7591,3746
16964,7856,9972,7093,4573,6
16965,8902,9972,2005,9935,1772
16966,4237,666,240,4573,1772
16967,9811,5348,7205,9233,1772
16968,9811,666,240,9233,477
16969,8902,2463,1294,9935,9337
16970,8902,1478,2005,9935,9337
16971,7856,1478,1576,9935,8548
16972,8902,9972,8779,4573,7145
16973,7856,3253,1576,7591,8548
16974,8902,9972,1576,9935,1772
16975,8902,9972,9436,4669,1772
16976,7856,2390,7093,9935,1772
16977,8902,9972,9436,9935,1772
16978,7856,1478,1294,413,1772
16979,7856,1478,240,9801,5177
16980,7856,1478,240,9801,3795
16981,8902,9972,1576,9935,1772
16982,7856,2390,1576,9935,7821
16983,8902,1478,1576,7591,8548
16984,8902,9972,9436,4573,884
16985,8902,5353,1319,8008,884
16986,8902,9972,1576,4573,1772
16987,7856,1478,240,4777,7356
16988,7856,1478,2005,9935,1772
16989,7856,9972,1576,9935,1772
16990,7856,1478,2005,9935,8548
16991,7856,1478,1576,9935,8548
16992,7856,1478,2005,9935,8548
16993,8902,9972,1576,9935,8548
16994,7856,1478,1576,9935,8548
16995,8902,9972,1576,9935,3660
16996,8902,5353,317,8008,884
16997,8902,9972,9436,4573,884
16998,3890,9972,317,8008,884
16999,8902,9972,7093,9935,1516
17000,8902,1478,1576,9935,8548
17001,8902,9972,1576,9935,1772
17002,7856,9566,1576,9935,8548
17003,7856,9972,1576,9935,1772
17004,7856,9972,1576,9935,7145
17005,8902,9972,9436,9935,884
17006,8902,9972,317,4573,3119
17007,8902,9972,1294,9935,3119
17008,8902,9972,1576,7591,1772
17009,8902,1478,7093,9935,1772
17010,8902,1478,1294,9935,8548
17011,8902,9972,1294,9935,1772
17012,7856,9972,7093,9935,1772
17013,7856,1478,4026,4777,6
17014,8902,9972,7093,9935,7957
17015,7856,9972,9436,7591,1772
17016,7856,1478,1576,9935,1772
17017,8902,9972,1294,9935,1772
17018,7856,1478,8779,9935,1772
17019,8902,1478,8779,9935,8548
17020,8902,1478,7093,4573,6
17021,8902,9972,1294,9233,1772
17022,8902,9972,1576,9935,1772
17023,8902,2390,1576,9935,8548
17024,7856,9972,1576,9935,8548
17025,7856,9972,1576,7591,8548
17026,7856,1478,240,2195,3746
17027,7856,1478,1576,8302,7145
17028,7856,1478,4079,7591,7356
17029,3890,9972,317,8008,884
17030,8902,2463,317,9935,1772
17031,2383,9972,9436,6892,1772
17032,8902,9972,1576,9935,1772
17033,8902,9972,9436,4573,6438
17034,8902,9972,317,9935,884
17035,7856,3253,4026,7591,8548
17036,7856,9566,7093,9935,1772
17037,7856,3253,1576,7591,8548
17038,7856,1478,1294,9935,1772
17039,7856,1478,1576,9935,8548
17040,8902,1478,1294,9935,8548
17041,7856,1478,2005,9935,1772
17042,7856,9972,1319,4573,884
17043,7856,9566,7093,9935,7284
17044,7856,1478,1319,4573,2462
17045,8902,666,240,1532,1772
17046,7807,5348,1319,4573,6441
17047,8902,9972,9436,9935,884
17048,8902,9972,9436,4573,6438
17049,8902,9972,7093,7591,1772
17050,7856,4714,1576,4985,884
17051,7856,4714,1576,7591,4202
17052,7856,9493,240,9935,8548
17053,7856,9972,7093,7591,6
17054,7856,1478,1576,9935,8548
17055,7856,1478,1576,9935,9959
17056,7856,1478,1576,7591,7145
17057,7856,9972,1576,7591,7145
17058,7856,1478,1576,7591,3746
17059,8902,2390,1576,7591,7145
17060,7856,1478,1576,7591,7145
17061,7856,9972,7093,4573,6
17062,7856,1478,1576,7591,1772
17063,7856,1478,7093,4573,7284
17064,7856,1478,240,2195,5177
17065,7856,1478,8779,4573,1772
17066,8902,9972,6713,9935,1772
17067,7856,1478,8779,9935,998
17068,8902,9972,1576,7591,3660
17069,7856,1478,7093,9935,1772
17070,8902,9972,1576,7591,1772
17071,7856,9972,7093,9935,1772
17072,8902,9972,7093,9935,1772
17073,8902,9972,1576,9935,1772
17074,7856,9972,1576,7591,1772
17075,7856,1478,1576,7591,1772
17076,8902,1478,1576,9935,1772
17077,8902,9972,9436,4573,1516
17078,2383,9972,240,3670,884
17079,3890,9972,9436,2969,3119
17080,8902,9972,317,8008,1772
17081,8902,1478,1294,9935,8784
17082,8902,9972,1294,4573,3119
17083,7856,9493,240,9935,7145
17084,7856,1478,240,7591,3746
17085,7856,9493,3647,9935,7145
17086,7856,4714,1576,7591,884
17087,7856,9972,1576,9935,8548
17088,7856,1478,1294,9935,1772
17089,8902,1478,1576,9935,1772
17090,7856,9493,8854,1563,884
17091,7856,1478,240,1563,7356
17092,8902,1478,1576,9935,4279
17093,7856,1478,1576,9935,8548
17094,7856,9493,1576,1563,8548
17095,7856,1478,7093,9935,1772
17096,8902,1478,1576,7591,1772
17097,8902,1478,7093,9935,3746
17098,7856,9972,1576,7591,3746
17099,7856,1478,1294,9935,1772
17100,7856,1478,1294,9935,1772
17101,8902,9972,7093,9935,6
17102,7856,1478,1294,9935,8548
17103,7856,9566,4026,9935,8548
17104,7856,1478,1576,9935,884
17105,7856,1478,240,2195,9443
17106,8902,9972,7093,9935,3660
17107,2383,5353,317,8008,884
17108,2383,9972,9436,8008,6438
17109,8902,9972,317,4573,884
17110,8902,9972,1576,7591,1772
17111,8902,2390,1576,7591,7145
17112,8902,9972,317,9935,1772
17113,8902,9972,1294,4573,1772
17114,8902,9972,317,9935,884
17115,8902,1478,240,9935,1772
17116,8902,1478,1319,8008,1772
17117,8902,9972,9436,4573,6743
17118,8902,9972,9436,4573,6438
17119,7856,9566,1576,9935,1772
17120,8902,6429,1576,9935,663
17121,7856,9972,1576,9935,8548
17122,7856,1478,7093,9935,7284
17123,8902,2390,2005,9935,1772
17124,8902,2463,1294,9935,1772
17125,8902,9972,8779,4573,1772
17126,8902,9972,7093,9935,1772
17127,8902,9972,317,9935,1772
17128,8902,9972,9436,4569,6438
17129,8902,9972,9436,4573,6438
17130,8902,2390,240,4827,884
17131,7856,1478,1294,4777,8548
17132,7856,2390,1576,7591,191
17133,7856,9972,1576,9935,1772
17134,7856,1478,4079,4573,1772
17135,7856,1478,1576,9935,1772
17136,7856,1478,240,2195,8548
17137,3890,9972,5055,4573,6438
17138,7807,9972,9436,1632,884
17139,7856,9972,1576,9935,1772
17140,7856,9972,1576,7591,3746
17141,7856,1478,1576,9935,1772
17142,7856,1478,240,2195,3401
17143,7856,75,1576,1563,884
17144,7856,2390,9016,9935,7145
17145,7856,4714,1576,7591,8548
17146,8902,1693,1319,8008,1772
17147,3474,666,1319,9233,2462
17148,9811,666,240,7039,884
17149,7856,1478,7093,9935,1772
17150,7856,1478,7093,4573,3119
17151,7856,1478,1576,7591,1772
17152,8902,9972,8779,9935,1772
17153,7856,1478,8779,702,1772
17154,7856,1478,1576,7591,1772
17155,2383,9972,1294,8433,884
17156,8902,9972,1576,8433,884
17157,8902,1478,1576,9935,663
17158,8902,9972,317,4573,1516
17159,8902,9972,317,8008,6743
17160,8902,9972,1319,4573,6222
17161,7807,5353,1319,4573,6041
17162,8902,75,240,7039,1772
17163,8902,5348,1319,4573,1772
17164,7856,1478,1576,2195,8548
17165,7856,1478,1576,7591,663
17166,7856,1478,1576,7591,7145
17167,8902,9972,1576,9935,1772
17168,7856,9972,1294,7591,8548
17169,8902,9972,1576,9935,1772
17170,8902,1478,1576,9935,1772
17171,7856,1478,1576,7591,7145
17172,8902,9972,1576,7591,7145
17173,7856,1478,1576,9935,6
17174,8902,9972,1576,9935,8548
17175,8902,9972,1576,9935,6
17176,8902,9566,1576,9935,8548
17177,8902,9972,1294,4985,6
17178,8902,9972,317,9935,1772
17179,7856,1478,1576,8302,7145
17180,8902,1478,4079,9935,1772
17181,7856,9493,1576,2195,8548
17182,7856,1478,1576,7591,3746
17183,7856,75,1576,7591,8548
17184,8902,1478,7093,9935,8548
17185,8902,9972,1576,9935,1772
17186,8902,9972,1576,4573,6
17187,8902,9972,7093,7591,1772
17188,8902,9972,9436,4573,1772
17189,8902,9972,7093,7591,3660
17190,8902,9972,7093,4573,6
17191,2383,1478,9436,8008,884
17192,8902,2390,1576,9935,7145
17193,8902,9972,317,4573,6743
17194,7856,1478,4026,7591,7356
17195,7856,9493,1576,7591,7145
17196,7856,1478,4026,7591,8548
17197,7856,9972,1576,7591,6
17198,7856,9566,1576,7591,663
17199,7856,9972,2005,9935,6
17200,7856,1478,1576,9935,1772
17201,7856,9972,1576,9935,663
17202,7856,9972,1576,9935,6992
17203,8902,9972,1576,8433,884
17204,8902,9972,317,8008,884
17205,8902,9972,9436,4573,1772
17206,8902,9972,9436,1879,1772
17207,8902,9972,1319,4573,9840
17208,8902,9972,9436,4573,9840
17209,7856,1478,1576,9935,1772
17210,7856,1478,4026,7591,8548
17211,8902,9972,1576,9935,663
17212,7856,1478,7093,9935,9331
17213,7856,9972,9436,4573,6
17214,7856,9972,1576,9935,6
17215,7856,9972,7093,4573,6
17216,8902,2390,1576,9935,8548
17217,8902,9972,1576,9935,7356
17218,8902,2390,1576,9935,6901
17219,7856,1478,4026,7591,8548
17220,8902,1478,1294,1879,8548
17221,8902,9972,1576,9935,6
17222,8902,9972,9436,4573,6
17223,8902,1478,1576,9935,1772
17224,8902,9972,8779,9935,1772
17225,8902,9972,1576,9935,3746
17226,7856,9972,1576,9935,1772
17227,8902,1478,7093,9935,1772
17228,8902,1478,4026,9935,9337
17229,8902,9972,1294,9935,1772
17230,8902,9972,1576,9935,1772
17231,8902,9972,317,9935,884
17232,8902,9972,1576,1879,6
17233,7856,2390,1576,9935,7145
17234,7856,2390,1576,9935,8548
17235,8902,9972,1576,9935,1772
17236,7856,9972,7093,4573,1772
17237,7856,1478,1576,9935,8548
17238,8902,9972,7093,9935,1772
17239,7856,1478,1576,9935,8548
17240,8902,2463,1294,9935,1772
17241,7856,9493,1576,9935,7145
17242,7856,1478,1294,7591,8548
17243,7856,1478,1294,9935,8548
17244,8902,1478,317,9935,1772
17245,7856,1478,1576,7591,884
17246,7856,1478,1576,7591,8548
17247,7856,3253,240,8302,7145
17248,7856,9566,1576,9935,8548
17249,7856,3253,8854,4537,1449
17250,7856,1478,240,9935,7356
17251,7856,2390,1576,1563,7145
17252,8902,9972,9436,9935,1772
17253,7856,9972,1294,9935,8784
17254,8902,7294,2005,9935,4279
17255,8902,9972,1576,9935,1772
17256,7856,9972,1576,9935,8548
17257,7856,3253,3647,9935,7145
17258,8902,2390,1576,7591,7145
17259,8902,9972,1576,9935,1772
17260,8902,9972,317,4573,3119
17261,8902,9972,1576,4827,7145
17262,8902,9972,1294,8433,1772
17263,7856,1478,1576,9935,7145
17264,7856,2390,1576,9935,1772
17265,7856,1478,1576,9935,1772
17266,8902,1693,1319,4573,1772
17267,7807,9972,1319,3251,3119
17268,8902,9972,317,4573,1772
17269,7856,2390,9436,4573,663
17270,8902,9972,9436,7616,1772
17271,8902,9972,9436,4573,6743
17272,7856,1478,7093,7591,1772
17273,7856,1478,7093,9935,3746
17274,8902,9972,317,4573,1772
17275,2383,9972,1576,8433,884
17276,3890,9972,9016,4827,884
17277,8902,9972,1294,9935,8548
17278,8902,9972,7093,9935,1772
17279,4237,9972,1294,9935,1772
17280,7856,9972,1576,9935,1772
17281,7856,9566,7093,9935,8548
17282,8902,2390,1576,9935,663
17283,8902,9972,1576,9935,1772
17284,8902,9972,9436,9935,6743
17285,8902,9972,1576,9935,8548
17286,8902,9972,9436,9935,1772
17287,2603,9972,9436,4573,3119
17288,3890,9972,9436,4573,1516
17289,8902,9972,9436,4573,1772
17290,8902,9972,1576,9935,1772
17291,8902,9972,1576,9935,1772
17292,8902,1478,1576,9935,8548
17293,7856,4714,1576,9935,663
17294,8902,4464,1576,9935,9337
17295,8902,1478,1576,9935,9337
17296,7856,1478,1576,4777,8548
17297,7856,1478,4026,9935,8548
17298,7856,1478,1576,9935,8548
17299,3890,9972,1319,4573,6438
17300,8902,5348,1319,3326,1772
17301,8902,5348,1319,9481,9840
17302,8902,5353,240,9935,1772
17303,8902,9972,9436,4573,6438
17304,8902,9972,9016,9935,6743
17305,8902,9972,7093,9935,7284
17306,7856,1478,2005,9935,1449
17307,7856,9972,1294,4777,6
17308,7856,9493,240,7591,7145
17309,7856,1478,1576,9935,8548
17310,7856,1478,1576,9935,8548
17311,7856,1478,1576,7591,7145
17312,7856,9972,8779,9935,1772
17313,7856,9972,1294,7591,8548
17314,8902,9972,1576,7591,1772
17315,8902,9972,1576,9935,884
17316,8902,1478,1576,7591,8548
17317,8902,9972,7093,9935,1772
17318,7856,1478,1576,9935,1772
17319,7856,2390,1576,7591,884
17320,8902,9972,1294,9935,1772
17321,8902,9972,9016,9935,6
17322,8902,9566,7093,7591,3660
17323,8902,9972,1576,4827,1772
17324,8902,2463,1576,9935,7145
17325,2383,9972,9436,5046,884
17326,7856,1478,1576,9935,1772
17327,7856,1478,4079,8302,1772
17328,8902,9566,7093,9935,3746
17329,8902,2463,317,4573,9840
17330,8902,9972,9436,4573,1772
17331,8902,9972,1576,9935,7284
17332,8902,9493,1576,9935,7145
17333,8902,9972,7093,9935,1772
17334,7856,2390,7093,7591,884
17335,8902,9972,7093,7591,884
17336,7856,1478,1576,7591,3746
17337,8902,2390,1576,9935,8548
17338,8902,9566,7093,9935,1772
17339,8902,1478,1576,9935,1772
17340,8902,9972,7093,9935,5260
17341,7856,1478,7093,9935,7145
17342,7856,9972,1576,7591,7145
17343,7856,9972,1576,7591,884
17344,7856,1478,7093,9935,1772
17345,7856,9972,7093,4573,6
17346,8902,9972,7093,7591,1772
17347,8902,5348,317,9935,1772
17348,7856,1478,2005,9935,663
17349,7856,1478,1576,9935,7701
17350,8902,9972,1576,7591,7145
17351,8902,9972,9436,4573,1516
17352,8902,9972,317,4573,1516
17353,8902,9972,1576,9935,1772
17354,7856,1478,1576,9935,1772
17355,8902,2463,317,9935,1772
17356,3890,9972,9436,4573,1516
17357,8902,9972,1576,4573,1772
17358,8902,2390,1576,4827,7145
17359,8902,9972,9016,3764,6743
17360,8902,2390,1294,9743,6992
17361,8902,9972,9436,3537,6438
17362,8902,1478,7093,9935,1772
17363,7856,1478,8779,9935,1772
17364,8902,9972,1576,9935,1772
17365,7856,9566,1576,9935,8548
17366,7856,2390,1576,9935,663
17367,8902,9566,1576,9935,8548
17368,8902,1478,1576,9935,884
17369,8902,9972,9436,3670,884
17370,8902,9972,317,9935,1516
17371,8902,9972,1576,9935,1772
17372,8902,9972,6713,9935,1772
17373,7856,1478,1576,9935,8548
17374,7856,1478,240,2195,3746
17375,7856,1478,240,2195,9443
17376,8902,1478,1576,9935,1772
17377,7856,2390,1576,9935,8548
17378,7856,1478,7093,9935,1772
17379,8902,1478,240,9935,8548
17380,8902,9972,1576,9935,1772
17381,8902,9972,1576,7591,7145
17382,8902,9972,1576,4985,3164
17383,7856,75,240,2195,9443
17384,7856,75,240,7591,9443
17385,7856,1478,1576,9935,8548
17386,7856,9972,7093,4573,1772
17387,8902,9972,9016,9935,6743
17388,8902,9972,1576,9935,1772
17389,8902,9972,317,9935,7957
17390,8902,9972,317,7616,1772
17391,8902,9972,317,4573,2633
17392,7856,1478,2005,9935,1772
17393,4237,1478,2005,9935,1772
17394,7856,1478,2005,9935,1772
17395,8902,9972,1576,9935,1772
17396,8902,1478,2005,9935,1772
17397,7856,1478,240,9935,8548
17398,8902,2463,1576,9935,9337
17399,7856,1478,1576,9935,8548
17400,7856,1478,240,7039,884
17401,7856,1478,1576,9935,8548
17402,7856,1478,1576,8433,8548
17403,7856,1478,1576,9935,3746
17404,8902,2390,1576,9935,1772
17405,8902,9972,1576,9935,1772
17406,7856,9972,1576,9935,663
17407,8902,1478,2005,9935,1772
17408,7856,1478,7093,9935,1772
17409,7856,1478,4826,4573,9959
17410,7856,9566,1576,7591,8548
17411,8902,9972,7093,9935,5260
17412,7856,9972,1576,7591,7957
17413,4237,1478,7093,4573,5177
17414,7856,1478,1576,7591,7145
17415,4237,1478,2005,9935,1772
17416,7856,1478,4826,7591,3746
17417,7856,1478,1294,7591,3746
17418,7856,1478,8779,9935,998
17419,7856,9972,1576,7591,7356
17420,7856,1478,4024,7591,7356
17421,7856,4714,1576,7591,7356
17422,7856,2390,1576,1879,663
17423,7856,9493,1576,8433,7145
17424,8902,1478,1576,9935,7145
17425,8902,9972,1576,9935,1772
17426,8902,9972,1576,9935,1772
17427,8902,9972,1576,9935,6
17428,8902,5353,1294,9935,1772
17429,7856,1478,8779,4573,1772
17430,8902,9972,1576,9935,1772
17431,7856,1478,7093,9935,7145
17432,7856,9493,1576,8302,8548
17433,7856,1478,1576,9743,7356
17434,7856,2390,1576,9935,1772
17435,8902,6429,1576,9935,7145
17436,8902,9972,1294,9935,1772
17437,7856,3253,3647,9935,1449
17438,7856,1478,240,2195,3746
17439,7856,1478,1576,9935,8548
17440,8902,9972,9436,4573,6743
17441,8902,2390,317,9935,1772
17442,8902,9972,1576,9935,1772
17443,8902,2390,9016,9935,7145
17444,7856,1478,1576,7591,7145
17445,8902,9972,7093,7591,6743
17446,8902,9972,1576,9935,1772
17447,8902,9972,1576,9935,663
17448,8902,9972,7093,9935,663
17449,7856,1478,7093,9935,1772
17450,7856,4714,1576,9935,8548
17451,8902,1478,1576,9935,8548
17452,8902,5353,1319,6892,884
17453,8902,5353,240,1563,884
17454,8902,1693,1319,4573,884
17455,7856,1478,240,1563,8548
17456,7856,1478,7093,4573,1772
17457,7856,1478,240,9935,7145
17458,7856,1478,2005,9935,1772
17459,7856,1478,1294,9935,1772
17460,8902,9566,7093,9935,1772
17461,8902,9972,1576,9935,1772
17462,7856,9972,1576,4573,6
17463,7856,1478,7093,9935,884
17464,7856,1478,2005,9935,1772
17465,7856,9972,1576,7591,7145
17466,7856,9566,2005,9935,1772
17467,8902,9972,1576,9935,1772
17468,8902,9972,1576,9935,1772
17469,7856,9566,7093,9935,1772
17470,8902,9972,317,4573,1516
17471,2383,9972,9436,4573,1516
17472,8902,1693,1319,4573,6438
17473,7856,1478,240,1563,5177
17474,7856,1478,240,1563,3746
17475,7856,1478,1294,4573,3746
17476,7856,1478,1576,9935,8548
17477,7856,1478,1576,9935,1772
17478,7856,1478,240,1563,5177
17479,8902,1478,1294,9935,9959
17480,7856,1478,1576,9935,7356
17481,4237,1478,1319,4573,6
17482,8902,9972,1576,9935,1772
17483,8902,9972,7093,9935,1772
17484,8902,9972,1576,9935,1772
17485,9811,666,240,1733,1772
17486,9811,666,2183,6754,1772
17487,9811,666,240,9935,9222
17488,8902,9972,9436,4573,1516
17489,7807,9972,317,4573,3119
17490,8902,5353,9436,8008,884
17491,8902,2390,7093,943,2422
17492,8902,9972,1576,9743,6
17493,8902,9972,9016,9743,6222
17494,8902,9972,9436,4573,6438
17495,8902,9972,9436,9935,884
17496,8902,9972,1576,3537,6438
17497,7856,2390,1576,9935,8548
17498,8902,1478,1576,9935,1772
17499,8902,9972,1576,7591,8548
17500,8902,9972,7093,9935,663
17501,8902,9972,1576,9935,1772
17502,8902,1478,1576,7591,7145
17503,7856,1478,240,9935,9443
17504,7856,7173,2005,9935,8548
17505,8902,1478,2005,9935,9337
17506,8902,9972,1294,9935,8548
17507,7856,1478,7093,7591,1772
17508,7856,1478,1294,4573,1772
17509,7856,9972,1576,7591,663
17510,7856,1478,1576,9935,8548
17511,7856,9972,1576,7591,8548
17512,8902,9972,1294,4985,1772
17513,8902,1478,1576,9935,8548
17514,8902,6250,1576,9935,9337
17515,7856,1478,4026,8302,8548
17516,7856,3253,240,8302,7145
17517,7856,1478,240,1563,8548
17518,7856,6429,1576,9935,7145
17519,7685,1478,2005,9935,9337
17520,7856,4714,9016,9935,7145
17521,8902,1478,1576,9935,8548
17522,8902,9972,1576,9935,1772
17523,7856,9972,1294,9935,1772
17524,7856,9972,1576,9935,7145
17525,7856,9972,1576,4985,4202
17526,7856,9972,1576,4985,7145
17527,8902,9972,9436,8008,884
17528,8902,9972,317,3764,1772
17529,8902,9972,1294,9935,1772
17530,7856,4714,2345,9935,8341
17531,7856,2390,1576,9935,7145
17532,5525,9972,8779,9935,8341
17533,7856,9972,7093,7591,3660
17534,7856,1478,317,4573,3746
17535,7856,9493,1576,7591,884
17536,8902,9972,240,8433,884
17537,2383,666,9044,4731,884
17538,8902,9972,317,4573,1772
17539,7856,9972,1576,9935,1772
17540,8902,9972,7093,4573,1772
17541,8902,9972,7093,9935,1772
17542,2383,9972,9436,9192,884
17543,3890,9972,9436,1632,6222
17544,2383,9972,317,1762,1772
17545,7856,1478,7093,7591,3746
17546,7856,1478,1576,4777,884
17547,7856,1478,7093,9935,884
17548,8902,9972,1576,9935,6
17549,8902,9972,1294,702,1772
17550,8902,9972,1576,9935,1772
17551,7856,1478,1576,7591,1772
17552,7856,1478,2005,9935,8548
17553,7856,1478,2005,9935,8548
17554,8902,9972,1294,9935,1772
17555,8902,9972,1576,3024,8548
17556,2383,5353,240,8433,884
17557,8902,75,1576,9935,884
17558,7856,1478,240,7591,9443
17559,7856,1478,4024,9801,3746
17560,8902,9972,2005,9935,1772
17561,8902,9972,8779,702,1772
17562,8902,9972,7093,4573,1772
17563,7856,1478,1294,9935,6
17564,8902,9972,7093,9935,6
17565,8902,1478,2005,9935,8548
17566,7856,9493,1576,7591,8548
17567,7856,9972,1576,9935,663
17568,7856,9493,1576,7591,8548
17569,8902,9972,1576,9935,663
17570,8902,9972,1576,7591,2422
17571,8902,9972,1576,9935,6
17572,8902,9972,9436,4573,6438
17573,8902,9972,1294,9935,7145
17574,8902,5353,9436,8008,884
17575,8902,7134,9016,9742,884
17576,2383,9972,9436,8008,884
17577,3890,9972,9016,5812,6222
17578,8902,9972,1294,9935,8548
17579,8902,9972,1294,9935,1772
17580,8902,2390,1576,9935,7145
17581,8902,1478,8779,2195,1772
17582,8902,1478,1294,9935,1772
17583,8902,9972,1294,478,1772
17584,8902,9972,1576,4985,6992
17585,7856,9972,7093,9935,7145
17586,8902,6429,1576,9935,1772
17587,7856,2390,7093,7591,7145
17588,8902,9972,1576,4569,3660
17589,7856,9972,7093,9935,1772
17590,7807,5348,240,3670,1772
17591,8902,5348,2183,9233,6441
17592,8902,1693,240,9233,1772
17593,7856,2390,1576,7591,663
17594,7856,9493,1576,9935,7145
17595,7856,1478,1576,2195,8548
17596,8902,5353,1319,4573,1772
17597,8902,9972,1319,4573,1516
17598,8902,9972,1576,9935,663
17599,8902,9972,7093,4573,6
17600,8902,9972,1576,9935,1772
17601,8902,9972,1576,4985,7145
17602,3890,9972,9436,4573,9840
17603,8902,9972,317,8008,1772
17604,8902,9972,1319,3670,1772
17605,3890,9972,9436,8008,6438
17606,2383,9972,9436,1632,884
17607,3890,9972,9436,5330,6438
17608,7856,4714,2225,9935,7821
17609,8902,9972,1576,9935,663
17610,7856,6429,7093,9935,7145
17611,8902,9972,1576,9935,1772
17612,8902,9972,1294,1879,663
17613,8902,9972,1576,9935,1772
17614,8902,9972,9436,9935,884
17615,8902,9972,317,4827,6743
17616,8902,9972,1576,4827,884
17617,8902,75,1576,7039,884
17618,2383,5353,240,4777,884
17619,8902,5353,1576,7178,7145
17620,7856,1478,1576,9935,1449
17621,7856,1478,7093,9935,1772
17622,7856,1478,1294,702,1772
17623,8902,9972,1576,9935,1772
17624,8902,2390,7093,9935,1772
17625,8902,2390,1576,9935,7145
17626,8902,9972,1576,9935,8341
17627,8902,9972,7093,9935,8341
17628,8902,9972,1576,9935,1772
17629,7807,9972,9436,4573,6438
17630,2383,5348,240,8008,884
17631,2383,9972,240,9857,884
17632,8902,9972,7093,9935,3660
17633,7856,9972,1294,7591,6
17634,8902,9972,1576,9935,7145
17635,7856,1478,4026,9935,8548
17636,7856,9972,1576,9935,8548
17637,7856,9972,1576,9935,8548
17638,7856,1478,240,1563,3746
17639,4237,1478,8779,2195,3746
17640,8902,1478,1576,9935,6
17641,7856,9566,1576,9935,8548
17642,7856,4714,1576,9935,7145
17643,7856,9972,1576,9935,1772
17644,4237,1478,8779,4573,1772
17645,4237,1478,1294,4777,1772
17646,7856,9493,7093,9935,884
17647,7856,9972,7093,9935,7145
17648,7856,1478,317,4573,1772
17649,7856,1478,317,4573,1772
17650,8902,9972,1576,9935,6
17651,7856,2390,1576,7591,7145
17652,7856,1478,1576,7591,7145
17653,7856,4714,8854,7591,2796
17654,8902,1478,1576,9935,1772
17655,7856,1478,1576,9935,8548
17656,8902,9972,9436,4573,6
17657,8902,2390,1576,9935,663
17658,8902,9972,9436,4573,6438
17659,8902,9972,9436,4573,6438
17660,8902,9972,1294,4573,3119
17661,8902,1693,1319,4573,3119
17662,7856,75,240,9233,2462
17663,8902,2463,7093,9935,1772
17664,8902,5348,240,7039,1772
17665,8902,9972,317,8008,1772
17666,8902,9972,1319,7194,6992
17667,8902,9972,9436,4573,1772
17668,8902,9972,6713,4573,1772
17669,8902,9972,1576,9935,1772
17670,8902,9972,8779,4573,3119
17671,8902,9972,1319,4573,9840
17672,8902,9972,1294,9935,1772
17673,8902,1693,1294,3670,1772
17674,8902,9972,1576,1781,7145
17675,7856,9972,8779,9935,7145
17676,8902,9972,1576,9935,1772
17677,7856,9566,1576,9935,8548
17678,8902,1478,1576,9935,7145
17679,8902,1478,1576,9935,663
17680,8902,9566,7093,9935,1772
17681,7856,2390,7093,9935,663
17682,8902,9972,2005,9935,8548
17683,8902,9300,1294,9935,1772
17684,8902,1478,1576,9935,1772
17685,7856,9566,1576,9935,1772
17686,8902,9972,9436,9935,884
17687,4237,1478,1294,4777,1772
17688,8902,9972,9436,4573,1772
17689,3890,9972,9436,4573,1516
17690,9811,1693,2183,4573,6438
17691,2383,9972,9436,3670,884
17692,9811,666,240,3670,1772
17693,7807,5353,1319,4573,884
17694,7807,6960,240,1864,1045
17695,7856,1478,1576,9935,8548
17696,8902,1478,7093,9935,884
17697,7856,9493,1576,2195,7145
17698,7856,4714,1576,7591,8548
17699,7856,1478,2005,9935,1772
17700,7856,1478,317,9935,884
17701,8902,1478,2005,9935,8548
17702,8902,1478,2005,9935,1772
17703,8902,9972,1576,9935,1772
17704,8902,9972,7093,7591,1772
17705,7856,1478,1576,9935,8548
17706,7856,4714,1576,7591,663
17707,7856,1478,1576,7591,7145
17708,7856,1478,1576,7591,7145
17709,7856,4714,1576,7591,8548
17710,3890,9972,9436,4573,884
17711,7807,1693,9436,4573,884
17712,9811,666,1319,4573,1516
17713,8902,1478,8779,9935,1772
17714,7856,1478,7093,7591,884
17715,7856,1478,1576,7591,8548
17716,7856,6429,1576,9935,9337
17717,7856,9972,1576,9935,663
17718,8902,9972,7093,9935,1772
17719,8902,1478,1576,9935,1772
17720,7856,1478,317,9935,1772
17721,7856,9493,3647,9935,7145
17722,8902,9972,1576,9935,1772
17723,8902,9566,8779,9935,8341
17724,8902,9972,1576,9935,8548
17725,8902,5348,1319,8008,1772
17726,8902,1693,1319,4573,3119
17727,9811,666,1319,4573,463
17728,8902,9972,9436,7591,884
17729,8902,2463,317,4573,1772
17730,8902,9972,9436,9935,884
17731,8902,2390,1576,4985,6992
17732,8902,9972,317,9935,1772
17733,8902,9972,1576,3764,6743
17734,7856,1478,7093,9935,663
17735,7856,9972,7093,4573,6
17736,8902,9972,7093,7591,884
17737,7856,9972,1576,7591,663
17738,7856,1478,2005,9935,8548
17739,7856,1478,240,7591,1772
17740,7856,9972,9436,4573,1516
17741,7856,9972,8779,4573,1772
17742,7856,9972,7093,9935,1772
17743,8902,1478,7093,9935,1772
17744,8902,1478,7093,4573,1772
17745,8902,1478,7093,9935,1772
17746,8902,9972,317,9935,3746
17747,7856,1478,7093,4573,6
17748,8902,9972,317,9935,884
17749,8902,1478,8779,4573,1772
17750,8902,1478,8779,4573,1772
17751,8902,9972,240,6754,1772
17752,7856,9972,1294,9935,1772
17753,7856,9972,1576,9935,1772
17754,8902,9972,1294,4985,1772
17755,8902,2390,9016,4569,884
17756,8902,9972,1294,9935,663
17757,8902,9972,9016,9935,3660
17758,8902,9972,1319,4573,1772
17759,9811,666,240,4573,2462
17760,8902,9972,1319,4573,884
17761,8902,9972,1576,9935,8341
17762,5525,9972,1576,9935,8341
17763,8902,1478,1294,9935,6
17764,8902,9972,1576,9935,1772
17765,7856,9972,1294,9935,8548
17766,7856,9972,1576,7591,657
17767,8902,9972,1294,9935,1772
17768,4237,9972,7093,4573,884
17769,8902,9972,317,4573,9840
17770,7856,1478,240,2195,8548
17771,7856,1478,1576,9935,1772
17772,7856,1478,7093,9935,1772
17773,9811,666,240,1563,477
17774,8902,666,240,6892,1772
17775,7856,75,240,8433,7145
17776,8902,1478,1576,9935,8548
17777,8902,1478,7093,9935,884
17778,8902,9972,317,9935,1772
17779,3890,9972,9016,4731,6222
17780,3890,9972,1294,2586,884
17781,3299,9972,9016,2969,3119
17782,4237,9972,317,4573,4611
17783,8902,9972,1319,4573,6441
17784,7856,1478,1294,9935,3746
17785,8902,1478,8779,9935,8548
17786,8902,9972,1576,7591,663
17787,8902,9972,9436,4573,6438
17788,8902,9972,1576,9935,2422
17789,8902,9972,9016,4985,6743
17790,7856,9972,1576,9935,8548
17791,7807,1693,1319,4573,6438
17792,7807,9972,1319,4573,6438
17793,8902,9972,317,9935,884
17794,8902,9972,7093,4573,1772
17795,4237,9972,317,4573,1772
17796,4237,9972,317,4573,2633
17797,8902,9972,7093,9935,1772
17798,8902,75,317,9935,1772
17799,8902,9972,9436,4573,6438
17800,7856,1478,1576,7591,7145
17801,7856,1478,1576,9935,9443
17802,7856,1478,1576,7591,3746
17803,7856,1478,2005,9935,8548
17804,8902,1478,1576,4573,8784
17805,7856,1478,240,1864,7356
17806,8902,9972,9436,4573,1772
17807,7856,9972,1576,9935,8548
17808,7856,9972,7093,7591,7957
17809,8902,9972,1576,9935,663
17810,8902,9972,1576,9935,1772
17811,8902,9972,1576,9935,4199
17812,7856,1478,1294,9935,8548
17813,7856,9972,1576,9935,8548
17814,8902,9972,1294,9935,8548
17815,8902,9566,1576,9935,1772
17816,8902,9972,1576,9935,1772
17817,8902,9972,1576,9935,1772
17818,7856,9566,7093,9935,8548
17819,8902,9972,1576,9935,8548
17820,7856,1478,4026,7749,8548
17821,8902,9972,9436,9935,1772
17822,8902,9972,7093,9935,1772
17823,8902,9972,7093,9935,6
17824,8902,9972,1576,9935,1772
17825,8902,9972,9436,4573,1772
17826,8902,9972,9436,951,884
17827,7856,9972,1576,7591,663
17828,7856,3253,4026,7591,663
17829,7856,1478,1576,9935,7145
17830,7856,1478,240,9935,3746
17831,7856,1478,1576,9935,1772
17832,7856,1478,240,4777,8548
17833,7856,9972,1576,7591,1772
17834,7856,1478,1576,9935,1772
17835,7856,1478,1576,9935,8548
17836,8902,4714,1576,7591,7145
17837,4237,9972,7093,4573,1772
17838,8902,9972,1576,9935,6
17839,7856,4714,1576,9935,884
17840,7856,6429,1576,9935,8548
17841,8902,9566,1576,7591,8548
17842,7856,9972,317,4573,1772
17843,7856,1478,1576,4573,3746
17844,7856,9972,317,4573,7145
17845,8902,9972,9436,4573,1772
17846,8902,9972,1576,9935,1772
17847,8902,3353,9016,9935,1772
17848,7856,3253,3200,7591,7701
17849,7856,1478,1576,7591,9443
17850,7856,1478,1576,4777,1772
17851,7856,1478,1294,2195,3746
17852,7856,1478,1294,4777,8548
17853,7856,1478,8779,9935,1772
17854,8902,2463,7851,9935,9337
17855,8902,9972,1576,7591,1772
17856,8902,9972,1576,9935,1772
17857,7856,9972,1576,7591,1772
17858,7856,9566,1576,9935,7145
17859,7856,1478,1576,9935,8548
17860,2603,9972,9436,4573,6438
17861,7856,1478,1319,4573,2633
17862,8902,9972,317,8008,1772
17863,3474,1478,1319,8008,884
17864,8902,9972,6713,4573,3119
17865,8902,9972,6713,4573,3119
17866,7856,1478,7093,9935,8548
17867,7856,1478,7093,4573,1772
17868,7856,1478,1576,9935,7356
17869,7856,9972,1576,9935,1772
17870,8902,9972,1576,9935,1772
17871,7856,1478,1576,7591,1772
17872,7856,1478,1294,9935,1772
17873,7856,3253,1576,7591,1772
17874,7856,1478,7093,9935,1772
17875,8902,9972,7093,9935,1772
17876,7856,2463,1576,9935,1772
17877,7856,1478,1576,9935,8548
17878,8902,9972,9436,4573,1516
17879,8902,9972,317,7616,1516
17880,2383,9972,9436,9935,884
17881,8902,1478,1576,9935,8548
17882,7856,1478,7093,4777,8548
17883,7856,1478,7093,9935,8548
17884,8902,2390,1576,9935,9337
17885,7856,1478,7093,4573,6
17886,7856,2390,1576,9935,9337
17887,8902,9972,1576,7591,663
17888,7856,1478,1576,9935,663
17889,7856,1478,1576,9935,8548
17890,7856,2390,1576,9935,7145
17891,7856,9493,1576,9935,7145
17892,7856,1478,1576,9935,1772
17893,7856,1478,1576,9935,1772
17894,7856,9972,1294,702,1772
17895,7856,2390,1576,7591,8548
17896,8902,9972,1294,4573,3119
17897,7807,9972,1319,4573,3119
17898,8902,1693,1319,4573,9840
17899,4237,1478,240,1864,7356
17900,8902,1478,7093,4573,1772
17901,8902,1478,1576,9935,8548
17902,8902,9972,9436,8008,884
17903,7856,1478,1576,9935,1772
17904,7856,4714,1576,7591,884
17905,8902,9972,1576,7591,1772
17906,7856,4714,1576,9935,1772
17907,7856,9972,1294,9935,1772
17908,8902,9972,1576,9935,6
17909,7856,1478,1576,9935,1772
17910,8902,9972,1576,7591,7356
17911,7856,1478,1576,7591,7145
17912,7856,1478,2005,9935,1772
17913,8902,9972,1576,9935,1772
17914,8902,9972,9436,1762,9840
17915,3890,9972,9436,3537,884
17916,8902,9972,5055,4573,8784
17917,7856,1478,7093,4573,3746
17918,7856,1478,2005,9935,1772
17919,7856,1478,4826,4573,6506
17920,7856,9972,1576,9935,1772
17921,7856,1478,1576,9935,3746
17922,7856,9972,1576,9935,1772
17923,4237,9972,1319,4573,5177
17924,8902,9972,9436,4827,884
17925,4237,1478,1319,4573,5177
17926,8902,9972,1576,9935,6743
17927,7856,1478,1319,4573,4611
17928,7856,9972,1319,4573,3119
17929,8902,9972,7093,9935,1772
17930,8902,9972,9436,4573,1516
17931,8902,9972,1576,9935,3660
17932,8902,5348,1294,9935,7284
17933,8902,5348,1576,8433,884
17934,8902,5348,240,3670,1772
17935,8902,1478,1294,9935,1772
17936,7856,1478,1576,7591,7145
17937,7856,9566,1576,9935,8548
17938,8902,9972,7093,9935,6
17939,4237,1478,7093,9935,9222
17940,7856,1478,1319,4573,998
17941,8902,4714,1576,4985,1836
17942,8902,9972,1576,4985,6
17943,8902,9972,1576,9935,1772
17944,8902,2390,1576,1879,8548
17945,8902,9972,1294,9935,1772
17946,7856,9972,1576,9935,1772
17947,7856,1478,8779,2195,1772
17948,7856,1478,1576,9935,1772
17949,7856,1478,240,1864,7356
17950,7856,9972,1576,4985,7145
17951,8902,9972,1576,9935,8548
17952,8902,9972,1294,9935,8548
17953,8902,9566,1576,9935,8548
17954,7856,9972,1576,9935,8548
17955,8902,9972,1576,4985,7145
17956,7856,1478,1576,7591,884
17957,7856,1478,1576,7591,884
17958,7856,1478,1576,9935,8548
17959,7856,2390,317,9935,1772
17960,8902,2463,9016,9935,1772
17961,2383,9972,9436,8008,6438
17962,8902,1478,7093,9935,1772
17963,8902,5348,240,9935,1772
17964,7856,1478,7093,9935,7284
17965,7856,1478,240,7591,3746
17966,8902,9972,9436,4573,1516
17967,7856,1478,317,9935,884
17968,2603,9972,9436,4573,884
17969,8902,9972,1576,3666,1772
17970,8902,2390,1294,1879,3401
17971,7856,1478,1319,4573,3746
17972,7856,1478,240,7591,9443
17973,8902,1478,1576,9935,9443
17974,172,4714,9016,9935,7145
17975,8902,2390,1576,9935,8548
17976,7856,2390,1576,9935,7145
17977,2383,9972,9436,9742,884
17978,2383,9972,9436,4827,884
17979,8902,9972,9436,3537,6438
17980,8902,9972,1576,4777,1772
17981,8902,1478,7093,4573,3119
17982,7856,9972,1294,7591,8548
17983,7856,1478,7093,4573,6
17984,7856,9972,1576,7591,8548
17985,7856,1478,7093,9935,7284
17986,8902,9972,2005,9935,1772
17987,8902,9972,1576,9935,8548
17988,7856,9972,1576,9935,1772
17989,7856,2390,1576,9935,884
17990,7856,9972,1576,7591,8548
17991,7856,9566,1576,9935,8548
17992,7856,9493,1576,9935,9385
17993,7856,1478,7093,9935,7284
17994,7856,2390,1576,9935,2422
17995,8902,9972,9436,4573,884
17996,8902,9972,9436,4573,1772
17997,4237,9972,1319,4573,3119
17998,8902,9972,9436,8008,6438
17999,8902,9972,317,4573,1772
18000,8902,9972,317,9935,1772
18001,2383,5353,240,9935,1516
18002,3890,9972,9436,4573,6438
18003,8902,1693,1319,4573,6438
18004,8902,9972,6713,4573,1772
18005,8902,9972,9436,4573,1772
18006,8902,9972,8779,4573,1772
18007,7856,9493,1576,2195,7145
18008,7856,1478,240,2195,7145
18009,7856,1478,1576,7591,884
18010,8902,1478,1576,9935,8548
18011,7856,2390,1576,9935,8548
18012,7856,1478,1576,7591,884
18013,8902,9972,1576,9935,6743
18014,8902,9566,1576,9935,663
18015,8902,9972,1576,9935,3660
18016,2603,9972,1576,1879,663
18017,4237,1478,1319,4573,1772
18018,8902,9972,317,8008,1772
18019,8902,1478,1294,9935,8548
18020,8902,9972,1294,1879,8548
18021,7856,1478,1294,1879,8548
18022,7856,1478,4826,7591,9959
18023,7856,1478,1576,9935,7145
18024,7856,3253,1576,7591,8548
18025,4237,9972,1576,9935,6
18026,4237,9972,9436,4573,6
18027,3890,9972,9436,4573,6438
18028,7856,1478,8779,1469,5177
18029,8902,9972,1576,4573,1772
18030,4237,1478,8779,1469,6
18031,7856,9972,7093,9935,7957
18032,7856,1478,1576,7591,7145
18033,8902,9972,1576,9935,1772
18034,7856,9493,1576,9935,8548
18035,7856,9972,1576,7591,1772
18036,7856,1478,2005,9935,1772
18037,8902,9972,1576,9935,6
18038,7856,7294,2005,9935,1772
18039,8902,9972,1576,9935,1772
18040,7856,1478,1294,9935,1772
18041,7856,1478,1319,9801,5177
18042,8902,9972,1294,4573,6
18043,7856,1478,8779,268,9959
18044,8902,9972,1576,7591,6
18045,7856,1478,1294,4573,6
18046,8902,9972,1576,9935,6743
18047,8902,9972,317,4573,1772
18048,8902,9972,1576,9935,1772
18049,7856,1478,1576,4573,1772
18050,7856,7294,1294,9935,1772
18051,7856,9972,1576,9935,8548
18052,7856,1478,1576,7591,7145
18053,7856,4714,1576,7591,3746
18054,7856,1478,1576,7591,1772
18055,8902,9972,1576,8433,884
18056,3890,9972,1319,4573,3119
18057,8902,1478,1294,4777,1772
18058,8902,9972,1576,9935,6
18059,7856,9972,2005,9935,1772
18060,7856,1478,8779,9935,1772
18061,7856,1478,7093,4573,884
18062,7856,1478,4079,4573,1772
18063,7856,1478,240,1563,5177
18064,7856,9972,1576,9935,7145
18065,8902,9493,1576,9935,8548
18066,7856,4714,1576,9935,9337
18067,8902,1693,8779,4573,1772
18068,8902,1478,317,7616,7145
18069,7856,1478,1319,4573,1772
18070,7856,2390,7093,9935,7957
18071,7856,9566,1576,9935,8548
18072,7407,4714,1576,7591,4202
18073,9811,666,2183,4573,7284
18074,8902,1478,1294,7039,7145
18075,9811,666,240,1563,477
18076,2603,9972,9016,8008,6743
18077,8902,9972,1576,8433,884
18078,8902,9972,9436,1762,6992
18079,8902,1693,1319,6892,1772
18080,3890,9972,317,4573,9840
18081,8902,1693,317,8008,1772
18082,8902,9972,6713,4573,1772
18083,8902,9972,9016,4985,3660
18084,8902,9972,9016,3764,6743
18085,8902,9972,7093,9935,1772
18086,7856,1478,1576,4777,7356
18087,7856,1478,8779,4573,3746
18088,7856,9566,1576,9935,7145
18089,7856,9972,1576,9935,8548
18090,7856,6250,2005,9935,1772
18091,9811,5353,1319,4573,1772
18092,8902,75,240,9233,1772
18093,8902,9972,317,4573,1516
18094,3890,9972,9436,3670,1772
18095,8902,9972,1576,9935,1772
18096,2603,9972,9436,4573,6438
18097,8902,5348,317,7616,9840
18098,8902,9972,317,8008,884
18099,7807,666,240,6754,1772
18100,8902,5348,1576,9935,7145
18101,8902,9972,9436,4573,3119
18102,8902,9972,317,4573,1516
18103,8902,9972,1294,7591,663
18104,8902,9972,317,4573,1516
18105,8902,9972,1294,3764,6
18106,7856,1478,1576,4777,7145
18107,8902,75,240,7039,1772
18108,8902,9972,240,7039,1772
18109,8902,9972,9436,4827,884
18110,3890,9972,9436,4573,9305
18111,3890,9972,240,9742,3401
18112,7856,1478,4026,9935,1549
18113,8902,9972,7093,9935,6
18114,7856,1478,1576,9935,1772
18115,8902,9972,1576,9935,8341
18116,8902,9972,1576,9935,1772
18117,8902,9972,1576,9935,1772
18118,8902,1693,2183,9935,9222
18119,8902,666,240,7039,2462
18120,7856,1478,1576,2195,7145
18121,7856,1478,1576,9935,884
18122,7856,1478,3357,7591,7356
18123,7856,1478,1576,9935,8548
18124,3890,9972,9436,4731,884
18125,8902,9972,1576,8433,884
18126,2383,5353,1576,8433,884
18127,7807,9972,1319,4573,3119
18128,2383,9972,240,7039,884
18129,3890,9972,9436,9742,884
18130,8902,2390,1576,9935,663
18131,7856,1478,1576,9935,1772
18132,7856,4714,1576,4985,663
18133,7856,1478,1319,4573,3119
18134,7856,1478,1576,9935,1772
18135,7856,1478,240,1563,3746
18136,7856,1478,7093,9935,1772
18137,7856,1478,240,9935,8548
18138,7856,1478,240,1563,3746
18139,8902,9972,9436,4573,6438
18140,8902,9972,1319,4573,3216
18141,8902,9972,9436,4827,884
18142,8902,1478,1576,9935,1772
18143,8902,9972,7093,9935,1772
18144,4237,9972,1576,702,1772
18145,7856,1478,4079,9935,1772
18146,7856,1478,4079,9935,1772
18147,7856,1478,1294,9935,1772
18148,8902,9972,1576,9935,8548
18149,8902,9972,1294,9935,1772
18150,7856,1478,1576,7591,8548
18151,7856,9493,2005,9935,9337
18152,7856,1478,2005,9935,9337
18153,8902,2463,1576,9935,1772
18154,8902,9972,1576,9935,1772
18155,7856,1478,1576,9935,1772
18156,8902,9972,1576,9935,6
18157,8902,9972,317,9935,1772
18158,8902,9972,1576,9935,663
18159,8902,9972,1576,9935,1772
18160,8902,9972,317,9935,6
18161,7856,1478,4026,7591,8548
18162,7856,9972,1576,9935,3746
18163,3890,9972,317,4573,1516
18164,2383,5353,317,9935,884
18165,3890,9972,9436,4573,6438
18166,8902,9972,2005,9935,1772
18167,7856,9566,1576,9935,1772
18168,8902,9972,1576,7591,7145
18169,8902,9972,7093,9935,1772
18170,8902,9972,8779,9935,1772
18171,8902,9972,2005,9935,1772
18172,8902,9972,9016,8008,884
18173,2383,9972,9436,7616,1516
18174,8902,5353,317,8008,884
18175,4237,9972,1319,4573,1772
18176,3890,9972,9436,8008,6438
18177,9811,1693,2183,4573,8784
18178,8902,9972,7093,9935,6
18179,7856,1478,240,9935,1772
18180,7856,1478,240,1563,884
18181,8902,9972,1576,9935,1772
18182,8902,9972,1576,3670,1772
18183,8902,9972,9436,4573,1772
18184,7856,1478,1576,7591,9959
18185,8902,5353,317,9935,884
18186,7856,1478,1576,4777,8548
18187,8902,9972,1576,1879,1772
18188,8902,9972,240,9935,1516
18189,3890,9972,317,8008,1772
18190,7856,1478,240,7591,3746
18191,7856,1478,8779,4573,998
18192,7856,1478,240,2195,7145
18193,8902,2390,7093,9935,1772
18194,8902,9972,7093,9935,1772
18195,7856,9972,7093,9935,1772
18196,7856,2390,1576,7591,7145
18197,8902,2390,1576,9935,1772
18198,7856,9972,7093,9935,8548
18199,8902,2390,7093,9935,1772
18200,8902,9972,1294,9935,1772
18201,8902,1478,7093,9935,1772
18202,2383,9972,9436,4573,8464
18203,8902,9972,317,4827,884
18204,8902,9972,317,4573,1772
18205,8902,9972,1294,9935,1772
18206,8902,9972,1294,1879,1772
18207,7856,9972,1576,7591,7145
18208,8902,75,1319,9233,6441
18209,9811,6960,2183,4573,9222
18210,8902,5348,240,9935,477
18211,8902,9566,2005,9935,8548
18212,8902,9972,1576,9935,1772
18213,7856,1478,1576,9935,8548
18214,7856,75,240,1563,9443
18215,7856,1478,4026,2195,8548
18216,7856,75,240,1563,7356
18217,2383,9972,9436,284,1516
18218,3890,9972,9436,4573,3119
18219,8902,9972,9436,4573,6438
18220,7856,9493,1576,7591,7145
18221,7856,1478,1576,2195,8548
18222,7856,9493,1576,7591,8548
18223,8902,6429,1576,9935,663
18224,7856,1478,1294,9935,1772
18225,8902,1478,1576,9935,1772
18226,7856,6429,2005,9935,1772
18227,8902,9566,1294,9935,1772
18228,7856,2390,1576,9935,663
18229,7856,1478,3661,8302,1772
18230,7856,1478,240,8302,7145
18231,7856,1478,2005,9935,1772
18232,8902,2390,1576,7591,8548
18233,8902,2390,1576,9935,663
18234,8902,9972,1294,4777,3119
18235,7856,9972,1576,7591,7145
18236,7856,3253,1576,2195,8548
18237,8902,1478,1576,7591,3746
18238,8902,1478,317,9935,1772
18239,8902,2463,7093,9935,1772
18240,8902,5348,240,9935,7145
18241,7856,1478,7093,9935,884
18242,7856,3253,240,2195,2796
18243,7856,1478,240,7591,9443
18244,7856,9972,1294,9935,8548
18245,8902,2390,1576,9935,663
18246,7856,1478,2005,9935,1772
18247,8902,9493,1576,8433,884
18248,8902,2390,1576,9935,884
18249,8902,2463,9436,8433,6438
18250,8902,9972,1576,4569,3660
18251,8902,9972,1576,4827,884
18252,8902,9972,1294,9935,884
18253,3890,9972,9436,4573,6438
18254,3890,9972,9436,8008,6743
18255,3890,9972,9436,8008,884
18256,7856,9493,240,7591,8548
18257,7856,1478,1294,8302,8548
18258,7856,1478,1576,8302,7145
18259,2383,9972,9436,9742,7495
18260,3890,9972,9436,8008,884
18261,8902,2390,9016,7178,884
18262,7856,1478,1576,9935,8548
18263,7856,1478,1294,9935,8548
18264,7856,9493,1576,9935,7145
18265,7856,1478,7093,9935,1772
18266,7856,1478,1576,9935,1772
18267,7856,1478,2005,9935,8548
18268,7856,9972,1576,9935,8548
18269,7856,1478,7093,7591,1772
18270,7856,9972,1576,7591,9443
18271,7856,1478,1294,9935,1772
18272,7856,1478,1294,9935,8548
18273,7856,1478,1576,9935,7145
18274,7856,1478,1576,9935,8548
18275,7856,1478,1294,4777,1772
18276,4237,9972,1576,9935,6
18277,8902,9972,1576,9935,1772
18278,8902,9972,1576,9935,1772
18279,7856,9566,1576,9935,1772
18280,5525,9972,1294,9935,6
18281,8902,9972,1294,9935,1772
18282,8902,9972,1576,9935,1772
18283,8902,9972,1576,4985,6992
18284,7856,1478,1576,9935,7145
18285,8902,9972,1576,9935,6
18286,7856,9972,1576,4573,6
18287,7856,1478,1576,7591,1772
18288,7856,1478,4026,7591,8548
18289,8902,9300,2005,9935,4279
18290,8902,9972,1576,9935,6
18291,7856,1478,1294,268,8548
18292,7856,1478,1319,4573,4611
18293,7856,1478,1319,4573,5177
18294,7856,1478,1319,4573,5177
18295,8902,5353,240,4777,884
18296,8902,5353,9436,8433,884
18297,8902,2463,7093,9935,884
18298,8902,2390,706,4827,884
18299,2383,9972,9436,3670,884
18300,8902,9972,9436,5046,1772
18301,7856,1478,8779,9935,1772
18302,7856,9972,1294,7591,6
18303,8902,1478,1576,9935,7145
18304,7856,9493,4079,1563,7145
18305,7856,1478,4024,9801,5177
18306,7856,75,240,1563,2796
18307,8902,2390,1576,4985,7145
18308,8902,3229,1576,4985,7145
18309,8902,2390,1576,9935,8548
18310,3890,9972,1319,4573,3119
18311,2383,9972,9436,3670,6438
18312,2383,9972,9436,1762,6438
18313,8902,9972,7093,7591,6
18314,8902,2390,1576,9935,7145
18315,8902,9972,1576,4777,884
18316,7856,3253,1576,7591,7145
18317,7856,9493,1576,7591,7145
18318,7856,6429,1576,9935,663
18319,8902,9972,1294,4573,6
18320,8902,9972,9436,4669,1772
18321,7856,9972,1576,7591,6
18322,7856,1478,4024,3945,8541
18323,7856,1478,4026,7591,8548
18324,7856,1478,4026,7591,8548
18325,4237,1478,1319,9935,1772
18326,8902,1478,7093,9935,6992
18327,7856,1478,240,9935,9443
18328,8902,9972,1576,4573,1772
18329,3474,9972,1319,8008,884
18330,2603,9972,9436,4573,884
18331,8902,9972,1576,9935,3660
18332,7856,2390,1576,9935,1772
18333,8902,9972,1576,9935,7145
18334,8902,1478,2005,9935,1772
18335,8902,9972,7093,9935,1772
18336,7856,1478,1576,9935,8548
18337,8902,9972,1576,9935,6
18338,8902,9972,7093,9935,1772
18339,7856,9972,1576,9935,663
18340,8902,9972,1576,7591,1772
18341,8902,9972,7093,4573,1772
18342,7856,1478,1576,9935,7145
18343,4237,1478,240,9233,2796
18344,8902,9972,6713,4573,1772
18345,4237,1478,1319,4573,3746
18346,8902,1478,1576,9935,7145
18347,8902,5353,9436,4973,7145
18348,8902,2463,1576,9935,1772
18349,8902,9972,1319,8433,6438
18350,8902,9972,9436,4573,6438
18351,8902,9972,1294,8433,884
18352,8902,9972,6713,9935,1772
18353,8902,5348,317,7616,1772
18354,8902,9972,1294,9935,1772
18355,7856,1478,1294,9935,1772
18356,7856,1478,7093,9935,1772
18357,7856,1478,1319,4573,1772
18358,7856,9972,1576,7591,8548
18359,8902,9972,1294,9935,1772
18360,8902,2390,1576,9935,8548
18361,7856,9972,1576,9935,8548
18362,8902,9972,1576,9935,1772
18363,8902,2390,1576,9935,1772
18364,8902,9972,1576,9935,1772
18365,8902,9972,1576,9935,8341
18366,7856,9972,1294,9935,6
18367,8902,9972,1319,8008,6438
18368,8902,75,1319,7039,884
18369,4237,1478,1319,4573,1772
18370,8902,6429,7093,9935,1772
18371,8902,9972,1576,9935,663
18372,7856,2390,1576,9935,7145
18373,9811,666,240,4573,884
18374,8902,5353,9436,9935,884
18375,8902,9972,317,8008,884
18376,7856,1478,1576,9935,1772
18377,7856,1478,1576,9935,7145
18378,7856,2390,1576,9935,7145
18379,8902,9972,1576,9935,1772
18380,8902,9972,1576,9935,663
18381,8902,9972,1576,9935,1772
18382,2383,9972,9436,4573,6438
18383,8902,9972,1576,5046,663
18384,8902,9972,9436,8008,884
18385,8902,5348,1319,4573,1772
18386,8902,1693,1319,4573,9222
18387,8902,1478,1294,9935,1772
18388,7856,1478,7093,9935,8548
18389,8902,1478,7093,9935,1772
18390,7856,9972,1576,7591,884
18391,8902,4714,1576,9935,1449
18392,8902,6429,9016,4985,6901
18393,8902,9972,1576,9935,3660
18394,8902,9972,9436,4573,6438
18395,8902,9972,9436,1862,6438
18396,8902,9972,317,4573,3119
18397,9811,666,240,1563,884
18398,9811,666,240,4573,9222
18399,9811,666,240,1563,477
18400,7856,1478,8779,7591,9443
18401,7856,9493,1576,9935,8548
18402,7856,1478,8779,7591,8548
18403,7856,1478,1576,9935,1772
18404,7856,1478,8779,4573,3746
18405,7856,1478,1576,9935,7145
18406,8902,9972,1576,9935,6
18407,8902,9972,1576,9935,7145
18408,7407,4714,1576,4985,7145
18409,7856,1478,1294,4573,6
18410,4237,1478,7093,4573,6
18411,8902,9972,6713,4573,1772
18412,8902,6429,1576,9935,7145
18413,8902,6429,1576,9935,1772
18414,8902,9972,1576,9935,7145
18415,8902,9972,1576,9935,1772
18416,8902,1478,7093,9935,1772
18417,8902,9972,1576,9935,1772
18418,2383,9972,317,4573,1516
18419,7807,9972,1319,4573,3119
18420,2383,9972,9436,4573,884
18421,8902,1478,1576,9935,1772
18422,8902,9972,1576,9935,1772
18423,8902,2390,7093,9935,1772
18424,8902,9972,240,3670,884
18425,8902,2463,1294,7616,6441
18426,8902,1478,1294,8433,1772
18427,7856,1478,8726,4573,6
18428,7856,9972,7093,9935,1772
18429,7856,1478,4079,1563,1772
18430,7856,1478,7093,4573,3746
18431,8902,1478,1294,9935,1772
18432,7856,1478,1576,9935,1772
18433,8902,9972,1576,7591,7145
18434,8902,9972,317,3764,1772
18435,8902,9972,8779,4573,1772
18436,8902,1478,2005,9935,1772
18437,7856,1478,2005,9935,1772
18438,7856,9972,7093,9935,1772
18439,7856,9972,7093,4573,1772
18440,8902,9566,1294,9935,1772
18441,4237,9972,9436,4573,6
18442,8902,9972,1294,1879,6992
18443,8902,9972,9016,9743,6222
18444,8902,9972,1576,9935,1772
18445,9811,666,240,7039,884
18446,9811,5353,9436,8433,884
18447,9811,666,2183,9935,9222
18448,8902,2463,317,9935,7284
18449,8902,1693,1319,4573,9222
18450,7807,1693,2183,4573,1772
18451,7856,1478,8779,9935,1772
18452,8902,9972,1294,9935,1772
18453,7856,1478,1576,8302,7145
18454,8902,9972,9436,4573,6
18455,8902,9972,8815,9935,1772
18456,8902,9972,8815,9935,663
18457,8902,9972,1294,9935,1772
18458,8902,9972,7093,9935,1772
18459,8902,9972,2005,9935,4279
18460,7856,9972,8779,7591,3746
18461,7856,9972,317,7591,6743
18462,7856,9972,9436,4573,6438
18463,7856,1478,7093,9935,7284
18464,7856,9972,7093,4573,1772
18465,8902,9972,1576,9935,1772
18466,8902,1478,1576,9935,8784
18467,4237,9972,9436,4573,6
18468,7856,9972,1576,7591,6
18469,9811,666,2183,3251,9222
18470,8902,1693,1319,4573,6041
18471,8902,75,1319,1563,884
18472,8902,2390,1576,9935,663
18473,8902,9972,1576,7591,663
18474,8902,9972,1576,9935,6
18475,8902,9972,1294,4573,3119
18476,8902,9972,1294,4573,3119
18477,8902,9972,1576,4573,6
18478,8902,9972,1576,4985,1449
18479,7856,1478,2005,9935,9337
18480,8902,9972,1576,4817,7356
18481,8902,9972,1576,4985,1772
18482,8902,9972,9016,4985,3660
18483,8902,9972,1576,9935,8341
18484,8902,2390,1576,9935,8548
18485,8902,1478,1294,9935,8548
18486,7856,1478,1576,9935,1772
18487,7856,1478,8779,9935,7356
18488,7856,9972,7093,9935,1772
18489,7856,9972,1294,4777,8548
18490,8902,9972,1319,1762,6438
18491,8902,5353,1576,478,1772
18492,8902,9972,1576,7591,7145
18493,8902,5348,240,8008,1772
18494,8902,5348,240,7039,7145
18495,8902,2463,1576,478,1772
18496,8902,9972,9436,7591,1516
18497,8902,9972,9016,4827,884
18498,3890,9972,9436,1632,6222
18499,7856,9972,1576,7591,1772
18500,7856,1478,1576,7591,9959
18501,7856,1478,8779,4573,3746
18502,7807,5348,240,9935,1772
18503,9811,6960,2183,4573,9222
18504,8902,5348,1319,8008,9840
18505,8902,9972,317,3764,6
18506,8902,9972,1576,4573,1772
18507,8902,3229,1576,9935,663
18508,8902,9972,9436,4573,6438
18509,2383,5353,317,8008,1772
18510,8902,9972,9436,4573,1772
18511,7856,1478,240,2195,3401
18512,7856,1478,240,1563,998
18513,7856,1478,240,2195,8604
18514,9811,1693,1319,4573,9222
18515,8902,5353,317,4573,3119
18516,8902,5353,1319,4573,6041
18517,7856,9972,7093,9935,3660
18518,7856,1478,1576,9935,1772
18519,7856,1478,2005,9935,6
18520,7856,2390,1576,9935,8548
18521,7856,75,240,7591,7356
18522,7856,1478,1576,8302,7145
18523,7856,9566,1576,9935,1772
18524,8902,1478,1294,9935,8548
18525,7856,1478,3647,9935,8548
18526,7856,1478,240,7591,7145
18527,7856,1478,1576,7591,3746
18528,7856,1478,1576,7591,7145
18529,8902,9972,1294,9935,1772
18530,8902,1478,1576,9935,8548
18531,8902,9972,1576,9935,6
18532,7856,1478,7093,9935,1772
18533,8902,9972,1576,9935,1772
18534,8902,9972,1576,9935,1772
18535,3890,9972,9436,4573,6438
18536,3890,9972,9436,8008,884
18537,2383,9972,317,8008,884
18538,7856,9972,1576,9935,1772
18539,7856,9972,1576,9935,1772
18540,8902,5353,317,9935,884
18541,3474,75,240,9935,884
18542,8902,5353,317,7039,1772
18543,8902,5353,317,3670,1772
18544,8902,9972,1294,9935,8548
18545,8902,9972,1576,9935,884
18546,8902,9972,1576,9935,1772
18547,8902,9972,1576,9935,1772
18548,7856,1478,7093,9935,1772
18549,8902,9972,7093,9935,6
18550,8902,9972,1294,9935,8341
18551,8902,9972,9016,9935,1772
18552,8902,9972,1576,9935,1772
18553,8902,9972,317,7591,884
18554,8902,9972,1576,7591,663
18555,8902,9972,9436,1304,884
18556,8902,1693,1319,4573,3119
18557,8902,9972,9436,4573,6
18558,8902,9972,1576,7591,6
18559,7856,9972,1294,4573,6
18560,8902,9972,1576,9935,6
18561,7856,9972,1294,4573,6
18562,8902,9972,1576,9935,663
18563,8902,1478,7093,4573,1772
18564,8902,9972,9436,4573,6
18565,7856,1478,1576,7591,7145
18566,8902,9972,7093,9935,6743
18567,7856,9972,1576,7591,7145
18568,8902,9972,1576,9935,7826
18569,8902,9972,1576,1879,6743
18570,8902,9972,1576,9935,6
18571,8902,9972,1294,2195,3401
18572,8902,9972,1576,1592,9337
18573,8902,9972,9436,8433,6438
18574,7856,9566,2005,9935,1772
18575,8902,9972,1576,9935,8548
18576,7856,1478,240,7591,8548
18577,7856,1478,240,7591,7356
18578,7856,1478,7093,3945,884
18579,7856,1478,1576,1563,884
18580,7856,9972,1576,9935,1772
18581,7856,1478,1576,7591,8548
18582,7856,1478,1576,7591,8548
18583,7856,9566,1576,9935,1772
18584,7856,1478,240,1563,1772
18585,4237,1478,8779,4573,3746
18586,7856,9493,1576,9935,8548
18587,7856,1478,1576,9935,8548
18588,7856,1478,2005,9935,1772
18589,7856,1478,1576,9935,8548
18590,7856,1478,7093,9935,8548
18591,8902,9566,2005,9935,1772
18592,8902,9972,1576,4985,1772
18593,8902,9972,1576,9935,1772
18594,8902,2463,7093,9935,1772
18595,7856,9972,1576,4573,3746
18596,8902,9972,1576,9935,1772
18597,8902,9972,7093,9935,1772
18598,7856,1478,240,8302,998
18599,7856,1478,1576,7591,3746
18600,7856,1478,4079,7591,3746
18601,7856,9566,1576,9935,7145
18602,7856,6429,1576,9935,7145
18603,7856,2390,1576,9935,7145
18604,7856,1478,8779,7591,3746
18605,7856,1478,4079,7591,7145
18606,7856,1478,8779,7591,3746
18607,7856,9493,2005,9935,8548
18608,7856,3253,1576,7591,884
18609,7856,1478,1576,9935,8548
18610,8902,9972,1576,4985,392
18611,8902,9972,1576,9935,6
18612,8902,1478,317,9935,1772
18613,7856,1478,7093,9935,1772
18614,7856,1478,1576,7591,7145
18615,7856,1478,1576,9935,8548
18616,7807,1693,1294,9935,884
18617,2383,9972,9436,4573,6438
18618,9811,666,240,6754,1516
18619,7856,1478,8779,8302,1772
18620,8902,9972,317,4573,1516
18621,7856,1478,1576,7591,7145
18622,8902,9972,1576,9935,1772
18623,8902,9972,1576,478,7145
18624,8902,9972,1576,9935,1772
18625,3890,9972,1576,2195,3746
18626,3890,9972,9436,2586,1516
18627,8902,9972,1294,8433,6438
18628,7856,1478,1294,9935,8548
18629,7856,9972,1576,7591,1772
18630,7856,9972,1576,9935,8548
18631,3890,9972,9436,1632,6438
18632,8902,9972,9436,4573,3660
18633,8902,9972,9436,4573,6438
18634,7856,1478,1576,7591,3746
18635,7856,1478,8779,7591,3746
18636,7856,3253,240,7591,8548
18637,7856,1478,7093,9935,1772
18638,7856,1478,240,7591,9443
18639,7856,1478,1576,9935,8548
18640,7856,1478,7093,4573,1772
18641,8902,1478,2005,9935,1772
18642,7856,1478,2005,9935,1772
18643,7856,1478,2005,9935,9443
18644,7856,1478,1576,9935,1772
18645,7856,1478,240,2195,9443
18646,7856,1478,8779,9935,1772
18647,8902,1478,1576,9935,1772
18648,7856,1478,1576,7591,1772
18649,7856,75,1576,7591,884
18650,7856,1478,1576,7591,7145
18651,7856,1478,1576,7591,7356
18652,7856,1478,240,9935,8548
18653,7856,1478,2005,9935,1772
18654,7856,1478,8779,9935,998
18655,7407,2390,1576,9935,7356
18656,7856,7294,2005,9935,8548
18657,172,9566,1576,9935,663
18658,3474,75,1319,7070,4611
18659,4237,1478,240,7039,2462
18660,3890,9972,9436,4573,6438
18661,8902,5348,1319,9935,7284
18662,3474,75,240,1563,2462
18663,9811,6960,2183,4573,9222
18664,8902,5353,317,9935,884
18665,4237,9972,1319,4573,1516
18666,8902,9972,8779,4573,1772
18667,8902,9972,317,9935,7701
18668,8902,4714,1576,9935,1772
18669,8902,9972,1576,9935,8341
18670,7856,9566,1576,9935,8548
18671,7856,1478,1576,9935,7145
18672,7856,1478,2005,9935,1772
18673,8902,9972,7093,4573,6
18674,8902,9972,1576,9935,1772
18675,8902,9972,1576,9935,1772
18676,8902,1478,2005,9935,9337
18677,7856,1478,1576,9935,8548
18678,7856,1478,7093,9935,8548
18679,8902,9972,1576,4573,6
18680,8902,2463,1294,9935,9337
18681,7856,1478,8779,9935,8548
18682,7856,1478,7093,9935,9959
18683,8902,9972,7093,4573,6
18684,8902,9972,7093,4573,6
18685,7856,2390,1576,7591,7145
18686,7856,4714,1576,4985,7145
18687,7856,6429,1576,9935,1895
18688,7856,9566,1576,9935,1772
18689,7856,1478,7093,4573,3746
18690,7856,9972,8779,7591,8548
18691,8902,1478,1294,9935,8548
18692,7856,1478,1576,9935,8548
18693,7856,1478,1576,9935,8548
18694,7856,1478,1294,4573,3746
18695,7856,1478,1576,7591,8548
18696,7856,1478,7093,9935,7145
18697,8902,9972,1576,9935,2422
18698,8902,9972,1576,9935,6
18699,8902,9972,1576,4985,3660
18700,7856,1478,240,7591,3746
18701,7856,1478,240,7591,9443
18702,7856,9493,1576,7591,8548
18703,8902,9972,1576,7591,884
18704,8902,9972,1576,3764,1772
18705,7407,9972,1576,4985,6222
18706,8902,9972,9436,4827,6743
18707,8902,2390,1576,9743,6901
18708,8902,5353,317,9935,1772
18709,8902,9972,317,8008,884
18710,8902,2390,1576,8433,884
18711,8902,2390,1576,5046,663
18712,8902,1478,1576,9935,1772
18713,7856,3253,240,7591,9443
18714,7856,1478,7093,9935,9331
18715,8902,9972,1576,9935,3660
18716,7856,1478,4026,9935,8548
18717,8902,9972,1294,1879,8548
18718,8902,1478,8779,9935,998
18719,8902,9972,1576,9935,8548
18720,4237,9972,1294,4573,6
18721,7856,9493,1576,8302,8548
18722,7856,1478,1576,7591,3401
18723,7856,3253,4026,7591,8548
18724,9811,666,240,9935,9222
18725,9811,666,1319,4573,1772
18726,8902,5353,317,8008,1772
18727,7856,9566,7093,9935,7145
18728,7856,1478,1576,9935,1772
18729,7856,9566,2005,9935,7145
18730,7856,9972,1576,4985,8548
18731,7856,2390,1576,9935,7145
18732,8902,4714,1576,9935,8548
18733,8902,2390,7093,9935,1772
18734,8902,1478,1576,9935,1772
18735,8902,9972,1294,9935,1772
18736,8902,9972,9436,3326,9840
18737,8902,9972,317,4573,3119
18738,8902,9972,9436,8008,9840
18739,7856,1478,7093,9935,1772
18740,7856,9972,1576,9935,1772
18741,7856,1478,7093,9935,1772
18742,8902,9972,7093,9935,1772
18743,7856,1478,1576,9935,8548
18744,7856,9972,1576,9935,8548
18745,8902,9972,1576,9935,1772
18746,7856,9972,7093,7591,9959
18747,8902,9972,1294,9935,1772
18748,8902,4714,1576,4985,663
18749,8902,9972,1294,9935,1772
18750,8902,1478,1576,7591,663
18751,7856,9972,1576,7591,1772
18752,8902,9972,1576,9935,1772
18753,8902,9972,1576,9935,6
18754,3890,9972,9436,8008,884
18755,3890,9972,9436,1632,6438
18756,2383,9972,9436,8008,6438
18757,8902,9972,1576,9935,1772
18758,8902,9972,1294,9935,1772
18759,8902,9972,317,9233,1772
18760,8902,9972,1294,9935,8548
18761,7856,1478,7093,9935,1772
18762,7856,9566,1576,9935,1772
18763,7856,2390,1576,9935,8548
18764,7856,4714,1576,7178,7145
18765,7856,1478,1576,7591,7145
18766,2383,9972,9436,3670,884
18767,8902,5353,1576,8433,884
18768,8902,9972,9436,4573,6438
18769,8902,9972,1319,4573,884
18770,8902,2390,9436,8008,884
18771,2383,9972,240,8008,884
18772,8902,9972,317,9935,1772
18773,7856,1478,7093,4573,6
18774,7856,1478,7093,9935,9443
18775,7856,1478,1576,9935,6
18776,7856,1478,1294,9935,9959
18777,7856,1478,240,4777,8548
18778,8902,9972,7093,4573,3660
18779,8902,9972,1576,4573,1772
18780,8902,9972,1576,9935,1772
18781,7856,9972,1576,9935,1772
18782,8902,9972,317,9935,884
18783,8902,9972,1576,9935,3746
18784,7856,1478,240,2195,2796
18785,8902,9972,1576,9935,1772
18786,7856,1478,1576,9935,8548
18787,7856,9972,1576,7591,191
18788,7856,1478,1576,9935,8548
18789,8902,1478,4079,9935,1772
18790,7856,1478,1576,7591,884
18791,7856,1478,4026,7591,8548
18792,7856,1478,1576,9935,8548
18793,7856,9972,8779,702,1772
18794,8902,9972,8779,9935,1772
18795,7856,9972,8779,9935,1772
18796,8902,9972,1576,7591,6
18797,8902,9972,1576,4573,1516
18798,7856,9972,1576,7591,8548
18799,8902,5353,317,8008,1772
18800,8902,5353,9436,4573,9840
18801,2383,5353,1319,3670,1772
18802,7856,2390,1576,9935,1772
18803,8902,9972,9016,9935,1772
18804,8902,9972,7093,9935,1772
18805,8902,9972,7093,4573,1772
18806,8902,1478,7093,9935,7284
18807,4237,9972,1576,9935,1772
18808,7856,9493,240,7591,8548
18809,7856,1478,2005,9935,7356
18810,8902,1478,1294,9935,1772
18811,8902,1478,1319,4573,9840
18812,7856,1478,240,8008,884
18813,8902,9972,1319,4573,1516
18814,8902,1478,7093,9935,7145
18815,8902,1478,1576,9935,8548
18816,8902,2463,317,9935,7284
18817,8902,9972,1576,9935,663
18818,8902,9972,7093,9935,1772
18819,8902,9972,7093,7591,6
18820,8902,9972,317,4573,6743
18821,7856,1478,1576,9935,8548
18822,7856,9972,1576,7591,1772
18823,7856,9493,7093,3945,7356
18824,7856,1478,1576,9935,7145
18825,8902,9972,1576,9935,1772
18826,7856,1478,7093,9935,1772
18827,8902,9972,1576,9935,663
18828,8902,9972,9436,4573,1772
18829,7807,5348,1319,4573,9222
18830,7807,9972,1319,4573,8784
18831,8902,1693,1294,9233,1772
18832,7856,9566,2005,9935,1772
18833,7856,1478,1576,9935,8548
18834,7856,4714,1576,9935,5690
18835,8902,9972,7093,4573,1772
18836,7856,1478,7093,9935,7284
18837,8902,9972,1576,7591,663
18838,8902,9972,9436,4573,1516
18839,2383,9972,9436,8008,884
18840,3890,9972,9436,4573,1516
18841,8902,9972,1576,1879,4199
18842,8902,9972,1576,9935,1772
18843,8902,9972,7093,9935,1772
18844,3890,9972,9044,9742,884
18845,2383,7134,1576,4827,884
18846,8902,9972,1576,9935,1772
18847,4237,9972,1294,9935,6
18848,7856,1478,1319,4573,4611
18849,8902,9972,9436,7591,9305
18850,8902,9972,1576,9935,1772
18851,8902,2463,317,9935,4279
18852,8902,9972,1576,9935,663
18853,7856,9493,1576,7591,7145
18854,7856,2390,1576,9935,7145
18855,7856,1478,1576,7591,7145
18856,7856,1478,1576,9935,8548
18857,8902,9972,8779,9935,3746
18858,7856,1478,7093,9935,1772
18859,7856,2390,1576,9935,884
18860,7856,2390,7093,9935,884
18861,7856,1478,7093,9935,3746
18862,7856,1478,1576,4777,8548
18863,7856,1478,1576,7591,8548
18864,7856,1478,240,9935,8548
18865,9811,666,240,7039,2462
18866,7807,9972,9436,4573,6438
18867,8902,9972,9436,4573,1772
18868,2383,5353,9436,8008,884
18869,7807,9972,9436,4573,6222
18870,9811,5348,2183,3251,9222
18871,7856,9493,1576,7591,7145
18872,7856,1478,1576,9935,7145
18873,7856,1478,1576,7591,7145
18874,8902,9972,7093,9935,3660
18875,8902,9972,317,9935,6743
18876,8902,9972,9016,9935,6743
18877,8902,9972,1576,9935,1772
18878,8902,9972,1576,9935,1772
18879,7856,7294,2005,9935,1772
18880,7856,1478,240,9935,8548
18881,7856,1478,7093,9935,884
18882,7856,1478,240,8433,8548
18883,7807,1693,2183,4573,3119
18884,8902,1478,240,9481,1772
18885,8902,75,240,9233,6441
18886,7856,1478,1576,9935,8548
18887,7856,9493,8854,8302,7145
18888,8902,1478,1576,9935,8548
18889,8902,9972,1294,9935,6
18890,8902,9972,9436,4573,6438
18891,8902,9972,317,3670,1772
18892,7856,1478,240,1563,9443
18893,7856,1478,240,9801,5177
18894,7856,1478,317,4573,4611
18895,9811,5348,240,9233,477
18896,8902,666,240,7039,1772
18897,8902,5348,317,9935,1772
18898,2383,1693,240,7039,884
18899,8902,1478,317,4777,7145
18900,8902,75,240,8008,884
18901,8902,9972,8779,9935,8341
18902,7856,1478,1294,9935,8548
18903,7856,9972,8779,7591,7145
18904,8902,9972,9436,1632,3119
18905,9811,5348,317,9935,1516
18906,3890,9972,317,1632,884
18907,8902,9972,240,6769,884
18908,8902,9972,9436,8008,884
18909,8902,9972,9436,7591,884
18910,8902,9972,9436,4573,6438
18911,3890,9972,9436,8008,884
18912,8902,9972,9436,4573,6438
18913,2383,5353,1576,8433,1772
18914,8902,9972,1294,1781,1772
18915,8902,1478,1294,478,1772
18916,8902,9972,1294,9935,884
18917,7856,1478,7093,9935,3746
18918,8902,2463,7093,9935,884
18919,7856,9972,9016,7591,2422
18920,8902,9972,1294,9935,1772
18921,8902,9972,1576,9935,663
18922,7856,9972,9436,4573,6
18923,7856,9972,7093,4573,6
18924,7856,9566,2005,9935,1772
18925,7856,2390,1576,9935,663
18926,8902,9972,1576,9935,6813
18927,8902,3229,1576,4985,6992
18928,7856,1478,4079,4573,1772
18929,7856,1478,1576,4573,3746
18930,7856,1478,1576,9935,1772
18931,8902,9972,1294,9935,1772
18932,8902,9300,7851,9935,9337
18933,7856,1478,4026,9935,8548
18934,8902,9972,9436,4573,6438
18935,8902,9972,9436,4573,9840
18936,9811,1693,1319,4573,6438
18937,7856,9972,1576,9935,1772
18938,7856,1478,1576,9935,7145
18939,8902,9972,1576,7591,884
18940,8902,9972,6713,9935,1772
18941,8902,1478,7093,9935,1772
18942,8902,2463,317,6892,1772
18943,7856,9972,1576,7591,1772
18944,7856,1478,1576,7591,884
18945,7856,1478,1576,7591,8548
18946,7856,4714,7093,9935,2422
18947,7856,2390,7093,9935,1772
18948,7856,4714,1576,7591,663
18949,8902,75,317,4573,1772
18950,8902,9972,7093,9935,1772
18951,4237,1478,1319,4573,4611
18952,8902,9972,9436,4573,6438
18953,7807,5348,7205,4573,1772
18954,7807,9972,9436,4573,1772
18955,8902,1478,1576,9935,3746
18956,7856,1478,1576,9935,8548
18957,8902,1478,1576,9935,884
18958,8902,9972,1576,7591,663
18959,8902,9493,1576,9935,663
18960,4237,9566,1576,9935,1549
18961,8902,9972,7093,9935,1772
18962,7856,1478,1294,7591,8548
18963,7856,9972,8779,3764,6743
18964,9811,666,240,4573,2462
18965,9811,666,240,9233,1772
18966,7856,1478,7093,9935,884
18967,7856,1478,1576,7591,8548
18968,8902,9972,9016,9935,884
18969,8902,9493,1576,9935,8548
18970,3890,9972,9044,9742,884
18971,2383,9972,9436,4573,1516
18972,8902,5353,240,8008,884
18973,7856,3253,1576,7591,7145
18974,7856,2390,7093,9935,7145
18975,7856,3253,4079,9935,7145
18976,7856,1478,3661,9935,1772
18977,7856,1478,3357,1864,7356
18978,7856,1478,3661,9935,1772
18979,8902,9566,1576,9935,7145
18980,8902,3229,1576,9935,7145
18981,7856,4714,1576,4985,7145
18982,8902,9972,1576,9935,1772
18983,8902,9972,1576,9935,1772
18984,8902,9972,1576,9935,4199
18985,8902,1693,240,6892,1772
18986,8902,1693,1319,4573,3119
18987,9811,6960,2183,4573,1772
18988,8902,9972,1576,9935,1772
18989,8902,9972,1576,9935,1772
18990,8902,1478,1576,9935,1772
18991,8902,9972,317,9935,7284
18992,8902,9972,7093,9935,1772
18993,8902,1478,1576,9935,8548
18994,7856,9972,1576,9935,663
18995,7856,9972,1576,9935,1772
18996,7856,1478,1576,9935,7145
18997,7856,1478,1576,9935,7145
18998,8902,9972,7093,9935,1772
18999,7856,9493,240,9935,8548
19000,8902,9972,1576,9935,1772
19001,8902,9972,7093,9935,6
19002,4237,1478,1319,4573,998
19003,7856,1478,1576,7591,884
19004,7856,1478,1576,7591,8548
19005,7856,1478,1576,9935,8548
19006,8902,9493,1576,6754,884
19007,7856,75,1319,8008,1772
19008,8902,9972,9436,4573,6041
19009,8902,9972,1576,9935,3660
19010,8902,1478,8779,9935,884
19011,8902,1478,1576,7591,3746
19012,8902,9972,1294,4985,7145
19013,8902,9972,8779,9935,1772
19014,8902,9972,1294,9935,8784
19015,8902,2463,1576,9935,7145
19016,8902,9972,1576,7591,1772
19017,8902,9972,9436,4573,1772
19018,7856,4714,1576,9935,4202
19019,8902,9972,1576,9935,2422
19020,8902,9972,1576,9935,1772
19021,4237,1478,8779,4573,1772
19022,7856,1478,1319,4573,5177
19023,8902,9972,8779,9935,1772
19024,7807,5348,1319,4573,6041
19025,9811,666,240,8433,884
19026,8902,75,240,4573,8784
19027,8902,2463,317,9935,1772
19028,8902,2390,7093,4985,884
19029,7856,1478,1576,9935,8548
19030,8902,9972,1576,9935,1772
19031,8902,2390,1576,9935,663
19032,8902,4714,1576,9743,6992
19033,8902,1478,240,9935,9443
19034,8902,1478,2005,9935,8548
19035,7856,1478,1576,7591,7145
19036,8902,6872,1294,9935,1772
19037,7856,1478,1294,9935,1772
19038,8902,2463,1294,9935,1772
19039,7856,1478,1576,7591,7145
19040,7856,1478,7093,4573,1772
19041,7856,9972,1576,7591,1772
19042,8902,5348,3295,9935,4279
19043,8902,5348,240,9935,1772
19044,7807,6960,2183,4573,9222
19045,7856,9972,1576,7591,3746
19046,7856,1478,1294,2195,8548
19047,8902,5348,1576,9935,8548
19048,8902,9972,1576,7591,1772
19049,8902,9972,317,4573,1772
19050,8902,9972,9436,4669,1772
19051,8902,9972,9436,4573,1772
19052,8902,9493,1576,2195,884
19053,8902,2390,1576,8433,884
19054,8902,9972,9016,7178,6743
19055,8902,2390,1576,7591,8548
19056,7856,2390,1576,7591,7145
19057,8902,9972,9436,4573,1772
19058,8902,9972,317,9935,1772
19059,2383,9972,9016,9935,884
19060,8902,9972,1319,4573,6438
19061,8902,9972,9436,5046,884
19062,2383,666,240,1563,884
19063,9811,1693,9436,4573,884
19064,8902,9972,9436,4573,6438
19065,8902,9972,9436,4573,3119
19066,7856,1478,240,7591,884
19067,7856,3253,240,7591,9443
19068,7856,666,240,1563,7356
19069,8902,1693,317,9935,1772
19070,8902,9972,7205,9935,1772
19071,8902,9972,317,9935,1772
19072,3890,5353,9044,9742,884
19073,9811,9972,9044,9742,884
19074,3890,9972,240,9742,884
19075,8902,2390,9436,8008,884
19076,2383,9972,9436,8008,884
19077,2383,9972,9436,4573,6438
19078,8902,9972,317,9743,1772
19079,3890,9972,1294,4573,8784
19080,3890,9972,9436,4573,6438
19081,8902,9972,9436,8008,1772
19082,8902,9972,317,9935,1772
19083,8902,9972,9436,1632,6438
19084,8902,9972,9436,9935,884
19085,8902,9972,1294,4573,6
19086,8902,9972,317,9935,1772
19087,8902,9972,9436,8008,884
19088,8902,9493,240,2195,7145
19089,8902,9972,317,3764,6743
19090,7856,9972,7093,4573,1772
19091,4237,1478,7093,4573,1772
19092,4237,1478,8779,9935,1772
19093,7856,1478,1576,9935,9443
19094,7856,1478,1576,4777,8548
19095,7856,1478,4026,4777,8548
19096,8902,9972,1576,7591,1772
19097,7856,9972,7093,7591,3660
19098,8902,9972,7093,4573,1772
19099,8902,9972,7093,4573,6
19100,8902,1478,7093,9935,1772
19101,8902,9972,7093,9935,1772
19102,7856,3253,240,7591,884
19103,7856,1478,1576,9935,1772
19104,7856,9972,1576,9935,7145
19105,7856,9972,1576,9935,1772
19106,8902,9972,1576,9935,6
19107,7856,1478,1576,9935,1772
19108,7856,1478,1576,9935,1772
19109,7856,1478,1576,7591,8548
19110,7856,1478,8779,2195,8548
19111,7856,1478,7093,9935,1772
19112,7856,1478,8779,7591,8548
19113,7856,9493,2005,9935,1772
19114,7856,9972,8779,7591,3746
19115,4237,9972,8779,4573,1772
19116,8902,9972,9436,4573,6
19117,7856,1478,1576,9935,1772
19118,7856,1478,1576,9935,1772
19119,7856,9972,1576,7591,7356
19120,7856,9972,1576,9935,7145
19121,7856,1478,1576,7591,7145
19122,7856,3253,1576,7591,7356
19123,8902,9972,1576,7591,1772
19124,7856,9566,7093,7591,8548
19125,7856,2390,1576,7591,7356
19126,7856,1478,1576,9935,8548
19127,7856,1478,1576,7591,8548
19128,7856,3253,1576,7591,8548
19129,7856,1478,7093,4777,8548
19130,7856,75,240,1563,7356
19131,7856,1478,240,1563,7356
19132,8902,9972,9436,5046,884
19133,7856,9972,1576,4573,6
19134,8902,9972,1294,8433,884
19135,8902,9566,1576,9935,8548
19136,8902,9972,9016,4985,3660
19137,7856,9566,2005,9935,1772
19138,8902,9972,9436,4573,1772
19139,8902,1478,7093,9935,1772
19140,8902,9972,1294,9935,1772
19141,7856,1478,3357,7807,1772
19142,7856,1478,4826,9801,9331
19143,7856,1478,1576,9935,8548
19144,4237,9972,6713,4573,1772
19145,8902,9972,6713,4573,1772
19146,8902,1478,1319,4573,6438
19147,8902,2463,1576,9935,8548
19148,7856,9493,5184,7591,8548
19149,7856,1478,1576,9935,8548
19150,4237,1478,2005,9935,1772
19151,7856,1478,7093,9935,884
19152,7856,1478,1294,9935,1772
19153,4237,9972,7093,4573,6
19154,8902,9972,7851,9935,1772
19155,8902,9972,1294,9935,1772
19156,7856,1478,4026,268,8548
19157,7856,1478,1576,7591,7145
19158,7856,1478,1576,7591,1772
19159,4237,1478,3661,1864,7356
19160,8902,9972,1576,9935,8548
19161,8902,9972,1294,9935,1772
19162,7856,1478,317,9935,1772
19163,7856,1478,7093,9935,9331
19164,7856,1478,1294,9935,8548
19165,7856,1478,1576,7591,1772
19166,7856,1478,7093,7591,884
19167,7856,1478,1576,8302,7145
19168,7807,1693,1319,4573,9840
19169,2383,5348,317,9935,1772
19170,8902,1693,1319,4573,3119
19171,2383,5353,317,7616,1516
19172,9811,6960,1319,4573,1516
19173,9811,666,240,4573,1516
19174,3890,9972,9436,4573,6438
19175,2383,9972,9016,8433,884
19176,2383,5353,9436,5330,884
19177,7856,9972,1576,4985,6992
19178,8902,9972,9436,7591,884
19179,7856,1478,240,7591,8548
19180,8902,9972,9436,9935,884
19181,2383,9972,9436,3670,884
19182,2383,9972,9436,4573,1516
19183,2383,9972,9436,4573,6438
19184,2383,9972,1319,4573,6438
19185,2383,666,1319,4573,1516
19186,8902,5348,1319,7039,884
19187,8902,9972,1576,9935,3660
19188,8902,9972,9436,4573,1772
19189,7856,1478,240,9801,9443
19190,7856,1478,1576,7591,7145
19191,7856,1478,240,9233,998
19192,7856,1478,8779,4573,3746
19193,7856,1478,1576,9935,1772
19194,7856,1478,1294,9935,1772
19195,8902,9972,7093,9935,6743
19196,7856,9972,9016,9935,1772
19197,7407,3229,1576,4985,7701
19198,8902,9972,1576,9935,8548
19199,8902,9972,1576,9935,663
19200,8902,9972,1576,9935,6
19201,7856,9972,1576,7591,8548
19202,7856,2390,1576,9935,1772
19203,7856,2390,7093,9935,663
19204,7856,1478,1576,7591,884
19205,7856,1478,1576,7591,7145
19206,7856,1478,8779,7591,3746
19207,8902,9972,1576,7591,663
19208,8902,9972,9436,1632,3119
19209,8902,9972,7093,9935,884
19210,8902,9972,317,3764,1772
19211,8902,9972,1576,4573,884
19212,7856,9972,1576,7591,884
19213,7856,1478,240,2195,5177
19214,7856,75,240,1563,7356
19215,7856,1478,240,2195,5177
19216,7856,1478,7093,4573,9959
19217,7856,1478,4079,9935,1772
19218,7856,2390,1576,9935,1772
19219,8902,9972,1576,9743,7145
19220,8902,9972,317,8008,884
19221,8902,9972,9436,8008,884
19222,7856,1478,1576,7591,8548
19223,7856,1478,7093,9935,1772
19224,7856,1478,1576,9935,3746
19225,2383,9972,9436,4573,6438
19226,8902,9972,9436,4573,6438
19227,8902,9972,1576,4573,884
19228,7856,1478,1576,7591,7145
19229,8902,2390,9436,9743,884
19230,8902,9972,9436,4573,3119
19231,7856,1478,2005,9935,1772
19232,7856,1478,240,9935,1772
19233,7856,1478,8779,2195,8548
19234,7856,1478,2005,9935,8548
19235,8902,9972,1576,9743,7145
19236,8902,1478,1294,9935,1772
19237,8902,9972,1576,4573,6
19238,8902,1478,1294,413,1772
19239,4237,1478,3661,4573,9222
19240,7856,1478,3647,9935,9337
19241,7856,1478,7093,9935,8548
19242,7856,1478,1576,9935,7145
19243,8902,1478,7851,9935,4279
19244,8902,1478,1576,9935,1772
19245,8902,9972,1576,4573,1772
19246,8902,1478,1576,9935,1772
19247,8902,9972,1576,9935,1772
19248,7856,2390,1576,7591,7145
19249,8902,9972,1294,9935,1772
19250,7856,1478,4079,9935,1772
19251,8902,1478,1294,9935,1772
19252,7856,1478,2005,9935,9337
19253,7856,1478,2005,9935,9337
19254,8902,9493,1576,9935,8548
19255,8902,5353,240,4827,884
19256,2383,9972,1319,4573,884
19257,3890,5353,9044,9742,884
19258,8902,1478,7093,4573,1772
19259,8902,1478,1576,9935,8548
19260,7856,1478,8779,8302,1772
19261,7856,1478,1294,9935,1772
19262,8902,2390,1576,9935,9337
19263,8902,9972,7851,9935,1772
19264,2603,9972,9436,4573,9305
19265,8902,9972,1576,9935,1772
19266,8902,9972,9436,4573,1772
19267,7856,9493,1576,9935,663
19268,7856,1478,1294,9935,8548
19269,7856,1478,1576,7591,3746
19270,8902,9972,1576,9935,8548
19271,8902,9972,1294,9935,4279
19272,8902,7294,2005,9935,1772
19273,8902,9972,1576,9935,8548
19274,8902,9972,1576,9935,1772
19275,8902,9972,1294,9935,1772
19276,8902,9972,9436,4573,3119
19277,8902,9972,8779,4573,998
19278,8902,9972,240,1304,884
19279,8902,9972,9436,4573,1772
19280,8902,9972,7093,4573,1772
19281,8902,9972,9436,7591,6
19282,8902,9972,1576,9935,1772
19283,8902,9972,1294,7591,6
19284,7856,9972,1576,9935,7145
19285,7856,9972,1294,9935,1772
19286,8902,9972,1576,9935,1772
19287,7856,1478,240,2195,3746
19288,7856,1478,8779,2195,8548
19289,7856,2390,7093,9935,2422
19290,7856,9972,7093,7591,1772
19291,7856,9972,1576,7591,7145
19292,7856,9972,1576,7591,7145
19293,7856,1478,1576,7591,7145
19294,7856,1478,8779,9935,3746
19295,7856,2390,1576,7591,884
19296,7856,1478,4026,7591,8541
19297,7856,1478,240,8302,9443
19298,7856,1478,240,4777,8548
19299,7856,3253,240,7591,8548
19300,8902,9972,1576,9935,1772
19301,8902,9972,1576,9935,1772
19302,7856,1478,1576,9935,1772
19303,8902,2390,1576,9935,7145
19304,7856,1478,7093,9935,9443
19305,7856,9493,1576,9935,7145
19306,8902,9972,317,4573,3119
19307,4237,9972,8779,4573,998
19308,8902,5348,240,1563,884
19309,8902,666,240,4573,1772
19310,9811,5348,1319,3251,6041
19311,8902,1478,6713,4573,9222
19312,8902,9972,9436,4573,6438
19313,2383,9972,1319,8008,6438
19314,3890,5353,9044,5330,4101
19315,8902,9972,1294,9935,884
19316,8902,9972,317,9935,3119
19317,8902,9972,9016,1879,884
19318,7856,1478,7093,9935,7284
19319,7856,2390,7093,9935,1772
19320,7856,9972,1576,9935,3164
19321,8902,9972,1576,9935,1772
19322,7856,9972,1576,9935,8548
19323,7856,9972,4024,4573,4611
19324,7856,1478,4079,9935,7145
19325,7856,1478,2005,9935,9337
19326,7856,1478,4079,9935,1772
19327,7856,1478,7093,4573,3746
19328,8902,1478,4026,7591,7356
19329,7856,9972,1294,2195,1772
19330,8902,1478,7093,9935,1772
19331,7856,1478,1319,4573,4611
19332,4237,1478,7093,4573,1772
19333,8902,2390,1576,9935,8548
19334,8902,2390,1576,4985,663
19335,8902,4714,1576,8433,884
19336,7856,9972,1576,702,1772
19337,7856,9972,8779,9935,1772
19338,7856,1478,1576,9935,1772
19339,7856,9972,1576,9935,1772
19340,7856,3253,4026,7591,8548
19341,7856,1478,240,1563,1449
19342,7856,1478,7093,4573,3746
19343,8902,9972,317,8008,1772
19344,8902,1478,317,4573,1772
19345,7856,9972,1576,9935,6
19346,7856,9972,1576,7591,8548
19347,8902,2390,1576,4985,7821
19348,8902,9972,9436,4569,6
19349,8902,9972,317,9935,884
19350,8902,9972,9436,8008,884
19351,8902,1478,1576,9935,1772
19352,8902,9972,1576,9743,1772
19353,8902,9972,317,4573,1516
19354,7856,2390,1576,7591,7356
19355,7856,9972,1576,9935,7145
19356,7856,2390,6490,7591,5885
19357,7856,1478,8779,4573,3746
19358,7856,1478,240,2195,7356
19359,7856,1478,8779,9935,998
19360,7856,1478,1576,9935,1772
19361,7856,9566,1576,9935,8548
19362,7856,9972,317,9935,884
19363,7856,9972,1576,7591,663
19364,7856,1478,1576,4777,1772
19365,8902,1478,1576,7591,884
19366,7856,1478,1576,9935,7145
19367,7856,9493,1576,7591,7145
19368,8902,9972,1576,4985,7145
19369,7856,1478,1576,9935,1772
19370,7856,1478,1294,9935,6
19371,7856,9566,2005,9935,6
19372,4237,9972,1294,4573,3119
19373,4237,1693,1319,4573,1772
19374,8902,75,317,8008,1772
19375,9811,666,2183,4573,7284
19376,9811,666,2183,8433,6992
19377,9811,666,240,3670,884
19378,8902,9972,1576,3764,6743
19379,7856,9972,1576,9935,1772
19380,7856,9972,1576,9935,1772
19381,8902,9972,7093,9935,1772
19382,8902,9972,9016,9935,6
19383,7407,3229,9016,7591,2422
19384,7856,2390,7093,9935,1772
19385,7856,2390,706,8433,884
19386,8902,1478,2005,9935,1772
19387,3890,9972,9436,4573,6438
19388,2383,666,9436,8008,884
19389,8902,9972,1576,9743,6992
19390,8902,9972,1319,4573,1516
19391,4237,9972,8779,4573,3746
19392,8902,9972,317,4573,3119
19393,8902,9300,7851,9935,4279
19394,8902,9972,1576,9935,8548
19395,8902,9972,1576,9935,1772
19396,7856,4714,1576,4985,663
19397,7856,9972,4026,268,8548
19398,7856,9566,2005,9935,1772
19399,7856,6429,1576,9935,663
19400,8902,9972,8815,9935,2422
19401,8902,9972,1576,9935,6
19402,7856,9972,1576,9935,663
19403,8902,2463,7851,9935,4279
19404,7856,1478,7093,9935,1772
19405,8902,1478,1576,9935,884
19406,8902,9972,7093,9935,1772
19407,8902,2390,1576,9935,1772
19408,7856,9972,1576,7591,1772
19409,7856,9566,2005,9935,9385
19410,8902,9972,8779,9935,8341
19411,8902,9493,1576,9935,7145
19412,8902,9972,7093,9935,884
19413,8902,1478,7093,9935,1772
19414,7856,9972,1576,7591,3746
19415,8902,2390,9016,7591,884
19416,7856,9972,1576,7591,8548
19417,8902,9972,1576,7178,884
19418,8902,9972,9436,8008,1772
19419,8902,5353,4298,4827,884
19420,8902,1478,317,9935,1772
19421,8902,1478,240,9935,1772
19422,7856,1478,240,268,3746
19423,7856,1478,1576,9935,8548
19424,8902,9972,1576,9935,1772
19425,7856,1478,8779,9935,8548
19426,8902,9972,9436,9935,884
19427,7856,9972,1576,9935,663
19428,8902,9972,1576,4985,7145
19429,7856,9972,1576,9935,1772
19430,8902,9972,1294,702,1772
19431,7856,9972,2005,9935,1772
19432,7856,1478,1576,9935,8548
19433,8902,1478,1576,9935,884
19434,7856,1478,1576,7591,1772
19435,7856,9972,1576,7591,6
19436,8902,9972,1576,9935,1772
19437,8902,1478,7093,9935,6
19438,7856,9972,1319,4573,884
19439,8902,9972,1319,8008,884
19440,8902,9972,9436,4669,1772
19441,7856,9972,317,4573,6743
19442,8902,4714,1576,7591,663
19443,8902,9972,8779,4573,1772
19444,8902,9566,2005,9935,1772
19445,7856,9566,2005,9935,1772
19446,7856,1478,1576,7591,1772
19447,7856,1478,8779,7591,3746
19448,7856,1478,4079,8302,7145
19449,7856,9972,1576,7591,1772
19450,7856,1478,1576,7591,7145
19451,7856,2390,1576,7591,9443
19452,7856,1478,1576,9935,7145
19453,7856,2390,1576,7591,8548
19454,7856,9972,1576,9935,7701
19455,7856,1478,240,2195,3401
19456,8902,9972,1576,9935,1772
19457,8902,9972,7093,9935,1772
19458,8902,9972,7093,9935,6
19459,8902,9972,9436,8008,6743
19460,8902,9972,9436,8008,884
19461,8902,9972,9436,4573,1772
19462,8902,9972,317,3326,1772
19463,8902,9972,240,8008,884
19464,8902,9972,7093,9935,1772
19465,2383,666,9436,9857,884
19466,2383,9972,9436,4827,884
19467,2383,9972,9044,3537,884
19468,8902,1693,1319,4573,3119
19469,8902,9972,8779,9935,3746
19470,9811,1693,1319,4573,6438
19471,7856,9972,8779,7591,1772
19472,7856,1478,2005,9935,1772
19473,7856,1478,2005,9935,8548
19474,7856,1478,7093,9935,1772
19475,7856,1478,7093,4573,1772
19476,7856,1478,7093,9935,9222
19477,7856,9972,1576,7591,6
19478,8902,9566,1576,7591,7145
19479,8902,1478,1576,9935,7145
19480,8902,9972,317,4573,1516
19481,8902,2463,317,9935,1772
19482,8902,9972,9436,4573,1772
19483,8902,1478,7093,9935,1772
19484,4237,1478,1294,4777,8548
19485,7856,1478,4026,4777,3746
19486,8902,9972,1294,4777,6
19487,8902,9972,1576,9935,1772
19488,8902,9493,1576,9935,884
19489,7856,9972,1576,7591,6
19490,7856,9972,1294,7591,8548
19491,7856,2390,1576,7591,8548
19492,8902,9972,1576,9935,6
19493,8902,9972,7093,9935,1772
19494,7856,9972,1576,9935,1772
19495,7856,3253,1576,7591,7145
19496,7856,1478,1576,9935,8548
19497,7856,9493,1576,7591,9443
19498,7856,9972,7093,1632,4160
19499,8902,9972,1576,9935,1772
19500,7856,9566,1576,9935,663
19501,8902,9972,317,9935,1772
19502,7807,1693,1319,4573,8784
19503,8902,5348,3295,6892,1772
19504,5525,9972,1576,9935,663
19505,8902,9972,9016,9935,1772
19506,8902,9972,1576,9935,6
19507,7856,1478,240,2195,8548
19508,7856,1478,240,2195,2796
19509,7856,1478,240,2195,9443
19510,8902,9972,1576,4573,1772
19511,8902,9972,7093,4573,6743
19512,8902,9972,1576,1879,8548
19513,7856,3253,1576,7591,9443
19514,7856,4714,1576,7591,884
19515,7856,4714,1576,7591,9443
19516,8902,9972,317,9935,1772
19517,8902,9972,317,9935,1772
19518,8902,9972,6713,9935,1772
19519,7856,9493,1576,9935,8548
19520,7856,4714,8854,7591,884
19521,7856,2390,1576,9935,8548
19522,8902,9493,240,8008,884
19523,8902,9972,9436,4573,6438
19524,8902,9972,9436,4573,1772
19525,7856,1478,4826,7591,8548
19526,7856,1478,7093,4777,3746
19527,7856,1478,240,7591,9443
19528,8902,75,1319,8008,2462
19529,8902,2463,3295,9935,1772
19530,8902,5353,240,7039,1772
19531,8902,1478,1294,9935,1772
19532,7856,1478,2005,9935,1772
19533,4237,1478,2005,9935,1772
19534,7856,9972,9436,4573,6
19535,8902,9972,1576,9935,6
19536,7856,9972,7093,4573,6
19537,7856,1478,9436,4573,6
19538,7856,2390,1576,9935,7145
19539,7856,1478,7093,9935,9959
19540,8902,9972,7093,9935,1772
19541,8902,1478,8779,9935,1772
19542,8902,9972,7851,9935,1772
19543,8902,5353,9016,9935,7145
19544,7856,1478,1576,7591,8548
19545,8902,9972,1576,9935,1772
19546,7856,1478,4826,2195,998
19547,8902,9972,1576,9935,7701
19548,7856,1478,8779,7591,3746
19549,8902,9972,1576,9935,663
19550,8902,9493,240,7178,884
19551,8902,9972,1576,3537,1772
19552,2383,9972,9436,4827,884
19553,3890,9972,9436,4573,884
19554,3890,9972,9044,9742,2639
19555,8902,9972,1294,9935,8784
19556,8902,9972,1576,9935,1772
19557,8902,9972,1294,9935,1772
19558,8902,9972,9436,3178,6222
19559,8902,9972,1319,4573,3119
19560,8902,9972,1319,4573,884
19561,8902,9972,1319,4573,1516
19562,8902,9972,7093,9935,1772
19563,8902,9972,9436,1879,884
19564,7856,9493,1576,9935,7284
19565,7856,3253,1576,7591,9443
19566,7856,1478,240,9935,1772
19567,7856,9972,1576,9935,1772
19568,8902,1478,1576,9935,663
19569,7856,3253,1576,7591,8548
19570,8902,9972,1576,9935,1772
19571,8902,9972,1576,9935,8341
19572,8902,9972,8779,9935,4279
19573,4237,1478,8779,4573,1772
19574,8902,9972,317,9935,1772
19575,8902,2390,7093,9935,1772
19576,7856,9972,1576,9935,7145
19577,8902,9972,1294,9935,1772
19578,7856,7294,2005,9935,1772
19579,8902,9972,7093,9935,663
19580,8902,1478,1576,9935,1449
19581,8902,1478,1576,9935,1772
19582,4237,1693,1319,4573,1772
19583,9811,666,6851,9233,1772
19584,3474,1693,1319,4573,1772
19585,7856,75,240,2195,9443
19586,7856,1478,240,9935,3746
19587,7856,1478,1576,9935,8548
19588,8902,9972,317,4827,884
19589,8902,9972,1294,3764,1772
19590,2603,9972,9436,4573,884
19591,8902,2390,1576,9935,7145
19592,7856,3253,1576,9935,8548
19593,7685,6429,5184,9935,7145
19594,8902,9972,1576,4573,6
19595,7856,1478,4826,7807,7356
19596,7856,9972,1294,9935,8548
19597,7856,1478,7093,9935,1772
19598,7856,1478,7093,9935,1772
19599,7856,1478,1576,7591,8541
19600,8902,9972,317,4573,3119
19601,8902,9972,9436,4573,6438
19602,8902,9972,1576,7591,6
19603,8902,1478,1319,4573,5177
19604,7856,1478,8779,268,1772
19605,7856,1478,317,9935,1772
19606,7856,9972,1576,4573,3746
19607,8902,3229,9436,4669,1772
19608,8902,9972,1576,3764,1772
19609,7856,9566,1294,9935,1772
19610,8902,2390,1576,9935,8548
19611,8902,9972,1294,2195,7145
19612,8902,1478,1294,9935,1772
19613,8902,9972,9436,9935,884
19614,8902,9972,8779,9935,1516
19615,3890,5353,8375,4731,884
19616,8902,9972,9436,4573,1516
19617,2383,9493,240,8433,884
19618,7856,1478,1294,9935,6
19619,7856,1478,7093,9935,8548
19620,7856,1478,1576,9935,884
19621,7407,4714,1576,4985,4202
19622,7856,1478,1576,7591,7145
19623,8902,2390,9016,4827,884
19624,8902,9972,9436,4573,1772
19625,8902,9972,9436,4573,1772
19626,8902,9972,9436,4573,1772
19627,8902,1478,9436,7591,884
19628,7856,1478,1576,7591,7145
19629,8902,1478,7093,9935,884
19630,7856,1478,1576,9935,7145
19631,8902,1478,1294,9935,8548
19632,7856,75,240,8433,8548
19633,8902,1478,7093,9935,1772
19634,8902,9972,1576,9935,4199
19635,8902,9972,7093,5046,884
19636,8902,1478,1576,7591,8548
19637,7856,4714,1576,7591,7821
19638,8902,9972,1576,9935,8548
19639,8902,9972,1576,7591,1772
19640,8902,9972,1576,9935,1772
19641,7856,9972,7093,9935,6
19642,8902,9972,1576,9935,6992
19643,7856,9972,1294,9935,1772
19644,8902,9972,1294,9935,1772
19645,7856,1478,2005,9935,8548
19646,7856,1478,1294,9935,1772
19647,7856,5348,240,9935,9337
19648,7856,9972,7093,4573,1772
19649,8902,9972,1576,7591,3746
19650,7856,1478,1319,4573,7284
19651,7856,9566,1576,9935,1772
19652,7856,9566,1576,9935,1772
19653,7856,9972,1576,4573,6
19654,8902,1478,7093,9935,7168
19655,8902,2463,2005,9935,7701
19656,8902,9972,1576,9935,1772
19657,7856,9972,1576,7591,884
19658,7856,9972,7093,9935,3746
19659,7856,1478,1576,7591,8548
19660,8902,9972,9436,4573,1516
19661,7856,9972,9436,4573,6438
19662,8902,9972,9436,9935,1772
19663,7856,1478,8854,8433,1449
19664,7856,2390,1576,9935,7145
19665,7856,1478,240,9935,8548
19666,7856,1478,1576,9935,1772
19667,8902,9972,1576,9935,1772
19668,4237,9972,1576,4573,1772
19669,7856,1478,1576,9935,8548
19670,7856,9493,1576,7591,7145
19671,7856,1478,1576,9935,8548
19672,9811,1693,1319,4573,3119
19673,8902,9972,1576,9743,1772
19674,9811,9972,1319,4573,6438
19675,3890,9972,9436,4569,6438
19676,7856,9972,1576,1879,884
19677,8902,9972,9436,1862,6438
19678,8902,9972,1319,4573,884
19679,9811,666,240,9233,1772
19680,9811,1693,240,1733,1772
19681,7856,3253,8854,7591,663
19682,7856,1478,1576,4573,3746
19683,7856,9493,1576,7591,8548
19684,8902,1478,8779,9935,8548
19685,8902,9972,1294,9935,884
19686,8902,9972,1319,4573,3119
19687,8902,9566,1576,9935,8548
19688,7856,1478,1576,9935,8548
19689,7856,1478,1576,9935,7145
19690,7856,1478,8779,2195,8784
19691,8902,2390,1576,8433,7145
19692,8902,9972,9436,4573,3119
19693,8902,9972,9436,4573,6222
19694,8902,9972,9436,4573,3119
19695,8902,9972,1294,4573,3119
19696,9811,666,2183,4573,9222
19697,8902,9972,317,4573,1772
19698,8902,9972,317,9935,1772
19699,7856,2390,1576,9935,8548
19700,7856,1478,1576,9935,8548
19701,7856,1478,240,8302,7145
19702,7856,1478,1576,7591,1772
19703,7856,9972,1576,4573,6
19704,8902,9972,1576,9935,663
19705,8902,9972,1576,1304,1772
19706,8902,9972,1576,9935,884
19707,8902,9972,9436,8008,884
19708,8902,9972,1576,9935,8548
19709,7856,1478,1576,9935,1772
19710,8902,2390,1576,9935,1772
19711,7856,9566,1576,9935,1772
19712,7856,1478,7093,7591,884
19713,7856,1478,1576,7591,1772
19714,7856,1478,1576,9935,8548
19715,7856,1478,2005,9935,9443
19716,7856,1478,1576,9935,8548
19717,9811,6960,2183,4573,9222
19718,8902,9972,6713,4573,3119
19719,8902,1693,2183,4573,1772
19720,7856,1478,1576,9935,1772
19721,7856,1478,2005,9935,1772
19722,7856,1478,7093,9935,1772
19723,7856,9972,1294,9935,1772
19724,7856,1478,1294,9935,8548
19725,8902,9972,1576,9935,3660
19726,7856,9566,1576,9935,1772
19727,8902,1478,1576,9935,1772
19728,8902,9972,317,9935,7284
19729,7856,9566,1576,9935,663
19730,7856,9972,1576,7591,6
19731,7856,9972,1294,9935,8548
19732,8902,9972,1576,9935,1772
19733,7856,9972,1576,9935,8548
19734,7856,1478,1294,9935,1772
19735,8902,9972,1576,9935,8548
19736,8902,9972,1576,9935,884
19737,8902,9972,1576,9935,1772
19738,8902,2463,1294,9935,884
19739,8902,75,1294,6892,7145
19740,8902,5348,240,9935,884
19741,8902,9972,7093,9935,1772
19742,7856,1478,7093,9935,1772
19743,7856,1478,1576,9935,1772
19744,8902,9972,1576,9935,1772
19745,7856,4714,1576,1592,7821
19746,7856,9972,1576,9935,1772
19747,7856,9972,1576,4573,8784
19748,7856,1478,240,1563,8548
19749,7856,1478,240,9935,8548
19750,7856,1478,240,9935,8548
19751,8902,9972,2005,9935,1772
19752,7856,1478,1576,7591,9959
19753,8902,9972,317,9935,1516
19754,8902,9972,317,9935,884
19755,8902,2463,317,9935,1516
19756,2383,9972,317,9743,884
19757,8902,5348,1339,9935,1772
19758,8902,5348,1319,4573,6041
19759,8902,9972,1576,7591,884
19760,8902,9972,1576,9935,1772
19761,4237,9972,1294,9935,6
19762,7856,1478,240,2195,8548
19763,7856,1478,1576,9935,7145
19764,7856,1478,1294,4777,8548
19765,7856,9972,7093,4573,1772
19766,4237,9972,7093,4573,1772
19767,8902,1478,7093,4573,1772
19768,3890,9972,9436,4573,6438
19769,2383,9972,1294,9935,3216
19770,2383,9972,9436,4573,6438
19771,8902,1478,1294,9935,1772
19772,8902,1478,7851,9935,4279
19773,4237,1478,6713,4573,1772
19774,8902,2463,1576,9935,7284
19775,7856,9972,7093,9935,1772
19776,8902,1478,7093,4573,9331
19777,7856,1478,240,4777,7356
19778,7856,3253,4026,7591,8548
19779,7856,1478,7093,4573,1772
19780,8902,1478,1319,4573,4611
19781,8902,5353,1319,4573,3119
19782,8902,9972,1294,8433,1772
19783,8902,9972,9016,9935,6743
19784,8902,9972,1576,4669,1772
19785,8902,9972,1576,9935,3660
19786,7856,1478,7093,4573,9331
19787,7856,1478,1576,7591,3746
19788,7856,1478,1576,7591,7145
19789,7856,1478,240,2195,5177
19790,7856,1478,240,7591,2796
19791,7856,1478,240,2195,2796
19792,8902,9972,1576,7591,6
19793,8902,9972,1576,7591,8548
19794,8902,9972,1576,7591,8548
19795,7856,1478,240,7591,9443
19796,7856,1478,240,9935,9443
19797,7856,1478,240,9935,9443
19798,7856,1478,1576,7591,3746
19799,7856,1478,1576,4573,6
19800,8902,1478,7093,9935,3746
19801,7856,1478,8779,9935,1772
19802,7856,9972,1576,7591,6
19803,7856,1478,240,1563,1772
19804,8902,9972,9436,4573,1772
19805,4237,9972,8779,3764,1772
19806,8902,9972,1576,7591,3660
19807,3890,9972,9436,4573,1516
19808,3890,9972,9436,4827,884
19809,3890,9972,9436,4731,884
19810,7856,1478,1576,9935,7145
19811,7856,1478,1576,2195,3746
19812,7856,9972,1576,9935,3746
19813,8902,9972,7093,9935,6
19814,7856,9972,7093,9935,6
19815,7856,9972,1576,9935,8548
19816,8902,9972,9016,9935,6743
19817,8902,9972,317,9935,6743
19818,8902,9972,1294,9935,1772
19819,8902,1478,1294,9935,8548
19820,7856,1478,240,9935,3746
19821,7856,1478,1576,4777,8548
19822,7856,1478,240,9935,8548
19823,7856,1478,240,8302,9443
19824,7856,1478,240,9935,8548
19825,7856,9972,1576,7591,1772
19826,7856,9972,1576,8650,6
19827,8902,9566,1576,9935,7701
19828,7856,6429,1576,9935,9385
19829,7856,4714,9016,7178,7145
19830,7856,2390,1576,9935,7145
19831,7856,1478,1576,7591,7145
19832,7856,1478,1576,7591,3746
19833,7856,9972,1576,7591,7145
19834,8902,9972,317,4573,1772
19835,7856,9972,7093,4573,1772
19836,7856,9972,1576,7591,1772
19837,7856,1478,1576,7591,8548
19838,7856,1478,240,4777,3746
19839,7856,1478,8779,2195,3746
19840,8902,9972,9436,8008,884
19841,8902,5353,317,4573,1516
19842,3890,9972,317,4573,1516
19843,7856,1693,1319,4573,1772
19844,8902,1693,1319,4573,6441
19845,8902,6872,317,4573,998
19846,8902,1478,7093,9935,1772
19847,8902,9972,9436,4573,1772
19848,8902,9972,317,8008,9840
19849,7856,1478,1576,9935,1772
19850,4237,9972,9436,4573,6
19851,8902,9972,1576,9935,1772
19852,2383,9972,9436,4573,6438
19853,3890,9972,9436,3326,9840
19854,3890,9972,9436,4827,884
19855,2603,9972,9016,2969,3119
19856,8902,9972,1294,3670,884
19857,3890,9972,9436,4573,1516
19858,9154,9972,7093,7591,2422
19859,8902,9972,7093,7591,1772
19860,8902,9972,6713,4573,1772
19861,9811,5348,1319,4573,1772
19862,8902,75,240,4573,1516
19863,8902,9972,1319,4573,1772
19864,8902,9972,1576,3670,1772
19865,8902,9972,9436,8008,884
19866,8902,9972,9016,4827,884
19867,8902,9972,1319,4573,3119
19868,8902,9972,1319,4573,3119
19869,3890,9972,9436,4573,3216
19870,8902,9972,7093,9935,1772
19871,8902,9972,7093,4573,6
19872,8902,9972,9436,3764,1772
19873,8902,1478,317,478,1772
19874,8902,9972,1576,9935,8548
19875,7856,9972,1576,7591,884
19876,8902,9972,9436,9935,1772
19877,8902,9972,6713,9935,1772
19878,8902,9972,1576,9935,1772
19879,7856,1478,1576,7591,7145
19880,8902,9972,1294,7591,6222
19881,7856,9972,1576,9935,7356
19882,8902,9972,9436,4573,6438
19883,3890,9972,317,4573,1516
19884,8902,2463,1576,9935,884
19885,7856,1478,7093,4777,1772
19886,7856,1478,1576,9935,8548
19887,7856,1478,1576,7591,884
19888,7856,9566,1576,7591,7145
19889,7856,1478,8779,9935,1772
19890,8902,9972,7093,9935,1772
19891,8902,9972,317,4573,1772
19892,8902,1478,7093,9935,1772
19893,8902,9972,1576,9935,1772
19894,7856,9972,2005,9935,8548
19895,8902,9972,2005,9935,1772
19896,8902,9972,1576,9935,6
19897,7856,9493,1576,7591,663
19898,7856,9493,1576,9935,8548
19899,7856,9493,1576,9935,8548
19900,7856,3253,8854,1563,1449
19901,7856,1478,7093,1563,1772
19902,7856,1478,1576,9935,663
19903,7856,1478,1576,7591,1772
19904,8902,9972,1576,9935,6
19905,8902,9972,9436,4573,1772
19906,7856,1478,1576,8302,8548
19907,7856,3253,1576,9935,7145
19908,7856,1478,240,9935,8548
19909,7856,1478,240,1563,5177
19910,7856,9972,1576,7591,3746
19911,7856,1478,240,2195,3746
19912,2383,9972,2183,4573,9222
19913,3890,9972,317,8433,884
19914,2383,666,6851,3670,884
19915,7856,1478,1319,4573,4611
19916,8902,1478,1319,4573,2462
19917,9811,9972,317,8008,9840
19918,8902,1478,1576,9935,663
19919,8902,9972,1576,9935,6
19920,8902,1478,317,9935,7284
19921,2383,9972,1294,4573,3216
19922,8902,5353,1576,8433,884
19923,2383,5353,317,9935,1516
19924,7856,9972,1576,9935,6
19925,7856,1478,7093,9935,8548
19926,7856,1478,1576,9935,8548
19927,8902,6872,1319,4573,1772
19928,7807,1693,240,7039,6992
19929,8902,1478,317,4573,7284
19930,8902,9972,317,4573,9840
19931,8902,2463,317,9233,1772
19932,7856,9972,317,2195,3401
19933,2383,9972,1319,1762,1772
19934,2383,9972,9436,8008,1772
19935,2383,5348,317,3326,1772
19936,8902,9972,7093,9935,1772
19937,8902,9972,7851,9935,7701
19938,8902,9972,2005,9935,1772
19939,8902,9972,1576,8650,1772
19940,8902,9972,1294,3764,1772
19941,8902,9972,1576,4985,6
19942,7856,2390,7093,9935,8548
19943,7856,9493,1576,9935,8548
19944,8902,9972,1576,9935,8548
19945,2383,5353,9044,4827,884
19946,2383,666,9044,9742,884
19947,2383,9972,240,7039,884
19948,8902,9972,9436,4573,6438
19949,8902,1478,3661,9935,998
19950,8902,9972,1319,4573,1772
19951,8902,1478,2005,9935,1772
19952,8902,1478,1576,9935,8548
19953,8902,1478,1294,9935,1772
19954,7856,1478,4026,268,8548
19955,8902,9972,1576,9935,8548
19956,8902,1478,1294,9935,1772
19957,8902,2390,1576,7591,7145
19958,8902,9972,1576,9935,1772
19959,8902,9972,9436,2900,1772
19960,7856,2390,1576,9935,663
19961,8902,2390,1576,9935,663
19962,8902,1478,1576,9935,8548
19963,7856,1478,1576,7591,8548
19964,7856,9972,1576,4573,6
19965,8902,9972,1576,9935,1772
19966,7856,9972,1576,4985,7356
19967,8902,9972,1576,9935,1772
19968,7856,9972,1576,7591,8548
19969,7856,1478,1576,9935,1772
19970,8902,1478,1294,9935,1772
19971,7856,1478,1576,9935,1772
19972,7856,2390,1576,7591,7145
19973,7856,9972,4079,9743,7145
19974,7856,9566,4079,7591,7145
19975,8902,9972,1576,9935,1772
19976,7856,1478,2005,9935,1772
19977,8902,9972,1576,9935,1772
19978,7856,9566,1576,9935,7145
19979,8902,6429,7093,9935,1772
19980,8902,9972,1294,9935,8548
19981,8902,9972,1576,9935,8548
19982,8902,9972,7093,7591,6743
19983,7856,2390,1576,9935,1772
19984,7856,9972,1294,1879,8548
19985,8902,9972,1576,9935,8548
19986,7856,1478,1576,9935,1772
19987,8902,1478,7093,4573,1772
19988,7856,1478,7093,9935,1772
19989,7856,1478,317,4573,1772
19990,7856,1478,317,9935,1772
19991,7856,1478,240,9935,1772
19992,8902,1478,7093,9935,1772
19993,8902,9972,1294,9935,1772
19994,7856,9972,1294,9935,1772
19995,8902,9972,1294,9935,1772
19996,8902,1478,1576,9935,1772
19997,8902,2390,7093,9935,884
19998,8902,1478,1576,9935,1772
19999,7856,1478,1576,9935,1772
20000,7856,2390,1576,7591,663
20001,7856,1478,7093,9935,1772
20002,8902,5348,2183,4573,1772
20003,7807,9972,317,4573,1772
20004,8902,9972,317,8008,1772
20005,7856,9972,1294,9935,1772
20006,8902,1478,1576,9935,884
20007,7856,2390,1576,9935,8548
20008,7856,1478,1576,7591,8548
20009,8902,9972,4079,4777,1772
20010,7856,1478,1294,2195,9443
20011,7856,1478,1576,7591,884
20012,8902,9972,1576,3764,1772
20013,7856,9972,7093,9935,7145
20014,8902,1478,2005,9935,6
20015,4237,1478,3661,9935,1772
20016,7856,1478,2005,3265,1772
20017,3890,9972,240,4731,884
20018,2383,5348,317,8008,884
20019,8902,9972,1576,9935,663
20020,3890,9972,9436,8008,6743
20021,8902,9972,9436,4573,884
20022,8902,9972,317,9935,1772
20023,7856,1478,8779,2195,8548
20024,7856,1478,7093,9935,8548
20025,7856,1478,4026,7591,7356
20026,8902,9972,1294,9935,8548
20027,7856,1478,1294,268,1772
20028,8902,9972,1294,9935,1772
20029,8902,9972,1576,9935,1549
20030,7407,4714,1576,4985,7356
20031,8902,4464,7851,9935,1549
20032,7856,1478,1576,9935,8548
20033,7856,1478,1576,9935,1772
20034,7856,1478,2005,9935,1772
20035,7856,9972,1576,9935,1772
20036,7856,1478,1576,9935,6
20037,7856,9972,1576,9935,6
20038,9154,9972,9016,9833,7826
20039,8902,9972,9016,9935,1772
20040,8902,9972,9016,9935,8341
20041,7856,1478,2005,9935,8548
20042,8902,1478,1576,9935,7145
20043,7856,9566,1576,9935,8548
20044,7856,1478,1294,9935,3746
20045,7856,1478,240,2195,3401
20046,7856,1478,240,8302,8548
20047,8902,9972,7093,9935,6
20048,7856,9972,1294,9935,1772
20049,7856,9972,1576,9935,1772
20050,8902,9972,1576,9935,1772
20051,7856,9972,7093,9935,9959
20052,7856,9972,1576,9935,6
20053,8902,9972,1576,9743,7145
20054,8902,9972,1576,9935,7145
20055,8902,9972,1576,4985,6992
20056,7856,1478,1576,7591,3746
20057,7856,1478,7093,4573,3746
20058,8902,9972,1576,9935,7145
20059,8902,9972,317,9935,1772
20060,8902,9972,2005,9935,6
20061,8902,9972,1576,9935,8548
20062,8902,9972,9436,7591,884
20063,7856,9972,1576,7591,1772
20064,8902,9972,1576,7591,663
20065,7856,9493,4026,7591,8548
20066,7856,1478,7093,9935,1772
20067,7856,1478,8779,7591,3746
20068,7856,9972,7093,4573,6
20069,8902,9972,1576,9935,8341
20070,8902,9300,7851,9935,6
20071,7856,9566,2005,9935,8548
20072,8902,9972,1576,9935,1772
20073,7856,9566,2005,9935,1549
20074,9811,75,240,7039,2462
20075,7856,75,240,8433,7145
20076,9811,666,1319,4573,1772
20077,7856,6429,1576,9935,7145
20078,7856,4714,1576,9935,7145
20079,7856,9972,1576,9935,8548
20080,8902,9972,1576,9935,3660
20081,8902,9972,1576,9935,1772
20082,8902,9972,1576,9935,1772
20083,7856,9972,7093,9935,1772
20084,8902,9972,1576,9935,8341
20085,8902,9972,1576,9935,6
20086,8902,9972,1576,9935,3660
20087,8902,9300,1576,9935,4279
20088,8902,9972,1576,9935,1772
20089,8902,9493,1576,9935,7145
20090,8902,1478,1576,9935,8548
20091,7856,9493,1576,7591,663
20092,7856,9972,7093,4573,1772
20093,8902,9972,1576,9935,1772
20094,8902,9972,1576,9935,1772
20095,8902,9972,1294,9935,8784
20096,8902,2463,7205,9935,1772
20097,9811,75,240,1563,884
20098,7856,9972,1576,9935,1772
20099,7856,9972,1576,7591,1772
20100,8902,9972,1576,7591,1772
20101,8902,9972,9436,4573,1772
20102,8902,2463,317,3670,1772
20103,8902,9972,1294,7616,1772
20104,8902,5353,9436,4573,6438
20105,2383,5353,9436,4573,3216
20106,2383,5353,317,7616,1516
20107,8902,9972,1576,9935,6
20108,8902,9972,1576,9935,1772
20109,5525,9566,1576,9935,8548
20110,7856,1478,1576,9935,8548
20111,7856,1478,1576,9935,663
20112,7856,1478,240,1563,5177
20113,8902,1478,1576,9935,7145
20114,7856,2390,1576,9935,7145
20115,8902,9972,317,9935,1772
20116,8902,9972,9436,9935,6438
20117,8902,9972,317,4573,1772
20118,8902,2463,1294,9935,1772
20119,7856,9493,1576,9935,663
20120,7856,1478,8779,9935,8548
20121,7856,2390,1576,9935,8548
20122,2383,9972,9436,4573,1516
20123,8902,5353,1294,8433,1772
20124,8902,2463,1294,8433,1772
20125,3890,9972,9436,8008,6438
20126,8902,9972,1576,4573,6743
20127,8902,9972,9436,4573,6438
20128,8902,9972,9436,4573,6
20129,7856,9972,1576,7591,663
20130,3890,9972,9436,5046,884
20131,7856,1478,240,9801,5177
20132,7856,1478,240,1563,884
20133,7856,1478,7093,9935,3746
20134,8902,9972,9436,4569,6438
20135,8902,9972,9436,4573,6438
20136,8902,9972,1576,9935,884
20137,9811,5348,240,9935,9222
20138,8902,5348,1319,7616,6441
20139,8902,5348,1294,9935,6438
20140,8902,9972,1294,8650,1772
20141,8902,2390,1576,8433,663
20142,8902,1478,1294,9935,1772
20143,8902,1478,1576,9935,1772
20144,8902,2390,1576,4985,7145
20145,7856,2390,3647,9935,7145
20146,8902,9972,9436,5358,884
20147,8902,9972,317,4573,9840
20148,7807,9972,9436,1632,6222
20149,7856,9972,1576,9935,8548
20150,8902,9972,1576,9935,7145
20151,8902,9972,8779,9935,8341
20152,7856,75,240,9935,8548
20153,8902,1478,240,9935,1772
20154,7856,3253,240,1563,8548
20155,8902,6429,1576,9935,663
20156,7856,1478,7093,9935,1772
20157,8902,9972,7093,9935,1772
20158,7856,1478,240,2195,9443
20159,7856,9972,1576,7591,3746
20160,7856,1478,4024,9801,8541
20161,8902,9972,1576,9935,1772
20162,8902,9972,7093,9935,1772
20163,7856,9972,1576,9935,1772
20164,4237,1478,1294,9935,8548
20165,7856,1478,2005,9935,1772
20166,7856,1478,7093,4573,6
20167,7856,1478,1576,9935,1772
20168,7856,1478,1576,9935,1772
20169,8902,9972,1576,9935,1747
20170,8902,1478,1576,9935,7356
20171,8902,9972,1576,9935,1772
20172,8902,1478,7093,7807,7356
20173,8902,9972,7093,9935,1772
20174,8902,9972,7093,9935,884
20175,8902,9972,317,9935,1516
20176,8902,9972,1576,9935,6
20177,7856,1478,1576,9935,663
20178,7856,1478,1294,9935,1772
20179,7856,1478,2005,9935,8548
20180,7856,9493,1576,9935,9337
20181,7856,9493,1576,9935,8548
20182,7856,1478,1576,9935,1772
20183,8902,1478,1576,9935,1772
20184,7856,9972,7093,9935,1772
20185,7856,1478,1576,9935,7145
20186,8902,2390,1576,2195,7145
20187,7856,9972,1576,1781,7145
20188,7856,1478,240,7591,8541
20189,7856,1478,240,1563,5177
20190,7856,1478,240,1563,5177
20191,8902,9972,1576,9935,1772
20192,8902,9972,317,4573,1772
20193,7856,2390,1294,7591,8548
20194,8902,9972,9436,8008,884
20195,3890,9972,9436,4827,884
20196,3890,9972,9436,2969,3119
20197,8902,5353,317,8008,884
20198,8902,9972,9436,4573,1772
20199,8902,9972,1294,9935,1516
20200,8902,9972,7093,4573,1516
20201,7856,9972,1576,7591,3746
20202,7856,9972,7093,7591,6
20203,8902,9972,1319,8433,1772
20204,8902,9972,1294,3670,1772
20205,7807,5353,9436,9192,6438
20206,7856,9972,8779,9935,1772
20207,7856,9972,4026,9935,8548
20208,7856,1478,8779,7591,1772
20209,7856,1478,240,7591,3746
20210,7856,1478,8779,2195,1772
20211,7856,1478,240,7591,7145
20212,7856,9493,1576,7591,8548
20213,7856,2390,7093,9935,1772
20214,7856,4714,1576,7591,884
20215,7856,4714,6490,943,7145
20216,8902,4714,1576,4985,7145
20217,7856,9566,1576,7591,7145
20218,8902,9972,1294,9935,1772
20219,8902,9972,1576,9935,1772
20220,8902,9972,1576,9935,1772
20221,8902,9972,7093,9935,1772
20222,7856,1478,240,7591,9443
20223,7856,1478,240,7807,7356
20224,8902,9972,9436,8008,6438
20225,7856,1478,1576,7591,884
20226,8902,9972,8779,9935,1772
20227,4237,9972,7093,9935,1772
20228,8902,9972,8779,9935,3746
20229,7856,1478,1576,2195,7145
20230,7856,2390,1576,9935,8548
20231,7856,3253,1576,7591,8548
20232,8902,9972,1294,9935,1772
20233,8902,9972,1576,9935,8548
20234,7856,9566,1576,7591,7145
20235,8902,9566,1576,9935,1772
20236,7856,1478,240,7591,5177
20237,7856,1478,240,4777,884
20238,7856,1478,240,7591,9443
20239,8902,1478,1294,9935,8548
20240,7856,4714,1576,7591,8548
20241,7856,1478,1319,4573,1772
20242,4237,1478,240,9935,8548
20243,8902,9972,7093,4573,6
20244,7856,9972,1576,7591,6
20245,2383,9972,1576,3537,8784
20246,8902,2390,1576,4827,884
20247,8902,9972,1576,3764,1772
20248,8902,9972,8815,9935,1772
20249,8902,9972,7093,9935,5260
20250,8902,9972,8815,9935,1772
20251,7856,9972,1576,9935,1772
20252,7856,2390,1576,7591,8548
20253,7856,1478,7093,9935,1772
20254,8902,9972,1576,9935,7145
20255,7856,9972,1294,7591,6
20256,8902,9972,1576,4985,1772
20257,8902,9972,6713,9935,1772
20258,4237,1478,7093,4573,1772
20259,7856,1478,1319,4573,1772
20260,7856,1478,1294,9935,8548
20261,7856,1478,8779,9935,1772
20262,7856,1478,1294,9935,1772
20263,8902,9972,9436,8008,6438
20264,8902,9972,9436,4573,6438
20265,2383,5353,1576,8433,884
20266,7856,9972,1576,9935,1772
20267,7856,1478,7093,9935,1772
20268,7856,1478,1576,9935,8548
20269,7856,1478,1576,7591,5885
20270,7856,1478,240,7591,8548
20271,7856,1478,1576,9935,7145
20272,8902,2390,1576,1592,6901
20273,8902,9972,1576,9935,8548
20274,8902,2463,7093,9935,1449
20275,8902,1478,1576,9935,8548
20276,8902,9972,9016,9935,884
20277,8902,9972,317,9935,884
20278,7856,75,317,7039,884
20279,8902,5353,9436,4573,9840
20280,8902,1693,1319,4573,6438
20281,8902,9972,7093,9935,7284
20282,8902,5348,3295,9935,1772
20283,8902,5348,3295,6892,1772
20284,7856,2390,1576,7591,1772
20285,7856,1478,240,2195,8548
20286,7856,3253,240,7591,7145
20287,7856,9972,1576,9935,1772
20288,8902,9972,8815,9935,6
20289,7856,9972,1576,7591,8548
20290,7856,1478,240,2195,3746
20291,7856,1478,1576,7591,3746
20292,7856,1478,1576,9935,1772
20293,7856,1478,7093,9935,1772
20294,7856,1478,7093,4573,1772
20295,4237,1478,1319,4573,4611
20296,8902,9972,9436,8008,884
20297,7856,1478,1576,9935,7145
20298,8902,9972,9436,4573,1772
20299,8902,9972,240,4731,884
20300,3890,9972,9436,1762,6222
20301,8902,5353,240,3670,884
20302,9811,1693,240,1864,884
20303,7856,1478,7093,4573,1516
20304,9811,666,1319,4573,1772
20305,4237,1478,8779,7807,8548
20306,4237,9972,1294,7591,8548
20307,8902,1478,1576,9935,1772
20308,7856,1478,8779,9935,1772
20309,8902,9972,1576,9935,1772
20310,7856,9972,1576,9935,7701
20311,8902,9972,240,7039,6992
20312,8902,9972,1319,4573,3119
20313,8902,5353,1319,4573,3119
20314,3890,9972,9436,4573,6438
20315,3890,9972,317,7070,6222
20316,8902,9972,9436,8433,1772
20317,8902,1693,1294,9233,1772
20318,9811,5348,240,9935,4279
20319,7807,1693,1319,4573,1772
20320,8902,9972,317,9935,1772
20321,8902,9972,1576,9935,884
20322,8902,5353,9044,4827,884
20323,8902,9972,1576,9935,6
20324,8902,9972,7093,9935,2422
20325,8902,9972,1576,9935,1772
20326,7856,1478,4026,9935,1549
20327,8902,9972,1576,9935,1772
20328,7856,9972,1576,9935,1772
20329,8902,9972,7093,9935,1772
20330,8902,2463,240,9935,1772
20331,8902,9972,7851,9935,1772
20332,7856,1478,240,2195,8548
20333,7856,1478,1576,7591,884
20334,8902,9972,1576,7591,1772
20335,8902,9493,1576,9935,1449
20336,8902,2390,1576,9935,884
20337,8902,1478,2005,9935,1772
20338,9811,1693,1319,4573,1772
20339,3474,75,240,3178,884
20340,7856,9972,1319,4573,1772
20341,8902,1693,1319,4573,9222
20342,7807,9972,1319,3670,1772
20343,2383,5348,240,3670,1772
20344,8902,1478,8779,9935,1772
20345,8902,9972,9436,4573,1772
20346,8902,9972,9436,4573,1772
20347,7856,1478,1576,2195,7145
20348,8902,9493,1576,9935,7145
20349,7856,9566,1576,9935,1772
20350,8902,9972,7093,4573,6
20351,8902,9972,7093,9935,9337
20352,8902,9972,1576,9935,6
20353,8902,2463,317,9935,7284
20354,8902,1478,7093,9935,8548
20355,8902,1478,1319,9935,7284
20356,8902,9972,1319,4573,3119
20357,8902,9972,317,4573,1516
20358,8902,9972,7093,4573,6
20359,7856,2390,1576,4985,7356
20360,7856,1478,1576,7591,7356
20361,7856,9493,1576,7591,8548
20362,7856,666,240,1563,7356
20363,8902,1478,2005,9935,6
20364,7856,1478,240,9935,8548
20365,8902,9972,1576,9935,6
20366,8902,9972,7093,9935,2422
20367,8902,9566,2345,9935,6813
20368,8902,2390,1576,9935,7821
20369,8902,9972,1576,9935,8548
20370,7856,2390,1576,9935,8548
20371,7856,1478,1576,7591,663
20372,7856,1478,1576,9935,8548
20373,7856,1478,1576,9935,884
20374,7856,2390,1576,9935,663
20375,7856,1478,1576,9935,8548
20376,7856,1478,1576,9935,663
20377,8902,9972,8815,9935,2422
20378,8902,9972,9016,9935,6743
20379,8902,9972,9016,9935,6743
20380,8902,1478,2005,9935,8548
20381,8902,2463,317,9935,1772
20382,8902,9972,317,9935,1516
20383,7856,9972,1576,7591,1772
20384,7856,1478,1576,2195,7145
20385,8902,9972,1294,7591,1772
20386,7856,9972,1576,7591,884
20387,7856,9972,1576,9935,8548
20388,8902,9972,1576,9935,1772
20389,7856,9972,9016,7591,2422
20390,8902,9566,1576,9935,3660
20391,7856,9566,1576,9935,8548
20392,8902,9972,1576,4573,884
20393,8902,1478,1319,9935,3119
20394,8902,9972,317,8008,1772
20395,8902,1478,7093,9935,1772
20396,7856,1478,1576,9935,1772
20397,8902,1478,2005,9935,9443
20398,8902,2463,1576,9935,1772
20399,7856,2390,1576,9935,9337
20400,7856,2390,1576,9935,7145
20401,7807,1693,1294,7194,477
20402,8902,1478,1319,4573,1772
20403,8902,5348,240,4573,7284
20404,8902,9972,9016,9935,2422
20405,8902,9972,7093,9935,6743
20406,7856,9972,1576,7591,884
20407,8902,9972,1294,9935,8784
20408,7856,1478,1576,9935,1772
20409,7856,1478,7093,9935,884
20410,8902,1478,8779,9935,6
20411,8902,9972,317,9935,1772
20412,7856,1478,7093,9935,884
20413,7856,1478,7093,9935,1772
20414,7856,1478,4826,9935,8548
20415,7856,1478,240,9935,8548
20416,8902,9566,2005,9935,1772
20417,7856,1478,1576,7591,884
20418,7856,3253,1576,9935,7145
20419,7856,1478,1319,9801,5177
20420,7856,9972,1576,5046,884
20421,7856,9972,1319,2195,3746
20422,7856,1478,240,1563,5177
20423,7856,1478,240,2195,9443
20424,7856,1478,240,7591,8548
20425,7856,2390,1576,7591,663
20426,7856,1478,1576,4777,3746
20427,7856,9972,1576,7591,1772
20428,8902,2390,1576,9935,663
20429,8902,9972,1294,9935,1772
20430,7856,1478,8854,7591,663
20431,7856,2390,1576,9935,8548
20432,7856,1478,1576,9935,7145
20433,7856,2390,1576,9935,7145
20434,8902,9972,1576,9935,4199
20435,8902,1478,1576,9935,1772
20436,8902,9972,9436,7591,3660
20437,8902,9972,1576,9935,663
20438,7856,2390,1576,7591,3401
20439,8902,1478,8779,9935,8548
20440,8902,9972,1576,9935,1772
20441,7856,1478,7093,9935,7284
20442,7856,9972,1294,7591,8548
20443,8902,9972,1576,9935,1772
20444,8902,9972,1576,1879,8548
20445,7856,9972,1576,9935,8548
20446,7856,1478,1576,9935,1772
20447,8902,2463,1294,9935,1772
20448,7856,9972,317,4573,3660
20449,8902,9972,7093,9935,663
20450,8902,9972,8779,9935,6
20451,8902,1478,7093,9935,1772
20452,8902,9972,1294,7591,6
20453,7856,2390,1576,9935,7145
20454,7856,2390,1576,7591,884
20455,8902,9972,1576,9935,1772
20456,8902,9972,9436,8008,884
20457,8902,9972,1576,9935,1772
20458,2603,9972,9436,3537,6438
20459,8902,2463,1294,9935,1772
20460,8902,9972,1576,9935,1772
20461,7856,1478,1319,4573,998
20462,8902,75,1319,8008,1772
20463,8902,9972,1294,4573,3119
20464,7856,1478,317,7591,9443
20465,7856,4714,2225,9935,9337
20466,8902,1478,1576,9935,1772
20467,4237,9972,1294,4573,1772
20468,8902,1478,7093,9935,1772
20469,7856,9972,1576,9935,6
20470,8902,9972,1576,9935,1772
20471,8902,9972,1576,9935,7145
20472,8902,9972,1576,1592,7821
20473,7856,9972,7093,4573,7957
20474,8902,9972,1294,9935,1772
20475,8902,9972,7093,9935,1772
20476,8902,9972,9436,3670,884
20477,7856,1478,317,7591,1772
20478,8902,9972,9436,4573,1772
20479,8902,9972,1294,8650,1772
20480,8902,9972,9436,3537,884
20481,8902,9972,9436,4573,6438
20482,7856,1478,1319,9233,1772
20483,7856,1478,1319,4573,4611
20484,8902,1478,1319,4573,4611
20485,7856,9972,1576,9935,8548
20486,8902,9972,7093,9935,6743
20487,8902,9972,1576,7591,1772
20488,7856,9972,1576,7591,2796
20489,7856,1478,1576,7591,3746
20490,7856,9972,4026,7591,7356
20491,8902,75,1319,4573,1772
20492,8902,1478,1319,4777,884
20493,4237,9972,1576,4573,6
20494,8902,9972,9436,9935,1772
20495,8902,9972,1576,9935,6
20496,8902,9972,1576,7591,6
20497,8902,9972,1294,3670,1772
20498,4237,1478,8779,9935,1772
20499,7856,1478,317,9935,1772
20500,8902,1478,1294,9935,8548
20501,7856,2390,1576,9935,8548
20502,7856,1478,1576,7591,8548
20503,7856,1478,240,7591,3746
20504,7856,1478,1576,9935,8548
20505,7856,9972,1576,7591,884
20506,8902,9972,7093,9935,3660
20507,8902,1478,1576,9935,1772
20508,8902,1478,1576,9935,1772
20509,8902,1478,7093,9935,1772
20510,7856,1478,7093,9935,1772
20511,4237,1478,1319,4573,1516
20512,7856,1478,1576,9935,663
20513,7856,1478,7093,9935,7145
20514,7856,9493,8854,7591,1449
20515,8902,9972,9436,4573,3660
20516,7856,9972,1319,4573,1516
20517,8902,2390,317,9935,7145
20518,8902,6429,1576,9935,8548
20519,8902,9972,1576,9935,8548
20520,7856,9566,1576,9935,1772
20521,3474,1478,1319,4573,1772
20522,8902,9972,1576,9935,884
20523,8902,9972,1319,4573,884
20524,8902,1478,1294,9935,8548
20525,7856,1478,240,9935,7356
20526,7856,1478,1576,9935,3746
20527,8902,9972,1576,9935,663
20528,8902,1478,1294,9935,1772
20529,7856,9972,1576,9935,8548
20530,8902,2463,1576,9935,663
20531,8902,9972,1576,9935,663
20532,8902,9972,9016,9935,2422
20533,4237,1478,8779,4573,3746
20534,8902,1478,1294,9935,1772
20535,4237,1478,3661,9935,1772
20536,8902,9972,9436,4573,6
20537,8902,9972,9436,4573,884
20538,8902,9972,9436,9935,1772
20539,7856,1478,7093,9935,1772
20540,7856,9972,1576,3537,6
20541,4237,9972,1576,7591,6
20542,9811,6960,2183,4573,9222
20543,7807,9972,1319,3326,1772
20544,8902,75,1319,4573,1772
20545,7856,2390,1576,9935,2422
20546,8902,9972,1294,9935,8548
20547,7685,6250,2005,9935,9337
20548,8902,9972,9436,8433,884
20549,8902,9972,6713,4573,1772
20550,8902,9972,9436,4573,1772
20551,8902,9566,1576,9935,8548
20552,7856,9972,1576,9935,8548
20553,7856,9972,1576,9935,1772
20554,7856,1478,1576,9935,8548
20555,7856,1478,1576,9935,1772
20556,7856,1478,1576,9935,1772
20557,8902,5348,7205,7616,9222
20558,8902,5348,1319,4573,9222
20559,8902,1478,240,7039,1772
20560,7856,1478,1576,9935,8548
20561,7856,1478,240,8302,1772
20562,7856,9972,1576,4573,1772
20563,7856,1478,1576,4573,1772
20564,7856,2390,7093,9935,1772
20565,7856,1478,1576,9935,1772
20566,7856,6429,3647,9935,9385
20567,8902,1478,4079,9935,1772
20568,7856,3253,3647,9935,9337
20569,7856,6429,1576,9935,7145
20570,8902,9972,1576,9935,1772
20571,8902,9972,1576,9935,663
20572,8902,9972,7093,9935,2422
20573,8902,9972,7093,4573,6
20574,8902,9972,1576,9935,6
20575,8902,9972,1294,4985,3660
20576,8902,2463,317,7206,3119
20577,8902,9972,317,3764,6743
20578,8902,9972,317,8008,6743
20579,3890,9972,9436,4573,1516
20580,2383,9972,9436,4731,6222
20581,8902,5353,1294,4573,8784
20582,8902,2390,1576,8433,884
20583,8902,9972,1576,9935,884
20584,8902,9972,1294,4985,6992
20585,7856,9566,1576,9935,8341
20586,8902,9972,1294,4985,3660
20587,7807,1693,1319,4573,6438
20588,8902,9972,9436,4573,6438
20589,8902,9972,317,8008,884
20590,8902,9972,1576,9935,1772
20591,8902,1478,1576,8433,7145
20592,8902,2390,1576,3537,8784
20593,8902,9972,1576,9935,663
20594,8902,9972,1294,9935,8341
20595,8902,9972,1294,9935,1772
20596,8902,9493,240,7039,7145
20597,8902,2390,317,4777,7145
20598,8902,1478,1576,9935,1772
20599,7856,9972,1576,7591,6
20600,8902,9972,9016,9935,6
20601,7856,9972,1576,9935,8548
20602,8902,1478,1576,9935,8548
20603,7856,1478,1576,9935,3746
20604,8902,9972,1576,2195,3401
20605,3890,9972,1319,284,1516
20606,8902,9972,317,9935,884
20607,7807,5353,1319,4573,8784
20608,8902,9972,1576,9935,1772
20609,7856,9972,1576,9935,1772
20610,7856,9972,1576,9935,1772
20611,7856,2390,1576,9935,663
20612,7856,1478,1576,9935,8548
20613,7856,2390,1576,7591,663
20614,7856,1478,240,7591,3746
20615,7856,1478,7093,7591,884
20616,7856,1478,1576,7591,8548
20617,7856,1478,1294,7591,8548
20618,8902,2390,7093,9935,884
20619,8902,9972,1294,9935,8548
20620,8902,1478,1576,9935,1772
20621,7856,1478,2005,9935,9443
20622,7856,1478,1576,4777,8548
20623,7856,9972,1294,7591,1772
20624,8902,9972,9436,5046,1772
20625,8902,1478,1576,9935,1772
20626,8902,5348,317,9935,884
20627,3890,9972,9436,1632,3119
20628,7807,5348,240,6892,1772
20629,8902,2463,7205,9935,1772
20630,7856,1478,240,9233,1772
20631,8902,9972,8779,4573,3746
20632,7856,9972,9016,7591,6743
20633,8902,1478,1294,9935,1772
20634,8902,9972,1576,4573,1772
20635,8902,9972,317,4573,1516
20636,7856,1478,7093,9935,1772
20637,8902,1478,1294,9935,8784
20638,4237,9972,8779,4573,3119
20639,4237,9972,7093,4573,6438
20640,8902,9972,1576,9935,1772
20641,3474,75,240,8433,9443
20642,7856,9493,1576,9935,8548
20643,7856,1478,1294,9935,8548
20644,8902,1478,1294,9935,8548
20645,8902,9972,1576,9935,1772
20646,8902,9972,7093,9935,6
20647,7856,1478,7093,9935,1772
20648,7856,1478,2005,9935,1772
20649,7856,1478,240,4777,3746
20650,7856,1478,7093,9935,884
20651,7856,1478,1294,7591,8548
20652,7856,1478,1319,9935,7284
20653,7856,1478,1576,9935,7145
20654,8902,9972,1576,9935,7356
20655,7856,9493,1576,9935,1449
20656,7856,9566,1576,9935,8548
20657,7856,1478,4079,9935,1772
20658,8902,9972,1576,9935,1772
20659,7856,9972,1576,9935,1772
20660,7856,9972,1576,9935,1772
20661,8902,9972,8779,9935,1772
20662,8902,9972,1576,9935,1772
20663,8902,9972,8779,9935,1772
20664,8902,9972,8779,9935,8548
20665,7856,1478,240,1563,1772
20666,3890,9972,1319,4573,884
20667,9811,1693,1319,4573,1772
20668,8902,9972,9436,1632,3119
20669,8902,9972,9436,4573,6438
20670,8902,9972,317,8433,1772
20671,2383,9972,9436,4573,884
20672,3890,9972,9436,4573,6438
20673,2383,9972,9436,4573,6438
20674,8902,9972,9436,4573,1516
20675,8902,9972,1294,4573,3119
20676,8902,9972,9436,4573,1516
20677,8902,9972,9436,4573,3746
20678,8902,9972,9436,9935,884
20679,8902,9972,1576,7591,6
20680,7856,2390,3058,7591,663
20681,8902,9493,1576,9935,1449
20682,7856,1478,1576,9935,663
20683,8902,9972,1576,9935,6
20684,8902,9972,7093,9935,1772
20685,8902,9972,1576,9935,663
20686,8902,9972,1319,8008,9840
20687,8902,9972,317,9935,1772
20688,2603,9972,9436,4573,1516
20689,8902,9972,317,3764,6743
20690,8902,9972,9436,4573,1772
20691,8902,9972,1576,9935,1772
20692,8902,9972,1294,9743,7145
20693,3890,9972,9436,4827,884
20694,3299,9972,9016,2969,884
20695,8902,1693,1319,4573,1772
20696,8902,5353,9436,8433,884
20697,8902,1693,1319,6892,1772
20698,7856,9972,1576,9935,8548
20699,7856,9566,1576,9935,1772
20700,8902,9972,1576,9935,1772
20701,8902,1478,1319,9935,884
20702,8902,1478,1319,4573,3746
20703,8902,9972,9436,4573,1772
20704,7856,9972,4079,1781,1772
20705,8902,9972,1576,9743,7145
20706,7856,9972,1576,7591,7145
20707,7856,9493,240,2195,884
20708,7407,4714,1576,7591,7145
20709,7856,1478,1576,7591,1772
20710,5971,9835,9016,9935,7701
20711,8902,9972,1576,9935,7145
20712,8902,9972,9016,4985,3660
20713,2383,2390,706,7591,884
20714,2383,5353,240,8433,884
20715,8902,9972,9436,3670,884
20716,8902,2463,1294,9935,8548
20717,8902,1478,2005,9935,8548
20718,7856,1478,240,4777,9443
20719,7856,9972,1576,9935,8548
20720,8902,9972,9016,9935,6743
20721,7856,9972,1576,9935,663
20722,7856,9566,1576,9935,1772
20723,7856,9972,1576,7591,8548
20724,7856,9972,7093,9935,1772
20725,3890,9972,317,9935,1516
20726,2383,9972,9436,8008,884
20727,3890,9972,9436,8008,884
20728,8902,1478,2005,9935,4279
20729,8902,1478,317,9935,998
20730,7856,1478,1576,9935,8548
20731,8902,1693,240,7070,1772
20732,8902,9972,1319,4573,1772
20733,8902,1693,1319,4573,1772
20734,7856,9972,1576,4985,8548
20735,8902,9972,1576,9935,1772
20736,7856,4714,1576,9935,7145
20737,7856,9972,1576,7591,3660
20738,2603,9972,9436,4573,6438
20739,8902,9972,8779,7591,3746
20740,8902,1478,240,7039,2462
20741,4237,9972,9436,4573,6
20742,8902,5353,317,9935,884
20743,8902,1693,317,4573,9840
20744,8902,9972,317,9233,1772
20745,4237,9972,6713,4573,3119
20746,8902,9972,9436,8008,884
20747,8902,9972,9436,4573,1516
20748,8902,9972,317,9935,6743
20749,7856,1478,240,9935,1772
20750,7856,1478,1576,9935,1772
20751,7856,1478,7093,9935,1772
20752,8902,6429,1576,9935,8548
20753,7856,9972,1576,9935,1772
20754,8902,2390,1576,7591,7145
20755,8902,5348,1319,4573,9222
20756,9811,666,240,6754,1772
20757,8902,5353,1319,4573,1516
20758,7856,1478,8779,7591,3746
20759,7856,1478,1576,7591,3746
20760,7856,9972,1294,7591,6
20761,7856,2390,1576,8433,7145
20762,7856,9493,1576,943,7145
20763,7856,4714,9016,943,7145
20764,8902,9972,317,9935,6743
20765,8902,9972,9436,4573,9305
20766,8902,9972,317,9935,884
20767,8902,9972,1576,7591,1772
20768,7856,9972,1576,7591,663
20769,8902,9972,1576,9935,1772
20770,8902,9972,9436,8008,884
20771,8902,9972,317,9935,884
20772,8902,9972,1294,7206,3119
20773,7856,1478,1576,9935,8548
20774,8902,4714,1576,9935,8548
20775,7856,2390,1576,9935,8548
20776,8902,2463,1576,9935,1772
20777,7856,1478,2005,9935,1772
20778,7856,9493,1576,9935,7145
20779,8902,9972,7093,4573,3746
20780,7856,9972,1576,7591,1772
20781,7856,1478,1576,7591,6
20782,7856,1478,1576,9935,8548
20783,7856,1478,1576,9935,1772
20784,7856,1478,1576,9935,8548
20785,8902,9972,1576,9935,1772
20786,8902,9972,9436,9935,1772
20787,8902,9972,1319,4573,3119
20788,7856,9972,1294,702,1772
20789,7856,1478,4079,9233,1772
20790,8902,1478,7093,9935,1772
20791,8902,1478,1576,9935,1772
20792,8902,9972,1576,7591,8548
20793,7856,1478,1576,9935,8548
20794,8902,9972,1576,9935,6
20795,7856,1478,1576,2195,7145
20796,7856,2390,1576,943,7145
20797,8902,9972,7093,9935,1772
20798,8902,1478,1576,9935,1772
20799,8902,1478,2005,9935,1772
20800,7856,1478,1576,9935,8548
20801,7856,9972,1576,7591,7145
20802,8902,9972,1294,9935,1772
20803,7856,2390,1576,9935,7145
20804,7856,1478,1576,9935,8548
20805,7856,3253,3647,9935,7145
20806,7856,1478,1576,9935,8548
20807,8902,9972,1576,9935,1772
20808,7856,1478,7093,9935,884
20809,7856,9972,1576,7591,7145
20810,7856,1478,8779,9935,1772
20811,8902,9972,9436,4573,1772
20812,7856,1478,1576,9935,663
20813,7856,75,240,8302,8548
20814,7856,75,240,9935,9337
20815,7856,1478,7093,9935,8548
20816,7856,9972,1576,7591,7356
20817,7856,9972,1576,9935,8548
20818,8902,9972,1576,9935,1772
20819,8902,9972,8815,9935,3660
20820,8902,9972,1576,9935,663
20821,7856,1478,240,9935,1772
20822,7856,1478,1576,9935,1772
20823,7856,1478,7093,4573,3746
20824,8902,9972,1576,9935,1772
20825,8902,6429,1576,9935,663
20826,8902,9972,1576,9935,2422
20827,8902,9972,1294,3670,8784
20828,8902,9972,1576,9935,8548
20829,3890,9972,9436,4573,6438
20830,8902,9972,1294,4573,3119
20831,8902,9972,9436,4573,6438
20832,8902,9972,9436,8433,884
20833,7856,1478,7093,9935,8548
20834,7856,9566,1576,9935,8548
20835,8902,1478,1576,9935,8548
20836,7856,1478,1576,2195,3746
20837,7856,1478,240,7591,8541
20838,7856,9972,1576,7591,8548
20839,7856,1478,1576,9935,8548
20840,7856,9493,1576,9935,7145
20841,7856,1478,1576,7591,8548
20842,8902,1478,7093,9935,8784
20843,7856,1478,1576,9935,1772
20844,8902,1478,7093,9935,663
20845,7856,1478,1319,4573,3746
20846,8902,1478,1576,9935,8548
20847,4237,1478,1576,1563,1772
20848,7856,9972,1576,7591,3660
20849,7856,9972,1576,7591,6
20850,8902,9972,9436,4573,6438
20851,7856,9972,7093,4573,1772
20852,7856,9566,1576,9935,663
20853,7856,9566,1576,9935,8548
20854,7856,5348,240,9935,8548
20855,7856,1478,240,9935,7145
20856,7856,5348,317,1304,7145
20857,8902,9972,2005,9935,1772
20858,8902,9972,8779,9935,1772
20859,8902,9972,9436,7591,663
20860,8902,9972,9436,4573,6438
20861,8902,9972,9436,4573,6438
20862,8902,2390,1576,8433,884
20863,8902,9972,1294,9935,3119
20864,8902,9972,9436,3670,1772
20865,3890,9972,9436,4573,6438
20866,3890,9972,1319,4573,3119
20867,2383,5348,240,9935,884
20868,9811,5348,9436,9935,884
20869,3890,9972,9436,1762,884
20870,3890,9972,9436,4573,6438
20871,8902,9972,1294,4573,1772
20872,8902,9972,1576,9935,1772
20873,7856,9972,1294,7591,8548
20874,7856,1478,1576,9935,8548
20875,9811,666,240,9233,1772
20876,9811,666,240,1563,7284
20877,9811,666,240,1563,477
20878,8902,9972,1576,9935,1772
20879,8902,9972,1576,9935,8341
20880,8902,9972,317,4573,6
20881,7856,9972,317,4573,1772
20882,7856,1478,1576,9935,1772
20883,8902,1478,1576,4573,1772
20884,8902,9972,1576,9935,1772
20885,8902,9972,7093,9935,1772
20886,7856,9972,1576,9935,1772
20887,2383,9972,9436,4573,3216
20888,8902,9972,9436,3537,6438
20889,3890,5353,9044,9742,884
20890,7856,9972,1294,9935,1772
20891,7856,9972,1294,7591,1772
20892,7856,2390,1576,7591,7145
20893,7856,1478,8779,1469,7356
20894,7856,9972,1576,9935,8548
20895,7856,1478,8779,1864,7356
20896,2383,5353,240,8008,884
20897,8902,5353,317,8433,1772
20898,8902,5348,240,9935,4279
20899,8902,9972,7093,9935,1772
20900,7856,9972,1576,7591,1772
20901,8902,9972,317,9935,1772
20902,8902,783,1576,9935,8548
20903,7856,75,240,8302,7145
20904,8902,9972,1576,9935,1772
20905,7856,1478,3647,9935,9443
20906,7856,9493,1576,9935,7145
20907,7856,9493,7093,9935,7145
20908,2383,666,240,9935,7284
20909,8902,9972,317,7616,1772
20910,9811,666,240,3670,884
20911,2383,9972,9044,9742,884
20912,8902,2390,1576,478,884
20913,9811,1693,1319,4573,3119
20914,8902,1478,7093,9935,1772
20915,8902,1478,2005,9935,1772
20916,4237,7294,2005,9935,1772
20917,7856,1478,240,7591,9443
20918,7856,1478,1294,2195,3401
20919,7856,1478,240,9801,5177
20920,7856,1478,317,9935,884
20921,7856,1478,240,7591,884
20922,7856,1478,7093,4573,3746
20923,7856,1478,1576,9935,8548
20924,7856,1478,1576,9935,8548
20925,7856,9972,1294,413,8784
20926,8902,2463,1576,9935,1772
20927,8902,2390,1576,9935,663
20928,8902,9566,1576,9935,663
20929,8902,9972,7093,9935,1772
20930,8902,9972,1576,9935,1772
20931,8902,9972,1576,9935,1772
20932,7807,1693,1319,4573,6438
20933,7807,5348,1319,4573,9222
20934,8902,9972,1294,4573,8784
20935,7856,1478,1576,9935,1772
20936,7856,9972,1576,7591,8548
20937,7856,2390,1576,9935,1772
20938,4237,1478,7093,9935,6
20939,8902,9972,1576,9935,1772
20940,7856,1478,1576,9935,6
20941,8902,1478,1576,9935,1772
20942,8902,1478,1576,9935,7145
20943,8902,9972,1576,9935,1772
20944,8902,5353,317,8008,884
20945,8902,5348,317,9935,884
20946,8902,9972,9436,8008,1772
20947,8902,9972,9016,9935,6743
20948,8902,9972,7093,9935,663
20949,8902,9972,1576,9935,1772
20950,7856,4714,1576,4985,5690
20951,8902,9566,1576,9935,1549
20952,7407,4714,1576,9935,2422
20953,8902,9972,1294,9935,1772
20954,8902,9972,1294,9935,8784
20955,8902,1478,1294,2195,7145
20956,2383,9972,317,8008,884
20957,8902,9972,9436,4573,6438
20958,9811,1693,1319,1762,1772
20959,8902,9972,1294,9935,6
20960,8902,9972,1576,9935,8341
20961,8902,9972,1294,9935,663
20962,7856,9972,317,9935,1516
20963,8902,1478,7093,9935,6
20964,8902,1478,7093,9935,8548
20965,8902,9972,1576,9935,1772
20966,8902,9972,1576,9935,1772
20967,7856,9972,1294,9935,1772
20968,8902,9972,7093,4573,6743
20969,7856,9972,1294,9935,1772
20970,7856,9972,1576,4573,3119
20971,8902,2463,1576,9935,1772
20972,8902,9972,1576,9935,1772
20973,8902,1478,317,9935,884
20974,8902,9972,1576,9935,1549
20975,8902,1478,7093,9935,6
20976,8902,1478,7093,9935,1772
20977,8902,5353,1319,8008,1772
20978,3890,9972,9436,8008,884
20979,8902,1693,240,7039,6992
20980,8902,9972,317,4573,1772
20981,8902,9972,8779,9935,1772
20982,8902,9972,1576,9935,1772
20983,8902,9972,1576,7591,3660
20984,7856,9972,1576,7591,6
20985,8902,9972,8779,7591,1772
20986,8902,1478,1294,9935,8548
20987,7856,9972,317,4573,1772
20988,7856,1478,3661,9935,8548
20989,8902,9972,317,4573,1772
20990,3890,9972,317,4573,3119
20991,8902,9972,317,4573,1772
20992,8902,9972,1576,9935,3660
20993,7856,2390,1576,9935,884
20994,8902,2390,1576,9935,4160
20995,8902,9972,1576,9935,663
20996,8902,9972,1576,9935,1772
20997,8902,9972,1576,7591,1772
20998,8902,9972,1294,8433,1772
20999,8902,5348,240,3670,1772
21000,8902,5348,1319,4573,6041
21001,7856,1478,240,2195,8548
21002,8902,5348,240,9935,9337
21003,7856,9493,1576,7591,8548
21004,8902,1478,1576,9935,1772
21005,7856,1478,1576,7591,7356
21006,7856,1478,240,7591,5177
21007,8902,9972,1576,9935,8548
21008,7856,1478,1576,2195,8548
21009,7856,9493,1576,9935,7145
21010,8902,9972,9436,4573,3119
21011,8902,9972,8779,4573,1772
21012,8902,9972,1319,4573,6438
21013,7807,1693,6713,4573,9222
21014,8902,5348,240,9233,1772
21015,8902,5348,240,7039,1772
21016,8902,9972,7093,9935,2422
21017,8902,9972,8779,7591,1772
21018,7856,9972,8779,7591,8548
21019,8902,9972,9436,4573,6438
21020,8902,9972,7093,9935,1772
21021,8902,9972,1576,9935,1772
21022,7856,9972,1576,9935,7145
21023,7856,1478,4015,9935,8548
21024,8902,9566,1576,9935,8548
21025,8902,9972,1576,9935,1772
21026,8902,9972,9436,3764,1772
21027,8902,9972,9016,2969,3119
21028,7856,1478,1576,7591,8548
21029,7856,1478,4026,7591,8548
21030,7856,4714,1576,7591,7145
21031,7856,2390,1576,9935,1772
21032,7856,9972,1294,7591,7145
21033,7856,9566,7093,9935,1772
21034,7856,1478,7093,4573,1772
21035,7856,9566,1576,9935,1772
21036,7856,1478,1576,9935,8548
21037,8902,9972,9436,4573,884
21038,8902,9972,1319,4573,1772
21039,8902,5353,240,8433,1772
21040,8902,9972,1576,4573,1772
21041,8902,9972,1576,4985,7145
21042,8902,9972,9436,5046,663
21043,7856,9972,7093,9935,1772
21044,4237,9972,7093,9935,1772
21045,7856,9972,1294,7591,6
21046,8902,5353,1576,8433,884
21047,8902,9972,9436,8008,884
21048,8902,9972,9436,4573,6438
21049,7856,1478,4026,9935,1449
21050,7856,1478,1576,7591,7145
21051,7856,1478,7093,9935,8548
21052,8902,9972,2005,9935,1772
21053,8902,9972,1576,9935,8548
21054,7856,1478,1576,9935,1772
21055,8902,9972,7093,9935,1516
21056,8902,1478,7093,9935,6
21057,8902,9972,1576,9935,1772
21058,8902,5353,240,8433,884
21059,8902,2463,1576,9935,1772
21060,8902,5348,240,8433,1772
21061,8902,9972,8779,9935,4279
21062,8902,9972,1294,1781,1772
21063,8902,9972,1294,7591,1772
21064,7856,1478,7093,4573,6
21065,8902,9972,7093,9935,1772
21066,7856,9972,1576,7591,663
21067,7856,1478,1576,9935,1772
21068,7856,75,240,1563,8548
21069,7856,1478,1576,9935,1772
21070,7856,1478,8779,9935,1772
21071,7856,1478,1319,4777,2462
21072,7856,9972,7093,9935,1772
21073,7856,9972,1576,7591,1772
21074,8902,9972,1576,7591,3746
21075,8902,9972,1294,9935,1772
21076,7856,1478,1294,4573,3119
21077,7856,1478,4826,7591,3746
21078,7856,1478,3661,8302,998
21079,8902,9972,9436,4573,6
21080,7856,9493,1576,5585,663
21081,8902,2463,1576,9935,7145
21082,8902,9972,7093,4573,6
21083,8902,9972,7093,9935,9959
21084,8902,9972,8815,9935,2422
21085,8902,9972,1576,7591,1772
21086,7856,9972,8779,7591,3746
21087,8902,9972,9436,4573,6
21088,7856,9972,7093,7591,1772
21089,8902,9972,1576,9935,663
21090,8902,9972,7093,9935,6743
21091,7856,1478,4079,9935,1772
21092,4237,1478,8779,7591,3746
21093,7856,1478,7093,3945,884
21094,8902,9972,7093,7591,7145
21095,8902,9972,1576,7591,8548
21096,8902,4714,1576,7591,8548
21097,7856,1478,7093,9935,884
21098,8902,9972,7093,7591,3660
21099,7856,4714,9436,9935,884
21100,2383,5353,240,3670,1772
21101,8902,9972,1319,4573,6438
21102,8902,9972,1294,9935,1772
21103,7856,2390,7093,7591,884
21104,8902,9972,1576,4573,1772
21105,8902,1478,8779,9935,1772
21106,7856,1478,1576,7591,7145
21107,7856,2390,1576,7591,7145
21108,7856,9972,1576,9743,7145
21109,7856,2390,1576,7591,663
21110,8902,9972,1576,4985,6
21111,8902,9972,1576,9935,1772
21112,8902,9972,1576,7591,6
21113,8902,2390,1576,9935,1772
21114,8902,9972,7093,9935,884
21115,8902,9493,9436,8433,884
21116,8902,9972,9436,8008,6438
21117,3890,9972,9436,8008,6743
21118,8902,9972,1294,9935,8548
21119,8902,9972,1576,9935,8341
21120,8902,9972,8815,9935,1772
21121,8902,1478,1576,9935,1772
21122,9811,666,240,1563,7284
21123,8902,1478,1576,9935,1772
21124,7856,9972,8779,7591,8548
21125,5525,9972,1576,9935,1549
21126,8902,7294,2005,9935,8341
21127,8902,9972,317,9935,1772
21128,7856,1478,3357,1563,7356
21129,8902,9972,1576,9935,1772
21130,7856,1478,4026,7591,8548
21131,7856,1478,1576,7591,8548
21132,7856,1478,1294,4777,8548
21133,7856,1478,1576,7591,8548
21134,8902,1478,2005,9935,9337
21135,8902,9972,1576,9935,8548
21136,7856,3253,1576,9935,663
21137,7856,9493,1576,8433,7145
21138,7856,9972,2005,9935,1772
21139,8902,9972,8779,9935,1516
21140,8902,9972,1319,4573,884
21141,3890,9972,9436,3670,884
21142,8902,9566,1576,9935,1772
21143,8902,9972,1576,9935,7145
21144,8902,9972,1576,9935,1772
21145,8902,9972,1576,1879,7145
21146,7856,9972,1294,4985,4199
21147,7856,1478,1294,9935,8548
21148,8902,9972,1576,9935,8548
21149,8902,9972,1576,9935,8548
21150,8902,9972,1294,9935,1772
21151,8902,666,1319,8008,1772
21152,9811,666,1319,4573,1772
21153,4237,1478,8779,9233,1772
21154,4237,9972,8779,9935,998
21155,8902,9972,7093,9935,1772
21156,8902,1478,2005,9935,1772
21157,8902,9972,1294,3764,3119
21158,7407,2390,1576,4985,7145
21159,8902,9972,9436,4573,6438
21160,8902,9972,1576,4985,8341
21161,7856,9972,1294,9935,1772
21162,8902,9972,1576,9935,2422
21163,8902,9972,6713,9935,1772
21164,8902,9972,9436,4573,884
21165,8902,9972,1576,9935,1772
21166,8902,9972,2005,9935,4279
21167,8902,9972,9016,9935,6
21168,8902,9972,9436,4573,1772
21169,8902,1478,8779,9935,1772
21170,8902,1478,1294,9935,8548
21171,7856,1478,2005,9935,9337
21172,8902,9972,1294,702,1772
21173,8902,9972,1294,6892,1772
21174,8902,9972,6713,4573,1772
21175,7856,1478,1319,4777,8548
21176,8902,1478,1576,9935,884
21177,7856,75,1576,9935,8548
21178,8902,9972,7093,9935,1772
21179,8902,2463,317,9935,1772
21180,8902,9972,9436,4573,1772
21181,9811,5348,240,7039,1772
21182,8902,9972,1319,4573,884
21183,8902,9972,1319,4573,6438
21184,8902,9972,7093,9935,1772
21185,7856,9972,1294,9935,8548
21186,7856,9972,1576,9935,1772
21187,7856,1478,1576,9935,4279
21188,7856,9972,2005,9935,1772
21189,7856,9566,1576,9935,1772
21190,4237,9972,1294,4573,1772
21191,8902,9972,7093,9935,663
21192,8902,7294,1294,9935,1772
21193,7856,9972,2005,9935,1772
21194,8902,9972,1576,9935,1772
21195,8902,9972,1576,9935,6
21196,7856,1478,1576,9935,8548
21197,7856,1478,1294,9935,8548
21198,7856,9493,1576,9935,8548
21199,8902,1478,7093,9935,1772
21200,8902,9972,1576,9935,7145
21201,7856,1478,1576,9935,1772
21202,7856,9972,1576,9935,1772
21203,7856,1478,1576,7591,8548
21204,7856,3253,1576,8302,7145
21205,8902,9972,317,3764,1772
21206,2383,9972,317,8008,884
21207,8902,9972,9436,8008,884
21208,8902,2463,1576,9935,7145
21209,7856,1478,1576,9935,8548
21210,7856,3253,5184,9935,7145
21211,8902,2390,1576,7591,8548
21212,7856,2390,4026,7591,8548
21213,8902,9972,1576,9935,1772
21214,8902,1478,1576,9935,1772
21215,8902,1478,7093,4573,6
21216,8902,1478,1576,9935,6
21217,8902,9972,1294,9935,1772
21218,8902,2390,1576,4985,1772
21219,8902,2390,1576,9935,7145
21220,7856,1478,1576,9935,9337
21221,7856,9566,1576,9935,663
21222,7856,2390,1576,9935,1772
21223,8902,9972,1576,9935,1772
21224,8902,9972,7093,9935,1772
21225,8902,9972,1294,9935,1772
21226,7856,1478,2005,9935,1772
21227,7856,2390,1576,7591,8548
21228,7856,9972,1576,7591,8548
21229,7856,1478,1576,9935,663
21230,7856,2390,1576,9935,7145
21231,7856,9566,4079,9935,7145
21232,7856,9566,1294,9935,1772
21233,7856,1478,1294,9935,8548
21234,8902,1478,7093,9935,6
21235,7856,1478,8779,664,1120
21236,7856,1478,7093,9935,1772
21237,7856,1478,8779,9935,3746
21238,2603,9972,9436,4573,6
21239,8902,9972,9436,4573,1516
21240,8902,9972,9436,8008,884
21241,8902,9972,1576,4573,6
21242,8902,9972,1576,9935,1772
21243,8902,9972,1576,4573,1772
21244,8902,9972,7093,9935,1772
21245,7856,1478,1576,9935,1772
21246,7856,9566,2005,9935,1772
21247,7856,1478,1576,9935,1772
21248,8902,2390,1576,9935,663
21249,8902,9972,7093,9935,4279
21250,7856,1478,1294,2195,3746
21251,7856,1478,8779,8302,1772
21252,8902,9566,7093,9935,1772
21253,8902,9972,1576,7591,6
21254,8902,9972,9436,4573,1772
21255,8902,9972,9436,4573,663
21256,7856,1478,1576,9935,7145
21257,7856,1478,240,7591,9443
21258,7856,5353,1576,9935,8548
21259,8902,9972,1576,9935,1772
21260,9811,666,2183,8433,1772
21261,8902,5348,240,8433,884
21262,7856,9493,1576,9935,7145
21263,7856,1478,1576,7591,8548
21264,7856,2390,1576,9935,1772
21265,8902,9972,1294,9935,6
21266,8902,2390,1576,4985,7145
21267,8902,1478,1576,9935,8548
21268,2383,666,9436,8008,884
21269,2383,9972,240,4573,884
21270,8902,9972,317,3670,1516
21271,7856,2390,1576,9935,7145
21272,8902,9972,1576,9935,1772
21273,7856,1478,1576,9935,7701
21274,8902,1478,1576,9935,1772
21275,7856,9566,1576,9935,1772
21276,7856,4714,9016,7591,7145
21277,8902,1478,1576,9935,884
21278,8902,9972,7093,9935,6
21279,8902,9972,7093,4573,6
21280,8902,9972,1294,9935,1772
21281,8902,9972,1576,9935,8548
21282,7856,1478,1576,9935,7145
21283,7856,9972,1294,9935,8548
21284,4237,9972,1294,702,1772
21285,8902,9972,1576,9935,663
21286,7856,1478,7093,9935,1772
21287,8902,9972,1576,4985,1772
21288,8902,9972,7093,9935,1772
21289,8902,9972,1576,9935,1772
21290,8902,9972,8779,9935,4279
21291,8902,9300,7851,9935,1772
21292,8902,9972,1576,9935,8548
21293,8902,7294,2005,9935,6
21294,8902,9972,7093,7591,6
21295,9811,666,240,9935,9222
21296,9811,666,240,1563,884
21297,2383,666,240,9935,884
21298,8902,9972,9436,4573,1516
21299,7856,1478,1319,4573,3746
21300,7856,1478,1319,1563,5177
21301,8902,9972,1576,9935,1772
21302,8902,9972,1576,9935,1772
21303,7856,1478,1576,9935,7145
21304,7856,1478,240,9935,7356
21305,7856,9972,1576,9935,1772
21306,7856,1478,1576,7591,1772
21307,8902,9972,1576,9935,1772
21308,7856,9972,1576,9935,8548
21309,8902,9972,1576,9935,7145
21310,7856,9972,1576,9935,1772
21311,8902,9972,1576,9935,1772
21312,8902,9972,1576,9935,1772
21313,9811,5348,240,7070,1772
21314,8902,9972,1319,4573,6041
21315,8902,1693,1319,7070,1772
21316,8902,9972,9436,4573,6438
21317,3890,9972,9436,4573,1772
21318,4237,9972,1319,4573,6438
21319,8902,9972,9436,4573,1772
21320,8902,9972,9016,9935,884
21321,8902,9972,1576,9935,663
21322,7856,9972,1576,7591,663
21323,7856,9972,1576,1879,7145
21324,8902,2390,7093,9935,1772
21325,8902,9566,1576,9935,1772
21326,7856,2390,1576,9935,8548
21327,8902,9972,1294,9935,8548
21328,8902,9972,7093,9935,1772
21329,7856,9972,1576,9935,1772
21330,8902,9972,1576,9935,5696
21331,7856,2390,1576,9935,8548
21332,8902,9972,1576,9935,1772
21333,8902,9972,1576,9935,1772
21334,8902,9972,1294,4573,6438
21335,3890,9972,9436,4573,884
21336,8902,9972,1576,9935,1772
21337,7856,1478,1576,9935,7145
21338,7856,9972,7093,9935,6964
21339,7856,1478,1576,7591,9959
21340,7856,9566,1576,9935,8548
21341,8902,9972,1576,4569,3660
21342,7856,1478,1576,9935,1772
21343,7856,1478,1576,9935,1772
21344,7856,1478,1576,9935,1772
21345,7856,9972,1576,9935,1772
21346,8902,9972,1576,9935,1772
21347,8902,9972,317,4573,3119
21348,8902,9972,1576,9935,1772
21349,8902,9972,1319,4573,3119
21350,8902,9972,1319,8008,884
21351,8902,9972,1319,4573,3119
21352,4237,1478,8779,9935,1772
21353,4237,1478,8779,4573,6
21354,4237,1478,8779,9935,8548
21355,8902,9972,9436,7206,884
21356,8902,9972,1294,3764,1772
21357,8902,9972,9436,8008,884
21358,8902,9972,1576,4985,663
21359,8902,9972,1576,9935,8548
21360,7407,4714,9016,7591,4202
21361,7856,9972,1294,7591,1772
21362,7856,9972,1576,7591,7145
21363,7407,9972,1576,7591,7145
21364,8902,9972,1576,7591,1772
21365,8902,5348,317,9935,7145
21366,8902,9972,1576,9935,1772
21367,7856,9566,1576,9935,1772
21368,7856,1478,1576,9935,1772
21369,8902,9972,7093,9935,1772
21370,8902,5348,2183,9935,1772
21371,8902,5353,1319,4573,3119
21372,8902,9972,1294,4573,3119
21373,7856,1478,2005,9935,1772
21374,7856,1478,2005,9935,1772
21375,7856,9972,1576,9935,9443
21376,8902,5353,9436,5330,884
21377,7807,1693,1319,4573,1542
21378,9811,666,240,1563,884
21379,8902,9972,9436,4573,1772
21380,8902,9972,317,8008,1772
21381,8902,9972,1576,478,6743
21382,8902,1478,2005,9935,1772
21383,7856,1478,2005,9935,1772
21384,7856,1478,1576,7591,3746
21385,8902,9972,9436,4573,6438
21386,8902,9972,1576,8433,884
21387,8902,5353,317,8008,6743
21388,7856,1478,1576,9935,8548
21389,7856,3253,3647,7591,7145
21390,7856,9566,1576,9935,7145
21391,8902,9972,317,8008,1772
21392,8902,9972,317,4573,1772
21393,7856,1478,317,1304,884
21394,8902,9566,1576,9935,8548
21395,8902,9972,1576,9935,1772
21396,8902,9972,1576,9935,8548
21397,8902,5353,1576,8433,1772
21398,8902,5353,317,8008,1772
21399,8902,5353,240,9233,1772
21400,8902,9972,1294,6892,1772
21401,7856,1478,8779,4573,998
21402,7856,9972,1319,4573,9840
21403,7856,3253,1576,7591,7145
21404,7856,1478,1576,9935,8548
21405,7856,4714,1576,7591,7145
21406,7856,1478,1576,9935,1772
21407,7856,9972,1576,7591,1772
21408,7856,1478,1576,7591,663
21409,7856,1478,1576,9935,1772
21410,7856,1478,240,9935,1772
21411,7856,9566,1576,9935,7145
21412,7856,1478,240,9801,5177
21413,7856,1478,240,2195,3746
21414,7856,1478,7093,9935,1772
21415,8902,9972,9436,4573,6
21416,8902,9972,1294,8433,884
21417,7856,1478,7093,4573,1772
21418,8902,9972,1576,9935,884
21419,2383,9972,1576,2195,3401
21420,8902,9972,1576,9935,1772
21421,7856,1478,1576,7591,8548
21422,7856,9972,1294,9935,8548
21423,8902,1478,1576,9935,8548
21424,8902,9972,317,9935,1772
21425,8902,9972,9436,9935,884
21426,8902,4714,1576,9935,663
21427,7856,9972,1294,4573,6
21428,7856,9972,1576,9935,1772
21429,7856,9972,1576,9935,1772
21430,7856,1478,1576,9935,8548
21431,7856,1478,1576,9935,1772
21432,7856,1478,1576,9935,1772
21433,7807,5353,317,8433,1772
21434,8902,9972,317,9935,1772
21435,8902,5353,317,4827,1772
21436,7856,9972,1576,7591,7145
21437,7856,9972,1576,7591,1772
21438,7856,1478,1576,9935,8548
21439,7856,9972,9436,7591,884
21440,7856,1478,1576,7591,8548
21441,7856,9972,1576,7591,8548
21442,8902,1478,1294,9935,8548
21443,4237,1478,1294,702,1772
21444,7856,1478,1294,9935,1772
21445,7856,9566,1576,9935,663
21446,8902,9972,7093,8569,6
21447,7856,2390,1576,7591,884
21448,4237,9972,9436,4573,1772
21449,8902,1478,1319,9935,1772
21450,8902,9972,9436,4573,6992
21451,7856,1478,240,2195,884
21452,8902,2390,9016,9935,2422
21453,7856,1478,1576,7591,3401
21454,7856,9972,7093,9935,1772
21455,8902,9972,9016,3764,6743
21456,8902,1478,7093,9935,1772
21457,8902,1478,7093,9935,1772
21458,4237,9972,7093,9935,6
21459,7856,1478,7093,9935,8548
21460,7856,1478,1576,7591,7145
21461,7856,1478,9436,4573,884
21462,7856,1478,1576,9935,1772
21463,2603,9972,9436,1632,6438
21464,3890,9972,9436,8008,884
21465,3890,9972,9436,4573,6438
21466,8902,9972,1294,3670,1772
21467,8902,1693,1319,7070,9840
21468,7856,9972,1319,8008,1772
21469,7807,5348,1319,7616,9222
21470,8902,5353,1319,6892,6992
21471,7807,666,1319,7616,9222
21472,7856,1478,1576,9935,1772
21473,8902,9972,1576,9935,8548
21474,8902,9972,1576,9935,8548
21475,4237,1478,7093,4573,6
21476,7856,9972,1576,7591,9959
21477,8902,9972,7093,4573,1772
21478,7856,2390,1576,9935,8548
21479,8902,9972,1576,5046,1772
21480,8902,1478,317,4573,1772
21481,7856,9972,1294,9935,1772
21482,7856,9566,1576,7591,8548
21483,7856,9972,1576,9935,1772
21484,8902,1478,2005,9935,663
21485,8902,9972,1294,9935,6
21486,7856,1478,1576,9935,8548
21487,7856,1478,7093,4573,6
21488,7856,9972,1576,4573,1772
21489,8902,1478,7093,9935,1772
21490,8902,9972,317,4573,1772
21491,7856,1478,7093,9935,7284
21492,8902,9972,1576,9935,1772
21493,8902,9972,1294,9935,1772
21494,7856,1478,240,2195,3401
21495,7856,1478,8779,9935,1772
21496,7856,1478,1576,2195,3746
21497,7856,1478,1576,4777,3746
21498,7856,1478,240,2195,3746
21499,7856,1478,1576,7591,884
21500,8902,9972,1294,9935,1772
21501,7856,1478,1576,7591,1772
21502,7856,9972,1576,7591,3119
21503,8902,9972,1576,9935,8548
21504,8902,9972,1576,9935,1772
21505,7856,9972,7093,4573,1516
21506,9811,75,1319,8008,1772
21507,7856,9972,1576,7591,1516
21508,8902,9972,1576,9935,1772
21509,7856,2390,7093,9935,1772
21510,8902,9972,1576,9935,1772
21511,8902,2390,9016,9743,884
21512,8902,2390,317,9935,1772
21513,8902,2390,9016,4731,884
21514,7856,9972,1576,9935,7957
21515,7856,9972,1576,9935,1772
21516,7856,9972,1576,9935,1772
21517,7856,9566,1576,9935,7145
21518,8902,1478,7093,9935,1772
21519,7856,6429,1576,7591,7145
21520,7856,9972,1576,4777,1772
21521,8902,1478,1576,9935,1772
21522,7856,1478,240,1864,5177
21523,7856,1478,7093,4573,6
21524,8902,9972,317,9935,884
21525,7856,1478,7093,9935,1772
21526,7856,1478,1294,9935,1772
21527,7856,9972,317,9935,1772
21528,8902,9972,6713,9935,1772
21529,3474,1478,1319,4573,4611
21530,7856,1478,8779,4573,3746
21531,4237,1478,240,1733,2462
21532,8902,1478,1576,9935,1772
21533,7856,1478,1576,9935,8548
21534,7856,1478,8779,7591,8548
21535,7856,9972,1576,7591,7145
21536,8902,9972,7093,4573,6
21537,7856,9972,7093,7591,9959
21538,7856,9493,5184,9935,7145
21539,8902,9493,1576,9935,7145
21540,8902,6429,9016,9935,7145
21541,8902,9972,8779,7039,6992
21542,3890,9972,1319,4573,1772
21543,8902,9972,6713,4573,1772
21544,7807,1693,2183,4573,9222
21545,7807,5348,240,4119,1772
21546,8902,5348,7205,9935,1772
21547,7856,3253,240,8302,7145
21548,7856,1478,1576,7591,3746
21549,7856,1478,240,8302,1772
21550,8902,9972,1576,9935,7145
21551,8902,9972,7093,9935,1772
21552,8902,2390,1576,9935,1772
21553,8902,2390,1294,9935,1772
21554,7407,4714,1576,7591,5885
21555,8902,9972,9436,9935,1772
21556,2383,9972,1319,4573,884
21557,3890,9972,9436,8008,884
21558,8902,5353,317,9935,884
21559,7856,1478,240,2195,3401
21560,8902,1478,1294,9935,8784
21561,7856,1478,240,1563,7356
21562,8902,9972,1576,1864,6992
21563,8902,9972,8779,4573,1772
21564,8902,9972,1576,9743,884
21565,7856,1478,8779,9935,1772
21566,7856,1478,7093,4573,1772
21567,7856,1478,1576,2195,8784
21568,7856,9972,7093,7591,1772
21569,7856,9972,1576,7591,7957
21570,7856,1478,1576,9935,8548
21571,8902,2463,1319,9935,3119
21572,8902,9972,317,4573,3119
21573,8902,2463,317,7616,9222
21574,8902,9972,1319,4573,3119
21575,8902,9972,1294,9935,1772
21576,3890,9972,317,4573,3119
21577,8902,9972,1576,9935,663
21578,8902,9972,1576,3764,1772
21579,4237,9972,7093,4573,6
21580,8902,9972,1294,702,1772
21581,7856,9972,1576,7591,3660
21582,8902,2463,8779,9935,7701
21583,7856,1478,240,7591,7356
21584,8902,1478,7093,9935,1772
21585,7856,1478,2005,9935,7356
21586,8902,1478,1576,9935,1772
21587,8902,9972,7093,9935,663
21588,8902,9972,1576,9935,1772
21589,5525,4714,2705,9935,7701
21590,7856,1478,1576,9935,1772
21591,7856,1478,1576,9935,8548
21592,8902,9972,9016,9935,6743
21593,7856,9972,1576,9935,1772
21594,7856,9972,9436,4573,1772
21595,7856,1478,1576,5046,663
21596,8902,9972,1576,7591,8548
21597,7856,1478,9436,4573,6
21598,7856,1478,1294,702,1772
21599,8902,9972,1576,9935,6
21600,4237,1478,1294,9935,8548
21601,8902,9972,9436,4573,6743
21602,8902,9972,1576,4569,884
21603,7856,2390,1576,9935,7145
21604,7856,1478,4026,7591,8541
21605,7856,1478,4026,7591,8548
21606,7856,3253,1576,9935,8548
21607,8902,2463,1576,9935,8548
21608,7856,1478,1576,9935,1772
21609,7856,1478,7093,9935,7284
21610,8902,9972,1294,9935,1772
21611,8902,2463,317,9935,7284
21612,8902,1478,7093,9935,1772
21613,8902,9972,7093,9935,1772
21614,8902,1478,1294,9935,1772
21615,7856,1478,1576,9935,1772
21616,8902,9972,9436,4669,1772
21617,7856,1478,1294,9935,3746
21618,7856,9972,1576,7591,3746
21619,8902,9972,317,9935,1772
21620,8902,9972,8779,9935,1772
21621,7856,1478,8779,4573,3746
21622,3890,9972,9436,4573,1516
21623,2383,5353,9436,8008,884
21624,7807,9972,9436,1632,884
21625,8902,9972,1576,4985,884
21626,8902,9972,9436,4573,1772
21627,8902,9972,1576,9935,1772
21628,7856,2390,7093,9935,2422
21629,8902,9972,1576,9935,1772
21630,7856,2390,1576,7591,2422
21631,8902,9972,9436,9935,884
21632,8902,9972,317,9935,1772
21633,8902,9972,317,9935,3119
21634,7856,9972,8779,9935,1772
21635,8902,1478,7093,9935,1772
21636,7856,4714,1576,9935,7145
21637,7856,1478,1294,8433,7145
21638,7856,1478,1576,9935,1772
21639,7856,1478,3647,9935,9337
21640,8902,9972,7093,9935,1772
21641,8902,9972,7093,9935,1772
21642,8902,9972,1294,9935,663
21643,4237,9972,8779,4573,3746
21644,7856,9972,1294,9935,1772
21645,7856,1478,1294,2195,8548
21646,8902,9972,1576,9935,8548
21647,8902,1478,7093,9935,3746
21648,7856,9972,1576,9935,1772
21649,7856,1478,1576,8302,1772
21650,7856,1478,1576,9935,1772
21651,7856,1478,1576,8302,7145
21652,7856,1478,1576,7591,884
21653,7856,5348,7093,9935,7145
21654,7856,1478,1576,9935,1772
21655,7856,1478,1576,9935,8548
21656,8902,1478,7093,9935,8548
21657,7856,1478,3357,1563,7356
21658,7856,1478,1576,7591,3746
21659,7856,1478,1576,7591,3746
21660,7856,1478,8779,7591,3746
21661,8902,9972,1576,9935,1772
21662,8902,9972,1319,4573,3119
21663,7807,5353,9436,3178,6992
21664,3890,5353,9436,5046,4101
21665,2383,75,240,7039,884
21666,2383,5353,9044,8433,884
21667,8902,9972,1319,9935,884
21668,8902,2463,1576,9935,884
21669,7856,4714,1576,7591,1772
21670,7856,3229,1576,7591,7356
21671,7856,1478,1576,9935,8548
21672,7856,2390,1576,9935,7145
21673,8902,9972,9436,4573,1772
21674,8902,9972,1319,4573,7284
21675,8902,9972,9436,9935,1772
21676,3890,9972,317,4573,1516
21677,8902,5348,1319,6892,1772
21678,8902,9972,317,7616,1516
21679,8902,9566,1576,9935,8548
21680,8902,9972,1294,9935,7145
21681,7856,1478,1576,7591,7145
21682,8902,9972,9939,4669,1772
21683,8902,9972,9436,951,6438
21684,8902,9972,9436,1862,6438
21685,7856,4714,1576,7591,884
21686,7856,1478,240,9935,8548
21687,7856,1478,240,7591,8541
21688,8902,9972,9436,9935,6
21689,8902,9972,1576,9935,1772
21690,8902,9972,1576,9935,3660
21691,8902,9972,1294,9935,1772
21692,8902,1478,1294,8433,1772
21693,8902,9972,1294,9935,8548
21694,8902,5353,240,8008,7145
21695,3890,9972,1294,9935,884
21696,8902,2390,706,4827,884
21697,7856,1478,1576,9935,1772
21698,7856,1478,1576,9935,8548
21699,7856,1478,1576,7591,8548
21700,7856,1478,1576,7591,8548
21701,8902,9972,1294,7591,8548
21702,8902,2390,1576,9935,8548
21703,8902,9972,7093,9935,1772
21704,7856,2390,1576,9935,1772
21705,8902,1478,4079,9935,1772
21706,7856,1478,7093,9935,1772
21707,8902,9972,1576,9935,1772
21708,7856,1478,240,7591,3746
21709,8902,9972,1576,9935,8548
21710,8902,9972,1576,9935,663
21711,8902,9972,2005,9935,8548
21712,8902,9972,1576,9935,1772
21713,8902,9972,317,4573,1516
21714,8902,9972,317,9935,1772
21715,7856,9972,7093,7591,1772
21716,7856,1478,7093,4573,9331
21717,7856,1478,1576,7807,7356
21718,7856,1478,1319,9935,8548
21719,7856,2463,1576,9935,9337
21720,7856,9972,1576,7591,8548
21721,8902,9493,1576,8433,884
21722,8902,5348,1319,4573,3119
21723,2383,9972,9436,4573,4101
21724,8902,9972,1576,9935,6
21725,7856,1478,1294,9935,1772
21726,7856,1478,1576,9935,8548
21727,7856,2390,4079,9935,7145
21728,7856,1478,1576,7591,7145
21729,7407,4714,1576,7591,663
21730,7856,1478,1576,9935,8548
21731,7856,1478,1576,7591,8548
21732,7856,9972,1576,9935,8548
21733,8902,9972,9436,9935,884
21734,8902,2390,1576,9935,663
21735,8902,1478,2005,9935,8548
21736,8902,9972,9016,4985,6743
21737,8902,9972,9016,9935,3660
21738,7407,3229,9016,9743,6222
21739,7856,1478,1576,9935,1772
21740,7856,9972,1576,7591,3746
21741,7856,9972,8779,7591,7145
21742,8902,1478,1294,9935,1772
21743,8902,1693,1294,3670,8784
21744,8902,666,240,7039,884
21745,8902,1478,1576,9935,8548
21746,8902,1478,1576,9935,663
21747,7856,1478,1576,9935,6
21748,7856,1478,1294,9935,1772
21749,7856,1478,1576,7591,884
21750,7856,1478,8779,7591,3746
21751,8902,9972,1576,9935,6
21752,8902,9972,1294,9935,6
21753,8902,9972,1576,9935,6
21754,7856,1478,1576,7591,3746
21755,7856,9972,1576,7591,8548
21756,8902,9972,9436,4573,1772
21757,7856,9972,1576,9935,1772
21758,8902,9972,7093,9935,1772
21759,8902,9972,9016,9935,5260
21760,4237,9972,7093,4573,1772
21761,7856,1478,240,1563,7356
21762,7856,1478,3357,1864,1449
21763,7856,1478,1576,9935,8548
21764,7856,1478,1576,9935,9337
21765,7856,9972,1576,9935,8548
21766,3890,9972,1319,4573,884
21767,3890,9972,9436,4573,6438
21768,8902,9972,9436,4573,1516
21769,8902,5348,317,4573,7284
21770,7807,9972,9436,4573,6438
21771,8902,9972,9436,3670,884
21772,4237,9972,8779,4573,998
21773,7856,1478,1576,9935,1772
21774,8902,9972,1294,9935,8548
21775,8902,9972,1576,9935,1772
21776,8902,9972,1576,4985,6
21777,7407,9972,8815,9935,1772
21778,7856,9566,1576,9935,8548
21779,7856,1478,1576,9935,1772
21780,7856,4714,1576,7591,884
21781,8902,9566,7093,9935,7701
21782,7856,9566,2005,9935,1772
21783,7407,9566,1576,9935,1772
21784,7407,9972,3735,9935,8341
21785,8902,9972,1576,4985,8341
21786,8902,9972,1576,9935,8548
21787,8902,4714,5184,8433,7821
21788,7856,1478,1576,9935,8548
21789,8902,9972,9436,4731,884
21790,7856,1478,1576,9935,1772
21791,8902,9972,9436,4573,1772
21792,7856,1478,2005,9935,1772
21793,8902,9972,317,8008,6743
21794,8902,9972,9436,4573,2633
21795,8902,9972,1576,4573,1772
21796,8902,9972,1576,1592,663
21797,8902,9972,9436,4573,1772
21798,8902,1478,1576,9935,7145
21799,8902,5348,1319,4573,9840
21800,8902,2463,317,9935,1772
21801,8902,5348,1294,9935,1772
21802,7856,9972,1294,9935,1772
21803,7856,9972,1294,9935,1772
21804,7856,1478,7093,9935,1772
21805,7856,1478,8854,7591,7145
21806,7856,1478,1576,7591,8548
21807,7856,1478,1576,7591,7145
21808,7856,1478,240,3945,8604
21809,7856,1478,1576,8302,7145
21810,7856,1478,240,2195,3746
21811,8902,1478,4079,8302,1772
21812,8902,1478,7093,4573,9331
21813,7856,1478,8779,4777,1772
21814,9811,5348,240,7039,1772
21815,8902,1693,240,6892,6992
21816,8902,1693,1294,4573,1772
21817,7856,9972,1294,7591,8548
21818,8902,9972,1576,9935,884
21819,7856,1478,1576,9935,1772
21820,7856,1478,1319,4777,1772
21821,7856,3253,3647,9935,9443
21822,7856,9566,1576,9935,8548
21823,7856,1478,1294,9935,1772
21824,7856,1478,240,8302,9443
21825,7856,1478,8779,4573,1772
21826,7856,1478,1319,4573,5177
21827,7856,1478,2005,9935,1772
21828,7856,1478,240,9935,8548
21829,7856,9493,1576,9935,8548
21830,7856,9493,1576,9935,7145
21831,7856,1478,1576,9935,7145
21832,8902,9972,9436,4573,1772
21833,8902,9972,9436,4573,1772
21834,8902,5348,317,9233,1772
21835,8902,5353,1319,8008,1772
21836,8902,9972,1319,4573,1772
21837,8902,9972,1319,4573,1772
21838,8902,9972,1576,9935,8548
21839,7856,9972,1576,9935,663
21840,8902,9972,7093,9935,1772
21841,7856,1478,2005,9935,8548
21842,8902,1478,1294,9935,1772
21843,8902,1478,1576,9935,1772
21844,7856,9972,7093,9935,1772
21845,7856,9972,7093,9935,1772
21846,8902,9972,1576,9935,6
21847,7856,9493,1576,2195,7145
21848,7856,9972,7093,9935,1772
21849,7856,9972,1576,7591,1772
21850,8902,9972,317,7591,1772
21851,8902,2390,7093,9935,2422
21852,8902,9972,1576,9935,7701
21853,8902,9972,9436,9935,1772
21854,8902,9972,1576,9935,1772
21855,8902,1478,7093,9935,1772
21856,8902,9972,317,9935,1772
21857,8902,9972,9016,9935,1516
21858,8902,9972,9436,4573,1516
21859,8902,2390,1576,4985,6901
21860,7856,1478,1576,9935,1772
21861,8902,9972,1294,9935,884
21862,8902,1478,1576,7591,7145
21863,8902,9972,1576,9935,1772
21864,8902,2390,7093,9935,2422
21865,8902,9972,7093,4573,6
21866,8902,9972,1576,9935,6
21867,8902,9972,1294,9935,6743
21868,8902,9566,1576,9935,4279
21869,7856,9972,1576,9935,8548
21870,8902,2390,1576,9935,663
21871,8902,1478,1576,9935,1772
21872,7856,1478,8779,2195,998
21873,8902,1478,1576,9935,1772
21874,2383,9972,1319,4573,1772
21875,8902,9972,317,4573,1772
21876,8902,1478,7093,4573,6
21877,8902,9972,1576,7591,3660
21878,8902,9972,9436,9935,1772
21879,8902,9972,1576,4985,7145
21880,7856,2390,1576,9935,1772
21881,8902,9972,1576,9935,663
21882,7856,9972,1576,9935,8548
21883,7856,1478,1294,9935,1772
21884,7856,9972,1576,9935,8548
21885,7856,1478,7093,9935,1772
21886,7856,4714,1576,7591,7145
21887,7856,9972,1294,9935,1772
21888,7856,9972,1294,9935,1772
21889,2383,6960,2183,4573,884
21890,8902,5353,1294,3670,1772
21891,9811,666,240,4573,1516
21892,8902,6429,9016,9935,884
21893,8902,4714,1576,4985,7821
21894,7856,4714,1576,9935,7145
21895,8902,9972,1576,9935,1772
21896,8902,9972,1576,9935,1772
21897,8902,9566,1576,9935,663
21898,7856,1478,240,2195,3401
21899,7856,1478,240,7591,9443
21900,7856,1478,240,2195,3401
21901,4237,1478,6713,4573,1772
21902,7856,9972,1576,9935,7145
21903,8902,9972,6713,9935,1772
21904,8902,9972,1576,9935,1772
21905,7856,9972,1576,9935,1772
21906,8902,9972,1294,4985,1772
21907,3890,9972,9436,4573,884
21908,2383,5353,9016,478,6743
21909,3890,9972,9016,4827,884
21910,8902,1478,1294,9935,8548
21911,7856,9972,1576,7591,1772
21912,7856,9972,1576,7591,663
21913,3890,9972,9436,4573,1772
21914,8902,9972,9436,9935,1772
21915,3890,9972,9436,4827,884
21916,8902,5353,1294,9935,1772
21917,7807,6960,6713,4573,1772
21918,8902,9972,317,4573,1772
21919,7856,1478,2005,9935,8548
21920,7856,75,240,8302,9443
21921,7856,9493,240,9935,1449
21922,7856,3253,1576,7591,8548
21923,8902,9972,1294,9935,8548
21924,7856,1478,4026,7688,7356
21925,7856,9493,240,9935,9337
21926,7856,1478,1576,9935,8548
21927,7856,1478,7093,9935,1772
21928,3890,9972,9436,4573,6438
21929,3890,9972,9436,4573,1772
21930,8902,9972,9436,4573,884
21931,7856,9972,1576,7591,1772
21932,7856,1478,8779,7591,8548
21933,8902,9972,7093,7591,1772
21934,7856,1478,8779,4573,3746
21935,4237,1478,8779,702,1772
21936,7856,1478,3357,1864,7356
21937,7856,1478,1576,7591,7145
21938,7856,3253,240,7591,9443
21939,7856,9493,240,7591,8548
21940,7856,9972,1294,9935,8548
21941,7856,1478,1294,4777,1772
21942,8902,9972,1576,7591,6
21943,8902,9972,1319,4573,3119
21944,8902,5353,1319,4573,9840
21945,8902,9972,9436,3670,884
21946,7856,1478,1294,7591,8548
21947,7856,1478,1294,7591,1772
21948,7856,1478,1294,2195,3746
21949,7856,1478,240,7039,9443
21950,7856,1478,1319,9801,5177
21951,7856,75,240,1563,9443
21952,8902,9972,9436,8008,884
21953,8902,9972,240,3670,884
21954,8902,9972,1294,7039,2462
21955,2383,9972,1319,4573,884
21956,8902,9972,9436,4573,6438
21957,2603,9972,9436,4573,6438
21958,8902,9972,1576,9935,1772
21959,7856,9566,1576,9935,1772
21960,7856,9566,1576,9935,1772
21961,7856,9972,7093,7591,1772
21962,8902,9972,9436,4573,6
21963,8902,9972,317,7591,1772
21964,8902,9972,9436,9935,884
21965,8902,9972,8815,9935,2422
21966,8902,9972,9436,4573,2633
21967,2383,5353,9436,8008,884
21968,2383,666,9436,4573,884
21969,8902,1478,1576,9935,663
21970,8902,1478,1319,8008,1772
21971,8902,9972,1319,4573,1772
21972,8902,9972,1319,4573,1772
21973,7856,1478,240,7591,3746
21974,7856,1478,240,7591,884
21975,7856,1478,240,1563,9443
21976,8902,9972,9436,4573,6438
21977,8902,9972,9436,8433,884
21978,2383,9972,9436,4573,6041
21979,7856,4714,1576,7591,884
21980,7856,1478,2005,9935,9337
21981,7856,1478,1576,2195,663
21982,7856,1478,1576,7591,9443
21983,8902,1478,2005,9935,1772
21984,7856,1478,1576,9935,8548
21985,4237,9972,8779,702,1772
21986,4237,1478,3661,9935,1772
21987,7856,7294,1294,9935,8548
21988,8902,9972,9436,4573,1516
21989,8902,9972,317,4573,6
21990,8902,9972,8779,4573,1772
21991,7856,9493,1576,9935,7145
21992,8902,9493,1576,9935,7145
21993,7856,9493,8854,9935,1895
21994,8902,9972,1576,9935,6
21995,8902,9972,7093,4573,6
21996,3890,9972,9436,8008,884
21997,2383,9493,1576,8433,884
21998,8902,9972,1294,2195,3401
21999,2383,9972,9044,2195,884
22000,7856,1478,1576,9935,8548
22001,7856,1478,1576,2195,8548
22002,7856,1478,7093,9935,1772
22003,8902,9972,1576,9935,1772
22004,8902,9972,1576,9935,1772
22005,8902,9972,1576,9935,5260
22006,7856,1478,1576,9935,8548
22007,7856,9972,1576,9935,1772
22008,8902,9972,1576,9935,663
22009,7856,9566,2005,9935,7145
22010,8902,1478,2005,9935,7145
22011,7856,9972,1576,9935,7145
22012,7856,1478,2005,9935,8548
22013,8902,1478,2005,9935,1772
22014,8902,1478,1576,9935,1772
22015,8902,9972,9436,4573,6438
22016,8902,9972,9436,4573,1772
22017,3890,9972,9436,4573,1516
22018,8902,9972,9436,8008,1772
22019,8902,9972,9436,4573,6438
22020,8902,5353,317,6892,1772
22021,7856,1478,1294,7591,8548
22022,7856,1478,8779,2195,3746
22023,8902,1478,7093,9935,1772
22024,8902,1478,1319,4573,3119
22025,8902,1478,7093,4573,1772
22026,8902,1478,7093,8008,884
22027,8902,9972,7093,4573,1772
22028,8902,9972,317,9935,1772
22029,8902,9972,317,4573,1516
22030,8902,6960,1319,4573,9840
22031,8902,9972,9436,1632,3119
22032,8902,9972,317,7206,1772
22033,8902,9972,8779,4573,1772
22034,8902,9972,7093,9935,6
22035,7856,9972,1294,7591,6
22036,8902,9972,1294,9935,8548
22037,8902,9972,1576,9935,1772
22038,7856,2390,1576,7591,884
22039,8902,9972,1576,4573,663
22040,8902,9972,1294,9935,663
22041,8902,9972,1576,9935,663
22042,8902,9972,1319,9935,1516
22043,8902,9972,1319,4573,6438
22044,8902,9972,1294,6892,1772
22045,3890,9972,9436,4573,9840
22046,8902,9972,1576,9935,7145
22047,8902,9972,9436,8008,884
22048,8902,4714,1576,7591,884
22049,7856,1478,7093,9935,1772
22050,8902,9972,1576,9935,1772
22051,7856,1478,1576,9935,1772
22052,8902,2463,1576,9935,9337
22053,8902,1478,2005,9935,9337
22054,7856,2390,1576,9935,884
22055,8902,9972,1576,9935,663
22056,7856,9566,1576,9935,8548
22057,7856,3253,4026,7591,7356
22058,7856,75,240,2195,7145
22059,7856,1478,240,7591,3746
22060,9811,666,1319,4573,6041
22061,9811,666,240,1563,477
22062,9811,5348,240,9935,7284
22063,8902,9972,7093,9935,1772
22064,7856,1478,2005,9935,1772
22065,4237,1478,1319,4573,1772
22066,8902,9972,7093,9935,1772
22067,7856,1478,1319,4573,3746
22068,7856,1478,1576,7591,6
22069,8902,9972,7093,7591,7145
22070,7856,4714,1576,9935,9337
22071,8902,9972,1576,9935,1772
22072,8902,9972,317,9935,1772
22073,7856,9972,1576,9935,1772
22074,8902,9972,1576,9935,1772
22075,7856,7294,1576,9935,8548
22076,7856,1478,8779,7591,3746
22077,8902,1478,7093,9935,1772
22078,7856,1478,4079,7591,7145
22079,8902,1478,4079,9935,7145
22080,7856,1478,7093,3945,884
22081,8902,9972,317,9935,1772
22082,8902,1478,1576,9935,663
22083,7856,4714,4026,7591,7821
22084,7856,1478,240,7591,8541
22085,7856,1478,240,2195,884
22086,7856,1478,240,7591,8548
22087,8902,9972,1294,4573,3119
22088,8902,2390,7093,9935,884
22089,8902,9972,9436,4573,1772
22090,8902,9972,9436,5046,884
22091,8902,5353,9436,4573,884
22092,9811,666,1319,4573,884
22093,8902,2463,9436,8433,1772
22094,2383,9972,9436,8433,6438
22095,8902,9972,7093,9935,1772
22096,7856,1478,8779,9935,1772
22097,7856,1478,1319,4573,6
22098,7856,1478,4826,7807,7356
22099,7856,1478,240,1563,7284
22100,7856,1478,240,1563,5177
22101,7856,1478,240,1864,5177
22102,7856,1478,1576,9935,663
22103,7856,9972,1294,9935,1772
22104,7856,1478,8779,9935,1772
22105,8902,9972,1576,9935,1772
22106,7856,1478,1576,9935,8548
22107,8902,2463,1576,9935,1772
22108,7856,1478,317,4573,1516
22109,8902,9972,9436,4573,1772
22110,8902,9972,317,9935,1516
22111,8902,9972,9436,5046,1772
22112,8902,5353,317,8008,1772
22113,8902,9972,317,4573,7284
22114,3890,9972,9436,4573,1516
22115,2383,9972,9436,3670,884
22116,8902,9972,9436,3670,884
22117,8902,9972,7093,9935,2422
22118,8902,9972,7093,4573,6
22119,8902,9972,7093,4573,1772
22120,8902,1478,3661,4573,1772
22121,8902,5353,240,8433,884
22122,8902,1478,8779,9935,1772
22123,8902,9972,1576,4573,3660
22124,8902,9972,1576,9935,1772
22125,8902,9972,1576,7591,8548
22126,7856,9972,1576,9935,663
22127,8902,9972,1576,9935,663
22128,8902,9566,1576,9935,8548
22129,8902,9972,1319,4573,1772
22130,8902,9972,1319,4573,1772
22131,8902,9972,1319,4573,9840
22132,8902,9972,317,9935,3119
22133,8902,1478,7093,4573,1772
22134,8902,9972,7093,4573,1772
22135,7856,9972,1576,9935,1772
22136,7856,1478,1294,268,1772
22137,7856,9972,1576,7591,8548
22138,7856,1478,1576,9935,8548
22139,7856,9493,1576,9935,663
22140,7856,5348,240,9935,8548
22141,7856,9972,1576,7591,8548
22142,7856,1478,1576,9935,1772
22143,7856,1478,1576,7591,884
22144,4237,9972,7093,4573,1772
22145,7856,1478,7093,4573,1772
22146,7856,1478,1576,9935,3746
22147,7856,1478,1294,9935,1772
22148,7856,1478,8779,4573,1772
22149,7856,1478,1319,4573,6
22150,7856,1478,1576,9935,884
22151,8902,1478,1294,9935,1772
22152,7856,1478,7093,4573,1772
22153,8902,9566,1576,9935,8548
22154,8902,9972,1294,9935,4258
22155,7856,9972,1576,9935,8341
22156,7856,1478,1294,2195,3746
22157,7856,9972,8779,7591,3746
22158,7856,1478,240,8302,1772
22159,8902,9972,9436,2900,1772
22160,8902,9972,9436,4669,1772
22161,8902,9972,9436,9935,1772
22162,8902,9972,1294,9935,8548
22163,8902,9972,1294,1879,663
22164,8902,2390,1576,1592,7821
22165,7856,3253,240,2195,9443
22166,7856,1478,4026,2195,7356
22167,7856,1478,240,2195,5177
22168,8902,1478,2005,9935,8548
22169,8902,1478,2005,9935,1772
22170,8902,1478,1294,9935,1772
22171,7856,9566,2005,9935,1772
22172,8902,1478,1576,9935,1772
22173,7856,4714,1576,7591,7145
22174,7856,1478,317,9935,7284
22175,8902,9972,7093,4573,1772
22176,7856,1478,1576,9935,1772
22177,8902,9972,1319,4573,4611
22178,8902,9972,1294,9935,1516
22179,8902,9972,1576,7591,1772
22180,2383,2390,9016,4827,884
22181,8902,9972,1576,9935,1772
22182,7856,1478,8779,9935,1772
22183,7856,2390,1576,9935,8548
22184,8902,2390,9016,4827,884
22185,8902,9972,1576,9935,8548
22186,7856,1478,1576,9935,1772
22187,7856,1478,1576,9935,8548
22188,8902,1478,7093,9935,1772
22189,8902,1478,3661,9935,1772
22190,8902,75,1319,8008,1772
22191,8902,9972,6713,9935,1772
22192,7807,9972,9436,3670,884
22193,3890,9972,9016,3764,884
22194,3890,9972,9436,2969,3119
22195,8902,9972,1576,9935,8784
22196,7856,2390,1576,9935,1772
22197,8902,1478,1576,5046,1772
22198,8902,9972,6713,4573,1772
22199,8902,9972,8779,9935,1772
22200,8902,9972,1576,9935,1772
22201,7856,1478,1576,7591,1772
22202,8902,9972,7093,9935,1772
22203,7856,9972,1576,7591,7145
22204,7856,1478,9436,4573,3746
22205,8902,9972,9436,4573,1516
22206,7856,9972,9436,4573,6438
22207,7856,1478,240,1563,998
22208,7856,1478,1576,9935,1772
22209,7856,1478,1576,7591,884
22210,8902,9972,317,4573,3119
22211,8902,9972,317,9935,3119
22212,8902,9972,9436,4573,6438
22213,8902,9972,9436,4573,884
22214,8902,9972,1576,9935,6
22215,2383,9972,317,9935,884
22216,7856,2390,1576,9743,5885
22217,8902,1478,7093,4573,1772
22218,8902,9972,6713,4573,6
22219,8902,9972,9016,9935,7145
22220,7856,9566,1576,7591,8548
22221,7407,4714,1576,4985,7826
22222,7856,1478,1294,9935,1772
22223,8902,9972,1576,9935,8548
22224,8902,9972,1576,9935,8548
22225,7856,1478,1319,8008,4611
22226,8902,9972,240,7039,884
22227,8902,2463,317,9935,1772
22228,7856,4714,1576,9935,663
22229,8902,1478,1576,7591,8548
22230,7856,1478,2005,9935,1772
22231,8902,9972,9436,8008,884
22232,8902,9972,317,9935,3119
22233,8902,9972,1319,4573,3119
22234,8902,9972,8815,9935,6813
22235,7856,9566,2005,9935,5260
22236,8902,9972,1576,9935,8548
22237,8902,5353,1576,8433,884
22238,8902,9972,1294,3670,8784
22239,8902,2390,1294,4985,7145
22240,3890,9972,1294,9743,3401
22241,8902,9972,8779,7039,6992
22242,8902,9972,9016,9935,1772
22243,7856,9972,1576,7591,7145
22244,7856,1478,1576,9935,8548
22245,7856,1478,7093,4573,6
22246,7856,1478,1576,9935,8548
22247,7856,2390,1576,9935,7145
22248,7856,4714,1576,9935,7145
22249,7856,1478,2005,9935,1772
22250,8902,9972,7093,4573,6
22251,7856,1478,7093,9935,8548
22252,7856,1478,1294,9935,1772
22253,8902,9972,8779,9935,8548
22254,7856,1478,1294,2195,1772
22255,8902,9972,1294,9935,8548
22256,8902,9972,1576,9935,1772
22257,7856,9972,1576,9935,1772
22258,8902,9972,317,4573,1772
22259,3890,9972,9436,8008,884
22260,8902,9972,9436,4827,1772
22261,7407,9972,9016,4985,6992
22262,7856,9972,1576,9743,7145
22263,8902,9972,1576,9743,1772
22264,8902,2390,1576,7591,7145
22265,7856,2390,7093,9935,3660
22266,7856,1478,1576,9935,1772
22267,7856,1478,1576,9935,8548
22268,7856,1478,1294,9935,1772
22269,7856,1478,1576,9935,1772
22270,8902,1478,7093,9935,1772
22271,8902,1478,240,4777,3746
22272,8902,9972,1576,9935,1772
22273,8902,9972,9436,4573,1772
22274,8902,9972,7093,9935,1772
22275,8902,5353,317,9935,1772
22276,8902,9972,1294,9935,8784
22277,8902,9972,1576,4777,7145
22278,8902,9972,1576,9935,1772
22279,8902,9972,1576,9935,1772
22280,7856,1478,1294,9935,1772
22281,8902,9972,7093,9935,663
22282,8902,1478,1319,4573,1772
22283,7856,1478,1319,4573,463
22284,8902,1478,7093,4573,1772
22285,8902,2463,317,9935,7284
22286,8902,9972,1576,9935,7145
22287,7856,9566,1576,9935,8548
22288,8902,9972,1319,4573,884
22289,8902,1693,240,1304,1772
22290,8902,9972,317,8008,884
22291,7856,75,240,8302,7145
22292,7856,1478,240,2195,5177
22293,7856,1478,1319,9801,3746
22294,7856,1478,1576,9935,8548
22295,7856,1478,1294,9935,8548
22296,7856,1478,4826,1563,8541
22297,8902,9972,1576,9935,1772
22298,7856,2390,1576,9935,8548
22299,7856,1478,1576,9935,1772
22300,8902,9972,1294,9935,1772
22301,8902,9972,1294,9935,1772
22302,8902,9972,9436,9935,884
22303,3890,9972,9436,4573,6438
22304,2603,2390,9436,4573,6438
22305,8902,9972,9436,8008,6438
22306,7856,1478,1576,7591,7145
22307,8902,9972,1576,9935,1772
22308,7856,1478,1576,9935,3746
22309,8902,9972,1576,9935,1772
22310,7856,1478,1576,9935,1772
22311,7856,3253,4079,7591,7145
22312,8902,9972,317,9935,6
22313,8902,9972,317,4573,1516
22314,8902,9972,317,4573,1516
22315,8902,9972,1576,9935,1772
22316,8902,9972,7093,9935,1772
22317,8902,6429,1576,9935,1772
22318,8902,9972,1576,9935,6
22319,7856,9972,1576,9935,1772
22320,8902,9972,1576,9935,2422
22321,8902,9972,6713,9935,1772
22322,8902,9972,7093,9935,1772
22323,8902,9972,1576,9935,1772
22324,8902,2390,9016,9935,7145
22325,8902,9972,8779,9935,1772
22326,8902,1478,7093,9935,1772
22327,8902,9972,1319,4573,1516
22328,2383,666,9044,9742,884
22329,3890,9972,9436,2969,884
22330,7856,1478,7093,9935,8548
22331,8902,9972,1576,9935,1772
22332,8902,2463,1294,9935,3119
22333,7856,9566,2005,9935,1772
22334,7856,9972,1294,9935,1772
22335,8902,9972,1576,9935,1772
22336,8902,9972,1294,9935,8548
22337,7856,1478,8779,2195,7356
22338,7856,1478,1576,7591,8548
22339,8902,9972,1319,4573,9840
22340,8902,9972,1294,6892,1772
22341,8902,1478,6713,4573,1772
22342,7856,1478,1576,9935,8548
22343,8902,9972,1576,9935,1772
22344,8902,1478,1576,9935,1772
22345,3890,9972,1294,3670,3216
22346,8902,9972,1294,9935,3216
22347,8902,9972,9436,284,3216
22348,8902,9972,317,6892,884
22349,3890,9972,317,4573,1516
22350,7807,5353,1319,6892,6441
22351,7856,1478,1294,9935,1772
22352,8902,9972,9436,4573,1772
22353,8902,9972,7093,9935,6
22354,3890,5353,9436,4827,884
22355,2383,9972,317,8008,884
22356,2383,9972,317,8008,884
22357,4237,9972,1576,9935,1772
22358,8902,9972,1294,9935,8548
22359,8902,2390,1576,7591,663
22360,3890,9972,9436,4573,6438
22361,8902,9972,9436,4573,1516
22362,3890,9972,9436,4573,1516
22363,3890,9972,9016,9743,884
22364,2383,9972,9436,8008,884
22365,8902,9972,9436,4573,884
22366,8902,9972,1294,4985,1772
22367,8902,9972,1576,9935,8548
22368,8902,9972,1576,9935,663
22369,8902,9972,1576,4573,1772
22370,8902,9972,9436,4573,1772
22371,8902,9972,317,4573,2633
22372,7856,1478,1576,9935,8548
22373,7856,1478,240,7591,884
22374,7856,3253,1576,7591,8548
22375,7856,2390,1576,9935,7145
22376,8902,1478,1576,9935,7145
22377,7856,9566,1576,9935,8548
22378,7856,1478,1576,1781,1772
22379,7856,1478,1576,7591,8548
22380,7856,9972,1576,7591,6
22381,8902,9972,9436,4573,6
22382,8902,1478,2005,9935,1772
22383,7856,9972,7093,9935,1772
22384,7856,9566,1576,9935,663
22385,8902,9972,1576,9935,663
22386,8902,9972,1576,9935,1772
22387,7856,4714,1576,9935,663
22388,7856,1478,7093,9935,9331
22389,7856,9493,1576,9935,9337
22390,8902,9972,1576,9935,2422
22391,8902,9972,317,4573,1772
22392,7856,9972,1576,7591,1772
22393,7856,2390,1576,9935,8548
22394,7856,9493,1576,9935,1449
22395,7856,9493,1576,9935,7145
22396,7856,9972,1576,7591,3660
22397,7856,1478,4826,2195,9443
22398,7856,9972,7093,4573,1772
22399,8902,9972,7093,9935,1772
22400,8902,1478,8779,9935,1772
22401,8902,9972,1294,9935,1772
22402,8902,9972,6713,4573,1772
22403,8902,9972,9436,4573,1772
22404,8902,9972,9436,4573,1772
22405,7856,1478,1576,9935,8548
22406,7856,1478,7093,9935,1772
22407,7856,2390,1576,7591,8548
22408,7856,1478,7093,9935,9443
22409,7856,1478,7093,3945,9331
22410,7856,1478,240,9801,5177
22411,8902,1478,1294,9935,6
22412,8902,9972,7093,5046,884
22413,8902,1693,1294,3670,1772
22414,8902,1478,7093,9935,1772
22415,8902,9972,1294,9935,1772
22416,8902,2463,317,9935,7145
22417,8902,2463,1294,9935,1772
22418,4237,1478,8779,9935,8548
22419,7856,1478,2005,9935,1772
22420,7856,1478,4026,7591,8548
22421,7856,1478,1576,7591,8548
22422,7856,9972,7093,4573,6
22423,8902,9972,1576,9935,663
22424,8902,2390,1576,9935,7145
22425,8902,2390,9016,9935,1772
22426,8902,9972,1576,9935,8341
22427,8902,9972,1576,9935,1772
22428,8902,2390,2345,9455,7145
22429,7856,1693,1319,4573,1772
22430,8902,9972,1576,7591,884
22431,8902,2463,317,9743,884
22432,8902,9972,1576,9935,8341
22433,7856,6429,2345,9935,2422
22434,8902,9972,1576,9935,6
22435,8902,1478,7093,9935,7284
22436,7856,1478,4079,9935,998
22437,7856,1478,1576,9935,8548
22438,4237,1693,1319,4573,1772
22439,4237,1693,8779,4573,1772
22440,8902,9972,6713,4573,1772
22441,8902,9972,1319,4573,1772
22442,8902,9972,1319,4573,3119
22443,8902,9972,1576,2900,1772
22444,8902,9972,1576,4573,1772
22445,7856,9972,1576,9935,1772
22446,8902,9972,1576,9935,1772
22447,8902,4714,1576,9935,7145
22448,7856,9972,1576,7591,1772
22449,8902,9972,1576,9743,6992
22450,7856,1478,1294,8302,7145
22451,7856,1478,7093,9935,7284
22452,7856,1478,240,2195,7145
22453,8902,1478,317,9935,1772
22454,8902,9972,7093,7591,1772
22455,8902,9566,1576,9935,1772
22456,8902,9972,1576,9935,6
22457,8902,1478,1294,9935,8548
22458,8902,1478,1576,9935,8548
22459,7856,9972,1576,7591,1772
22460,8902,9972,1576,9935,1772
22461,4237,9972,1294,8650,1772
22462,7856,1478,1576,8433,884
22463,8902,9972,1576,9935,884
22464,3890,5353,9044,6769,3216
22465,8902,9972,1294,9935,1772
22466,8902,9972,1576,9935,1772
22467,8902,9972,1576,4985,6
22468,8902,666,1319,6754,9840
22469,9811,666,240,9233,477
22470,8902,5348,240,1532,884
22471,8902,1478,1576,9935,1772
22472,7856,9972,1576,9935,1772
22473,7856,9493,1576,9935,1772
22474,7856,9972,8779,4573,3119
22475,8902,9972,8779,9935,1772
22476,4237,1478,3661,4573,5177
22477,7856,9972,1576,7591,6
22478,7856,9972,1294,7591,8548
22479,8902,9972,1576,9935,663
22480,7856,1478,1576,7591,7145
22481,7856,1478,1576,2195,7145
22482,7856,3253,1576,2195,884
22483,7856,1478,1576,9935,8548
22484,7856,2390,1576,9935,7145
22485,7856,1478,240,2195,9443
22486,8902,9972,1294,9935,3119
22487,8902,9972,9436,4573,6743
22488,8902,2463,1576,9935,1772
22489,8902,2390,7093,9935,884
22490,7856,9493,1576,7591,663
22491,7856,1478,240,2195,3746
22492,8902,9972,9436,4573,6438
22493,8902,9972,317,3764,1772
22494,8902,9972,9436,3670,884
22495,7856,9493,1576,8433,8548
22496,8902,9972,7093,4573,6
22497,7856,1478,2005,9935,8548
22498,2383,5353,9044,8433,884
22499,8902,9972,9436,8433,1772
22500,3890,9972,9436,4573,6438
22501,7856,1478,1294,9935,1772
22502,7856,1478,7093,9935,7284
22503,7856,1478,1576,9935,1772
22504,8902,9972,7093,4573,1772
22505,7856,2390,1576,9935,7145
22506,7856,9972,1576,9935,1772
22507,7856,1478,1576,9935,1772
22508,7856,1478,7093,4573,1772
22509,8902,1478,1576,9935,1772
22510,8902,9972,1319,4573,884
22511,8902,9972,9436,4573,1772
22512,9811,666,240,1563,477
22513,8902,9972,317,8008,1772
22514,8902,1693,9436,4573,6438
22515,7856,9972,9436,4573,6438
22516,8902,9972,1576,4985,3660
22517,8902,3229,9016,9935,3660
22518,5971,3229,9016,9743,6222
22519,7856,9972,7093,7591,6
22520,7856,2390,1576,9935,8548
22521,7856,9972,7093,9935,6
22522,7856,9493,240,8433,8548
22523,7856,1478,240,2195,8548
22524,7856,1478,1576,7591,8548
22525,8902,9972,7093,9935,1772
22526,7856,1478,8779,9935,6
22527,8902,9972,9436,4573,1772
22528,8902,75,1319,9481,6441
22529,8902,6960,240,9233,1772
22530,9811,666,240,8008,2462
22531,7856,3253,1576,7591,7145
22532,7856,1478,1294,9935,8548
22533,7856,1478,1576,7591,3746
22534,8902,1478,2005,9935,8548
22535,8902,9972,1576,7591,8548
22536,8902,9972,1576,9935,8548
22537,7856,1478,240,1563,3746
22538,7856,1478,1576,7591,7145
22539,7856,1478,1576,7591,7145
22540,8902,9972,7093,9935,884
22541,7856,9972,1294,9935,8548
22542,8902,9972,1294,9935,1549
22543,3890,5353,240,8433,884
22544,8902,9972,1294,4573,3119
22545,3890,9972,9436,4573,3119
22546,7856,9493,1576,9935,7145
22547,7856,1478,4079,8302,7145
22548,7856,9493,1576,9935,7145
22549,7856,9493,8854,7591,884
22550,7856,9972,1576,7591,1772
22551,7856,9972,1576,7591,8548
22552,7856,1478,240,1563,1449
22553,7856,1478,7093,4573,5177
22554,7856,1478,1576,9935,8548
22555,8902,9972,1294,9935,1772
22556,4237,9972,8779,7606,8548
22557,7856,1478,4026,7591,663
22558,8902,9972,1294,1879,1772
22559,8902,9972,1294,4573,3119
22560,8902,9972,1294,1879,1772
22561,8902,9972,1576,9935,1772
22562,8902,9972,1576,9935,1772
22563,8902,9972,1294,4985,6992
22564,8902,9972,1294,9935,1772
22565,8902,1478,1576,7591,8548
22566,8902,1478,7093,9935,1772
22567,7856,1478,2005,9935,9443
22568,7856,1478,1576,9935,1772
22569,7856,1478,1576,9935,1772
22570,8902,9972,1294,478,1772
22571,8902,9972,1576,9935,663
22572,8902,9972,1294,1879,8548
22573,8902,9972,1576,3670,884
22574,7807,5348,240,9935,1772
22575,8902,9972,317,4573,1516
22576,8902,9972,9436,4573,1772
22577,8902,9972,1576,4985,8784
22578,8902,9972,1576,4573,1772
22579,8902,9972,6713,9935,1772
22580,8902,9972,1294,9935,1772
22581,8902,9972,7093,9935,1772
22582,8902,9972,9436,8008,1772
22583,2383,9972,9044,9857,884
22584,2383,2390,9436,8008,884
22585,7856,9972,1576,9935,1772
22586,8902,9972,1294,9935,663
22587,8902,9972,1294,9935,8548
22588,8902,1478,2005,9935,8548
22589,7856,1478,7093,4777,1772
22590,8902,9972,1576,9935,1772
22591,8902,9972,317,8008,1516
22592,7856,1478,8779,7039,1772
22593,7856,1478,1576,9935,1772
22594,7856,9972,1576,7591,1772
22595,4237,1478,1319,4573,1772
22596,7856,1478,7093,9935,1772
22597,8902,9972,1294,9935,6
22598,8902,2390,1576,1592,7821
22599,8902,9972,1576,4985,8548
22600,7856,9972,4826,7591,9959
22601,7856,3253,1576,7591,7145
22602,7856,9972,1576,7591,7145
22603,7856,2390,1576,9935,8548
22604,7856,2390,1576,8302,7145
22605,7856,2390,1576,7591,663
22606,8902,1478,240,7039,1772
22607,7856,1478,1576,2195,7145
22608,8902,5348,1294,3670,8784
22609,3890,9972,9436,8008,884
22610,8902,9972,317,9935,1772
22611,8902,9972,317,6892,1772
22612,8902,9972,1576,4985,6992
22613,8902,9972,7093,4573,1772
22614,8902,9972,1576,9935,1772
22615,3890,9972,9436,4573,6438
22616,9811,9972,2183,4573,8784
22617,2383,9972,9044,3537,8784
22618,3890,9972,9436,9192,6438
22619,8902,5353,9436,8433,1772
22620,8902,5353,1319,4573,1772
22621,4237,1478,2005,9935,1772
22622,8902,9972,8815,9935,7284
22623,8902,9972,7093,9935,1772
22624,8902,2390,7093,9935,1772
22625,7856,1478,2005,9935,7701
22626,7856,1478,1576,9935,7145
22627,8902,1478,7093,9935,1772
22628,7856,9972,1576,9935,663
22629,8902,9972,1576,9935,6
22630,7856,2390,1576,7591,7145
22631,7856,2390,3200,7591,7145
22632,7856,9972,1576,7591,7145
22633,7856,9972,1576,4573,1772
22634,8902,9972,1576,9935,1772
22635,8902,1478,1576,9935,1772
22636,8902,9972,9436,4573,1772
22637,2383,9972,9436,1762,9840
22638,8902,9972,9436,3326,1772
22639,4237,9972,1294,9935,6
22640,8902,9972,1576,9935,1772
22641,8902,9972,7093,9935,1772
22642,8902,2390,1576,4985,884
22643,8902,9972,1294,4985,6992
22644,8902,2390,1576,7591,6
22645,8902,1478,8779,9935,3746
22646,8902,5348,240,9935,7145
22647,8902,5353,1319,8008,1772
22648,8902,9972,9436,4573,6438
22649,8902,9972,9436,4573,6438
22650,8902,9972,9436,4573,1516
22651,8902,9972,1576,9935,663
22652,7856,9972,1576,9935,1772
22653,8902,9493,1576,9935,7145
22654,7856,1478,1576,9935,1772
22655,7856,1478,1576,9935,1772
22656,7856,1478,1576,1879,7145
22657,8902,5353,9436,8008,884
22658,8902,1478,8779,7194,6992
22659,9811,9972,1319,4573,3119
22660,8902,9972,9436,8008,884
22661,8902,9972,317,4573,3119
22662,8902,9972,240,3670,2462
22663,8902,9972,9436,3326,9840
22664,8902,9972,9436,4573,1772
22665,8902,9972,7093,9935,1772
22666,7856,1478,8779,4573,3746
22667,7856,1478,240,2195,3746
22668,7856,1478,240,1563,1621
22669,8902,2390,1576,9935,663
22670,8902,9972,1576,9935,663
22671,8902,2390,1576,8433,3401
22672,8902,1478,7093,4573,9222
22673,8902,1478,317,2900,1772
22674,8902,9972,7093,4573,1772
22675,8902,9972,1576,4573,1772
22676,8902,9972,6713,4573,1772
22677,8902,9972,1294,9935,1772
22678,8902,9972,317,9935,1772
22679,7856,1478,240,7591,9443
22680,8902,9972,317,4573,3746
22681,8902,9972,7093,9935,6
22682,7856,1478,1576,9935,1772
22683,7856,9972,7093,9935,6
22684,3890,9972,317,4573,1516
22685,8902,9972,9436,3670,884
22686,8902,9972,1576,8650,1772
22687,8902,1478,1576,9935,6
22688,8902,9972,1576,9935,6992
22689,8902,9972,8779,9935,1772
22690,8902,9972,7093,9935,1772
22691,8902,9972,317,3670,1772
22692,7807,6960,6713,3326,1772
22693,8902,1478,1294,9935,3746
22694,8902,9972,6713,4573,6
22695,8902,1478,8779,9935,1772
22696,8902,9972,1576,1879,1772
22697,8902,9972,8815,9935,2422
22698,8902,9972,1576,4573,6
22699,8902,9972,317,7591,884
22700,8902,9972,1576,9935,884
22701,8902,9972,1576,9935,7145
22702,9811,5348,240,8433,3143
22703,8902,666,240,8433,1772
22704,8902,5348,240,9935,9222
22705,2383,5353,1319,4573,6438
22706,3890,9972,317,9935,884
22707,7807,5348,1319,4573,6441
22708,8902,9972,1294,1879,8341
22709,5525,9566,2005,9935,7356
22710,8902,9972,1576,9935,1772
22711,7856,9972,1576,9935,1772
22712,7856,7294,1576,9935,1772
22713,7856,1478,2005,9935,1772
22714,3890,9972,9436,1762,9840
22715,8902,5348,240,9233,6441
22716,2603,9972,1294,7039,6222
22717,4237,1478,2005,9935,1772
22718,7856,1478,1294,2195,7356
22719,7856,1478,7093,7591,8548
22720,8902,5353,317,9935,1772
22721,8902,9972,9436,4573,6
22722,8902,2463,3295,9935,1772
22723,8902,9972,240,268,1772
22724,8902,9972,240,8008,884
22725,8902,9972,9436,4573,3119
22726,8902,9972,1319,4573,3119
22727,8902,5348,1319,8008,1772
22728,8902,2463,1319,9935,884
22729,8902,9972,7093,9935,1772
22730,8902,9972,9436,9935,6
22731,8902,9972,9436,4573,6438
22732,7856,3253,7093,9935,884
22733,7856,1478,1576,9935,8548
22734,7856,2390,1576,9935,8548
22735,7856,1478,1294,4777,3746
22736,7856,1478,4826,4573,3746
22737,7856,1478,1576,2195,7145
22738,8902,9972,1319,4573,884
22739,8902,9972,9436,4573,884
22740,8902,9972,317,4573,884
22741,7407,9566,1576,9935,8548
22742,7856,1478,1294,9935,8548
22743,7856,1478,1294,9935,8548
22744,7856,9972,7093,9935,1772
22745,8902,9972,7093,4573,6
22746,8902,9972,1294,9935,1772
22747,8902,1478,240,9935,1772
22748,8902,5348,240,9935,477
22749,8902,1693,1319,4573,1772
22750,8902,1478,1576,9935,3746
22751,8902,1478,1576,2195,3401
22752,7856,1478,1576,9935,8548
22753,8902,9972,1576,4569,6
22754,8902,9972,1576,4573,1772
22755,8902,9972,1576,9935,8548
22756,7856,1478,3357,1864,7356
22757,8902,2463,8779,9935,1772
22758,8902,9972,2005,9935,1772
22759,8902,9972,9436,4985,3660
22760,8902,9972,9436,4573,6438
22761,2383,9972,9436,4573,3216
22762,8902,9972,1294,1879,1516
22763,8902,9972,1294,9935,1772
22764,8902,9972,240,3670,884
22765,8902,9972,9436,4573,6438
22766,3890,9972,9436,6092,9840
22767,8902,9972,1576,4573,1772
22768,7856,1478,1319,2900,1772
22769,8902,5348,3295,9935,1772
22770,8902,9972,1319,4573,6438
22771,8902,9972,1576,9935,1772
22772,8902,9972,9436,8008,884
22773,8902,5353,9436,4827,884
22774,8902,9972,1576,9935,8548
22775,7856,1478,1576,9935,1772
22776,7856,9972,1576,7591,8347
22777,8902,9972,1576,9935,6
22778,7856,9972,1576,9935,3660
22779,8902,9972,2005,9935,1772
22780,7856,3253,1576,7591,9443
22781,7856,1478,8779,7591,8548
22782,7856,1478,240,2195,3401
22783,8902,9972,1576,9935,8341
22784,8902,9972,9016,4731,6222
22785,7856,1478,2005,9935,1772
22786,7856,2390,1576,7591,8548
22787,7856,2390,1576,7591,884
22788,7856,9972,1576,9935,663
22789,7856,1478,1576,7591,7145
22790,7856,9493,7093,3945,884
22791,7856,3253,1576,7591,7145
22792,8902,9972,9016,4731,884
22793,8902,9972,9436,8008,6438
22794,8902,9972,317,4573,1516
22795,8902,9972,1576,9935,1772
22796,8902,9972,8779,9935,3746
22797,8902,1478,1576,9935,1772
22798,8902,5353,1319,7616,7284
22799,8902,9972,317,4573,1516
22800,8902,9972,7093,4573,1772
22801,7856,9493,8854,7591,7145
22802,7856,1478,4826,4573,998
22803,7856,1478,240,2195,998
22804,2383,5353,9436,8008,884
22805,2383,5353,240,8433,884
22806,8902,9972,9436,4573,884
22807,8902,9972,7093,4573,1772
22808,8902,9972,9436,4573,1772
22809,8902,9972,7093,9935,1772
22810,8902,9972,317,4573,9840
22811,2383,5353,317,7039,884
22812,8902,9972,1576,9935,1772
22813,8902,9972,1319,4573,3746
22814,8902,9972,317,8008,884
22815,7856,1478,7093,4573,1772
22816,2383,5348,3295,8433,1772
22817,7807,2463,317,3670,1772
22818,3890,9972,317,4573,1516
22819,8902,3229,9016,4985,7826
22820,5525,9972,2005,9935,1772
22821,7856,1478,2005,9935,5696
22822,8902,9972,1576,4573,6438
22823,7856,9972,1576,4985,1772
22824,8902,9972,317,4573,1772
22825,8902,9972,8779,7591,8548
22826,7856,4714,1576,7591,8548
22827,7856,1478,1576,9935,1772
22828,8902,1478,7093,9935,1772
22829,7856,1478,1576,9935,1772
22830,8902,9972,1576,9935,1772
22831,2383,9972,9436,4573,884
22832,2383,75,240,9742,884
22833,7807,1693,1294,3670,1772
22834,3890,9972,9436,4573,1516
22835,3890,9972,9436,1632,884
22836,3890,9972,9436,8008,884
22837,7856,9972,1576,9935,6
22838,7856,1478,1576,9935,1772
22839,7856,1478,240,9935,8548
22840,8902,2390,7093,9935,1772
22841,8902,9972,1576,9935,6
22842,7856,2390,7093,7591,884
22843,8902,1478,2005,9935,1772
22844,8902,1478,7093,4573,1772
22845,7856,1478,1294,9935,8548
22846,7856,1478,240,2195,3746
22847,7856,1478,1319,9801,5177
22848,7856,1478,317,9935,1772
22849,8902,9972,1576,4985,7145
22850,7856,9972,1576,9935,1772
22851,8902,9972,1576,4985,8548
22852,8902,9972,317,4573,1772
22853,7807,1693,8779,4573,3119
22854,7807,9972,1319,4573,1772
22855,7856,2390,1576,9935,663
22856,8902,1478,1576,1781,7145
22857,7856,1478,240,4777,7145
22858,8902,2463,1576,9935,663
22859,4237,1478,8779,9935,1772
22860,8902,9972,1294,9935,6
22861,8902,5348,1319,4573,7284
22862,8902,1693,1319,4573,3119
22863,9811,5348,1319,4573,6438
22864,7856,9972,1576,7591,884
22865,8902,2390,7093,9935,1772
22866,7856,1478,1294,9935,1772
22867,8902,9972,317,9935,1516
22868,8902,2390,1576,9935,1772
22869,7856,9972,1576,9935,1772
22870,8902,9972,1576,7591,7145
22871,8902,9566,1576,9935,7145
22872,8902,9972,1576,7591,7145
22873,8902,9972,9436,4573,6438
22874,4237,9972,1319,4573,4611
22875,8902,666,1319,4573,7284
22876,2383,75,240,7039,884
22877,8902,1693,1319,4573,1772
22878,3890,9972,9436,3670,884
22879,7856,9566,4026,9935,8548
22880,7856,9972,1576,9935,1772
22881,7856,9972,1576,4573,1772
22882,2383,5353,9436,4731,884
22883,9811,6960,2183,4573,9222
22884,3890,9972,317,6892,1772
22885,8902,9972,1576,4985,663
22886,8902,9972,1576,9935,4279
22887,8902,9972,1294,1879,663
22888,8902,5353,1319,8433,884
22889,2383,5353,240,3670,1772
22890,9811,666,240,8433,1772
22891,8902,9972,7093,4573,6
22892,8902,9972,9436,4573,1516
22893,2383,9972,317,4573,1516
22894,8902,9972,317,9935,1772
22895,7856,1478,317,8008,884
22896,2603,9972,9436,8008,6438
22897,7856,1478,1294,7591,8548
22898,7856,1478,1294,7591,8548
22899,8902,1478,1576,9935,1772
22900,8902,9972,1576,8650,6
22901,8902,6250,1576,9935,1772
22902,7856,9972,1576,9935,8548
22903,8902,9972,9016,9935,1772
22904,8902,9972,1576,9935,1772
22905,8902,9972,7851,9935,1772
22906,8902,9972,317,9935,1772
22907,7856,9972,1576,7591,1772
22908,7856,9972,1576,9935,1772
22909,8902,9972,1576,9935,1772
22910,8902,9972,1576,9935,1772
22911,7856,2390,1576,9935,1772
22912,8902,9972,1576,9935,8548
22913,8902,9972,1576,7591,8548
22914,8902,1478,1576,7591,8548
22915,8902,9972,1576,4827,884
22916,8902,9972,9436,7591,1772
22917,8902,9972,9436,9192,6438
22918,7856,9972,1576,9935,8548
22919,8902,9972,8779,9935,8341
22920,8902,9972,1576,9935,7145
22921,8902,5348,2005,9935,1449
22922,8902,5348,1576,9935,9337
22923,7856,9493,1576,9935,9337
22924,7856,9972,1576,9935,663
22925,8902,9972,1576,4985,3660
22926,8902,9972,9016,9935,2422
22927,7856,4714,8854,7591,7145
22928,7856,1478,240,7591,8548
22929,7856,4714,1576,9935,7145
22930,8902,9972,7093,9935,1772
22931,7856,9972,7093,4573,1772
22932,7856,9972,1576,9935,9337
22933,7856,75,240,8302,9443
22934,7856,1478,1576,9935,1772
22935,7856,9493,1576,9935,8548
22936,7856,9972,1576,7591,6
22937,4237,9972,1294,4573,6
22938,7856,9972,1576,8615,6
22939,7856,1478,1576,9935,7145
22940,7856,1478,1576,7591,8548
22941,7856,1478,1576,9935,7145
22942,2383,666,9016,4827,884
22943,3890,9972,9436,7039,884
22944,3890,9972,9436,4573,6438
22945,8902,9972,317,2969,1516
22946,8902,9972,7851,9935,6
22947,8902,9972,1576,3537,884
22948,8902,9972,1576,7591,7145
22949,3890,9972,317,9935,884
22950,3890,9972,1319,4573,1516
22951,2383,666,240,8433,884
22952,8902,9972,1576,9935,1516
22953,2383,9972,9436,1632,6438
22954,8902,5348,317,9233,1772
22955,7807,5353,317,7616,1772
22956,8902,2463,317,9935,1772
22957,8902,2390,7093,9935,1772
22958,8902,9972,317,9935,1772
22959,9811,9972,9044,5046,884
22960,7856,1478,1576,9935,7284
22961,7856,1478,240,1563,7145
22962,7856,1478,4826,7591,8541
22963,7856,1478,240,2195,9443
22964,7856,666,240,1563,5177
22965,7856,1478,7093,4777,8548
22966,4237,1693,1319,4573,1772
22967,8902,5348,3295,9233,1772
22968,7856,9972,1319,4573,1772
22969,8902,9972,9436,4573,1772
22970,8902,9972,9436,4573,1772
22971,8902,9972,7093,9935,884
22972,8902,1478,1319,3670,1772
22973,2383,9972,1319,4573,884
22974,8902,2390,9044,4827,884
22975,8902,2390,1576,9935,884
22976,8902,2390,1576,9935,7145
22977,7856,9972,1576,7591,1772
22978,4237,1478,7093,4573,9222
22979,8902,1478,317,4573,1772
22980,8902,9972,7093,9935,1772
22981,7856,1478,1576,9935,1772
22982,7856,1478,1294,4573,1772
22983,7856,1478,1319,4573,6
22984,8902,9972,9436,8008,884
22985,8902,9972,9436,4573,6438
22986,8902,9972,9436,4573,1772
22987,8902,1478,1576,9935,7145
22988,8902,6429,1576,9935,7145
22989,8902,1478,2005,9935,9337
22990,8902,1478,1294,9935,8548
22991,7856,75,1576,9935,1772
22992,8902,1478,1576,4573,6
22993,9811,666,240,3670,884
22994,8902,5353,9436,8433,884
22995,9811,666,2183,4573,6438
22996,8902,9972,9436,8008,884
22997,8902,9972,317,9743,884
22998,8902,9972,1576,4827,884
22999,7856,9972,1576,1879,1772
23000,8902,9972,1576,7591,884
23001,8902,9972,1576,9935,663
23002,8902,9972,9436,4573,3119
23003,8902,9972,9436,4573,6
23004,8902,9972,1319,4573,9840
23005,7856,1478,1576,4573,8784
23006,4237,1478,1576,9935,3746
23007,7856,1478,1576,9935,8548
23008,3890,9972,1319,4573,6438
23009,7807,9972,9436,1762,6222
23010,8902,9972,240,7039,884
23011,7856,9972,317,4573,1772
23012,3474,1478,1319,4573,9840
23013,9811,666,240,1733,1772
23014,8902,2390,1576,9935,4160
23015,8902,9972,1576,9935,7145
23016,8902,9972,1576,9935,1772
23017,8902,1478,1576,9935,1772
23018,7856,1478,1576,9935,8548
23019,8902,9972,1576,9935,6
23020,8902,1693,1319,4573,1772
23021,8902,1693,1319,4573,9222
23022,9811,666,240,4573,9222
23023,7856,1478,1576,9935,9337
23024,7856,1478,1294,9935,1772
23025,7856,9972,1294,2195,8548
23026,8902,9972,6713,4573,1772
23027,8902,1478,7093,4573,6
23028,4237,1478,1319,4573,6
23029,9811,666,240,9233,1772
23030,2383,5348,1319,3670,1772
23031,8902,75,1319,4573,1772
23032,7856,9972,1576,7591,1772
23033,8902,9972,7093,9935,6
23034,8902,9972,1576,9935,1772
23035,7856,1478,4826,9801,7356
23036,7856,1478,7093,9801,8548
23037,7856,1478,3357,1864,8541
23038,7856,1478,1576,9935,1772
23039,7856,1478,8779,9935,1772
23040,7856,1478,1576,9935,1772
23041,8902,75,1294,4777,1772
23042,8902,666,1319,4573,1772
23043,7807,5348,3295,4573,9222
23044,8902,9972,1576,9935,8341
23045,8902,9972,1576,9935,1772
23046,8902,9972,1576,3764,1772
23047,8902,9972,317,9935,1772
23048,7856,9972,1576,9935,6
23049,8902,9972,7093,9935,1772
23050,8902,9972,9436,8008,884
23051,8902,9972,7093,9935,884
23052,8902,9972,317,8008,884
23053,8902,2390,1576,4985,884
23054,7856,2390,1576,7591,7145
23055,8902,9972,7093,9935,1772
23056,8902,9972,9436,7591,3660
23057,8902,9972,9436,9935,6
23058,8902,9972,1576,9935,1772
23059,8902,9972,1576,9935,6
23060,7856,1478,1294,9935,8548
23061,7856,1478,1576,9935,8548
23062,7856,9972,1576,4573,3746
23063,7856,9972,1576,9935,663
23064,7856,9972,1294,7591,9959
23065,7856,1478,240,2195,8548
23066,7856,1478,1576,4777,8548
23067,7856,1478,7093,9935,1772
23068,7856,1478,7093,9935,8548
23069,7856,9972,1576,9935,7145
23070,7856,1478,7093,9935,1772
23071,7856,666,240,9935,1449
23072,8902,5353,240,9935,884
23073,8902,1478,1576,9935,1772
23074,8902,9972,3735,9935,8341
23075,7856,9972,1576,7591,6
23076,7856,9972,8779,4985,3164
23077,7856,1478,240,2195,5177
23078,8902,9972,7093,9935,1516
23079,7856,9972,1294,4573,6
23080,8902,75,240,9935,1772
23081,8902,666,240,9233,1772
23082,8902,75,3661,4573,998
23083,8902,9972,1576,9935,8548
23084,8902,9972,1576,9935,8341
23085,8902,9972,9016,9935,8341
23086,8902,9972,9436,4573,9305
23087,3890,2390,9436,8008,9305
23088,8902,9972,7093,7591,3660
23089,7856,1478,1576,9935,1772
23090,8902,9972,9436,9743,6222
23091,7856,9972,1576,7591,3660
23092,8902,9972,317,8008,884
23093,7807,5348,2183,9935,9222
23094,8902,5348,1319,9935,9222
23095,8902,1478,7093,9935,1772
23096,8902,9972,1294,9935,1772
23097,7856,1478,1294,9935,1772
23098,7856,1478,4026,9935,663
23099,7856,1478,1576,9935,1772
23100,7856,1478,1576,9935,1772
23101,8902,9972,9436,8008,884
23102,8902,9972,317,4573,1772
23103,8902,2463,3295,9935,1772
23104,8902,1478,1294,9935,4279
23105,8902,1478,1576,9935,1772
23106,8902,2390,1576,9935,663
23107,7856,9493,1576,9935,8548
23108,7856,1478,1576,4573,3746
23109,7856,9972,1576,7591,6
23110,8902,1478,1576,9935,1772
23111,8902,1478,8779,9935,998
23112,8902,1478,8779,9935,1772
23113,7856,1478,1576,9935,8548
23114,7856,1478,240,9935,8548
23115,7856,1478,2005,9935,8548
23116,7856,9972,1576,7591,663
23117,8902,9972,7093,9935,663
23118,8902,9972,1576,9935,8548
23119,7856,9972,1294,7591,8548
23120,8902,9972,1576,4573,6
23121,8902,9972,1294,9935,1772
23122,7856,1478,1576,9935,8548
23123,7856,1478,2005,9935,9337
23124,8902,1478,1576,9935,8548
23125,8902,9972,1319,4573,9840
23126,8902,9972,4298,8433,884
23127,8902,9972,317,8433,1772
23128,8902,75,240,8433,884
23129,7856,1478,1294,9935,1772
23130,8902,1478,1294,9935,1772
23131,8902,1478,7093,9935,1772
23132,8902,9972,1576,9935,8341
23133,8902,9972,1576,9935,1772
23134,8902,9972,9436,4573,1516
23135,8902,9972,240,9481,1772
23136,3474,1478,1319,9233,1772
23137,8902,9972,1576,9935,1772
23138,8902,75,1576,8433,1772
23139,9811,5348,240,7039,1772
23140,8902,9972,2005,9935,1772
23141,8902,1478,7851,9935,4279
23142,8902,1478,7093,9935,5177
23143,4237,1693,1319,8008,9840
23144,9811,1693,1319,8008,1772
23145,4237,1693,1319,4573,6441
23146,8902,2390,1576,3537,663
23147,8902,2390,9436,3537,6438
23148,8902,9972,9436,4573,6438
23149,8902,9972,1294,9935,1772
23150,8902,9972,1576,9935,1772
23151,7856,9972,1576,9935,1772
23152,7856,1478,1576,9935,7145
23153,7856,9493,1576,4777,8548
23154,7856,75,240,1563,884
23155,7856,75,240,9935,8548
23156,7856,1478,1576,8302,7145
23157,7856,9493,240,9935,8548
23158,8902,9972,7093,4573,3660
23159,7856,9972,7093,9935,1772
23160,7856,1478,1576,9935,1772
23161,8902,1693,1319,4573,3119
23162,7856,1478,7093,4573,1772
23163,8902,9972,9436,5046,8784
23164,7856,9566,1576,9935,1772
23165,8902,1478,1576,9935,8548
23166,7856,9972,1576,1879,8548
23167,7856,9972,3735,9935,3164
23168,8902,9972,1294,9935,1772
23169,7856,9972,1576,9935,1772
23170,2603,9972,1294,8650,6743
23171,3890,9972,9016,9742,884
23172,8902,9972,9436,9935,884
23173,8902,9972,9436,4573,1772
23174,7856,1478,1319,4573,4611
23175,4237,9972,8779,4573,998
23176,7856,1478,8779,7591,8548
23177,7856,3253,1576,7591,884
23178,7856,1478,1576,7591,7145
23179,3890,9972,240,4573,1516
23180,9811,9972,240,4573,884
23181,2383,5353,317,284,3216
23182,7856,1478,2005,9935,8548
23183,7856,1478,1576,7591,8548
23184,7856,666,240,1563,5177
23185,9811,666,240,1733,1772
23186,8902,2463,1319,4573,9222
23187,9811,5348,240,7039,1772
23188,8902,9972,9436,4573,6
23189,2603,9972,9436,4573,6438
23190,8902,9972,9436,4573,6438
23191,8902,9972,1319,4573,6438
23192,8902,1693,1319,4573,1772
23193,8902,9972,1319,8008,9840
23194,8902,2463,1576,9935,1772
23195,7856,9972,1576,9935,8548
23196,7856,1478,1576,9935,8548
23197,4237,9972,317,4573,884
23198,8902,9972,9436,4827,884
23199,8902,9972,9436,4573,6438
23200,8902,9972,1576,9935,7145
23201,7856,9972,1576,9935,663
23202,8902,9972,7093,9935,663
23203,8902,9972,1576,4985,6992
23204,7856,9972,7093,7591,3660
23205,8902,9972,1294,4985,7145
23206,8902,9972,1294,1879,8784
23207,8902,9972,1576,9935,1772
23208,7856,2390,1576,7591,7145
23209,8902,9972,1576,9935,8341
23210,8902,9972,3735,9935,3164
23211,8902,9972,1294,9935,8341
23212,7856,9972,1576,7591,7145
23213,7856,9972,7093,7591,1772
23214,8902,9972,7093,9935,1772
23215,8902,9972,9016,9743,7826
23216,8902,9972,1576,9935,6
23217,8902,9972,1576,9935,1772
23218,7856,2390,1576,9935,7145
23219,7856,1478,2005,9935,8548
23220,7856,9493,5184,9935,7145
23221,3890,9972,1294,1862,3119
23222,8902,9972,1294,1879,663
23223,8902,9972,1294,8433,8784
23224,7856,2390,1576,4985,9443
23225,7856,9566,1576,9935,663
23226,7856,4714,7093,7591,2422
23227,8902,9972,1576,1592,6901
23228,7856,9972,7093,9935,2422
23229,7856,9972,1576,9935,1772
23230,7856,1478,8779,1781,1772
23231,8902,9972,7093,9935,1772
23232,7856,1478,1576,9935,7145
23233,8902,9972,9436,4573,1772
23234,8902,9972,9436,4573,6438
23235,8902,9972,9436,4573,1772
23236,7856,9972,1294,8650,1772
23237,7856,9972,1294,9935,1772
23238,7856,1478,2005,9935,1772
23239,8902,2463,1576,9935,1772
23240,8902,9972,1294,1592,7826
23241,8902,9972,7093,9935,6
23242,7856,9493,1576,7591,7145
23243,7856,3253,1576,8302,7145
23244,7856,1478,1576,9935,8548
23245,8902,2463,1576,9935,1772
23246,8902,6429,9016,9935,7145
23247,8902,9972,9016,9935,1772
23248,3890,5353,1294,4827,884
23249,8902,5348,317,9935,7145
23250,3890,9972,9436,4573,6438
23251,7856,3253,240,7591,7145
23252,7856,1478,240,8302,9443
23253,7856,1478,1576,7591,8548
23254,8902,9972,9436,7591,884
23255,8902,9972,1576,4573,1772
23256,8902,5353,317,9935,884
23257,8902,2390,1319,9935,884
23258,9811,666,240,1563,884
23259,2383,666,240,3670,884
23260,8902,9972,1576,9935,8548
23261,7856,1478,1576,9935,8548
23262,7856,9972,1576,9935,1772
23263,8902,9972,1576,9935,7145
23264,7856,7294,2005,9935,8548
23265,8902,9972,1576,9935,1772
23266,8902,9972,1294,5812,6
23267,8902,9972,1576,4985,1772
23268,8902,9972,1576,9743,7145
23269,8902,9972,7093,4573,1772
23270,8902,1478,7093,9935,6
23271,7856,9972,317,4573,1772
23272,7807,1693,1319,4573,3119
23273,2383,9972,9044,3670,884
23274,7807,1693,9436,4573,6438
23275,7807,1693,1319,4573,9840
23276,2383,9972,1576,8008,884
23277,9811,666,2183,3670,1772
23278,8902,9972,6713,9935,4279
23279,4237,1478,7093,4573,1772
23280,8902,9972,6713,4573,6
23281,8902,9972,1294,9935,6
23282,7856,7294,2005,9935,1772
23283,7856,9972,7851,9935,4279
23284,8902,9972,1294,3670,1772
23285,9811,666,240,4573,9222
23286,9811,1693,6713,4573,1772
23287,8902,9972,1576,9935,1772
23288,8902,9972,8779,9935,1772
23289,8902,9972,1576,9935,1772
23290,8902,9972,9436,4573,1772
23291,8902,9972,1576,4573,1772
23292,8902,9972,9436,4573,1516
23293,8902,9972,1576,4985,1772
23294,8902,9972,1294,9935,663
23295,8902,9972,1294,4985,6992
23296,8902,9972,1576,9935,7145
23297,8902,9972,1576,9935,1772
23298,8902,9972,1576,9935,1772
23299,7856,1478,4826,9801,5177
23300,7856,1478,1319,9801,5177
23301,7856,1478,240,7591,3746
23302,8902,9566,2005,9935,663
23303,7856,9972,7093,7591,6
23304,7856,6429,2005,9935,2422
23305,8902,9972,7093,4573,1772
23306,7856,9972,1576,9935,1772
23307,8902,9972,1294,9935,1772
23308,8902,9972,1294,4777,884
23309,8902,1478,317,4573,1772
23310,8902,9972,9436,4573,1772
23311,8902,9972,1576,9935,1772
23312,7856,2390,1576,7591,8548
23313,8902,9972,7093,9935,6
23314,7856,1478,2005,9935,1772
23315,8902,1478,1294,9935,1772
23316,8902,1478,7093,9935,1772
23317,3890,9972,9436,1632,3119
23318,8902,7134,9016,4827,884
23319,8902,9972,9016,9935,1516
23320,8902,9972,1576,9935,1772
23321,8902,9972,1319,4573,1772
23322,8902,9972,1576,9935,1772
23323,8902,9972,1294,9935,1772
23324,8902,9972,7093,9935,1772
23325,7856,9972,7093,9935,1772
23326,8902,1478,1294,2195,8548
23327,7856,1478,1294,2195,7145
23328,7856,1478,7093,9935,1772
23329,8902,9972,1576,9935,1772
23330,8902,9972,1576,4985,7145
23331,8902,9972,1294,9935,6
23332,8902,1478,1294,9935,1772
23333,7856,1478,1576,9935,1772
23334,7856,1478,1576,9935,1772
23335,8902,9566,7093,9935,1772
23336,8902,9972,1294,7591,1772
23337,8902,9972,7093,9935,3660
23338,7856,9972,1576,9935,6
23339,7856,1478,1294,268,8784
23340,7856,1478,7093,9935,1772
23341,8902,9566,1576,9935,663
23342,7856,2390,1576,9935,1772
23343,8902,9493,1576,4985,7145
23344,7807,9972,6851,3670,1772
23345,2383,5353,240,8008,884
23346,2383,5348,9436,4731,884
23347,7856,1478,1576,7591,7356
23348,7856,1478,4826,7591,8541
23349,7856,9972,1576,9935,8548
23350,3890,9972,9436,8008,884
23351,2383,9972,9436,9742,884
23352,3890,9972,9044,9742,884
23353,7856,1478,240,1563,7356
23354,7856,1478,1576,7591,7145
23355,7856,9972,1576,9935,1772
23356,8902,9972,1576,9935,1772
23357,8902,9972,1576,9935,1772
23358,7407,9972,9016,9743,6222
23359,7856,1478,1576,9935,7145
23360,7856,1478,4079,9935,1772
23361,7856,9493,240,8302,9443
23362,8902,9972,9436,4573,1772
23363,8902,9972,6851,4573,1772
23364,2603,9972,9436,4573,6
23365,8902,9972,1294,9935,6
23366,8902,9566,7093,9935,1772
23367,8902,9972,1294,9935,1772
23368,8902,9972,1576,9935,1772
23369,8902,9972,7093,9935,1772
23370,8902,9972,1576,4573,1772
23371,8902,9972,6713,9935,1772
23372,8902,9972,8779,4573,3660
23373,8902,9972,9436,4573,6438
23374,8902,9972,1576,9935,6
23375,8902,9972,1576,4573,6
23376,8902,9972,1576,9935,663
23377,7856,1478,8779,9935,8548
23378,7856,1478,1294,7591,8548
23379,8902,9972,1576,9935,8548
23380,8902,9972,7093,9935,1772
23381,8902,9972,1576,4573,1772
23382,8902,9972,1576,4573,1772
23383,8902,9972,1294,4985,8341
23384,7856,9972,1294,7591,8548
23385,8902,9972,1576,4985,8341
23386,7856,9972,1576,9935,8548
23387,7856,9972,1576,7591,6
23388,7856,9972,1576,7591,6
23389,8902,9972,1576,7591,8548
23390,7856,9972,1576,9935,1772
23391,7856,1478,1576,9935,1772
23392,8902,9972,1294,1879,7145
23393,8902,9972,1576,9743,884
23394,8902,9972,1294,3764,1772
23395,8902,9972,1576,7591,3660
23396,5525,9972,1576,9935,9337
23397,7856,9566,2005,9935,8548
23398,7856,1478,7093,9935,1772
23399,7856,1478,1576,9935,8548
23400,7856,1478,1576,9935,8548
23401,8902,1478,8779,9935,1772
23402,7856,1478,240,9935,8548
23403,7856,1478,8779,2195,1772
23404,8902,9972,1576,9935,6
23405,8902,9972,1576,7591,6
23406,8902,9972,1576,9935,8548
23407,7856,9566,1576,7591,8548
23408,7856,9972,8779,7591,8548
23409,7856,1478,7093,9935,884
23410,7856,2390,1576,9935,1772
23411,8902,9566,2005,9935,8548
23412,5525,9566,1576,9935,9337
23413,8902,9972,1576,4573,6438
23414,8902,9972,7093,9935,1772
23415,8902,9972,1576,9935,3660
23416,7856,1478,4026,7591,8548
23417,7856,1478,240,8302,8548
23418,7856,1478,1294,7591,3746
23419,8902,9972,9436,8008,884
23420,8902,9972,1576,9935,1772
23421,8902,9972,317,9935,1516
23422,7856,9972,7093,9935,1772
23423,8902,1478,2005,9935,9337
23424,8902,1478,2005,9935,1772
23425,7856,2390,1576,9935,1772
23426,8902,9972,1294,8336,8784
23427,8902,9972,1576,9935,6
23428,8902,2463,317,9935,1772
23429,8902,1478,7093,9935,7284
23430,8902,9972,9436,1304,1772
23431,7856,1478,1294,6892,3401
23432,8902,9972,9436,8008,1772
23433,8902,9972,9436,4573,6
23434,8902,9972,1576,7591,1772
23435,8902,9972,1576,1879,1772
23436,8902,9972,1294,4573,6
23437,2603,9972,9436,4573,1516
23438,8902,9972,1576,4827,1772
23439,8902,9972,1576,9935,3660
23440,7856,9972,1576,7591,884
23441,8902,9972,9436,4573,6
23442,8902,9972,9436,4573,1772
23443,7856,1478,1294,268,8548
23444,7856,9972,8779,9935,8548
23445,7856,9566,1576,9935,1772
23446,2383,666,9436,5046,884
23447,2383,9972,9436,4731,884
23448,8902,666,9436,8008,884
23449,3890,9972,9436,4573,6438
23450,8902,9972,1576,8433,1772
23451,8902,9972,1576,4573,8784
23452,8902,9972,1294,9935,1772
23453,7856,9972,1576,1879,8548
23454,7856,1478,7093,7591,1772
23455,8902,9972,1576,9935,8548
23456,7856,1478,1576,7591,8548
23457,7856,9972,1294,9935,1772
23458,7856,9972,7093,9935,6
23459,7856,9972,1576,7591,6
23460,7856,1478,7093,9801,9331
23461,7856,1478,1576,9935,1449
23462,7856,1478,240,2195,5177
23463,7856,75,1576,4777,8548
23464,7856,1478,1294,4777,9443
23465,7856,1478,1576,9935,1772
23466,7856,1478,1576,9935,8548
23467,3890,9972,9436,4573,6438
23468,8902,9972,317,6892,6992
23469,8902,9972,9436,4573,6438
23470,7856,9972,1576,9935,1772
23471,8902,2463,7851,9935,4279
23472,7856,7294,2005,9935,1772
23473,7856,1478,7093,9935,663
23474,7856,1478,1576,4573,1772
23475,7856,9972,7093,9935,7284
23476,8902,9972,1576,4985,3660
23477,8902,9972,1576,4985,1772
23478,8902,9972,1576,4985,6992
23479,8902,9972,1319,4573,884
23480,8902,9972,9436,8008,9840
23481,7807,5353,2183,4973,6992
23482,8902,9972,8779,9935,4279
23483,8902,9972,1294,9935,1772
23484,8902,7294,1294,9935,1772
23485,9811,666,240,9935,7284
23486,9811,666,2183,4573,1772
23487,7807,6960,2183,4573,9222
23488,8902,9972,1576,9935,1772
23489,7856,1478,1576,7591,8548
23490,7856,1478,240,1864,5177
23491,8902,9972,1294,9935,1772
23492,7856,1478,1576,9935,8548
23493,8902,1478,7093,9935,1772
23494,7856,1478,1576,7591,7145
23495,7856,4714,1576,7591,884
23496,7856,1478,1576,2195,884
23497,7856,1478,240,8433,9337
23498,7856,2390,1576,9935,9337
23499,7856,1478,2005,9935,7356
23500,8902,5348,1319,4573,1772
23501,8902,2463,317,9935,884
23502,8902,9972,317,9935,1516
23503,7856,1478,1576,7591,7145
23504,7856,1478,240,1563,7145
23505,7856,1478,240,1563,5177
23506,8902,5348,7205,9935,1772
23507,9811,666,1319,8008,884
23508,8902,5353,240,9233,7284
23509,7856,9566,1576,7591,8548
23510,7856,2390,1576,7591,663
23511,7856,9972,1576,9935,8548
23512,3890,9972,1576,3670,884
23513,3890,9972,9436,4573,1516
23514,3890,9972,9436,3670,884
23515,8902,9972,317,9935,1516
23516,8902,9972,9436,9192,6438
23517,8902,2390,1576,8433,1772
23518,8902,9972,1294,9935,1772
23519,8902,9972,7093,9935,2422
23520,8902,2463,1576,9935,1772
23521,8902,9972,1576,7591,6
23522,8902,9972,9436,4569,884
23523,8902,1478,1294,9935,1772
23524,7856,9566,7093,9935,8604
23525,7856,1478,1294,9935,8548
23526,7856,9566,1576,9935,7145
23527,8902,5353,1319,4573,6041
23528,8902,1478,317,4573,1772
23529,8902,9972,1319,4573,9840
23530,8902,9972,317,7591,1772
23531,7856,9972,1576,4985,1772
23532,8902,9972,7093,4573,1772
23533,7856,1478,7093,9935,9331
23534,7856,1478,7093,1563,3746
23535,7856,75,1576,7591,8548
23536,7856,1478,1576,9935,8548
23537,8902,9972,1294,1879,1772
23538,7856,1478,1294,9935,8548
23539,8902,5353,1576,8433,7145
23540,9811,5348,240,3670,9222
23541,8902,2463,1319,9935,7284
23542,8902,9972,1576,9935,1772
23543,7856,2390,1576,9935,2422
23544,7856,1478,7093,9935,663
23545,8902,9972,240,4827,884
23546,8902,5353,9016,4827,884
23547,8902,9972,317,8008,6743
23548,8902,9972,1576,9935,7145
23549,7856,2390,1576,7591,7145
23550,7856,1478,7093,9935,1772
23551,7807,1693,1319,6754,1772
23552,8902,1693,1319,6892,1772
23553,8902,9972,1319,3670,1772
23554,8902,9972,9016,9935,1516
23555,7856,9972,1576,7591,1772
23556,7407,9972,9016,7591,2422
23557,7856,1478,4024,4573,3746
23558,7856,9972,1294,7591,8548
23559,7856,1478,7093,7591,1772
23560,7856,75,1576,8433,7145
23561,7856,75,1294,9935,7145
23562,8902,1478,1294,4777,1772
23563,8902,9972,317,7591,1772
23564,8902,9972,1576,9935,1772
23565,8902,2390,1576,9935,7145
23566,8902,9566,1576,9935,1772
23567,8902,6429,1576,9935,8341
23568,7856,9972,1576,9935,1772
23569,8902,1478,1576,9935,8784
23570,7856,1478,240,4777,8548
23571,8902,1478,1576,9935,1772
23572,8902,9972,9436,3764,1772
23573,8902,9972,1576,4985,1772
23574,8902,2390,9436,8008,884
23575,7856,9493,8854,7591,884
23576,7856,1478,1576,9935,8548
23577,7856,1478,7093,9935,884
23578,7856,9566,7093,9935,8548
23579,7856,1478,7093,9935,1772
23580,8902,9972,1576,7591,7145
23581,7856,1478,1319,4573,998
23582,8902,9972,317,9935,6
23583,7856,9493,8854,9935,1895
23584,8902,9972,1576,8433,884
23585,7856,1478,1576,7591,3746
23586,7856,1478,2005,9935,1772
23587,8902,9972,1576,9935,663
23588,8902,9972,1576,3666,1772
23589,4237,7294,8779,9935,1772
23590,8902,1478,8779,9935,1516
23591,8902,9972,7093,4573,1772
23592,4237,1478,3661,9935,1772
23593,8902,1478,1576,9935,1772
23594,8902,9972,9436,9935,1772
23595,7856,1478,1576,9935,663
23596,2383,5353,1319,3251,884
23597,8902,1478,2005,9935,1772
23598,7856,1478,1294,7591,8548
23599,8902,9493,1576,9935,8548
23600,7856,9972,1576,7591,1772
23601,4237,75,1294,4573,1772
23602,8902,9972,1294,9935,8548
23603,8902,9972,1576,9935,1772
23604,8902,9972,1576,7591,8548
23605,7856,1478,2005,9935,1772
23606,2383,5353,9436,8008,884
23607,7856,9493,1576,7039,1772
23608,8902,1478,2005,9935,1772
23609,8902,9972,317,3764,1772
23610,7856,1478,7093,9935,1772
23611,8902,9972,7093,9935,6
23612,8902,9972,317,9935,1772
23613,7856,1478,8779,9935,8548
23614,7856,2390,1576,9935,9913
23615,8902,9972,9436,4669,1772
23616,7856,9493,1576,7591,8548
23617,8902,2390,9436,8433,884
23618,3890,9972,9436,7206,6438
23619,7856,9972,1576,9935,1772
23620,7856,9493,3200,9935,9443
23621,8902,9972,9436,4985,3660
23622,7856,1478,240,2195,3401
23623,7856,9972,1294,7591,8548
23624,2383,9972,317,8008,1772
23625,8902,9493,1576,8433,7145
23626,8902,5353,3295,9935,1772
23627,7856,9972,1576,9935,1772
23628,7856,9972,1576,7591,8548
23629,3890,9972,84,2969,6222
23630,7856,1478,2005,9935,1772
23631,8902,9972,240,9233,2796
23632,8902,9972,1294,9935,1772
23633,8902,9972,8815,9935,3660
23634,8902,9972,1576,9935,1772
23635,8902,1693,240,4573,1772
23636,8902,9972,1576,1879,6
23637,7856,5348,240,9935,4542
23638,7856,9972,317,8008,6743
23639,8902,75,240,9233,1772
23640,8902,9972,1319,4573,3119
23641,8902,9972,7093,4573,1772
23642,7856,1478,1319,4573,884
23643,8902,1478,7093,4573,6
23644,3890,9972,9016,4827,884
23645,7807,1693,1319,7070,6992
23646,8902,9972,7093,9935,1772
23647,7407,9972,9016,9935,2422
23648,8902,9972,317,9935,1772
23649,7856,9972,1294,7591,8548
23650,8902,9972,1576,9935,1772
23651,8902,9972,1294,9935,1772
23652,8902,9972,8779,7591,1772
23653,7856,1478,1576,7591,8548
23654,3890,9972,317,3764,884
23655,8902,9972,317,8008,1772
23656,7856,9972,1576,9935,1772
23657,7856,2390,1576,7591,663
23658,8902,9300,2005,9935,1772
23659,7856,9493,1576,7591,7145
23660,7856,1478,4026,8433,8548
23661,7856,1478,240,9935,884
23662,8902,5353,317,9935,7145
23663,8902,9972,9436,4573,1772
23664,8902,9972,1576,8615,6
23665,7856,9566,1576,9935,8548
23666,8902,9972,1576,9935,1772
23667,3890,9972,9436,8008,884
23668,7856,9972,1294,9935,1772
23669,7856,2390,1576,7591,663
23670,4237,431,8779,9935,4279
23671,7807,9972,1319,4573,1516
23672,8902,9972,1319,7194,6992
23673,7856,75,240,7591,8548
23674,8902,9972,1294,4573,6
23675,9811,666,240,1563,8784
23676,8902,9972,9436,4573,1516
23677,7856,1478,3661,9935,1772
23678,8902,9972,1294,3670,1772
23679,7856,1478,1576,9935,663
23680,7856,2390,1576,9935,1772
23681,8902,1478,2005,9935,8548
23682,7856,1478,1576,7591,3746
23683,7856,1478,240,8302,9443
23684,8902,2390,1576,9935,5690
23685,8902,9972,9436,4573,1772
23686,7856,1478,240,1563,8548
23687,7856,9972,9436,4573,2633
23688,9811,666,240,3670,884
23689,7856,1478,1576,7591,8548
23690,8902,9972,1576,7591,3660
23691,8902,1478,1576,9935,9337
23692,7856,1478,7093,9935,1772
23693,8902,9972,8779,4573,1772
23694,7856,9972,1576,7591,7145
23695,7856,1478,2005,9935,1772
23696,7856,1478,1576,7591,3746
23697,7856,1478,1576,7591,7145
23698,7856,9972,1576,9935,1772
23699,7856,1478,1576,3945,8548
23700,8902,9972,8815,9935,663
23701,7856,1478,240,7591,3746
23702,7856,1478,1576,9935,8548
23703,8902,9972,9436,4573,1772
23704,8902,5348,7205,9935,1772
23705,8902,1478,1319,4573,6
23706,8902,9972,1576,9935,6
23707,8902,5348,240,6892,1772
23708,7856,1478,240,8302,9443
23709,9811,666,2183,4573,9222
23710,7856,9972,7093,7591,1772
23711,9154,9972,9016,9935,7826
23712,7856,9972,1294,7591,6
23713,8902,9972,7851,9935,4279
23714,7856,9566,1576,9935,8548
23715,8902,9972,317,4573,1772
23716,8902,1693,1319,9233,1772
23717,7856,1478,7093,4777,7145
23718,8902,9972,9436,9935,884
23719,8902,2390,1576,943,663
23720,8902,9566,1576,9935,7145
23721,7856,1478,2005,9935,1772
23722,7856,9972,7093,4573,6
23723,8902,9972,9016,9935,1772
23724,7856,9972,9436,7591,3746
23725,7856,1478,240,2195,5177
23726,7856,1478,1576,4777,1772
23727,7856,1478,4079,7591,3746
23728,7856,1478,7093,4573,1772
23729,7856,1478,1576,7591,884
23730,7856,2390,3200,7591,7145
23731,8902,9972,1576,3764,1516
23732,8902,9972,1576,7591,663
23733,9811,5348,240,9233,1772
23734,8902,9972,1576,7591,3119
23735,4237,1478,1576,9935,1772
23736,7856,9566,1576,9935,8548
23737,8902,9972,9436,4573,6438
23738,7856,9972,1576,9935,3746
23739,8902,9972,7093,9935,6
23740,8902,9972,1576,9935,663
23741,8902,9972,8779,4573,6
23742,7856,1478,7093,9935,1449
23743,7856,1478,1576,7591,7145
23744,8902,9972,9436,4569,884
23745,7856,1478,1576,2195,1772
23746,8902,1478,1294,9935,1772
23747,7856,2390,1576,9935,8548
23748,7856,3253,240,7591,5885
23749,8902,9972,317,9935,884
23750,8902,2463,317,4573,9840
23751,7856,75,240,2195,8548
23752,8902,2390,1576,9935,1772
23753,8902,9972,317,9935,1772
23754,8902,1478,2005,9935,1772
23755,8902,9972,317,9935,3119
23756,8902,9972,9436,4573,884
23757,9811,666,240,4573,9222
23758,7856,1478,4826,4573,3746
23759,8902,9972,1576,9935,1772
23760,7856,1478,1576,7591,7145
23761,8902,9972,7093,9935,6743
23762,7856,1478,240,1563,998
23763,8902,9972,1294,9935,1772
23764,8902,9972,9436,4573,6438
23765,2383,5348,317,8008,1772
23766,8902,9972,2005,9935,4279
23767,7856,1478,1294,4777,8548
23768,7856,1478,4079,7591,3746
23769,7856,1478,240,2195,9443
23770,8902,9972,1576,4985,8548
23771,2383,5348,240,9935,884
23772,9811,666,2183,5046,884
23773,7856,9566,2005,9935,7701
23774,7856,2390,1576,9935,8548
23775,8902,1478,1576,9935,1772
23776,8902,1478,1576,9935,1772
23777,3890,9972,9436,4573,6438
23778,7856,1478,1576,9935,8548
23779,7856,1478,1576,9935,7145
23780,3890,9972,9436,1632,3119
23781,7856,1478,1576,9935,8548
23782,8902,1478,1576,9935,1772
23783,2383,9972,9044,9742,884
23784,7856,9972,1576,7591,8548
23785,7856,1478,1576,9935,8548
23786,8902,9972,1294,9935,8548
23787,8902,2390,9016,4827,884
23788,8902,9972,1576,9935,6
23789,7856,9972,1576,7591,1772
23790,8902,1478,1576,9935,8548
23791,7856,9493,1576,9935,7356
23792,8902,1478,2005,9935,1772
23793,7856,1478,1576,7591,663
23794,8902,2390,9016,4827,884
23795,3890,9972,9436,8008,884
23796,8902,9972,1294,9935,1772
23797,3890,9972,9436,8008,884
23798,8902,9972,1294,9935,1772
23799,8902,1478,1576,2195,7145
23800,3474,9972,240,7039,884
23801,8902,6429,1576,9935,7145
23802,8902,9972,1294,9935,6
23803,8902,1478,1294,9935,8548
23804,8902,9972,2005,9935,1772
23805,8902,1478,7093,9935,8548
23806,7856,1478,1576,9935,8548
23807,7856,1478,2005,9935,1772
23808,8902,9972,1576,2195,8784
23809,8902,1478,7093,9935,1772
23810,7856,9972,1576,7591,884
23811,8902,5353,240,7039,6992
23812,8902,9972,1294,9935,1772
23813,8902,1478,1294,478,1772
23814,8902,9972,1576,4573,6
23815,8902,9972,9436,8008,6438
23816,8902,9972,9436,4573,1772
23817,9811,666,2183,4573,6438
23818,7856,9972,7093,9935,1772
23819,4237,1478,1576,7591,1772
23820,7856,4714,9016,7591,6743
23821,7856,1478,4826,9935,1772
23822,7856,2390,1576,9935,1772
23823,7856,2390,1576,9935,663
23824,7856,9972,1319,4573,3119
23825,7856,9972,1576,9935,1772
23826,7807,9972,317,7039,1516
23827,7856,1478,1576,9935,8548
23828,9811,666,240,1733,2796
23829,8902,9972,8779,4573,1772
23830,7856,1478,1576,7591,1772
23831,8902,9972,1576,9935,1772
23832,2603,9972,9436,4573,6438
23833,7856,1478,1319,4573,6
23834,8902,9972,7093,9935,1772
23835,8902,9972,1576,9935,884
23836,7856,9566,1576,7591,8548
23837,8902,9972,1576,9935,6
23838,7856,1478,1576,7591,884
23839,8902,1478,8779,4777,3746
23840,8902,9972,1576,4985,884
23841,8902,9972,9436,8008,884
23842,3890,9972,9436,4573,6438
23843,7807,9972,1294,4573,3119
23844,8902,9566,1576,9935,1772
23845,8902,9972,9436,4573,6438
23846,2383,9972,9436,8008,884
23847,8902,9972,1294,3265,7356
23848,8902,9972,7093,9935,1772
23849,8902,2390,1576,9935,1772
23850,7856,2390,1576,7591,8548
23851,7856,2390,1576,7591,884
23852,8902,2463,317,9935,884
23853,7856,9972,1576,7591,1772
23854,9811,666,240,7039,884
23855,7856,9972,8779,7591,1772
23856,7856,2390,1576,7591,8548
23857,8902,9972,9436,9935,1516
23858,7856,9972,1576,9935,8548
23859,4237,1478,8779,9233,1772
23860,4237,1478,8779,7591,1772
23861,7856,9972,1576,9935,1772
23862,8902,9972,9436,8008,884
23863,8902,9972,9436,4573,6
23864,8902,1478,1576,9935,1772
23865,8902,9972,9436,4573,884
23866,8902,9972,1319,4573,3119
23867,7856,1478,1576,9935,1772
23868,8902,9972,1576,9935,1772
23869,7856,2390,1576,7591,663
23870,8902,9972,1576,3670,1772
23871,8902,3229,1576,9743,7145
23872,8902,9972,1576,9935,1772
23873,7856,1478,1576,9935,7145
23874,7856,9972,1576,9935,1772
23875,7856,1478,240,7591,2796
23876,8902,9972,9436,8008,1772
23877,8902,9972,1576,9935,1772
23878,8902,9972,1576,9935,7145
23879,3890,9972,9436,4573,6438
23880,9811,666,240,1563,7284
23881,8902,9972,9016,4827,884
23882,7856,1478,2005,9935,8548
23883,8902,9972,1576,4573,1772
23884,8902,9972,7093,9935,6
23885,8902,9972,1576,9935,1772
23886,8902,1478,2005,9935,1772
23887,7856,9566,1576,9935,8548
23888,8902,2463,1576,9935,884
23889,7856,2390,1576,7591,8548
23890,7856,1478,1576,7591,1772
23891,8902,2463,1576,9935,1772
23892,7856,9972,1576,9935,1772
23893,8902,9972,1576,9935,1772
23894,8902,9972,1294,8433,8784
23895,4237,9972,1319,4573,1516
23896,7407,9972,4024,7591,6466
23897,8902,9972,1576,9935,1549
23898,8902,9972,317,9935,1772
23899,8902,2463,317,6892,9840
23900,7856,3253,1576,9935,8548
23901,2383,5348,9436,8008,884
23902,8902,9972,1576,1879,9337
23903,8902,2463,317,9935,884
23904,9811,5348,240,9233,477
23905,8902,9972,317,9935,1772
23906,2383,9972,9436,4573,6438
23907,8902,5348,3295,9935,1772
23908,8902,2390,1576,9935,663
23909,7856,1478,1576,9935,8548
23910,7856,9972,7093,4573,7284
23911,8902,9972,9436,4573,1516
23912,8902,9972,7093,9935,1772
23913,2383,9972,1319,4573,3119
23914,8902,1478,1576,7591,7145
23915,7856,9493,1576,8433,8548
23916,7856,1478,1294,7591,3746
23917,8902,9972,317,9935,1772
23918,7856,2390,1576,7591,8548
23919,7856,1478,4826,7591,3746
23920,7856,1478,1294,9935,8548
23921,8902,9972,317,9935,1516
23922,8902,9972,7093,9935,3660
23923,9811,5348,240,9935,2462
23924,9811,666,240,3670,1772
23925,8902,9972,7093,9935,1772
23926,2383,9972,1319,4573,5499
23927,8902,9972,1576,9935,1772
23928,8902,9972,1576,9935,1772
23929,8902,2390,1576,9935,8548
23930,8902,9493,1576,9935,8548
23931,7856,9972,1576,7591,6
23932,7856,1478,240,9233,1772
23933,8902,9972,7093,4573,1772
23934,7856,9972,1576,7591,8784
23935,3890,9972,9436,2969,884
23936,8902,9972,317,9935,1772
23937,8902,9972,1576,9935,8341
23938,8902,9972,7093,9935,6
23939,8902,9972,1294,9935,1772
23940,7856,9972,8779,7591,7145
23941,7856,2390,1576,9935,7145
23942,8902,1478,1294,9935,7145
23943,8902,1478,2005,9935,8548
23944,7856,9972,7093,9935,1772
23945,8902,5348,1319,4573,9840
23946,7856,1478,8779,4573,6
23947,8902,1478,1576,9935,1772
23948,8902,5353,1576,9935,7145
23949,7856,1478,1576,9935,8548
23950,8902,1478,7093,9935,7284
23951,7856,9972,1294,9935,1772
23952,8902,9972,1576,9935,7145
23953,4237,1693,1319,4573,1772
23954,7856,1478,1576,9935,1772
23955,8902,9972,1294,9935,1772
23956,8902,9972,1576,4985,1772
23957,7856,9972,7093,7591,6
23958,7856,4714,1576,7591,663
23959,9811,666,2183,4573,1772
23960,4237,9972,1319,4573,1516
23961,7856,1478,1576,7591,884
23962,7856,1478,1576,9935,1772
23963,8902,9972,8779,4573,1772
23964,2383,5353,317,8433,884
23965,2383,9972,317,8008,884
23966,7856,1478,240,9801,5177
23967,8902,9972,9436,4573,1772
23968,7856,1478,1319,4573,4611
23969,8902,9972,7851,9935,8341
23970,3890,9972,9436,3537,6438
23971,7856,9493,1576,7591,884
23972,7856,1478,1294,9935,1772
23973,8902,9972,8779,4573,1772
23974,8902,9972,1576,7591,1772
23975,2383,9972,1319,4573,1516
23976,7856,4714,1576,9935,8548
23977,7856,9972,7093,4573,1772
23978,7856,1478,1576,9935,8548
23979,8902,5348,1319,2928,1772
23980,8902,1478,1294,4573,3746
23981,8902,9566,1576,9935,8548
23982,8902,2390,1576,9935,7145
23983,7807,5348,9436,4573,6438
23984,8902,9972,4026,7591,8548
23985,8902,1478,1576,9935,1772
23986,7856,9972,8779,9935,1772
23987,8902,2390,1576,7591,7145
23988,7856,9493,240,7591,884
23989,8902,9972,1294,8650,1772
23990,8902,75,240,7039,1772
23991,7856,9972,1576,9935,4279
23992,8902,9972,7093,7591,1772
23993,8902,9972,1576,9935,1772
23994,7856,1478,1294,4573,3746
23995,8902,9972,7093,9935,884
23996,8902,2463,317,9935,1516
23997,7856,9493,1576,7591,8548
23998,8902,9972,1576,9935,1772
23999,8902,9972,9436,8008,6438
24000,7856,6429,1576,9935,7145
24001,8902,9972,7093,7591,1772
24002,7856,9493,1576,9935,7145
24003,8902,9972,1319,4573,1772
24004,7856,9972,7093,7591,1772
24005,8902,9972,317,9935,1516
24006,7856,1478,4079,7591,3746
24007,7856,1478,2005,9935,1772
24008,3890,9972,9436,4573,8784
24009,7856,9972,1294,4573,6
24010,8902,4714,1576,9935,2422
24011,7856,7294,2005,9935,1772
24012,7856,1478,7093,4573,9331
24013,8902,9972,1576,4985,6992
24014,8902,9972,1576,1592,6
24015,8902,5348,240,6892,1772
24016,7856,9493,1576,9935,8548
24017,7856,2390,1576,9935,1772
24018,8902,9972,8815,9935,2422
24019,7856,9972,7093,9935,1772
24020,9811,666,1319,4573,1772
24021,7856,1478,7093,9935,1772
24022,7856,1478,1576,9935,663
24023,7856,2390,1576,9935,1772
24024,7856,1478,240,4777,3746
24025,8902,4714,1576,9935,9337
24026,8902,9972,9436,8008,884
24027,7856,75,240,7807,7356
24028,7856,1478,2005,9935,8548
24029,8902,9972,1576,9935,1772
24030,8902,9972,1576,9935,8548
24031,8902,9972,7093,4573,6
24032,8902,2390,1576,9935,7145
24033,7856,9972,1576,7591,1772
24034,8902,9972,7093,4573,3660
24035,3890,9972,9436,4573,6438
24036,8902,9972,9436,4573,884
24037,7856,1478,4026,7591,8548
24038,8902,9972,1576,9935,1772
24039,7856,1478,4079,9935,8548
24040,7856,2390,7093,9935,7957
24041,7856,9972,1576,9935,1772
24042,4237,9972,8779,7591,1772
24043,8902,9972,317,9935,3119
24044,8902,9972,1576,1879,8548
24045,7856,9493,5184,7591,7145
24046,8902,1478,7093,9935,1772
24047,7856,1478,3200,9935,8548
24048,7856,1478,1294,9935,1772
24049,8902,9972,1576,9935,1772
24050,8902,9972,7093,4573,1772
24051,8902,9566,7093,9935,7145
24052,7856,1478,1576,7591,9443
24053,7856,1478,1576,9935,1772
24054,7856,1478,1576,9935,1772
24055,8902,9972,1576,9935,1772
24056,8902,1478,1294,9935,6
24057,7856,9493,1576,9935,663
24058,7856,1478,1576,7591,7145
24059,8902,1478,1576,9935,1772
24060,8902,9972,317,9935,6743
24061,8902,9972,1576,1632,6222
24062,8902,9972,9436,9935,1772
24063,8902,2390,9436,8008,884
24064,7856,9972,7093,9935,6
24065,8902,9972,1576,9935,8548
24066,7856,1478,240,2195,5177
24067,7856,9972,1294,1879,7145
24068,7856,2390,1576,9935,7145
24069,7856,1478,7093,4777,8548
24070,8902,2463,1294,9935,9337
24071,7856,1478,240,9935,8548
24072,7856,1478,1576,9935,1772
24073,7856,1478,1576,7591,663
24074,7856,9972,1576,7591,663
24075,7856,9972,2345,9935,5885
24076,8902,9972,9436,4573,884
24077,2383,5353,9436,8433,884
24078,8902,9972,317,4573,1516
24079,7856,9493,1576,8433,884
24080,7856,9493,1576,9935,8548
24081,7856,1478,1294,1879,8784
24082,7856,1478,1294,9935,1772
24083,2383,9972,9436,4573,6438
24084,8902,9493,1576,9935,7145
24085,7856,1478,7093,4573,7284
24086,3890,9972,317,4573,1516
24087,7856,1478,8779,8302,1772
24088,8902,2390,1576,7591,663
24089,7856,9972,1319,4573,6
24090,8902,9972,8779,9935,1772
24091,7856,9972,1294,9935,1772
24092,8902,1478,1576,9935,8548
24093,8902,9972,9436,9935,1772
24094,8902,9972,317,3670,1772
24095,8902,9972,1576,9935,1772
24096,8902,9972,1576,9935,1772
24097,8902,9972,9016,9935,6743
24098,8902,9566,2005,9935,1772
24099,8902,9972,1576,9935,1772
24100,7856,9972,1576,7591,6
24101,8902,9972,1576,1879,7145
24102,8902,1478,240,9935,1772
24103,8902,9972,7093,9935,6
24104,4237,1478,8779,9935,1772
24105,8902,5353,9436,8008,884
24106,7856,7294,1576,9935,8548
24107,9811,5348,2183,3251,1772
24108,3890,9972,9436,5330,3216
24109,3890,9972,9436,4573,6438
24110,8902,9972,1294,9935,6
24111,8902,9972,7093,9935,1772
24112,7856,1478,1576,9935,8548
24113,8902,2463,317,9935,1772
24114,8902,9972,317,4573,3119
24115,8902,9972,9436,4573,6
24116,7856,2390,7093,9935,1772
24117,8902,9972,7093,9935,3746
24118,8902,9972,1576,7591,7356
24119,7856,9972,1576,9935,6
24120,7856,1478,1576,9935,8548
24121,7856,1478,1576,2195,7145
24122,8902,2390,7093,9935,1772
24123,9811,666,1319,4573,884
24124,7856,1478,1576,9935,8548
24125,7856,2463,1576,9935,8548
24126,8902,9972,1294,9935,1772
24127,7856,1478,3200,7591,7145
24128,7807,9972,1319,4573,6438
24129,8902,2390,9016,9935,2422
24130,7856,9972,7093,9935,6
24131,2383,5353,9436,4827,884
24132,8902,9972,7093,9935,7284
24133,7856,6429,1576,9935,1772
24134,8902,9972,317,4573,1772
24135,8902,9972,317,4573,1516
24136,7856,1478,1576,7591,884
24137,8902,9972,1319,4573,3119
24138,8902,1478,1576,9935,1772
24139,8902,9972,1576,9935,8341
24140,8902,9972,317,4573,3119
24141,8902,9972,1294,9935,8548
24142,7856,1478,1294,9935,1772
24143,8902,9972,1576,9935,6
24144,7856,9972,1576,9935,8548
24145,8902,1478,240,9935,1772
24146,8902,6429,9206,9935,2422
24147,8902,5348,317,9935,1772
24148,8902,9972,317,4573,3119
24149,7856,1478,1576,7591,7145
24150,8902,1478,1576,9935,7145
24151,8902,9972,9436,4573,1516
24152,8902,9972,1319,4573,1772
24153,7856,1478,1576,7591,1772
24154,7856,9972,1576,9935,1772
24155,7856,9972,1576,7591,6
24156,8902,9972,1576,9935,2422
24157,7856,3253,240,9935,7145
24158,8902,2390,1576,7591,8548
24159,3890,9972,9436,4573,3119
24160,8902,2390,1576,7591,663
24161,7856,1478,240,1563,5177
24162,8902,2463,1319,4573,3119
24163,8902,9972,317,8008,6438
24164,8902,9972,317,4573,1516
24165,8902,9972,317,9935,1772
24166,8902,9972,8779,9935,1772
24167,7856,1478,1576,7591,8548
24168,8902,2463,1576,9935,1772
24169,8902,1478,317,4573,4611
24170,7856,1478,2005,9935,1772
24171,7807,2463,317,6892,1772
24172,7856,1478,240,4827,884
24173,8902,9972,7093,4573,6
24174,8902,9972,8779,4985,8341
24175,8902,2463,1576,9935,7145
24176,7856,9972,1576,7591,1772
24177,7856,1478,1576,9935,1772
24178,7856,1478,1576,7591,8548
24179,8902,1693,1319,4573,1772
24180,8902,9972,7093,4573,1772
24181,4237,9972,1294,3764,1772
24182,7856,9972,1576,7591,3746
24183,7856,9972,1576,7591,8548
24184,7856,9972,1576,7591,3660
24185,7856,1478,7093,9935,1772
24186,7856,1478,1576,9935,7145
24187,8902,9972,9436,4573,1772
24188,8902,1478,1294,9935,8548
24189,7856,9972,1576,7591,1772
24190,8902,9972,1576,9935,7145
24191,8902,9972,1576,9935,1772
24192,8902,9972,1576,7591,1772
24193,8902,9972,7093,9935,1772
24194,4237,9972,1294,3670,1772
24195,8902,9972,7093,9935,1772
24196,8902,9972,1576,4985,8548
24197,8902,9972,9436,4573,6438
24198,9811,1693,1319,9233,1772
24199,7856,1478,7093,9935,8548
24200,8902,9972,9436,4573,6
24201,4237,1478,1319,4573,9959
24202,8902,9972,9436,4573,6438
24203,7856,1478,1576,7591,8548
24204,7856,9972,1576,7591,663
24205,7856,1478,1576,7591,7145
24206,4237,9972,1294,9935,8548
24207,8902,9972,8779,9935,1772
24208,2383,9493,706,1563,884
24209,7856,1478,1576,7591,7145
24210,7856,1478,1576,9935,8548
24211,7856,1478,7093,4573,1772
24212,8902,1478,7093,9935,884
24213,7856,1478,1294,702,1772
24214,7856,9972,1294,4985,6
24215,7807,1693,240,7070,1772
24216,7856,1478,3200,9935,8548
24217,8902,9972,9436,8433,884
24218,8902,1478,1576,9935,1772
24219,7807,5353,1319,4573,3119
24220,8902,9972,1294,4573,3119
24221,8902,9972,6713,4573,1772
24222,8902,1478,1576,2195,7145
24223,8902,9972,1576,4569,6438
24224,7807,9972,317,7616,3119
24225,8902,9972,1576,9935,7145
24226,7856,2390,1576,9935,7145
24227,4237,7294,7093,9935,9959
24228,7856,1478,1294,4573,1772
24229,7856,9493,1576,9935,8548
24230,7856,1478,1294,9935,1772
24231,8902,1478,1319,9801,463
24232,8902,9972,9436,4573,1772
24233,8902,9972,6713,4573,9840
24234,3890,9972,1319,4573,6438
24235,7856,1478,240,9935,9443
24236,8902,9972,1294,9935,1772
24237,8902,2463,317,9935,3119
24238,7856,1478,2005,9935,9337
24239,7856,1478,4079,7591,7356
24240,8902,9972,7093,9935,1772
24241,7856,1478,3357,1563,1449
24242,7807,5353,9436,4573,884
24243,8902,1478,1576,7591,7145
24244,7856,1478,1294,4777,8548
24245,8902,2463,2005,9935,1772
24246,8902,9972,1576,9935,1772
24247,4237,1478,3661,4573,1772
24248,8902,9972,317,4573,1772
24249,2383,9972,9436,8008,884
24250,7856,1478,7093,9935,1772
24251,7856,1478,1576,9935,7145
24252,8902,9972,7093,9935,1772
24253,8902,9972,1576,9935,663
24254,8902,9972,1576,7591,1772
24255,8902,1478,1576,9935,8548
24256,7856,1478,7093,9935,1772
24257,8902,1478,4079,9935,1772
24258,7856,2390,1576,7591,7145
24259,8902,9972,1576,7591,6
24260,8902,9972,1319,4573,6438
24261,7856,9493,1576,9935,8548
24262,2383,9972,1294,2195,884
24263,8902,9972,7093,4573,663
24264,2383,5353,240,8433,884
24265,8902,9972,1576,9935,7145
24266,8902,9972,1576,7591,1772
24267,8902,9972,1576,9935,1772
24268,8902,1478,1576,9935,8548
24269,7856,1478,1576,7591,1772
24270,8902,9972,317,3670,1772
24271,8902,1478,1294,9935,6
24272,8902,1478,1576,4777,1772
24273,7856,1478,8854,3945,884
24274,7856,9493,1576,8302,7145
24275,7856,1478,7093,4573,4611
24276,7856,1478,1576,9935,8548
24277,7856,2390,1576,9935,8548
24278,7856,1478,8779,9935,3746
24279,8902,9972,1576,4573,1772
24280,7856,9972,9436,9935,1772
24281,2383,2463,240,9935,884
24282,8902,9972,317,9935,1772
24283,8902,9972,1576,9935,3660
24284,3890,9972,9436,8008,884
24285,3890,9972,1576,4777,884
24286,8902,9972,1576,9935,1772
24287,7856,9972,7093,4573,6
24288,7856,1478,1294,4777,1772
24289,7856,1478,7093,9935,1772
24290,7856,9566,2005,9935,1772
24291,8902,9972,1576,9935,7145
24292,7856,9972,1576,9935,1772
24293,8902,9972,1576,9935,663
24294,7856,75,240,9935,9443
24295,7856,2390,1576,9935,7145
24296,7856,9972,1576,9935,8548
24297,8902,5353,9436,8008,884
24298,8902,9972,1294,4573,3119
24299,8902,9972,1294,9935,8548
24300,7856,990,3647,9935,7145
24301,8902,9566,1576,9935,8548
24302,7856,1478,1576,9935,7145
24303,7856,1478,7093,9935,6
24304,7856,1478,8779,2195,3746
24305,7856,1478,1576,9935,9337
24306,7856,1478,240,7591,8548
24307,8902,9972,1576,4573,3746
24308,8902,9972,7093,4573,3660
24309,8902,9972,7093,9935,1772
24310,7856,1478,1576,9935,1772
24311,8902,9972,1576,4985,8341
24312,8902,9972,1576,4985,6743
24313,7856,4714,1576,7591,4202
24314,7856,1478,7093,9935,1772
24315,7856,9972,9902,7591,6743
24316,8902,9972,1576,9935,8341
24317,7856,9972,1576,9935,1772
24318,8902,2390,1576,9935,7145
24319,7856,2390,1576,7591,7145
24320,7856,1478,1576,7591,8548
24321,7856,3253,1576,7591,8541
24322,8902,9972,1576,9935,1772
24323,8902,9972,9436,4573,1516
24324,8902,1478,7093,9935,9222
24325,7856,1478,7093,9935,998
24326,7856,1478,2005,9935,1772
24327,7856,1478,1576,9935,8548
24328,7856,4714,1576,7591,8548
24329,7856,1478,1294,7591,8548
24330,7807,9972,1294,9935,9222
24331,8902,2390,1576,9935,1772
24332,8902,9972,8779,9935,1516
24333,8902,9972,9436,8008,884
24334,8902,9972,1294,9935,6
24335,8902,2463,1576,9935,1772
24336,8902,2390,1576,9935,884
24337,8902,2390,9436,4573,884
24338,8902,9972,8779,9935,1772
24339,8902,9972,9436,4573,6438
24340,8902,1478,1576,9935,8548
24341,7856,1478,240,8302,9443
24342,8902,9972,9436,4573,6438
24343,8902,1478,2005,9935,1772
24344,8902,9972,1319,4573,3119
24345,7856,1478,1576,7591,1772
24346,8902,1693,240,7039,1772
24347,8902,9972,9436,4573,6438
24348,8902,1478,7093,9935,884
24349,3890,9972,1319,4573,6438
24350,4237,1478,8779,702,1772
24351,7856,1478,240,1563,8548
24352,8902,9972,1576,4985,3660
24353,8902,9972,1319,4573,1772
24354,8902,5348,3295,6892,1772
24355,8902,9972,9436,8433,884
24356,8902,9972,1576,1304,884
24357,8902,9972,2005,9935,1772
24358,8902,9972,317,8008,1772
24359,8902,9972,1576,9935,663
24360,8902,9972,1576,9935,6
24361,7856,9493,1576,9935,7145
24362,7856,9972,1576,7591,8548
24363,8902,9972,8779,9935,1772
24364,7856,9972,7093,9935,1772
24365,7856,1478,7093,9935,7356
24366,7856,1478,7093,9935,8548
24367,4237,1478,1294,702,8548
24368,7856,9972,1576,7591,884
24369,7856,1478,1576,9935,8548
24370,7807,5348,1319,4573,1772
24371,7856,1478,1576,9935,8548
24372,8902,9972,317,4573,1772
24373,8902,1478,1319,8008,1772
24374,3890,9972,9436,4573,6438
24375,8902,9972,9436,8008,884
24376,7856,9972,1576,9935,1772
24377,7856,2390,1576,7591,663
24378,8902,5353,1576,9935,7145
24379,8902,5348,1319,4573,2462
24380,8902,9972,1576,4573,1772
24381,8902,9972,1576,9935,884
24382,7856,9972,1576,7591,3746
24383,9811,666,240,7039,884
24384,8902,2463,9016,9935,7145
24385,8902,5353,317,8008,9840
24386,8902,5348,7205,7616,6441
24387,7856,3253,240,7591,7356
24388,7856,9972,1576,9935,1772
24389,8902,9972,317,4569,6743
24390,8902,9972,1576,9935,1772
24391,8902,2390,1576,9935,663
24392,7856,1478,7093,1902,1772
24393,8902,9972,317,4573,3119
24394,7856,9972,1576,9935,7145
24395,8902,9972,1576,4573,6438
24396,8902,9972,1294,9935,8548
24397,7856,1478,8779,4573,3746
24398,8902,1478,7093,9935,1772
24399,7856,9493,1576,7591,9443
24400,7856,9972,7093,4573,1516
24401,7856,1478,2005,9935,4279
24402,8902,75,240,8008,1772
24403,7807,9972,1319,1762,6992
24404,8902,9566,1576,9935,1772
24405,7856,9972,1576,9935,663
24406,7856,1478,8779,1563,9443
24407,7856,9972,1576,7591,8548
24408,8902,9972,9436,9935,663
24409,7856,9972,1576,7591,1772
24410,8902,9972,1576,9935,1772
24411,7856,9972,7093,9935,884
24412,7807,9972,1294,4573,8784
24413,9811,1693,1319,3326,1772
24414,7856,1478,7093,9935,998
24415,7856,1478,1294,7807,9959
24416,2383,5353,1319,8008,884
24417,8902,9972,1576,9935,7145
24418,8902,9972,9436,7591,6743
24419,7856,1478,7093,9935,8548
24420,7856,75,7093,9935,8548
24421,8902,666,1319,4573,1772
24422,8902,9972,1576,9935,8548
24423,7856,1478,1294,1563,3746
24424,7856,4714,1576,7591,663
24425,8902,9972,1576,9935,1772
24426,8902,9972,1294,8650,1772
24427,8902,9972,1576,9935,1772
24428,7856,1478,7093,9935,1772
24429,8902,9972,1576,7591,7145
24430,7856,9493,4026,7591,8548
24431,7856,1478,7093,4777,8548
24432,3890,9972,9436,4573,6438
24433,8902,9972,1576,9935,6
24434,7856,9972,1576,9935,1772
24435,7856,1478,1576,7591,1772
24436,7856,4714,1576,7591,663
24437,8902,9972,9016,9935,3660
24438,7856,1478,1576,9935,663
24439,7856,1478,1576,7591,7145
24440,8902,9972,8779,4985,8341
24441,8902,5348,1294,8433,1772
24442,7856,1478,2005,9935,8548
24443,8902,1478,1294,9935,4279
24444,8902,5348,1319,3670,1772
24445,7856,1478,1576,7591,9443
24446,8902,9972,9436,2900,1772
24447,4237,9972,1576,4573,6
24448,7856,9972,1576,7591,7145
24449,4237,75,240,9233,477
24450,8902,9972,1576,9935,663
24451,4237,1478,7093,4573,6
24452,7856,1478,1294,9935,1772
24453,8902,7294,1294,9935,8548
24454,8902,9972,1576,9935,2422
24455,7856,2390,1576,7591,9443
24456,3890,9972,9436,4573,6438
24457,7856,1478,7093,9935,1772
24458,8902,9972,8815,9935,6
24459,7856,1478,1576,2195,9443
24460,4237,1478,1319,4573,2462
24461,7856,4714,1576,7591,884
24462,4237,1478,6713,4573,1772
24463,8902,9972,1576,4985,7821
24464,7856,1478,2005,9935,1772
24465,8902,9972,1294,9935,1772
24466,7856,1478,1576,9935,1772
24467,4237,1478,1319,4573,5177
24468,7856,2390,1576,9935,7145
24469,7856,1478,240,1864,7356
24470,8902,9972,1576,9935,1772
24471,8902,9972,1576,9935,1772
24472,8902,9972,1294,1879,1772
24473,7856,4714,4026,9935,8548
24474,8902,1478,1576,9935,1772
24475,7856,2390,1576,9935,1772
24476,8902,4714,1576,4985,663
24477,8902,9972,1576,9935,8341
24478,7856,1478,1294,7591,8548
24479,7856,1478,3357,7591,884
24480,8902,1478,240,7591,9443
24481,8902,1478,7093,9935,1449
24482,3890,9972,9436,4573,6438
24483,7856,9972,1576,7591,3660
24484,8902,9972,1576,7591,8548
24485,7856,1478,8779,2195,998
24486,8902,9972,1576,9935,1772
24487,8902,1478,240,9935,8548
24488,7856,1478,240,7591,7356
24489,7856,2390,1576,9935,8548
24490,8902,9972,1576,8433,884
24491,7856,3253,1576,9935,663
24492,7856,1478,7093,4573,1772
24493,8902,9972,9436,4573,884
24494,3890,9972,9436,3537,6438
24495,8902,1478,240,4573,477
24496,8902,9972,8815,9935,1772
24497,7856,1478,2005,9935,1772
24498,7807,5353,1319,4573,884
24499,4237,1478,1319,1563,2462
24500,8902,1478,1576,9935,1772
24501,4237,1693,1319,4573,1772
24502,7856,9972,1576,7591,884
24503,7856,1478,240,1563,884
24504,8902,9972,1576,9935,1772
24505,8902,9972,9436,4573,1772
24506,8902,9972,1576,8433,884
24507,7856,1478,7093,9935,7284
24508,7856,2390,1576,7591,7145
24509,7856,75,240,1563,1772
24510,8902,9972,7093,4573,6
24511,7856,1478,1576,9935,1772
24512,8902,9972,9436,4573,884
24513,8902,9972,9436,9935,1772
24514,8902,9972,9436,4573,1772
24515,8902,9972,1576,1879,6
24516,8902,1478,7093,4573,6
24517,8902,1478,1294,4573,6
24518,8902,9972,1294,3764,1772
24519,3890,9972,9436,4573,6438
24520,7856,9566,1576,9935,1772
24521,8902,5353,240,4827,884
24522,8902,9972,1576,9935,6813
24523,8902,9972,9016,8008,6743
24524,2383,5348,2183,4573,9222
24525,7856,9972,1294,9935,7145
24526,3890,9972,9436,9742,884
24527,7856,9566,1576,9935,663
24528,8902,2390,1576,9935,8548
24529,8902,9972,1294,3764,6743
24530,7856,1478,1294,9935,8548
24531,4237,9972,317,4573,2633
24532,8902,1478,1576,9935,8548
24533,7856,9972,8779,702,1772
24534,7856,1478,1576,7591,1772
24535,8902,9972,1576,9935,6
24536,7856,1478,7093,9935,1772
24537,4237,9972,4079,1781,1772
24538,7856,3253,8854,8302,7145
24539,8902,9972,1576,9743,6222
24540,8902,9972,1294,9935,8548
24541,7856,1478,1576,7591,8548
24542,8902,2463,1294,9935,1772
24543,7856,9972,1576,7591,8548
24544,8902,5353,9436,4573,1772
24545,7856,1478,1576,9935,8548
24546,8902,9972,1576,9935,663
24547,8902,9972,1576,9935,1772
24548,8902,1693,6713,4573,9840
24549,8902,5353,9016,4827,884
24550,7856,1478,2005,9935,8604
24551,7856,1478,1576,5046,1772
24552,2383,9972,9436,4573,884
24553,7856,2390,1576,7591,884
24554,8902,1693,1319,4573,9222
24555,8902,9972,1576,9935,1772
24556,7856,1478,7093,9935,663
24557,8902,5348,2005,9935,1772
24558,7856,9972,1576,9935,8548
24559,8902,9972,7093,9935,1772
24560,8902,2390,1576,9935,2422
24561,2383,9972,9436,4827,884
24562,8902,9972,1319,1762,6992
24563,8902,9972,9436,4573,1772
24564,8902,9972,9016,9935,6743
24565,8902,9972,7851,9935,1549
24566,8902,9972,317,9935,884
24567,3890,9972,9016,4827,884
24568,8902,9972,1294,9935,1772
24569,8902,2390,1576,9935,1772
24570,8902,9972,9436,4573,6438
24571,8902,9972,9016,9935,2422
24572,8902,9972,317,9935,1516
24573,7856,1478,8779,4573,1772
24574,3890,9972,9436,2969,1516
24575,7856,9566,2005,9935,1772
24576,3890,9972,8779,7039,6992
24577,8902,9972,1576,9935,1772
24578,7856,9566,1576,9935,1772
24579,2383,9972,9436,4827,884
24580,8902,9972,1576,9935,1772
24581,8902,1478,1576,9935,1772
24582,8902,2390,317,9935,7145
24583,8902,9972,9436,8008,6438
24584,7856,1478,1576,7591,1772
24585,7856,2390,317,1304,884
24586,7856,9493,3647,9935,7145
24587,7856,1478,240,9935,8548
24588,8902,9972,1294,1879,6992
24589,7856,1478,1576,7591,7145
24590,7856,1478,1576,9935,8548
24591,7856,1478,240,1563,5177
24592,8902,9972,1294,8433,1772
24593,7856,9972,1576,7591,1772
24594,8902,9972,1576,9935,7145
24595,8902,9972,7093,9935,1772
24596,7856,1478,1576,9935,663
24597,8902,2390,1576,7591,7145
24598,7856,9972,1576,9935,8548
24599,2383,5353,9436,4731,884
24600,8902,9972,317,7616,9840
24601,2603,9972,9939,4573,1772
24602,7856,9972,1576,9935,1772
24603,8902,9972,9436,4573,884
24604,8902,9972,1576,9935,1772
24605,8902,1478,2005,9935,1772
24606,7856,1478,240,2195,8548
24607,8902,9972,1576,9935,1772
24608,8902,666,1319,3670,884
24609,8902,9972,1576,9935,6
24610,7856,1478,240,7591,8541
24611,7856,1478,240,1563,884
24612,7856,9972,1576,7591,884
24613,8902,9972,317,4573,1772
24614,8902,666,9436,3670,884
24615,8902,9972,9016,9935,1772
24616,4237,9972,1576,4573,6
24617,7856,1478,7093,9935,1772
24618,7856,1478,1576,7591,7145
24619,8902,1478,7093,9935,1772
24620,8902,5353,1576,8433,884
24621,3890,9972,5055,4573,8784
24622,2603,9972,9436,4573,6438
24623,7856,2390,7093,9935,1772
24624,8902,9972,7093,9935,884
24625,8902,1478,240,9935,3746
24626,7856,1478,240,7591,3746
24627,7807,5348,1319,9481,9840
24628,8902,9972,1319,3670,1772
24629,8902,9972,7093,9935,1772
24630,7856,9972,7093,4573,6
24631,8902,1478,2005,9935,9337
24632,8902,1478,1294,9935,1772
24633,7856,4714,7093,4985,2422
24634,8902,9972,8779,9935,1772
24635,7856,75,240,7039,2462
24636,7856,2390,1576,9935,1772
24637,7407,9972,1576,4985,1772
24638,7856,9972,8779,9935,8548
24639,8902,5348,3295,9935,8561
24640,8902,9972,1576,7591,1772
24641,7856,1478,1576,7591,7145
24642,8902,666,240,6892,1772
24643,8902,1693,6713,6892,1772
24644,7856,9972,1294,9935,8548
24645,8902,5353,317,9935,1772
24646,8902,9972,1576,9935,1772
24647,7856,1478,317,4573,4611
24648,4237,1478,1294,413,8784
24649,7856,1478,1294,9935,1772
24650,7407,9972,1576,9935,5260
24651,7856,1478,1576,7591,9443
24652,7856,3253,1576,7591,8548
24653,8902,9972,1294,9935,1772
24654,8902,9972,8779,9935,6
24655,7856,1478,1576,7591,8548
24656,8902,9972,317,4573,1772
24657,8902,9972,9016,8433,884
24658,8902,2390,1576,9743,6992
24659,7856,9972,1576,7591,884
24660,8902,9300,317,9935,4279
24661,2383,9972,1576,3764,1772
24662,4237,1478,1294,9935,1772
24663,8902,9972,1576,9935,1772
24664,2383,9972,317,9935,884
24665,8902,9972,317,7591,7957
24666,8902,9972,9016,3764,6743
24667,8902,5353,317,8008,6743
24668,7856,75,240,1563,7356
24669,7856,9972,1576,7591,8548
24670,8902,1478,1294,9935,1772
24671,9154,9972,2345,7591,6743
24672,9811,666,240,7039,2796
24673,7856,1478,1576,7591,7957
24674,8902,1693,1319,4573,1772
24675,7856,9972,1576,9935,8548
24676,8902,9972,1294,9935,8548
24677,7856,1478,1576,9935,8548
24678,7856,3253,240,7591,7356
24679,7856,1478,7093,9935,1772
24680,7856,9972,1576,4573,1772
24681,8902,9566,1576,9935,663
24682,8902,1693,317,9233,1772
24683,7856,1478,1294,9935,8548
24684,8902,2390,1576,9935,1772
24685,7856,1478,1576,7591,8548
24686,7856,9566,7093,7591,7145
24687,7856,1478,1576,9935,8548
24688,8902,4714,317,9743,7145
24689,8902,9972,1319,7616,1772
24690,7856,4714,1576,9935,7145
24691,7856,1478,240,2195,3746
24692,4237,1693,1319,4573,1772
24693,8902,5353,1294,8433,1772
24694,7856,1478,1576,2195,7145
24695,7856,1478,1294,9935,1772
24696,7807,9972,9436,6892,884
24697,8902,1478,1294,9935,8548
24698,8902,9566,1576,9935,8548
24699,8902,9972,1576,4573,1772
24700,8902,9972,8779,9935,1772
24701,8902,9972,2005,9935,1772
24702,7856,1478,2005,9935,1772
24703,8902,9972,317,9935,6743
24704,7856,75,240,7591,7356
24705,8902,9972,1576,9935,6743
24706,7856,1478,1576,7591,3746
24707,8902,9972,9436,4573,6438
24708,7856,1478,1576,7591,8548
24709,3890,9972,9436,4827,884
24710,8902,9972,1576,9935,1772
24711,5525,6250,1576,9935,1772
24712,7856,6429,1576,9935,8548
24713,8902,9972,1576,9935,8548
24714,3890,9972,9436,8008,6743
24715,7856,1478,1576,7591,8548
24716,7856,9972,7093,4573,6
24717,7856,1478,7093,9935,1772
24718,8902,9972,1319,3670,8784
24719,7856,9566,1576,9935,1772
24720,7856,9972,7093,9935,1772
24721,8902,9972,1576,9935,9337
24722,7856,1478,1576,7591,8548
24723,7856,9972,1576,7591,7145
24724,8902,9972,9436,4573,1516
24725,7856,1478,1576,9935,8548
24726,7856,9566,1576,9935,1772
24727,7856,75,240,7591,8548
24728,8902,9972,1294,9935,1772
24729,8902,2463,1576,8433,884
24730,8902,1478,1294,4573,9959
24731,8902,9972,9436,4573,6438
24732,2383,9972,317,8008,1772
24733,8902,1478,7093,9935,1772
24734,8902,9972,7093,9935,1772
24735,7856,1478,1576,9935,1772
24736,8902,9972,9436,4569,884
24737,8902,1478,1319,4573,3746
24738,7856,9972,1294,1879,8548
24739,7856,1478,1576,9935,1772
24740,7856,9566,1576,9935,8548
24741,7856,1478,7093,9935,884
24742,7856,9972,7093,9935,6
24743,7856,7294,1294,9935,8548
24744,8902,75,1319,4573,884
24745,8902,9972,7093,9935,1772
24746,4237,1478,1294,9935,8548
24747,8902,9972,1576,9935,1772
24748,7856,1478,1294,9935,1772
24749,8902,9972,1576,9935,663
24750,7856,1478,1576,8302,7145
24751,8902,5348,1294,9935,1772
24752,8902,9972,9436,3670,884
24753,7856,1478,1294,9935,1772
24754,8902,1478,7093,9935,884
24755,8902,9972,7093,9935,1772
24756,7856,1478,7093,9935,8548
24757,8902,1478,7093,9935,6
24758,8902,1693,1319,4573,6441
24759,7856,3253,2005,9935,1449
24760,8902,9972,1576,9935,1772
24761,7856,1478,1576,9935,8548
24762,8902,2463,317,9935,1772
24763,3890,9972,9016,8008,884
24764,7856,1478,1319,1563,2462
24765,8902,5353,1294,8433,8784
24766,7856,1478,1576,9935,1772
24767,7856,1478,7093,9935,3746
24768,7856,1478,7093,4573,9959
24769,4237,9972,7093,9935,1772
24770,8902,9972,1576,5046,7145
24771,7856,1478,240,9935,9443
24772,8902,5348,240,8433,1772
24773,8902,9972,317,9935,6743
24774,8902,2390,7093,9935,1772
24775,7856,1478,7093,7591,7145
24776,7856,1478,2005,9935,1772
24777,8902,9972,9436,4573,6438
24778,7856,1478,3357,1563,8541
24779,8902,9972,317,7591,7145
24780,7856,1478,7093,4573,6
24781,8902,9972,8779,9935,1772
24782,8902,9972,1319,7616,1772
24783,8902,9972,1576,9935,1772
24784,7856,9493,1576,9935,8548
24785,8902,9972,9436,4573,1772
24786,7856,9493,1576,9935,7145
24787,7856,9972,1576,7591,8548
24788,8902,9972,9436,4573,1516
24789,8902,5348,1319,7070,9840
24790,8902,9972,317,9935,1772
24791,8902,9972,6713,4573,1772
24792,7856,9566,1576,9935,1772
24793,7856,1478,7093,9935,9443
24794,7856,1478,7093,4573,6
24795,8902,9972,1294,478,1772
24796,7856,9566,2005,9935,663
24797,4237,9972,8779,4573,3746
24798,7856,1478,2005,9935,1772
24799,7856,1478,1294,9935,8548
24800,7856,2390,1576,9935,663
24801,8902,9972,8779,478,1772
24802,4237,1478,8779,4573,3119
24803,2383,5353,9436,5330,884
24804,8902,9972,1576,9935,1772
24805,7856,1478,8779,4573,1772
24806,8902,5353,240,2195,7145
24807,8902,9972,1576,9935,7145
24808,8902,9972,1294,9935,3119
24809,4237,9972,7093,4573,1772
24810,8902,9972,7093,4573,7284
24811,8902,9972,317,4573,1772
24812,8902,9972,1294,9935,3119
24813,7856,1478,7093,4573,1772
24814,8902,9972,9436,4573,6438
24815,8902,9972,1576,9935,1772
24816,7856,1478,7093,9935,1772
24817,7856,9972,9016,9935,1772
24818,8902,5348,7205,9935,1772
24819,8902,1478,1294,9935,8548
24820,8902,5353,1319,4573,9840
24821,8902,9972,317,8008,1772
24822,7856,9972,1319,4573,1772
24823,7856,1478,1576,9935,7356
24824,2383,5353,317,8008,884
24825,7856,1478,8779,9935,1772
24826,2383,666,1319,8008,884
24827,8902,9972,1576,7591,884
24828,8902,9972,8779,9935,1772
24829,7856,1478,1294,9935,3746
24830,7856,9566,1576,9935,663
24831,7856,3253,1576,7591,8548
24832,7856,1478,2005,9935,1772
24833,7856,2390,1576,9935,663
24834,8902,9972,1576,3764,1772
24835,7856,9972,8779,7591,3746
24836,2383,666,240,9857,884
24837,7856,9972,1576,9935,7145
24838,7856,1478,1576,9935,1772
24839,7856,9566,2005,9935,1772
24840,7856,1478,8779,2195,3746
24841,8902,9972,1576,9935,1772
24842,7856,9972,1576,9935,1772
24843,8902,7294,1294,9935,8548
24844,9811,5348,240,1532,1772
24845,7856,3253,8854,9935,663
24846,7856,1478,4026,9935,8548
24847,8902,1478,7093,9935,1772
24848,7856,1478,7093,9935,884
24849,7856,1478,1294,7591,3746
24850,8902,9972,9016,9935,2422
24851,8902,1478,1576,9935,1772
24852,4237,1478,7093,4573,3746
24853,7856,2390,1576,7591,8548
24854,2383,666,9044,1563,884
24855,7856,4714,1576,7591,884
24856,7856,1478,1576,9935,8548
24857,8902,9972,9436,4573,1772
24858,7856,1478,1576,7591,6
24859,7856,9972,1294,7591,7145
24860,8902,9972,7093,9935,3660
24861,8902,9972,1576,7591,1772
24862,8902,9972,7093,4573,6
24863,8902,1478,1576,9935,1772
24864,8902,9566,1576,9935,7145
24865,2383,666,9436,7591,3216
24866,8902,1478,1294,9935,8784
24867,7856,1478,8779,7591,3746
24868,8902,9972,1294,9935,1772
24869,7407,9972,1576,9935,1772
24870,8902,1478,7093,4777,7145
24871,4237,9972,6713,4573,1772
24872,9811,1693,240,7039,1772
24873,9811,9972,240,1563,884
24874,8902,2463,1576,9935,663
24875,8902,9972,9436,5046,884
24876,2603,2390,9436,8008,6438
24877,8902,666,240,8433,884
24878,8902,9972,1576,9935,1772
24879,7856,1478,1576,478,7145
24880,8902,9972,7093,4573,1772
24881,7856,9566,1576,9935,1772
24882,7856,1478,1576,9935,8548
24883,8902,9972,1294,9935,3746
24884,8902,9972,1576,9935,2422
24885,8902,9972,9436,4573,1772
24886,8902,9972,317,4573,1772
24887,8902,5348,240,9935,7284
24888,8902,9972,9436,8008,6743
24889,4237,1693,1319,4573,6441
24890,7856,1478,1576,9935,7284
24891,7856,9972,1576,9935,8548
24892,7856,1478,1576,9935,8548
24893,8902,1478,4079,9935,998
24894,8902,2463,7093,9935,1772
24895,8902,9972,1576,9935,8341
24896,7856,9972,317,8008,1772
24897,8902,1478,1576,2195,8548
24898,7856,1478,240,9935,8548
24899,7856,3253,8854,5869,238
24900,7856,1478,1576,9935,1772
24901,8902,9972,9436,3326,1772
24902,8902,9972,317,9935,1772
24903,8902,9972,1576,9935,663
24904,7856,1478,2005,9935,1772
24905,8902,9972,1576,7591,7145
24906,7856,1478,1576,7591,7145
24907,8902,1478,8779,9935,1772
24908,7856,9972,1576,7591,8548
24909,7856,9972,7093,7591,1772
24910,8902,9972,1294,1879,3746
24911,8902,9972,1576,9935,1772
24912,8902,1478,7093,9935,1772
24913,7856,1478,240,1563,7356
24914,2383,5353,1576,4827,884
24915,7856,1478,1576,9935,7145
24916,8902,9972,317,9935,1772
24917,8902,2390,1576,9935,7145
24918,8902,1478,2005,9935,8548
24919,8902,9972,9436,4573,6
24920,8902,9972,1576,9743,7145
24921,8902,2463,1576,9935,1772
24922,8902,9972,1576,4573,1772
24923,7856,1478,2005,9935,1772
24924,8902,9972,1319,4573,3746
24925,7856,1478,240,9935,8548
24926,8902,2390,7093,9935,2422
24927,7856,1478,7093,4573,6
24928,7856,4714,1576,7591,8548
24929,7856,1478,1576,9935,9385
24930,8902,9972,240,1864,884
24931,8902,1478,1576,9935,1772
24932,8902,9972,1294,4573,6438
24933,7856,9972,8779,9935,1772
24934,8902,9972,1294,5812,6222
24935,7856,1478,7093,9935,1772
24936,7856,2390,1576,7591,663
24937,8902,9972,9436,4573,3660
24938,7807,5348,1319,4573,9222
24939,8902,9566,1576,9935,1772
24940,7856,1478,2005,9935,8548
24941,7856,1478,2005,9935,1772
24942,7856,75,240,2195,3746
24943,7856,9972,1576,9935,5260
24944,8902,9972,9016,9935,6743
24945,7856,1478,240,2195,3401
24946,7407,9972,9016,3764,6
24947,4237,7294,2005,9935,1772
24948,8902,9972,317,4573,1772
24949,8902,9972,1294,9935,3119
24950,8902,9972,1576,9935,884
24951,7856,4714,1576,7591,884
24952,8902,75,1294,3670,1772
24953,8902,1478,1576,2195,8548
24954,7856,9566,1576,9935,8548
24955,7856,9972,1576,4573,6
24956,7856,1478,1576,7591,7356
24957,7856,1478,1576,9935,8548
24958,8902,2390,1576,4985,6901
24959,3890,9972,9436,4573,6438
24960,8902,9493,9044,8433,884
24961,8902,9972,1576,9935,3660
24962,7856,1478,1576,7591,7145
24963,8902,9972,1576,9935,8548
24964,7407,4714,9016,7591,884
24965,7856,1478,1294,9935,1772
24966,7856,9972,9436,4573,6
24967,7856,1478,7093,9935,1772
24968,7856,4714,1576,7591,663
24969,7856,9972,1576,7591,6
24970,8902,9972,9436,4573,884
24971,8902,9972,9436,4573,1772
24972,7856,1478,317,4573,998
24973,3890,9972,9436,4573,6438
24974,7856,9972,1576,7591,8548
24975,7856,9972,1576,7591,3660
24976,8902,1478,7093,9935,1772
24977,7856,9972,8779,9935,1772
24978,7856,1478,1576,7591,884
24979,8902,9972,1576,9935,1772
24980,7856,1478,7093,9801,7356
24981,7856,2390,1576,9935,7145
24982,8902,9972,9016,7178,7145
24983,2383,2390,317,7039,1516
24984,7856,3253,240,7591,8548
24985,7856,9493,240,9935,9443
24986,8902,9972,1576,9935,3660
24987,7856,9972,1576,7591,1772
24988,7856,1478,1576,9935,7145
24989,7856,1478,1576,9935,7145
24990,7856,1478,1576,9935,1772
24991,7856,9972,1576,9935,1772
24992,8902,9972,7093,9935,1772
24993,7856,9972,1294,7591,8548
24994,7856,9972,1576,7591,8548
24995,7856,1478,1576,7591,7145
24996,7856,4714,1576,7591,884
24997,7856,2390,1576,7591,3746
24998,7856,4714,1576,7591,8548
24999,7856,1478,7093,9935,6
25000,7856,9566,1576,9935,8548
25001,7856,1478,4026,7591,8541
25002,8902,9972,1576,4827,1772
25003,8902,9972,9016,1879,6743
25004,8902,2390,9436,3537,884
25005,7856,2390,1576,9935,7145
25006,7856,1478,1576,9935,8548
25007,7856,3253,1576,9935,8548
25008,8902,9972,1576,7591,6
25009,7856,9972,1576,9935,8548
25010,7856,2390,1576,7591,8548
25011,7856,9972,1576,9935,1772
25012,8902,9972,1576,9935,1772
25013,7856,1478,1576,9935,8548
25014,7856,2390,1576,7591,7145
25015,8902,2390,1576,9935,8548
25016,8902,9972,9016,7178,884
25017,7856,2390,1576,7591,7145
25018,7407,4714,5184,9935,8548
25019,7856,2390,1576,7591,7145
25020,7856,3253,1576,7591,7356
25021,7856,9493,1576,7591,8548
25022,7856,666,240,7039,884
25023,8902,9972,1576,4985,8548
25024,7856,9493,1576,9935,7145
25025,7407,4714,1576,9455,7145
25026,7856,1478,1576,8302,8548
25027,7856,9493,8854,7591,884
25028,7856,1478,1576,2195,8548
25029,8902,9972,1576,9935,3660
25030,7856,9972,317,7591,6743
25031,7407,4714,9016,9743,4160
25032,7856,1478,1576,7591,3746
25033,7856,1478,1576,9935,8548
25034,7856,1478,240,7591,3746
25035,8902,9972,7093,9935,6743
25036,7856,2390,1576,7591,8548
25037,7856,2390,1576,7591,884
25038,7856,1478,7093,9935,1772
25039,7856,1478,240,2195,3746
25040,7856,1478,1576,7591,8548
25041,7856,1478,240,7591,884
25042,7856,9493,240,2195,7145
25043,7856,9972,1576,7591,8548
25044,7856,1478,2005,9935,1772
25045,7856,1478,4079,7591,7145
25046,7856,3253,2005,9935,8548
25047,7856,2390,1576,7591,8548
25048,7856,4714,9016,7591,7957
25049,7407,4714,1576,7591,8548
25050,7856,1478,7093,7591,884
25051,7856,9493,1576,7591,884
25052,7856,1478,1319,4573,1516
25053,7856,4714,1576,7591,657
25054,7856,4714,1576,7591,663
25055,7856,4714,1576,7591,884
25056,8902,1478,240,9935,8548
25057,8902,2463,1576,9935,884
25058,8902,1478,1576,9935,8548
25059,8902,9493,1576,9935,8548
25060,7856,4714,1576,7591,8548
25061,7856,4714,1576,9935,8548
25062,8902,9972,1576,4985,1772
25063,7856,1478,1294,2195,8548
25064,8902,9972,1576,7591,3746
25065,8902,1478,1576,9935,7145
25066,7856,9972,1576,9935,1772
25067,7856,1478,1576,4777,7145
25068,7856,1478,4026,7591,8548
25069,7856,3253,4026,2195,9443
25070,7856,3253,1576,7591,884
25071,7856,9566,1576,9935,1772
25072,8902,9972,1576,4985,3660
25073,7407,4714,2225,9935,8548
25074,7856,9972,1576,7591,1572
25075,7856,4714,1576,7591,8548
25076,7856,9972,1576,9935,1772
25077,7856,3253,1576,4777,8548
25078,7856,1478,8854,9935,1895
25079,7856,3253,8854,7591,884
25080,7856,9493,8854,7591,663
25081,7856,666,240,1563,5177
25082,7856,3253,8854,7591,3446
25083,2383,666,9044,4827,884
25084,8902,9972,9436,8008,884
25085,8902,9972,9016,9935,6743
25086,7856,9566,2005,9935,663
25087,7407,6429,2225,9935,9337
25088,7856,1478,1576,9935,1772
25089,7856,2390,1576,7591,8548
25090,8902,2390,1576,1592,7821
25091,8902,9972,1294,9935,1772
25092,7856,75,240,8433,7145
25093,7856,1478,4026,7591,8541
25094,7856,1478,1576,7591,8548
25095,8902,9972,1576,9935,1772
25096,7856,1478,7093,7591,3746
25097,7856,1478,8779,7591,3746
25098,8902,9972,9436,4573,1772
25099,8902,9972,1576,9935,6
25100,8902,9972,1576,9935,1772
25101,7856,1478,240,8302,9443
25102,7856,1478,240,2195,9443
25103,7856,1478,240,1304,9443
25104,7856,1478,7093,7591,6
25105,7856,1478,7093,9935,1772
25106,7856,2390,1576,7591,7356
25107,8902,6429,2345,9935,8341
25108,7856,4714,1576,9935,7145
25109,8902,9566,5184,9935,9385
25110,7856,9493,240,7591,9443
25111,7856,9493,5184,7591,7145
25112,8902,2390,1576,9935,8548
25113,7856,9972,1576,9935,1772
25114,7856,9566,1576,4985,7145
25115,7856,9566,1576,9935,1772
25116,8902,9972,1576,9935,1772
25117,7856,9972,7093,9935,6
25118,8902,2390,1576,7591,663
25119,7856,1478,1576,7591,7145
25120,7856,4714,5184,7591,7145
25121,7856,1478,1576,7591,7145
25122,7856,2390,1576,9935,8548
25123,7856,9972,1576,7591,9959
25124,7856,9972,7093,9935,9337
25125,7856,2390,1576,7039,884
25126,7856,9566,1576,9935,7145
25127,8902,9972,1576,7591,6743
25128,7856,2390,1576,2195,884
25129,7856,1478,1576,7591,3746
25130,7856,9972,1576,7591,663
25131,7407,4714,1576,5812,7995
25132,7407,4714,1576,7591,663
25133,7856,4714,1576,7591,663
25134,8902,9972,1576,9935,8341
25135,8902,9972,1576,9935,6
25136,8902,9972,1576,7591,663
25137,7856,1478,1576,9935,663
25138,7856,2390,1576,4985,8548
25139,8902,9972,1294,7591,8548
25140,7856,9972,317,4573,1772
25141,7856,6429,1576,9935,7145
25142,7856,1478,1576,7591,7145
25143,2383,5353,9044,4731,884
25144,2383,5353,240,4731,884
25145,8902,9972,9436,4573,3216
25146,7856,2390,1576,7591,884
25147,8902,4714,1576,9935,663
25148,7856,4714,1576,7591,663
25149,7856,1478,240,2195,3746
25150,7856,9493,240,9935,9337
25151,7856,1478,1319,1563,2462
25152,7856,9493,240,7591,7145
25153,7856,9972,1576,9935,663
25154,7856,2390,1576,9935,663
25155,7856,2390,1576,9935,7145
25156,7856,1478,1576,9935,8548
25157,7856,9972,7093,4573,1516
25158,8902,2390,317,7591,884
25159,8902,9972,9436,7591,6
25160,8902,2390,1576,8433,7145
25161,2603,9972,9436,1304,9305
25162,8902,9972,1576,9935,1772
25163,8902,9972,1576,9935,1772
25164,7856,3253,1576,7591,8548
25165,7856,2390,1576,7591,8548
25166,7856,3253,1576,7591,884
25167,7856,9493,1576,7591,8548
25168,7856,1478,240,2195,9443
25169,7856,1478,1576,9935,7145
25170,7407,2390,1576,7591,884
25171,7407,4714,1576,4985,4202
25172,7856,4714,1576,7591,884
25173,7856,7946,1576,7591,8548
25174,7856,2390,1576,7591,7957
25175,7856,3253,1576,7591,7145
25176,7856,1478,1576,7591,7145
25177,7856,1478,1576,8302,7145
25178,7856,1478,1576,7591,7145
25179,7856,9972,1576,7591,6
25180,7856,1478,240,7591,9443
25181,7856,1478,8779,2195,1772
25182,7856,4714,8854,7591,7145
25183,7856,4714,5184,9935,8548
25184,7856,4714,8854,7591,7145
25185,7407,4714,1576,4985,7145
25186,7856,9972,1576,9935,2422
25187,7856,4714,1576,7591,7145
25188,8902,2390,9016,9935,663
25189,8902,9972,1576,9935,6
25190,8902,9972,1576,4985,2422
25191,7407,3229,1576,7591,7356
25192,8902,4714,9016,4985,2422
25193,7407,4714,1576,1879,663
25194,8902,6429,1576,1592,8548
25195,7856,4714,8854,7591,884
25196,7856,9493,1576,7591,884
25197,7856,9493,1576,9935,884
25198,7856,9493,8854,7591,7145
25199,7856,1478,1576,9935,8548
25200,7856,3229,1576,7591,8548
25201,7407,9972,1576,4985,3660
25202,8902,9972,1576,9935,7145
25203,8902,9972,9436,9935,1772
25204,2383,9972,9016,8008,6438
25205,2383,5353,1576,4827,884
25206,7856,9972,1576,4985,6992
25207,8902,9972,1576,7591,6
25208,8902,4714,1576,7591,663
25209,7856,4714,1576,7591,7821
25210,7856,2390,1576,9935,9337
25211,7856,4714,1576,7591,884
25212,8902,9972,9436,4573,6438
25213,8902,9972,9436,4573,1772
25214,8902,5353,317,4573,3119
25215,8902,9972,1294,9743,6992
25216,8902,9972,1294,268,7145
25217,8902,1478,1576,9935,8548
25218,8902,9972,1576,3537,884
25219,7856,9493,1576,7591,884
25220,8902,9972,1576,7178,884
25221,7856,9972,1576,7591,884
25222,7856,2390,1576,7591,7145
25223,8902,1478,1576,9935,1772
25224,8902,9972,1576,9743,1772
25225,8902,2390,1576,7591,7145
25226,8902,1478,7093,9935,663
25227,8902,2390,1576,7591,8548
25228,7856,2390,1576,9935,7145
25229,8902,2390,1576,7591,663
25230,8902,9972,9436,4573,6438
25231,8902,9972,1576,7591,663
25232,8902,2390,9436,7591,6
25233,7856,4714,1576,7591,4202
25234,7407,4714,1576,7591,4202
25235,7407,4714,9016,4985,4202
25236,7856,9566,1576,9935,8548
25237,7856,1478,317,9935,7145
25238,7856,9566,1576,7591,8548
25239,7856,2390,1576,4985,7145
25240,7856,1478,1319,4573,3746
25241,7856,1478,1294,2195,3746
25242,8902,9972,9436,4573,6438
25243,2383,9493,9044,9742,884
25244,8902,9972,1576,7591,1772
25245,7856,9566,1576,9935,8548
25246,7856,9493,1576,9935,663
25247,7856,1478,1576,7591,8548
25248,2383,9972,317,4573,3119
25249,3890,9972,9436,4573,6438
25250,3890,9972,9436,8257,3119
25251,8902,9972,1576,7591,1772
25252,7856,9972,1576,9935,3746
25253,8902,9972,317,9935,6743
25254,3474,75,240,7039,884
25255,8902,9972,9436,8008,884
25256,8902,9972,1576,8433,884
25257,7856,4714,9016,7591,7145
25258,7407,9972,9016,7591,2422
25259,7856,9972,9016,7591,6743
25260,7407,4714,1576,9935,6901
25261,7856,4714,1576,4985,7821
25262,7856,9493,1576,9935,7145
25263,2383,666,240,2195,884
25264,8902,9972,317,1304,1772
25265,2383,75,240,8008,884
25266,7856,4714,1576,7591,7356
25267,7856,4714,1576,9935,663
25268,7856,9972,1576,9935,1772
25269,8902,9972,1576,9935,2422
25270,8902,4714,1576,7591,8548
25271,7856,4714,1576,7591,884
25272,7856,1478,240,7591,3746
25273,7856,1478,1576,2195,3746
25274,8902,2390,1576,7591,884
25275,8902,9972,1576,9935,1772
25276,7856,1478,1576,4777,884
25277,8902,9972,1576,9935,7145
25278,7856,9972,1576,7591,1772
25279,8902,9972,8779,7591,6
25280,8902,9972,1576,2195,884
25281,7856,9972,7093,9935,1772
25282,7856,9972,1576,7591,1772
25283,7856,9972,1576,7591,6
25284,7856,9493,1576,9935,7145
25285,7856,9493,1576,9935,7145
25286,7856,1478,1576,7591,3746
25287,8902,9972,9016,4985,6743
25288,7407,9972,1294,5812,6992
25289,8902,9972,9016,4985,3660
25290,7856,1478,1576,9935,8548
25291,7856,4714,1576,7591,8548
25292,7856,1478,1576,7591,884
25293,2383,9972,9436,8008,884
25294,2603,9972,1294,3537,884
25295,3890,9972,9436,3670,6438
25296,7856,75,8854,8433,7145
25297,7856,75,240,2195,884
25298,7856,5353,1576,9935,7145
25299,8902,9972,1576,7591,663
25300,8902,2390,9016,4827,884
25301,8902,9972,1576,9935,1772
25302,7856,4714,1576,7591,8548
25303,7407,4714,1576,7591,8548
25304,8902,4714,1576,9935,8548
25305,8902,1478,1576,9935,1772
25306,7856,2390,8779,9935,1772
25307,8902,9972,7093,9935,1772
25308,8902,9972,1576,3764,6743
25309,2383,9972,9436,4827,884
25310,3890,7134,9436,4827,884
25311,8902,9972,9436,4573,1516
25312,8902,9972,317,4573,3119
25313,8902,9972,9044,9742,884
25314,3890,9972,9436,4573,6438
25315,2383,5353,9016,4827,884
25316,8902,9972,9016,9742,884
25317,7856,2390,1576,9935,1772
25318,7856,2390,1576,9935,8548
25319,7856,9493,1576,9935,1772
25320,7856,2390,1576,7591,884
25321,7856,1478,1576,9935,8548
25322,7856,1478,1576,9935,1772
25323,7856,1478,1576,7591,7145
25324,7856,4714,1576,7591,7145
25325,7856,9493,1576,9935,8548
25326,7856,1478,1576,7591,7145
25327,7856,4714,1576,7591,7145
25328,7856,9972,1576,7591,6
25329,7856,4714,1576,9935,1772
25330,7856,2390,9016,7591,7145
25331,7856,3253,1576,7591,884
25332,7856,1478,240,2195,3746
25333,7856,9493,1576,7591,8548
25334,7856,1478,1576,7591,884
25335,7856,1478,1576,7591,884
25336,7856,1478,1576,7591,1772
25337,7856,2463,1576,9935,8548
25338,7856,4714,7093,7591,884
25339,7856,4714,1576,7591,7145
25340,7856,2390,1576,7591,8548
25341,7856,1478,240,8302,9443
25342,7856,1478,1576,9935,7145
25343,7856,9972,1576,9935,884
25344,7856,9566,1576,7591,7145
25345,7856,9566,1576,7591,8548
25346,7856,9972,1576,7591,8548
25347,7856,1478,1576,9935,9443
25348,7856,9493,3647,9935,7145
25349,7856,3253,8854,7591,3446
25350,7856,9566,1576,9935,8548
25351,7856,1478,1576,9935,8548
25352,7685,6429,9016,9935,2422
25353,7856,9972,1576,9935,3660
25354,7856,9972,1576,7591,7145
25355,7407,4714,1576,7591,8548
25356,8902,9972,1576,7591,7145
25357,8902,9972,1576,9935,7145
25358,7407,9972,1576,478,7145
25359,7856,9493,1576,8433,884
25360,7856,9493,1576,7591,884
25361,7856,2390,1576,4985,7356
25362,7856,1478,1576,7591,884
25363,7856,1478,1576,2195,9443
25364,7856,4714,1576,2195,8548
25365,7856,2390,1576,9935,663
25366,7856,2390,1576,9935,1449
25367,8902,4714,1576,9935,1449
25368,7856,1478,4026,7591,9443
25369,8902,2390,1576,7591,8548
25370,7856,1478,240,268,1772
25371,8902,9566,1576,9935,8548
25372,7856,9972,7093,9935,7145
25373,8902,9972,7093,9935,1772
25374,7856,1478,240,1563,7356
25375,8902,1478,2005,9935,1772
25376,7856,9493,8854,7591,3446
25377,7856,9493,240,7591,7145
25378,7856,9493,1576,7591,884
25379,7856,9493,1576,8302,7145
25380,7856,1478,1576,2195,884
25381,7856,4714,1576,7591,884
25382,7856,2390,1576,7591,884
25383,7856,4714,7093,943,2422
25384,7407,4714,1576,5812,7995
25385,7407,4714,9436,9455,6222
25386,7856,4714,1576,7591,7145
25387,7856,2390,1576,9935,7145
25388,7856,9972,1576,9935,1772
25389,7407,4714,9016,4985,884
25390,7407,4714,1576,7591,663
25391,7856,2390,1576,7591,663
25392,7856,9972,1576,7591,8548
25393,7856,9972,1576,9935,6
25394,8902,9972,1576,9935,663
25395,7856,9566,7093,9935,2422
25396,7856,9566,7093,9935,2422
25397,7407,4714,1576,9935,7821
25398,7856,9566,1576,9935,1772
25399,7856,1478,7093,9935,1772
25400,7856,3253,240,8302,8548
25401,7856,2390,1576,4985,7145
25402,8902,2390,1576,9935,8548
25403,8902,2390,1576,9935,663
25404,3890,9972,9436,3537,6438
25405,3890,2390,1576,3178,884
25406,3890,5353,9436,4827,884
25407,8902,9972,1576,9935,6
25408,7407,4714,1576,4985,884
25409,8902,9972,1576,7591,884
25410,7407,4714,9016,7591,4202
25411,7407,4714,1576,7591,2422
25412,7407,4714,1576,4985,663
25413,8902,9972,7093,9935,6743
25414,8902,2390,7093,943,2422
25415,7407,3229,1576,7591,8548
25416,8902,9972,317,9743,6743
25417,8902,9972,9436,4573,884
25418,3299,3229,9436,7591,3660
25419,8902,9972,9016,4985,6743
25420,8902,9972,9016,7591,6743
25421,8902,9972,9016,7591,6743
25422,8902,9972,1576,7591,8548
25423,7856,1478,1576,7591,9443
25424,7856,1478,1576,9935,8548
25425,8902,2390,9016,4827,884
25426,7407,4714,9016,7591,4202
25427,8902,2390,9016,4985,4160
25428,8902,9972,1576,9935,1772
25429,7856,1478,7093,9935,1772
25430,8902,9972,1576,9935,1772
25431,7856,9972,1576,7591,6466
25432,7856,4714,1576,7591,7145
25433,7856,9972,1576,7591,8548
25434,7856,9972,7093,7591,6
25435,7856,3253,1576,7591,7356
25436,7856,9972,7093,7591,6743
25437,7407,4714,9016,7591,884
25438,7856,4714,1576,7591,8548
25439,7407,4714,1576,7591,4202
25440,7856,2390,1576,9935,7145
25441,7856,3253,7093,9935,191
25442,7856,1478,1576,7591,663
25443,7856,4714,1576,7591,4202
25444,7856,2390,1576,9935,663
25445,7856,4714,8854,9935,9385
25446,7407,4714,1576,7591,4160
25447,7407,4714,1576,4985,7821
25448,7856,9972,1576,9935,1449
25449,7856,75,240,1563,8548
25450,7856,1478,1576,7591,7145
25451,7856,1478,8779,7591,8548
25452,8902,9972,1294,2195,3401
25453,2383,666,240,7039,884
25454,8902,9972,9016,4827,884
25455,8902,4714,1576,7591,8548
25456,8902,9972,1576,4573,6438
25457,8902,4714,1576,4985,663
25458,7407,4714,4026,7591,657
25459,8902,9972,1576,1879,7145
25460,7856,2390,1576,7591,3660
25461,3890,9972,1294,7178,884
25462,8902,9972,9436,5046,884
25463,8902,9972,9436,7591,8784
25464,8902,3229,9016,4985,2422
25465,7856,3229,1576,9935,663
25466,8902,4714,9016,7591,2422
25467,8902,2390,1576,9935,3660
25468,8902,4714,1576,7591,663
25469,8902,2390,1294,4985,8548
25470,2383,5353,240,4827,884
25471,8902,9972,1319,9935,1516
25472,3890,9972,9436,9742,884
25473,7407,4714,9016,1592,7826
25474,7407,4714,9016,4985,4160
25475,7407,4714,1576,7591,8548
25476,8902,9972,7093,7591,1772
25477,7407,4714,1576,5812,4202
25478,7856,9972,1576,9935,8548
25479,7856,2390,1576,9935,7145
25480,7856,2390,1576,9935,7145
25481,7856,1478,5184,9935,2535
25482,7856,2390,1576,7591,7145
25483,7856,1478,1294,7591,8548
25484,7856,1478,1576,7591,8604
25485,7856,9493,5184,9935,7145
25486,7856,1478,1576,2195,8548
25487,7856,9493,8854,2195,884
25488,2383,9972,1576,4827,884
25489,2603,9972,9436,4573,6438
25490,8902,9972,1576,3764,1772
25491,7856,9972,7093,9935,6
25492,7856,4714,1576,9935,8548
25493,8902,4714,1576,7178,884
25494,7856,9972,7093,7591,6743
25495,8902,9972,1576,9935,1772
25496,7856,4714,1576,9935,1772
25497,7856,1478,1576,7591,3746
25498,7856,1478,1576,7591,8548
25499,7856,1478,8779,7591,3746
25500,2383,9972,9436,4573,3216
25501,8902,9972,8779,4573,3119
25502,8902,9972,1576,9935,1772
25503,2383,9972,1576,8433,884
25504,3890,7134,4298,9742,884
25505,2383,9972,9044,4827,884
25506,7856,1478,1294,2195,3401
25507,7856,1478,1576,7591,8548
25508,7856,1478,1576,7591,8548
25509,7407,3229,9016,5812,6222
25510,8902,9972,9016,9935,7826
25511,7407,4714,1576,9935,7826
25512,8902,9972,9436,7591,6
25513,2603,9972,9436,4573,1516
25514,3890,9972,317,3670,884
25515,8902,2390,1576,7591,663
25516,8902,9972,1576,9935,1772
25517,8902,2390,1576,4985,663
25518,7856,1478,240,7591,3746
25519,7856,1478,1576,7591,8548
25520,7856,1478,1576,7591,3746
25521,8902,2390,1576,7591,884
25522,8902,2390,1576,4985,3660
25523,8902,9972,1294,4573,3119
25524,8902,9972,1576,9935,7145
25525,8902,9972,1576,4985,6992
25526,8902,9972,1576,9935,663
25527,7856,9493,1576,8302,7145
25528,7856,2390,1576,7591,8548
25529,7856,75,240,9935,8548
25530,8902,9972,9436,4573,884
25531,3890,5353,1576,4731,7995
25532,2383,9972,9436,9742,884
25533,8902,9972,1576,3537,884
25534,3890,9972,9436,3670,1516
25535,3890,9972,9436,4573,6438
25536,7856,1478,1576,9935,8548
25537,7856,9972,1576,9935,663
25538,7856,2390,1576,7591,7145
25539,8902,9972,9016,5812,6222
25540,8902,9972,1294,3646,3216
25541,8902,9972,1576,4985,3660
25542,7856,9972,1576,9935,1772
25543,7856,1478,4826,1304,9443
25544,7856,9972,317,3670,1772
25545,7856,9972,1576,9935,6
25546,7856,9493,1576,9935,663
25547,7856,9493,1576,9935,1449
25548,7856,4714,1576,7591,884
25549,7856,2390,7093,9935,2422
25550,7856,1478,1576,9935,1772
25551,7856,9972,1576,9935,1772
25552,7856,9972,8779,9935,1772
25553,7856,9972,1576,7591,8548
25554,7856,4714,1576,7591,4160
25555,7856,4714,1576,7591,4160
25556,7856,2390,1576,7591,7957
25557,3890,9972,1294,292,8784
25558,8902,9972,9016,4827,884
25559,3299,9972,9436,9742,884
25560,7856,4714,1576,7591,884
25561,7856,9566,1576,9935,8548
25562,7856,4714,1576,4985,663
25563,8902,2390,1576,9935,8548
25564,8902,2390,1576,1879,884
25565,7856,4714,1576,7591,663
25566,7856,1478,1576,2195,7356
25567,7856,1478,240,2195,3401
25568,7856,1478,1576,9935,7145
25569,8902,9972,9436,9743,6222
25570,8902,9972,1576,7591,7145
25571,8902,9972,1576,9935,1772
25572,7856,4714,1576,7591,4202
25573,7856,4714,1576,7591,4202
25574,7856,4714,1576,7591,4202
25575,3890,9972,9436,4573,3119
25576,3890,9972,1576,3537,884
25577,8902,9972,9436,7591,884
25578,8902,9972,9436,4573,6438
25579,8902,9972,317,3670,884
25580,2383,5353,9044,9742,884
25581,7856,3253,8854,7591,3446
25582,7407,4714,9016,7591,2422
25583,7856,4714,8854,7591,7145
25584,8902,4714,1576,1592,4202
25585,8902,9972,1576,9935,663
25586,7856,2390,1576,7591,7145
25587,8902,9972,9016,3764,6743
25588,8902,2390,240,8008,884
25589,8902,9972,9436,8008,1772
25590,8902,9972,1294,5812,7145
25591,7856,2390,1576,7178,7145
25592,8902,9972,317,3764,884
25593,8902,9972,317,9935,1772
25594,2383,9972,9436,4573,9305
25595,8902,9972,317,8008,884
25596,3890,9972,1294,2969,3119
25597,2383,2390,9436,8008,884
25598,8902,9972,9436,3670,1516
25599,7856,9972,7093,9935,6
25600,7856,9972,1576,7591,663
25601,7856,4714,1576,7591,8548
25602,7407,2390,1576,4985,663
25603,8902,9972,1576,4985,1772
25604,7407,4714,1576,7591,4202
25605,2383,9972,9436,4573,6438
25606,3474,1478,240,2195,884
25607,3890,9972,9436,3670,884
25608,7856,2390,1576,7591,4202
25609,7856,4714,1576,7591,7821
25610,8902,9972,1576,9935,8548
25611,7856,1478,1576,9935,8548
25612,7856,1478,1576,9935,7145
25613,7856,1478,1576,7591,884
25614,8902,9972,1576,9935,1772
25615,8902,9972,1576,9935,1772
25616,8902,9972,1576,9935,6
25617,7856,4714,1576,7591,884
25618,7856,4714,1576,7591,663
25619,8902,9972,1576,9935,6
25620,7856,1478,1576,7591,7145
25621,7856,1478,1576,9935,8548
25622,7856,2390,1576,7591,7145
25623,2383,9972,9436,3670,884
25624,3890,5353,9436,8008,884
25625,2603,9972,9436,4573,6438
25626,7856,9972,7093,7591,6
25627,8902,2390,7093,9935,1772
25628,7407,4714,9016,7591,4160
25629,7856,4714,1576,7591,657
25630,7407,4714,1576,7591,7821
25631,7856,4714,1576,7591,663
25632,2603,9972,9436,4573,1516
25633,2383,9972,9436,4573,1516
25634,2383,7134,9044,9742,884
25635,8902,9972,1576,4827,884
25636,3890,9972,9436,8008,884
25637,3890,9972,9436,4827,884
25638,8902,9972,1294,1879,884
25639,7856,9972,1576,9935,1772
25640,8902,9972,1576,9935,1772
25641,8902,9972,9436,7591,6
25642,8902,2390,1576,8433,884
25643,8902,9972,1576,3537,884
25644,7856,9972,1576,9935,663
25645,7856,4714,1576,7591,663
25646,7856,9972,1576,7591,8548
25647,7856,4714,1576,9935,8548
25648,7856,4714,2225,1592,7821
25649,7856,1478,2005,9935,8548
25650,2603,9972,1576,9742,884
25651,8902,9972,9436,4573,884
25652,3890,9972,1294,3670,1516
25653,7407,3229,9016,4985,6992
25654,7856,3229,7093,9935,2422
25655,7856,2390,1576,9935,7145
25656,3890,9972,9436,4573,6438
25657,8902,9972,9436,4573,1772
25658,3890,2390,9016,4827,884
25659,7407,4714,1576,1592,7826
25660,7856,4714,1576,7591,8548
25661,7856,4714,9016,7178,4202
25662,7856,2390,9016,9935,6743
25663,8902,9972,9016,9935,3660
25664,7856,2390,1576,9935,1772
25665,3299,9972,1294,2586,8784
25666,3299,9972,1294,2969,3119
25667,3299,9972,9016,2969,3119
25668,7856,1478,2005,9935,9337
25669,7856,3253,1576,9935,8548
25670,7856,9493,1576,7591,8548
25671,7856,1478,240,7591,8548
25672,7856,9493,240,7591,884
25673,7856,3253,240,2195,9443
25674,7856,1478,1294,7591,3746
25675,7856,4714,4026,7591,657
25676,7856,9566,1576,7591,6
25677,7856,9972,1294,2195,8784
25678,7856,4714,1576,9935,8548
25679,7407,4714,1576,7591,7821
25680,7856,1478,1576,9935,8548
25681,7856,1478,1576,9935,8548
25682,7856,1478,1576,9935,8548
25683,7856,9972,7093,7591,2422
25684,7856,9972,1576,7591,3660
25685,7856,9972,1576,9935,663
25686,8902,3229,1576,1592,7821
25687,8902,9972,9436,4573,6
25688,8902,9972,9016,7591,2422
25689,7856,1478,1576,7591,884
25690,8902,1478,1576,9935,8548
25691,7856,1478,7093,9935,3746
25692,7856,1478,1576,7591,7145
25693,7856,1478,317,4777,1772
25694,7856,1478,4079,1781,7145
25695,3890,9972,9436,8008,884
25696,2383,5353,1576,5812,884
25697,8902,9493,240,8433,884
25698,8902,9972,9436,9935,1772
25699,8902,9972,1576,9935,6
25700,7856,9972,7093,4573,6
25701,8902,9972,1576,4985,6
25702,8902,2390,1576,9935,663
25703,7407,4714,9016,9935,2422
25704,7856,9493,3647,9935,7145
25705,7856,4714,1576,7591,7145
25706,7856,9493,1576,9935,1772
25707,8902,4714,1576,4985,7995
25708,7407,4714,1576,9743,4202
25709,7856,9493,7093,9935,1772
25710,8902,9972,9436,4573,6743
25711,8902,2390,1576,9935,884
25712,2383,9972,9436,4573,6438
25713,7856,9493,1576,9935,7145
25714,7856,9972,1576,9935,663
25715,7856,4714,1576,7591,7145
25716,7856,9972,1576,7591,1772
25717,8902,4714,1576,4985,8548
25718,7856,9972,1576,9935,1772
25719,8902,4714,9016,7591,7145
25720,7407,4714,1576,7591,7145
25721,7856,4714,1576,7591,8548
25722,7856,4714,1576,9935,663
25723,7856,9972,1576,9935,6
25724,7407,4714,1576,9935,6901
25725,7856,1478,1576,7591,5885
25726,7856,9493,1576,7591,7145
25727,7856,1478,1576,7591,8548
25728,7856,9972,1576,7591,3660
25729,8902,9972,9016,4985,1772
25730,8902,9972,1576,9935,7145
25731,2383,9972,9044,3670,884
25732,2383,9972,84,2969,1516
25733,3890,9972,9436,8008,884
25734,8902,9972,9436,4569,884
25735,8902,2390,1576,9935,1772
25736,8902,9972,9436,8008,884
25737,8902,9972,317,9935,1772
25738,7407,4714,1576,7178,4202
25739,8902,2390,1576,7591,3660
25740,7856,1478,1576,7591,9443
25741,7856,1478,1576,7591,8548
25742,7856,9972,1576,9935,1772
25743,2383,2390,9016,7039,884
25744,3299,9972,9436,9742,6438
25745,2383,9972,240,284,3216
25746,7856,1478,1576,9935,1772
25747,7856,1478,1576,7591,8548
25748,7856,1478,4026,7591,8548
25749,8902,1478,1576,9935,1772
25750,7856,2390,1576,9935,1772
25751,7856,1478,7093,7591,7957
25752,8902,9972,1576,9935,663
25753,8902,6429,9016,1592,2422
25754,7407,4714,1576,1592,7821
25755,8902,9972,1576,7178,7145
25756,7856,9972,7093,7591,1772
25757,8902,1478,1294,268,884
25758,7856,9972,1576,9743,7145
25759,8902,4714,1576,4985,3660
25760,7856,2390,1576,9935,8548
25761,8902,9972,1576,9935,6
25762,7856,9972,1576,9935,663
25763,8902,9972,7093,9935,1772
25764,7856,2390,1576,9935,8548
25765,8902,9566,1576,9935,8548
25766,8902,3229,9016,9935,2422
25767,8902,9972,9902,7591,6
25768,7856,9972,7093,7591,1772
25769,8902,9972,7093,7591,1772
25770,7856,1478,1576,9935,8548
25771,7407,9566,1576,7591,4202
25772,8902,9972,7093,9935,3660
25773,7856,9972,1576,1879,8548
25774,7856,1478,1294,9935,1772
25775,7856,9493,1576,9935,8548
25776,8902,9972,7093,4573,3660
25777,7856,4714,1576,9935,8548
25778,8902,9972,7093,9935,6
25779,2603,9972,9016,2969,3119
25780,3890,9972,9436,8008,884
25781,2383,9972,9436,4827,884
25782,7856,6429,1576,9935,8548
25783,7856,9493,1576,7591,9443
25784,7856,9972,1576,9935,1772
25785,7856,1478,240,2195,7145
25786,8902,9972,1576,7591,1516
25787,8902,9972,240,9857,884
25788,2383,9972,9436,4573,6438
25789,2383,666,8375,4731,884
25790,3890,9972,9436,4827,884
25791,7856,1478,1576,7591,884
25792,8902,9972,1576,7591,3746
25793,7856,9972,7093,7591,1772
25794,7407,3229,1576,1592,6901
25795,7407,3229,1576,7591,7826
25796,7407,9835,2225,1592,7630
25797,8902,9972,1576,4985,1772
25798,7856,2390,1576,7591,7145
25799,8902,2390,1576,7591,7145
25800,7856,1478,1576,7591,884
25801,8902,9972,1576,7591,6
25802,7856,1478,1576,7591,3746
25803,8902,9972,3065,3537,6438
25804,2603,9972,9436,1632,6438
25805,3299,9972,5055,3537,6438
25806,8902,9972,1576,9935,1772
25807,8902,9972,7093,7591,884
25808,7856,2390,1576,9935,1772
25809,7856,1478,8779,9935,1772
25810,7856,1478,1576,7591,2883
25811,8902,1478,8779,9935,1772
25812,7856,2390,1576,7591,663
25813,8902,9972,1576,7591,884
25814,7856,4714,1576,7591,884
25815,8902,9972,9436,9935,884
25816,8902,666,9436,4573,1772
25817,8902,9972,1576,7178,7145
25818,7856,9972,1576,9935,1772
25819,7856,3229,9016,7591,3660
25820,7856,4714,1576,9935,657
25821,8902,9972,1576,4985,7145
25822,7407,9972,9016,7591,6222
25823,7407,9972,1576,7591,8548
25824,8902,9972,9436,9935,884
25825,8902,9972,1576,9935,1772
25826,8902,9972,9016,9743,6222
25827,7856,9493,1576,9935,7145
25828,7856,4714,1576,7591,663
25829,7856,4714,1576,7591,8548
25830,7856,2390,1576,7591,4202
25831,7407,4714,1576,7591,4202
25832,7856,4714,4026,7591,8548
25833,8902,4714,9016,9935,7145
25834,8902,9972,1576,4985,6992
25835,8902,9972,9016,9743,7826
25836,7856,9493,1576,4777,7145
25837,7856,9493,8854,1563,663
25838,7856,9493,1576,7591,8548
25839,2383,5348,240,9935,884
25840,7856,6429,1576,9935,663
25841,7856,9972,1576,9935,2422
25842,7856,1478,1576,7591,3746
25843,7856,1478,1576,7591,8548
25844,7856,1478,1576,8302,7145
25845,8902,9972,1576,9935,6
25846,7407,3229,1576,1592,7826
25847,8902,9972,1576,4985,3660
25848,7856,4714,2005,9935,1895
25849,7856,4714,1576,9935,5696
25850,7856,1478,2005,9935,1772
25851,7856,9493,1576,9935,8548
25852,7856,9566,7093,9935,1772
25853,7856,3253,1576,7591,8548
25854,8902,5353,9016,9935,884
25855,2383,9972,240,4827,884
25856,2383,9972,317,8008,884
25857,7407,4714,1576,9935,8548
25858,7856,9493,1576,9935,1895
25859,7856,9493,1576,7591,8548
25860,7856,9972,1576,7591,8548
25861,7856,3253,1576,7591,191
25862,7856,9972,1576,7591,6
25863,7856,2390,1576,2195,8548
25864,7856,9972,1576,9935,663
25865,7856,3253,8854,7591,7821
25866,7856,1478,240,2195,5177
25867,7856,75,240,8302,3746
25868,7856,1478,240,7591,3746
25869,8902,2390,317,8008,884
25870,8902,4714,1576,9935,7145
25871,7856,9972,7093,4573,1772
25872,7856,2390,240,9935,884
25873,7856,9493,8854,7591,884
25874,7856,1478,240,4777,3746
25875,7856,9493,1576,9935,8548
25876,7856,9493,1576,9935,8548
25877,7856,1478,7093,9935,884
25878,7856,1478,1576,2195,7145
25879,7856,9972,240,7039,9443
25880,7856,1478,1576,8302,1772
25881,7407,4714,1576,4985,4202
25882,8902,9972,1294,9935,8548
25883,7407,4714,1576,7591,7821
25884,7856,2390,1576,9935,8548
25885,7856,4714,1576,4985,7821
25886,7856,4714,1576,9935,8548
25887,7856,2390,1576,9935,7145
25888,7856,2390,1576,1592,7821
25889,7856,4714,1576,4985,4202
25890,7856,1478,1576,2195,3401
25891,7856,2463,1576,9935,8548
25892,8902,2463,1576,9935,7145
25893,7856,9493,1576,7591,8548
25894,7856,9493,1576,7591,5885
25895,7856,1478,1576,7591,8548
25896,7856,3253,1576,7591,8548
25897,7856,4714,1576,7591,657
25898,7407,4714,1576,7591,8548
25899,7856,9972,1576,9935,1772
25900,8902,9972,7093,9935,1772
25901,7856,9566,1576,9935,7145
25902,7856,3253,4026,7591,8548
25903,7856,1478,1576,9935,663
25904,7856,3253,1576,7591,8548
25905,7856,4714,1576,9935,7145
25906,7856,4714,1576,7591,884
25907,7407,2390,9016,4985,6743
25908,8902,1478,1576,9935,7145
25909,8902,2390,1576,7591,7145
25910,8902,4714,1576,7591,663
25911,7856,1478,1576,7591,7145
25912,7856,1478,1576,9935,7145
25913,7856,9493,1576,9935,8548
25914,8902,9972,9016,7591,6743
25915,8902,9972,1576,9935,7145
25916,8902,9972,1576,7591,3660
25917,8902,9972,9016,3764,6
25918,8902,9972,9016,4985,3660
25919,8902,9972,1576,9935,1772
25920,8902,9972,7093,7591,7145
25921,8902,9972,7093,9935,6
25922,7856,2390,1576,7591,663
25923,7856,4714,1576,7591,4202
25924,8902,9972,317,3764,1772
25925,8902,9972,1576,7591,7145
25926,7856,2390,1576,9935,7145
25927,7856,9566,1576,9935,7145
25928,7856,2390,9016,9743,7145
25929,8902,9972,317,4573,3119
25930,7856,9972,9436,7591,884
25931,8902,9972,1576,4573,6
25932,7856,1478,1576,7591,8548
25933,7856,9493,8854,7591,884
25934,7856,1478,1576,8433,7145
25935,5971,4714,9016,4985,4202
25936,8902,9972,9016,9935,6743
25937,8902,3229,9016,4985,3660
25938,8902,9972,1576,7591,6
25939,7856,3229,1576,4985,3660
25940,8902,9972,1576,4985,663
25941,7856,2390,1576,9935,663
25942,7856,1478,1576,7591,1772
25943,7856,1478,1576,2195,8548
25944,7856,9972,8779,2195,7145
25945,7856,9972,1576,7591,7145
25946,7856,9972,1576,7591,7145
25947,8902,9972,9436,3537,884
25948,2603,9972,9436,4573,3119
25949,2603,9972,317,4573,3119
25950,7856,4714,1576,7591,8548
25951,7856,9972,1576,7591,6689
25952,7856,1478,1576,7591,3401
25953,7407,4714,9016,5812,4160
25954,8902,9972,7093,9935,2422
25955,7856,4714,1576,7591,8548
25956,2603,9972,9436,3537,6438
25957,8902,7134,9436,4827,884
25958,8902,9972,1576,7591,884
25959,8902,9972,1576,7591,6
25960,7856,2390,7093,9935,8548
25961,7856,9972,1576,9935,663
25962,8902,9972,9016,2969,884
25963,8902,9972,9436,7591,6
25964,8902,9972,317,7178,884
25965,2383,9972,9436,4827,884
25966,8902,9972,9016,4827,884
25967,2383,9972,9436,4827,884
25968,2383,5353,240,7039,884
25969,8902,9972,9016,4731,884
25970,8902,9972,8779,7039,884
25971,7856,3253,1576,7591,8548
25972,7856,1478,240,7591,3746
25973,7856,666,240,1563,884
25974,8902,9972,1576,4573,1772
25975,8902,9972,9436,3537,6438
25976,8902,9972,1294,2586,3119
25977,3890,9972,9436,4827,6438
25978,8902,9972,9436,4827,884
25979,3890,9972,9436,8008,884
25980,3890,9972,9436,2969,1516
25981,3890,9972,9436,2969,3216
25982,3890,9972,240,284,3216
25983,8902,9972,1294,1879,884
25984,3890,9972,9436,2586,6
25985,3890,9972,9436,2969,3119
25986,8902,9972,9436,3764,884
25987,8902,9972,317,9935,7145
25988,8902,9972,1576,9935,884
25989,8902,9972,9436,3537,884
25990,8902,2390,9016,4827,884
25991,8902,9972,9436,4573,884
25992,8902,9972,1294,4985,663
25993,8902,9972,1294,3764,6743
25994,7407,2390,1576,9743,7145
25995,7856,4714,7093,7591,2422
25996,7856,9972,7093,7591,6
25997,7407,9972,1576,9935,6813
25998,8902,3229,1576,9935,8548
25999,7856,9566,1576,9935,9337
26000,7856,4714,9016,7591,4160
26001,7407,3229,9016,5812,6222
26002,7407,3229,9016,7591,4160
26003,7407,4714,1576,7591,8548
26004,7856,1478,1576,7591,7145
26005,7856,1478,1576,7591,7356
26006,7856,1478,8779,7591,1772
26007,8902,9972,1576,9935,663
26008,8902,2390,1576,9935,1772
26009,8902,9972,1576,4985,1772
26010,7856,9566,2005,9935,1772
26011,7856,9493,8854,9935,1449
26012,7856,2390,1576,7591,7145
26013,3890,9972,240,2969,1516
26014,2383,666,9044,9742,884
26015,8902,9972,1576,7591,3746
26016,3299,7134,1576,2195,884
26017,2603,9972,1294,2586,3119
26018,3890,9972,317,4573,3119
26019,7407,3229,1576,4985,2422
26020,7856,2390,1576,9935,884
26021,7856,4714,1576,9935,7145
26022,8902,1478,240,9935,7145
26023,7856,3253,240,7591,8541
26024,7856,1478,240,9935,8548
26025,8902,9972,9016,9935,6743
26026,8902,9972,1576,9935,6
26027,8902,9972,1294,9935,1772
26028,7407,4714,9016,5812,884
26029,3299,7134,3065,3537,884
26030,2603,9972,1294,4573,3119
26031,3890,9972,1294,4573,3119
26032,8902,75,240,3178,884
26033,8902,9972,1576,9935,1772
26034,8902,9972,1294,9935,884
26035,4237,9972,1319,4573,6
26036,8902,9972,1576,9935,1772
26037,7856,9493,1576,9935,7145
26038,8902,2390,1576,7591,663
26039,7856,4714,1576,7591,8548
26040,7856,1478,1576,9935,1772
26041,8902,1478,1576,9935,1772
26042,8902,6429,1576,9935,8548
26043,7856,1478,1576,4777,7145
26044,7856,4714,1576,7591,663
26045,7856,9972,1576,7591,8548
26046,8902,9972,9436,3537,6438
26047,3890,9972,9436,3537,884
26048,3299,9972,9044,3537,8784
26049,2383,2224,9436,4573,6438
26050,3890,9972,9436,4827,884
26051,2383,9972,9044,4827,884
26052,7856,4714,1576,7591,884
26053,7856,9493,1576,7591,7821
26054,7856,1478,1576,9935,8548
26055,8902,3229,1576,4985,2422
26056,7407,4714,9016,9935,7145
26057,7407,3229,1576,4985,7826
26058,3299,9972,1294,2969,3119
26059,2603,9972,9016,2969,1516
26060,2383,666,240,4827,884
26061,8902,9972,9016,4985,884
26062,7407,3229,9016,9743,6222
26063,8902,4714,1576,4985,2422
26064,7856,2390,1576,9935,884
26065,8902,9972,1576,9935,6743
26066,7856,9972,1576,9935,8548
26067,7407,4714,1576,9935,657
26068,7856,2390,7093,9935,7145
26069,7856,2390,7093,9935,7145
26070,9675,9493,8854,7591,3446
26071,7856,3253,1576,7591,8548
26072,7856,2390,1576,7591,884
26073,8902,6429,1576,9935,9337
26074,8902,3229,1576,4985,4160
26075,8902,3229,1576,4985,6992
26076,7856,1478,7093,9935,663
26077,7856,9493,8854,9935,663
26078,7856,4714,1576,1592,7821
26079,7856,4714,1576,7591,884
26080,7407,4714,9016,943,2422
26081,7856,4714,8854,7591,2422
26082,3890,9972,9016,2969,3216
26083,8902,7134,3065,9742,5464
26084,8902,9972,9436,1632,884
26085,3890,9972,9436,284,3216
26086,8902,9972,317,9935,884
26087,3890,9972,9436,4573,6438
26088,8902,9972,1294,3670,1772
26089,8902,9972,1294,3764,1516
26090,8902,9972,9436,3670,8784
26091,7856,4714,1576,7591,4202
26092,7856,4714,1576,7591,8548
26093,7856,1478,1576,7591,8548
26094,3890,5353,240,4573,1516
26095,2383,9972,9436,8008,884
26096,2383,9972,9436,5330,884
26097,7856,4714,1576,7591,7821
26098,7856,4714,1576,7591,7821
26099,7856,9972,1576,7591,7145
26100,2383,7134,9016,9742,884
26101,2383,7134,8375,4827,884
26102,2383,7134,3065,9742,884
26103,7856,2390,1576,9935,663
26104,7856,9972,1576,9935,6
26105,7856,4714,1576,7591,2883
26106,8902,9972,1576,9935,2422
26107,8902,9972,1576,4985,6992
26108,8902,9972,1576,9935,1772
26109,3890,9972,9436,2969,1516
26110,2603,9972,9016,1632,6222
26111,3890,9972,9436,8008,884
26112,7856,2390,1576,7591,8548
26113,8902,9972,1576,1879,6743
26114,7856,4714,1576,9935,7145
26115,8902,9972,1576,9743,6992
26116,8902,9972,1576,4573,1772
26117,8902,4714,9016,4827,884
26118,7856,4714,8854,7591,8548
26119,8902,1478,1576,9935,8548
26120,7856,4714,1576,7591,7145
26121,7407,4714,1576,7591,2422
26122,8902,2390,1576,4985,7145
26123,7856,1478,1576,7591,8548
26124,7856,2390,1576,9935,663
26125,7856,4714,1576,7591,657
26126,7856,1478,1576,9935,663
26127,8902,5353,9436,9935,1772
26128,2383,9493,1576,8433,7821
26129,2383,5353,1319,8008,884
26130,7407,4714,1576,7591,4202
26131,7407,4714,1576,7591,657
26132,7407,3229,4026,7591,7821
26133,7856,9972,1576,7591,663
26134,7856,4714,1576,7591,7821
26135,7407,4714,1576,7591,4202
26136,7856,4714,3647,9935,1895
26137,7407,4714,4026,9935,657
26138,7856,4714,1576,9935,5690
26139,7856,9972,1576,7591,663
26140,7856,2390,1576,9935,663
26141,7856,9493,1576,7591,7356
26142,7407,4714,1576,7591,4202
26143,8902,3229,1576,4985,663
26144,7856,4714,1576,7591,4202
26145,8902,9972,1576,9935,8548
26146,7856,3253,7093,9935,663
26147,7856,9972,1576,9935,8548
26148,8902,9972,9436,4573,6
26149,8902,9972,1576,7591,6
26150,3890,9972,9436,4827,884
26151,7856,1478,1576,9935,1772
26152,8902,4714,1576,7591,8548
26153,8902,9972,1576,7591,1772
26154,7856,1478,240,2195,3401
26155,7856,1478,1576,9935,7145
26156,7856,9493,1576,9935,7145
26157,7856,9972,1576,4985,7145
26158,8902,9972,1576,7591,7145
26159,8902,9972,7093,9935,1772
26160,7856,4714,1576,7591,8548
26161,7856,9972,1576,7591,7145
26162,7856,2390,1576,9935,1772
26163,7856,1478,240,2195,884
26164,7856,9493,1576,7591,7145
26165,7856,1478,1576,7591,7145
26166,9811,9972,240,3670,884
26167,3890,9972,9436,4569,6438
26168,8902,5353,3065,9742,884
26169,7856,9972,1294,7591,6992
26170,7407,4714,9016,4985,4160
26171,7856,9972,1576,7591,7145
26172,7856,9972,7093,7591,3660
26173,7856,9972,1576,7591,884
26174,7856,1478,1576,9935,1772
26175,7856,4714,1576,7178,7145
26176,7856,4714,6490,943,7145
26177,7856,2390,1576,9743,7145
26178,8902,2390,1294,1879,884
26179,7407,4714,9016,3646,8742
26180,7856,2390,1576,9935,663
26181,7856,4714,8854,7591,4311
26182,7856,4714,4026,7591,7821
26183,7856,4714,4026,7591,7821
26184,7856,4714,1576,7591,663
26185,7856,4714,1576,7591,8548
26186,7407,4714,8854,7591,7356
26187,8902,3229,1576,7591,884
26188,8902,2390,1576,7178,7145
26189,8902,9972,317,3764,1516
26190,7856,2390,4026,9935,1895
26191,7685,9493,1576,9935,8548
26192,7856,6429,4026,7591,8548
26193,8902,9972,1576,3537,884
26194,8902,9972,9436,4573,6438
26195,3890,9972,9436,2586,6438
26196,3299,7134,1576,4731,7995
26197,8902,4714,1576,9743,884
26198,8902,9972,1294,3670,1772
26199,7856,4714,1576,7591,3401
26200,7856,4714,4026,7591,6163
26201,7856,9972,1294,1879,8548
26202,7407,4714,1576,7591,4202
26203,7856,4714,1576,9935,663
26204,7856,9566,1576,9935,663
26205,8902,2390,1576,9935,7145
26206,7856,9972,1576,7591,7145
26207,7856,4714,4026,7591,657
26208,8902,9972,1576,9935,3660
26209,7856,2390,1576,7591,663
26210,7856,9972,1576,9935,3660
26211,8902,9972,1576,4985,6
26212,7856,4714,1576,9935,1772
26213,7856,9566,1576,9935,8548
26214,7856,2390,1576,2195,7356
26215,7856,1478,1576,4777,7145
26216,7856,3253,1576,7591,884
26217,8902,9972,1576,9935,1772
26218,8902,9972,1576,9935,2422
26219,7856,3229,1576,7591,8548
26220,7856,1478,1576,9935,663
26221,7856,1478,1576,9935,7145
26222,8902,9972,1576,9935,8548
26223,7856,6429,1576,9935,8548
26224,7856,4714,1576,7591,4202
26225,7407,2390,1576,9935,8548
26226,7856,2390,1576,9935,8548
26227,7407,4714,5184,9935,8548
26228,7856,9566,1576,9935,8548
26229,7856,2390,1576,7591,7145
26230,7856,9972,1576,7591,3746
26231,7856,4714,1576,9935,7145
26232,2603,9972,9436,4573,6438
26233,3890,9972,9436,3537,6438
26234,2603,9972,1294,4573,6438
26235,8902,9972,8779,9743,6992
26236,7856,9972,1576,7591,4160
26237,7856,1478,240,9935,8548
26238,7856,9972,7093,9935,2422
26239,7856,9972,1576,9935,6
26240,7856,9972,1576,7591,6
26241,2383,9972,9436,4573,6438
26242,2383,666,9044,5046,884
26243,8902,5353,9436,8433,884
26244,8902,9972,9436,1862,6438
26245,8902,9972,9436,3537,6438
26246,8902,9972,9016,9935,6743
26247,7856,9972,1576,7591,7145
26248,7856,9972,7093,4573,6
26249,7856,1478,7093,4573,6
26250,7856,4714,1576,9935,2422
26251,7856,4714,8854,7591,884
26252,7856,1478,1576,7591,884
26253,8902,9972,1576,7591,884
26254,2383,5348,9016,9935,7145
26255,7856,4714,7093,9935,2422
26256,3890,7134,8375,2969,3216
26257,8902,9972,1576,9935,884
26258,2383,7134,9044,4354,2639
26259,7856,4714,1576,9935,7701
26260,7856,2390,1576,4985,6992
26261,8902,3229,1576,4985,4160
26262,7407,3229,7093,7591,2422
26263,7407,4714,1576,7591,7356
26264,7856,4714,1576,7591,884
26265,8902,1478,1576,9935,1772
26266,7856,9493,1294,9935,1772
26267,7856,9566,1576,9935,8548
26268,7856,9972,1576,9935,7145
26269,7856,4714,1576,7591,663
26270,8902,2390,1576,7591,884
26271,8902,4714,1576,7591,663
26272,7856,3229,1576,7591,4160
26273,7856,4714,1576,7591,1772
26274,7856,2390,1576,7591,663
26275,7856,2390,1576,9935,663
26276,7856,9566,1576,9935,663
26277,7407,6429,9016,4985,6901
26278,7856,2390,9016,9935,884
26279,8902,9566,1576,9935,1772
26280,7856,1478,240,7591,2796
26281,7856,1478,1576,9935,9443
26282,7856,1478,7093,4573,9331
26283,7856,4714,1576,7591,657
26284,7856,9972,1576,9935,663
26285,7407,4714,1576,7591,7821
26286,7856,9972,1576,9935,7145
26287,7856,2390,1576,9935,884
26288,7856,1478,7093,9935,4279
26289,7856,1478,1576,7591,8548
26290,7856,3253,240,8302,884
26291,7856,9493,1576,9935,4788
26292,7856,1478,8779,9935,3746
26293,7856,4714,1576,7591,9385
26294,8902,2463,9016,9935,7701
26295,7856,2390,1576,9935,8548
26296,7856,9566,1576,7591,7145
26297,7856,2390,1576,7591,8548
26298,7856,2390,1576,7591,8548
26299,8902,9972,1576,9935,1772
26300,8902,9972,1576,9935,884
26301,8902,3229,1576,4985,7826
26302,8902,9972,1294,4985,6992
26303,7407,4714,9016,9455,6222
26304,8902,2390,1576,9935,663
26305,8902,9972,1294,5812,6222
26306,8902,9972,1294,1879,3119
26307,8902,9493,1576,7591,7145
26308,8902,9972,9436,4573,6438
26309,8902,2390,6490,943,7145
26310,8902,9972,1576,9935,1772
26311,8902,9972,1576,9935,8341
26312,8902,9972,1576,4985,7145
26313,3890,9972,9016,2969,1516
26314,8902,9972,9436,1862,6438
26315,3890,9972,9436,8008,884
26316,8902,2390,1576,4985,7145
26317,7407,4714,1576,4985,4202
26318,7856,4714,1576,7591,7145
26319,7856,2390,1576,9935,663
26320,8902,4714,1576,7591,884
26321,7856,9493,1576,9935,2422
26322,7856,4714,1576,9935,663
26323,7856,4714,1576,9935,5696
26324,7856,2390,1576,9935,663
26325,8902,9972,317,9935,6743
26326,8902,9972,9016,8008,884
26327,2383,9972,317,8008,884
26328,7856,1478,1576,7591,8548
26329,7856,4714,9016,7591,9443
26330,7856,2390,1576,7591,7145
26331,7856,4714,1576,7591,663
26332,7856,3253,1576,7591,7145
26333,7856,4714,8854,7591,191
26334,8902,9972,9436,4573,1772
26335,7856,4714,9016,4827,884
26336,3299,9972,9436,4669,1772
26337,8902,9972,1294,9935,6
26338,8902,9972,317,9935,1516
26339,8902,9972,1294,1879,6
26340,8902,2390,1576,943,1772
26341,7856,4714,1576,7591,1449
26342,7856,2390,7093,7591,3660
26343,8902,9972,9016,9935,1772
26344,8902,2390,1576,9935,1772
26345,8902,9972,7093,9935,2422
26346,7856,2390,1576,9935,8548
26347,7856,2390,1576,7591,7145
26348,7856,9972,1576,7591,884
26349,7856,3253,1576,7591,7145
26350,7856,3253,5184,7591,7145
26351,7856,4714,5184,7591,7145
26352,8902,9972,1576,7591,884
26353,7856,2390,1576,1879,7145
26354,2603,9972,1576,3537,884
26355,8902,6429,1576,9935,8548
26356,7856,9972,1576,9935,7145
26357,7856,1478,1576,9935,663
26358,7856,2390,4026,7591,8548
26359,7856,4714,1576,7591,7821
26360,7856,3253,4026,7591,7821
26361,7856,9493,240,8302,7145
26362,7856,1478,1576,2195,7145
26363,7856,9493,1576,7591,7145
26364,7856,9566,7093,9935,663
26365,7856,4714,1576,7591,884
26366,7856,2390,7093,9935,7957
26367,7856,1478,1576,7591,8548
26368,7856,9493,1576,7591,7145
26369,7856,4714,1576,9935,8548
26370,7856,4714,1576,9935,7145
26371,7407,4714,1576,4858,4202
26372,7856,1478,1576,7591,7145
26373,7856,2390,1576,9743,7145
26374,7856,1478,1576,4985,8548
26375,7856,9493,1576,2195,7356
26376,8902,9972,1576,9935,7145
26377,7856,4714,1576,9935,7145
26378,7856,9972,1576,4985,7145
26379,8902,4714,7093,4985,2422
26380,7856,4714,4026,7591,7821
26381,7407,4714,1576,9935,657
26382,7407,3229,1576,4985,7821
26383,7856,9566,1576,9935,8548
26384,7856,9972,1576,4985,1772
26385,7856,9493,1576,4827,884
26386,7856,1478,240,7591,8548
26387,7856,9493,1576,7591,884
26388,7856,4714,1576,7591,663
26389,7407,4714,1576,7591,8548
26390,7856,4714,1576,7591,7821
26391,7407,4714,1576,9935,8548
26392,9675,4714,8854,7591,884
26393,7856,4714,4026,7591,8548
26394,7856,1478,7093,4573,9959
26395,7856,1478,1576,9935,8548
26396,7856,1478,1576,9935,8548
26397,7407,4714,1576,7591,8548
26398,7856,2390,1576,7591,884
26399,7856,9493,1576,9935,8548
26400,7856,4714,1576,7591,663
26401,7856,4714,1576,9935,663
26402,7856,4714,1576,7591,8548
26403,7856,1478,1576,9935,1772
26404,7856,4714,4026,7591,8548
26405,7856,9566,1576,9935,8548
26406,7856,9972,1576,4985,6
26407,8902,9972,1576,4985,7145
26408,7856,3229,1576,4985,1772
26409,7856,3253,8854,7591,8548
26410,7856,3253,240,8302,7145
26411,7856,9493,1576,2195,8548
26412,7856,666,240,1563,5177
26413,7856,9493,1576,9935,7145
26414,7856,1478,1576,8433,7145
26415,2383,9493,240,4827,884
26416,2383,666,9436,4573,7284
26417,2383,9972,9436,4573,1516
26418,7856,4714,9016,7591,4160
26419,7856,9972,1576,4985,663
26420,8902,9972,9016,4985,6743
26421,7856,4714,9016,7591,6743
26422,8902,9972,9016,9743,6743
26423,8902,9972,1576,4985,7145
26424,8902,9972,317,4573,1516
26425,3890,9972,1294,3537,884
26426,8902,2390,317,1781,7145
26427,3890,9972,9436,4573,6438
26428,3890,9972,9436,4827,884
26429,2383,9972,9016,4827,884
26430,8902,9972,1576,1879,884
26431,7856,2390,1576,7591,7145
26432,7856,9972,1576,7591,8548
26433,8902,9972,9436,1632,884
26434,3299,9972,9436,4573,6438
26435,8902,2390,9016,4827,884
26436,3890,5353,1576,9742,884
26437,7407,7134,9436,9742,884
26438,8902,9972,9016,4827,884
26439,2383,7134,9044,4827,884
26440,8902,7134,3065,9742,884
26441,3890,9972,9044,4827,4101
26442,8902,9972,9016,9743,7826
26443,8902,9972,9016,9743,884
26444,8902,9972,9436,4573,6438
26445,7856,9972,1576,7591,3746
26446,8902,9972,1576,4985,1772
26447,8902,9972,7093,9935,6743
26448,7856,9493,1576,9935,8548
26449,7856,3253,1576,9935,7145
26450,7856,3253,1576,7591,663
26451,8902,9972,8815,9935,1772
26452,7856,3229,1576,7591,2422
26453,7407,4714,1576,7591,884
26454,8902,9972,1576,9935,7701
26455,8902,9972,1576,9935,663
26456,7856,4714,1576,7591,884
26457,7856,3253,4026,7591,663
26458,7856,3253,240,1563,7356
26459,7856,2390,1576,9935,8548
26460,7856,4714,1576,7591,8548
26461,7856,2390,1576,7591,8548
26462,7856,2390,1576,7591,7145
26463,8902,9972,1576,4573,6
26464,7856,9972,7093,4573,6
26465,8902,9972,1576,7591,3660
26466,8902,9972,9436,3537,6438
26467,8902,9972,1294,6377,884
26468,8902,9972,1294,4573,3119
26469,8902,9972,7093,4573,1772
26470,7856,9972,1576,9935,7145
26471,7856,1478,1576,7591,8548
26472,8902,9972,1576,9935,2422
26473,7856,4714,1576,7591,8464
26474,8902,2390,1576,9935,663
26475,7856,3253,1576,7591,8548
26476,7856,4714,1576,7591,8548
26477,7856,2390,1576,7591,7145
26478,8902,2390,9016,9743,7145
26479,8902,9972,1576,7591,4160
26480,7407,9972,1576,4985,6992
26481,8902,2390,706,5046,884
26482,8902,1478,1294,2195,1772
26483,8902,2390,1576,4985,6901
26484,7856,4714,1576,7591,884
26485,7856,4714,1576,7591,884
26486,7856,3253,1576,7591,8548
26487,7856,4714,1576,9935,7145
26488,8902,9972,1576,7591,663
26489,7856,4714,1576,7591,4202
26490,7856,9493,3647,9935,1449
26491,7856,9493,1576,7591,8548
26492,7856,4714,9016,9743,7145
26493,7407,4714,5184,9935,7145
26494,7407,4714,1576,9935,7145
26495,7856,3253,240,2195,7145
26496,7856,2390,1576,8302,7145
26497,7856,1478,1576,7591,1772
26498,7856,1478,8779,7591,1772
26499,7856,4714,4026,7591,7821
26500,7856,4714,1576,7591,663
26501,7856,9493,1576,9935,1449
26502,7856,4714,1576,7591,8548
26503,7856,4714,1576,4985,8548
26504,7856,4714,1576,7591,7821
26505,7856,1478,1576,7591,8548
26506,7856,1478,1576,7591,884
26507,7856,1478,1576,9935,1772
26508,8902,9972,1576,9935,3660
26509,7856,4714,1576,9935,6901
26510,8902,9972,9016,9935,7826
26511,8902,1478,240,8433,1772
26512,7856,9493,1576,9935,7145
26513,8902,1478,1576,9935,8548
26514,7856,4714,1576,7591,663
26515,7856,4714,8854,7591,7821
26516,7856,2390,1576,9935,663
26517,7407,4714,1576,9935,663
26518,7407,4714,1576,7591,7821
26519,7856,4714,1576,9935,663
26520,7407,4714,1576,1592,657
26521,7856,4714,7093,9935,7145
26522,7856,1478,1576,9935,8548
26523,7856,9566,1576,9935,8548
26524,7856,2390,1576,9935,663
26525,8902,9972,1576,9935,1772
26526,8902,9972,1294,5812,6992
26527,8902,2390,1576,4985,7145
26528,8902,9972,1294,7591,3119
26529,7856,1478,240,7591,3746
26530,7856,1478,240,9935,8548
26531,7856,1478,240,7039,9443
26532,7856,4714,1576,7591,8548
26533,8902,9972,9016,4985,884
26534,7407,4714,1576,7591,657
26535,7856,9972,7093,9935,3660
26536,7856,9972,1294,9935,6
26537,7856,2390,1576,9935,8548
26538,7856,9493,1576,9935,8548
26539,7856,9566,1576,7591,8548
26540,7856,4714,1576,7591,8548
26541,7856,9493,240,8302,9443
26542,7856,9493,240,2195,8548
26543,7856,9493,240,7591,8548
26544,8902,9972,8779,7591,1772
26545,7856,9972,1576,7591,1772
26546,7856,3253,1576,7591,9443
26547,8902,2390,1576,8433,7145
26548,8902,9972,1576,9743,1772
26549,7856,9493,1576,1879,1772
26550,7856,9972,1576,7591,6
26551,8902,9972,9436,7591,884
26552,8902,9972,1576,7591,3660
26553,7856,1478,240,8302,8548
26554,7856,1478,1576,9935,8548
26555,7856,9493,240,8302,7145
26556,2383,7134,9044,9742,884
26557,8902,2390,8375,9742,884
26558,8902,9972,9436,3537,6438
26559,2603,9972,9436,4573,1516
26560,2383,9972,9436,4827,884
26561,3890,9972,9436,3537,6438
26562,7856,9493,1576,4985,7145
26563,7856,2390,1576,8433,884
26564,7856,4714,1576,4985,7145
26565,7407,4714,9016,9743,8509
26566,8902,9972,1576,7591,1772
26567,7856,3229,1576,7591,663
26568,7856,1478,1576,7591,3746
26569,7856,4714,1576,7591,7145
26570,7856,9972,1576,7591,7145
26571,7856,9493,1576,7591,4202
26572,7856,4714,1576,7591,884
26573,7856,9493,1576,7591,884
26574,8902,9972,1294,9743,6222
26575,8902,9972,317,4573,1516
26576,2603,9972,9436,4573,3119
26577,7856,9972,1576,9935,884
26578,7856,1478,1319,4573,1772
26579,7856,1478,240,7591,3746
26580,7407,4714,1576,1592,657
26581,8902,2390,1576,4985,4202
26582,7407,3229,1576,1592,8548
26583,7856,9972,1576,9935,8548
26584,8902,9972,1294,1879,3119
26585,7856,9972,1576,7591,6
26586,7856,4714,1576,7591,8548
26587,8902,9972,1294,2195,884
26588,7856,2390,1576,1592,8548
26589,2603,9972,9044,9742,884
26590,8902,2390,1576,8433,884
26591,2383,9972,9436,8008,884
26592,7856,2390,1576,9935,7145
26593,7856,4714,1576,9935,7145
26594,7856,2390,1576,9935,1772
26595,8902,2390,1576,9935,884
26596,2383,666,9044,9742,884
26597,2603,9972,8375,9742,884
26598,7856,9493,8854,7591,663
26599,7856,9493,1576,4777,884
26600,7856,4714,1576,7591,7821
26601,8902,2390,9016,7039,884
26602,2383,5353,240,8433,884
26603,2383,666,9436,4827,884
26604,8902,9972,1294,4985,8548
26605,8902,9972,1294,7591,6
26606,8902,9972,7093,9935,6
26607,7856,4714,1576,7591,8548
26608,8902,9972,1576,1879,6
26609,7856,9972,1576,9935,1772
26610,8902,9972,1576,9935,3660
26611,7407,4714,9016,7591,4160
26612,7856,9972,8779,7591,8341
26613,7407,4714,2225,9935,9385
26614,7856,9972,7093,4573,6813
26615,7856,2390,7093,9935,2422
26616,7407,3229,1576,7591,6222
26617,8902,9972,1576,7591,6222
26618,7407,4714,5184,4985,9385
26619,7856,4714,1576,7591,3660
26620,7856,4714,1576,7591,884
26621,7856,4714,1294,7591,7356
26622,8902,2390,1294,5812,884
26623,8902,4714,1576,8433,884
26624,8902,9972,9436,8433,884
26625,7856,2390,1576,7591,2422
26626,7856,9566,1576,9935,1772
26627,7856,4714,7093,7591,663
26628,7856,4714,1576,7591,8548
26629,7856,9972,1576,7591,6
26630,7856,3229,1294,7591,7356
26631,8902,9972,1576,1879,6
26632,8902,2390,1576,9935,1449
26633,8902,2390,9436,9935,663
26634,2383,9972,9436,2969,884
26635,8902,9972,9436,4827,884
26636,2383,9972,240,7039,884
26637,3890,9972,1576,1879,884
26638,7856,1478,1576,9935,1772
26639,8902,1478,1319,9801,9959
26640,8902,9972,9016,9743,7145
26641,8902,9972,9016,3764,884
26642,8902,9972,1576,9935,7145
26643,3890,9972,9436,4573,6438
26644,2383,5353,9016,4827,884
26645,8902,9972,9436,4573,1516
26646,7856,1478,1576,7591,8548
26647,7856,1478,1576,2195,8548
26648,7856,9972,1576,7591,3216
26649,7856,4714,1576,4985,7145
26650,8902,2390,1576,7178,7145
26651,8902,9972,1576,7591,3660
26652,8902,9972,1294,3537,884
26653,8902,9972,9436,7591,1772
26654,7407,4714,1576,9743,3401
26655,3890,9972,9016,4827,884
26656,2383,9972,9436,4573,6438
26657,8902,9972,9436,3537,6438
26658,3890,9972,9436,4573,6438
26659,3890,9972,9436,1762,6438
26660,2383,9972,9436,4573,1516
26661,8902,4714,1576,4985,2422
26662,8902,4714,1576,4985,3660
26663,8902,9972,9436,7591,6
26664,8902,9972,317,8008,884
26665,2383,5353,240,9857,884
26666,8902,9972,317,9935,884
26667,7407,4714,5184,4858,7630
26668,7407,4714,1576,1592,657
26669,7407,4714,1576,4858,4202
26670,2383,9972,84,284,1516
26671,3890,9972,9436,3670,6438
26672,3890,9972,9436,2969,6438
26673,7856,3253,240,7591,7145
26674,7856,3253,240,7591,7145
26675,7856,4714,1576,7591,8548
26676,7856,9493,1576,7591,663
26677,7856,4714,1576,7591,7821
26678,7856,9493,1576,9935,663
26679,7856,4714,8854,7591,3446
26680,7856,4714,8854,7591,3446
26681,7856,3253,8854,7591,884
26682,7856,9972,1576,7591,663
26683,7856,1478,240,1563,884
26684,7856,1478,1576,9935,8548
26685,7856,4714,1576,7591,663
26686,7856,9972,1576,9935,663
26687,7856,4714,1576,7591,7821
26688,7856,9972,1576,7591,8548
26689,7856,9972,1576,7591,7356
26690,7856,4714,9016,7591,884
26691,7856,4714,1576,7591,7821
26692,7856,2390,1576,9935,663
26693,7856,1478,1576,7591,663
26694,7856,9972,1576,7591,663
26695,7856,9972,1294,7591,6
26696,7856,9972,1576,7591,3660
26697,8902,6429,1576,9935,2422
26698,7856,3253,1576,7591,663
26699,8902,9972,7093,9935,1772
26700,8902,9972,1576,9935,7145
26701,8902,9972,9016,9935,7145
26702,7856,4714,1576,7591,884
26703,7856,6429,1576,9935,8548
26704,7856,2390,1576,9935,663
26705,7856,2390,1576,9935,1772
26706,7856,1478,1576,9935,8548
26707,8902,9972,1576,9935,1772
26708,8902,9972,1576,9935,8548
26709,7856,3253,240,7591,9443
26710,7856,1478,1576,478,7145
26711,7856,3253,1576,7591,9443
26712,7856,1478,1576,4777,7145
26713,7856,9493,1576,9935,8548
26714,7856,1478,1576,9935,8548
26715,7856,9972,1576,9935,663
26716,7856,9972,1576,9935,8548
26717,8902,6429,1576,9935,9337
26718,7856,666,240,1563,5177
26719,7856,9493,8854,7591,884
26720,7856,9493,1576,7591,884
26721,7856,4714,1294,7591,1772
26722,8902,2390,1576,9935,8548
26723,7856,4714,1576,7591,8548
26724,8902,9972,7093,9935,1772
26725,7856,9972,1294,4985,6
26726,7856,4714,1576,9935,2422
26727,8902,2390,1576,9935,1772
26728,8902,9972,9436,3670,884
26729,8902,9972,317,2900,7145
26730,7856,9972,1576,9935,8548
26731,8902,9972,1576,9935,663
26732,8902,9972,317,9935,1772
26733,2383,7134,9436,8433,884
26734,8902,9972,1294,3537,6
26735,3890,7134,1576,5358,884
26736,8902,2390,7093,9935,1772
26737,8902,9972,1576,9935,1772
26738,8902,9972,7093,9935,884
26739,8902,9972,1576,9935,7701
26740,8902,4714,9436,3666,1772
26741,7856,9972,1576,7591,7145
26742,2383,666,9044,3670,8784
26743,2383,666,240,4827,884
26744,2383,9972,9436,4827,6438
26745,7856,3253,1576,7591,8548
26746,7856,2390,1576,9935,8548
26747,7407,4714,1576,7591,7821
26748,7856,9972,1294,3646,6
26749,8902,9972,9436,9935,884
26750,8902,9972,1576,9743,6222
26751,8902,9972,1576,9935,2422
26752,8902,9972,1576,9935,6
26753,8902,9566,1576,9935,1772
26754,8902,2390,1576,9935,1772
26755,7856,9972,7093,7591,2422
26756,8902,3229,1576,4985,7826
26757,7856,9972,1576,9935,6
26758,8902,9972,1576,9935,663
26759,8902,9972,1576,9935,8548
26760,7856,4714,1576,7591,663
26761,7856,9972,1576,9935,663
26762,7856,4714,1576,7591,663
26763,2603,7134,9436,4573,6438
26764,8902,2390,240,9857,884
26765,8902,9972,9436,4573,6438
26766,3890,9972,84,2969,1516
26767,3890,9972,9436,4573,6438
26768,2603,9972,9436,4573,6438
26769,7407,4714,9016,7591,7356
26770,7407,4714,1576,7591,4202
26771,7407,4714,1576,4858,4202
26772,7856,1478,1576,9935,8548
26773,7856,4714,1576,7591,657
26774,7856,2390,1576,9935,7356
26775,7856,2390,1576,7591,7145
26776,7856,1478,1576,9935,1772
26777,7856,2390,1576,7039,3401
26778,7407,4714,9016,5812,6222
26779,8902,9972,9016,9935,6743
26780,8902,3229,9016,4985,2422
26781,8902,9972,9436,4573,1772
26782,8902,2390,1576,9935,4199
26783,8902,9972,9016,9935,6743
26784,8902,9972,1576,3537,884
26785,8902,2390,1576,7591,884
26786,8902,9972,8779,9935,1772
26787,2383,666,9044,9857,884
26788,2383,9972,9436,9742,884
26789,8902,2390,9016,4827,884
26790,8902,9566,1576,9935,1772
26791,8902,2390,1576,9935,1772
26792,8902,9493,1576,9935,884
26793,8902,9972,9016,4827,884
26794,8902,9972,9436,9743,884
26795,2383,2390,9016,4827,884
26796,7856,4714,1576,7178,7145
26797,7856,2390,1576,9935,7145
26798,7856,9493,1576,7591,7145
26799,2383,9972,9044,2195,884
26800,2383,7134,1576,8433,884
26801,2383,9972,240,4573,1516
26802,8902,2390,1576,7591,7821
26803,8902,9972,1576,9935,6
26804,8902,9972,1294,5812,6222
26805,7856,1478,1576,9935,884
26806,7856,5353,240,9935,7145
26807,8902,2463,1576,9935,7701
26808,8902,7134,9016,2969,3119
26809,2383,7134,1294,2195,3401
26810,2383,7134,240,2195,3401
26811,7407,4714,9016,7591,4160
26812,8902,9972,1576,4985,3660
26813,8902,9972,1576,7591,3660
26814,8902,9972,1576,3537,6438
26815,5971,3229,9016,5812,6222
26816,8902,2390,1576,4985,7145
26817,7856,9493,1576,7591,7145
26818,7856,9493,240,2195,3746
26819,7856,1478,240,2195,3746
26820,7856,1478,1576,9935,8548
26821,7856,1478,1576,7591,884
26822,8902,3229,9016,4985,3660
26823,7856,1478,1576,9935,8548
26824,7856,4714,1576,9935,8548
26825,7856,9493,240,2195,7145
26826,7856,1478,240,7591,8548
26827,7856,1478,1576,9935,663
26828,7856,9972,1294,7591,1772
26829,7856,1478,2005,9935,8548
26830,7856,1478,1576,7591,8548
26831,7856,1478,1576,9935,8548
26832,2383,9972,9436,4573,884
26833,2383,9972,1576,4827,884
26834,2383,7134,9044,9742,884
26835,7856,1478,7093,9935,884
26836,7856,4714,1576,7591,8548
26837,7856,9566,1576,9935,8548
26838,7856,1478,4079,9935,7284
26839,7856,1478,1576,7591,884
26840,7856,1478,1576,7591,8548
26841,7856,1478,1576,4777,884
26842,7856,1478,1294,9935,6
26843,8902,2463,1576,9935,7701
26844,8902,9972,1294,9935,1772
26845,7407,4714,1576,7591,5885
26846,7856,4714,7093,7591,7145
26847,7856,4714,1576,7591,7821
26848,7856,4714,1576,9935,2422
26849,7856,4714,1576,7591,663
26850,2383,5353,9436,4827,884
26851,2383,9972,240,3670,8784
26852,3299,5391,9044,9742,7995
26853,7856,9493,1576,9935,7145
26854,7856,9972,7093,7591,663
26855,7856,4714,1576,7591,7145
26856,7856,2224,1576,7591,663
26857,7407,4714,1576,7591,2422
26858,7856,4714,1576,9935,663
26859,7856,4714,1576,7591,6
26860,7856,1478,1576,7591,7957
26861,7856,2390,1576,7591,663
26862,7407,4714,1576,4985,7821
26863,7856,4714,3058,7591,663
26864,8902,4714,9016,4985,884
26865,8902,9972,1576,4985,6
26866,7856,6429,9016,9935,3660
26867,7856,4714,1576,7591,663
26868,3299,9972,3065,9742,884
26869,3890,9972,9436,3537,6438
26870,2383,7134,9044,9742,884
26871,8902,9972,1576,4985,1772
26872,8902,9972,1576,9935,1772
26873,8902,9972,1294,9935,8784
26874,7856,2390,1576,9935,663
26875,8902,9972,1576,9935,1772
26876,8902,9972,1576,9935,6
26877,7856,3229,1294,4985,8548
26878,8902,4714,1576,4985,4202
26879,8902,2390,1576,9935,1449
26880,7856,9493,1576,7591,7821
26881,7856,2390,1576,7591,884
26882,7856,9493,1576,7591,884
26883,8902,9972,1576,9935,2422
26884,7856,2390,1576,9935,6
26885,8902,4714,1576,7591,6
26886,7407,4714,1576,8433,884
26887,2383,7134,9016,7178,884
26888,8902,9972,9016,4827,884
26889,7856,4714,1576,7591,884
26890,8902,9972,2005,9935,8341
26891,7407,4714,1576,7591,4160
26892,7856,1478,1576,9935,8548
26893,7856,1478,1576,9935,8548
26894,7856,1478,7093,9935,8548
26895,2383,9972,84,2969,8784
26896,2383,9972,9436,3537,6438
26897,3890,9972,9436,4573,6438
26898,8902,9972,9016,4827,884
26899,2383,9972,1576,3537,884
26900,3890,9972,9436,4573,6438
26901,7856,9972,1576,9935,6
26902,7856,9972,1294,9935,6
26903,7856,1478,4026,7591,8548
26904,8902,5348,240,7039,9443
26905,7856,9493,1576,8433,9337
26906,7856,2390,1576,4985,8548
26907,7856,2390,1576,9935,8548
26908,7407,4714,4026,7591,7821
26909,7856,9972,1576,7591,663
26910,3299,9972,1576,5812,2639
26911,2603,9972,9436,3537,3216
26912,2383,9972,9044,284,4101
26913,7856,9972,1576,9935,1772
26914,8902,9972,1294,3670,884
26915,7856,1478,1294,9935,1772
26916,8902,9972,7093,9935,884
26917,8902,9972,1576,7591,3660
26918,8902,9972,1576,9935,6
26919,7407,4714,4026,7591,657
26920,7856,4714,1576,7591,7145
26921,7856,4714,1576,9935,8548
26922,7407,3229,1576,7591,8548
26923,7407,4714,1576,7591,7821
26924,8902,3229,1576,7591,8548
26925,7856,1478,1576,9935,8548
26926,7856,2390,1576,9935,8548
26927,7856,2390,1576,7591,7701
26928,7856,4714,1576,7591,663
26929,7407,4714,1576,9935,9337
26930,7856,4714,1576,9935,663
26931,7856,9972,8779,2195,3746
26932,7856,9972,1294,7591,6
26933,4237,9972,1576,4573,1772
26934,7856,4714,1576,8433,884
26935,7856,75,1576,3178,884
26936,3474,9493,3058,8433,884
26937,7856,9972,1576,9935,663
26938,7856,9972,1576,9935,8548
26939,7856,9972,1576,7591,6
26940,7407,4714,1576,7591,4160
26941,7407,4714,1576,7591,8548
26942,7856,4714,1576,7591,9443
26943,8902,9972,9436,4573,6438
26944,8902,9972,317,7591,7145
26945,3890,9972,1294,7591,6
26946,8902,6429,1576,9935,657
26947,7407,3229,9016,7591,7826
26948,8902,9972,7093,9935,1549
26949,2383,7134,9016,4731,884
26950,7407,4714,1576,6765,8509
26951,8902,9972,1576,7591,884
26952,2383,5353,240,8433,884
26953,8902,9972,9436,4573,6438
26954,8902,9972,240,4827,884
26955,7856,4714,1576,4985,7145
26956,7856,4714,1576,7591,7145
26957,7856,4714,1576,7591,884
26958,7856,1478,1576,7591,7145
26959,7856,4714,1576,9935,7145
26960,7856,4714,1576,7591,7145
26961,7856,1478,1576,7591,8548
26962,7856,9972,1576,7591,1772
26963,7856,4714,1576,7591,884
26964,7856,1478,1576,9935,8548
26965,7856,1478,1576,2195,8548
26966,7856,1478,1576,7591,8548
26967,7856,1478,1576,7591,3746
26968,7856,1478,4026,7591,8541
26969,8902,9972,1576,9935,1772
26970,7856,2390,1294,4985,7145
26971,7856,1478,1576,9935,7145
26972,7856,9972,1576,9935,6
26973,7856,2390,1576,9935,8548
26974,7856,4714,1576,4858,8548
26975,7407,4714,1576,4985,7821
26976,8902,9972,1576,7591,884
26977,8902,9972,9436,4573,884
26978,3890,9972,1294,8650,6438
26979,7856,1478,7093,9935,1772
26980,8902,1478,1576,9935,7701
26981,7856,1478,1576,7591,663
26982,7856,1478,1576,7591,8548
26983,7856,3253,1576,7591,7145
26984,7856,1478,1576,9935,7145
26985,7856,9566,4026,7591,8548
26986,7856,4714,1576,7591,663
26987,7856,4714,1576,7591,657
26988,3890,9972,8375,9742,2639
26989,3890,9972,9436,2969,6438
26990,8902,9972,7093,9935,884
26991,7856,4714,9016,7591,6222
26992,7856,4714,1576,7591,6
26993,8902,9972,1576,7591,1772
26994,9811,666,9044,9743,884
26995,2383,9972,9044,5046,884
26996,8902,5353,9436,8008,1772
26997,8902,4714,1576,4985,7821
26998,7407,4714,1576,1592,657
26999,8902,9972,7093,9935,1772
27000,7856,3229,1576,7591,8548
27001,7407,4714,1576,7591,657
27002,7856,4714,1576,7591,8548
27003,8902,2390,1576,4985,884
27004,8902,2390,7093,9935,1772
27005,7856,2390,1576,7591,8548
27006,7407,3229,9016,4985,7145
27007,8902,9972,317,478,6743
27008,7856,2390,1576,7591,8548
27009,8902,9972,7093,9935,1772
27010,7856,75,240,2195,884
27011,8902,9972,1576,7591,7145
27012,8902,9972,1576,5812,6222
27013,8902,9972,9016,9743,3660
27014,8902,9972,1294,1879,7826
27015,8902,4714,9016,9935,3660
27016,7856,4714,1576,7591,7821
27017,7407,4714,1576,4985,4202
27018,8902,9972,1576,4985,1772
27019,7856,9972,1576,7591,7145
27020,7856,9972,1576,9935,1772
27021,7856,9493,1576,9935,8548
27022,7856,9493,1576,9935,7145
27023,7856,9493,1576,9935,7145
27024,7856,9972,1576,4985,1772
27025,8902,9972,1576,9935,1772
27026,8902,3229,1576,4985,3164
27027,7407,4714,1576,7591,8548
27028,7407,6429,1576,9935,9337
27029,7856,6429,1576,9935,7821
27030,3299,9972,9016,2969,3119
27031,8902,2390,317,2969,3119
27032,3299,4714,1576,5812,884
27033,7856,1478,1576,7591,3746
27034,7856,1478,4026,7591,8541
27035,7856,1478,240,9935,8548
27036,8902,9972,1576,9935,1772
27037,8902,9972,1576,9935,7701
27038,7856,1478,7093,9935,1772
27039,2603,9972,1576,3537,884
27040,2383,9972,9436,9857,884
27041,2383,7134,8375,9742,884
27042,7856,4714,1576,7591,663
27043,7856,2390,1576,7591,7356
27044,7856,2390,1576,9935,7145
27045,7856,4714,1576,7591,884
27046,7856,9566,1576,9935,663
27047,7856,2390,1576,9935,7145
27048,7856,9493,5184,9935,9337
27049,7856,9493,1576,7591,7145
27050,7856,9493,1576,7591,7145
27051,7856,4714,1576,7591,4202
27052,7856,4714,1576,4985,7145
27053,7856,2390,1576,7591,8548
27054,7856,4714,1576,7591,657
27055,7856,4714,1576,9935,1895
27056,7856,4714,1576,7591,663
27057,2383,9972,84,4573,8784
27058,3890,9972,9016,4827,884
27059,2383,9972,9436,2969,3119
27060,8902,9972,9436,4573,1516
27061,8902,2390,9016,9935,7145
27062,8902,9972,9016,9743,6743
27063,7856,4714,8854,7591,884
27064,7856,1478,240,7591,884
27065,7856,4714,1576,7591,884
27066,7856,1478,1576,7591,884
27067,7856,1478,240,1563,7145
27068,7856,9493,1576,7591,7145
27069,7856,1478,240,7591,3401
27070,7856,9493,240,7591,8548
27071,7856,75,240,2195,8548
27072,7856,2463,1576,9935,8548
27073,7856,1478,8779,9935,8548
27074,7856,2390,1576,9935,8548
27075,7856,1478,1576,9935,8548
27076,7856,3253,1576,9935,7145
27077,7856,2390,7093,9935,7145
27078,7856,3253,8854,1563,663
27079,7856,2390,1576,9935,1772
27080,7856,9493,1576,1563,663
27081,7407,4714,1576,9935,663
27082,7407,4714,1576,9935,7145
27083,7407,4714,2225,1592,9337
27084,7407,4714,1576,7591,8548
27085,7407,4714,1576,7591,4202
27086,7856,4714,1576,7591,8548
27087,8902,9972,9016,1879,6
27088,8902,2390,1576,9935,9337
27089,7407,4714,1576,7591,663
27090,8902,1478,1576,9935,884
27091,8902,9972,1576,7591,884
27092,7856,9493,7093,4777,884
27093,7407,2390,1576,9935,6
27094,7856,4714,1576,7591,8548
27095,8902,2390,1576,7591,663
27096,7856,1478,240,7591,9443
27097,7856,4714,1576,9935,1895
27098,7856,4714,1576,7591,9443
27099,8902,9972,1576,5046,663
27100,7407,4714,9016,7178,884
27101,8902,2390,9436,4573,6438
27102,8902,9972,9436,4573,1516
27103,8902,9972,9016,1632,884
27104,2383,5353,9436,8008,884
27105,7407,3229,1576,4985,7356
27106,8902,9972,1576,702,1772
27107,8902,9972,1576,9935,2422
27108,7856,1478,7093,9935,2422
27109,8902,9972,7093,9935,2422
27110,8902,9972,1576,9935,6
27111,7407,3229,1576,4985,7145
27112,8902,9972,1576,7591,663
27113,8902,9972,1576,7591,663
27114,3890,9972,9436,4573,3119
27115,3890,9972,1576,7591,8784
27116,3890,9972,9436,4573,1516
27117,8902,9972,1576,9935,1772
27118,8902,5353,240,7039,1772
27119,7856,9972,317,8008,884
27120,7856,9972,7093,4573,1772
27121,7856,1478,7093,9935,1772
27122,7856,1478,7093,7591,884
27123,7407,4714,1576,9935,657
27124,7407,4714,1576,4985,7145
27125,7407,3229,1576,4985,6222
27126,7407,3229,9016,4985,4160
27127,7856,9972,1576,9935,1772
27128,7407,3229,9016,5812,7826
27129,7856,9972,1576,7591,663
27130,7856,4714,1576,7591,8548
27131,7856,9972,1576,9935,8548
27132,8902,9972,9016,4573,1516
27133,8902,9972,1576,4985,6
27134,8902,3229,1576,4985,7145
27135,7856,9566,7093,9935,1772
27136,7856,2390,1576,9935,1772
27137,8902,9972,7093,9935,1772
27138,8902,9972,1576,7591,1772
27139,8902,9493,9016,4731,884
27140,3890,9972,1294,2586,3216
27141,7856,75,240,7591,884
27142,7856,4714,1576,7591,884
27143,7856,9493,1576,7591,8548
27144,7856,2390,1576,1879,663
27145,8902,2390,1294,9935,3746
27146,8902,9972,1294,1879,3119
27147,7856,9972,9016,7591,6743
27148,8902,9972,1576,7591,7826
27149,7407,3229,1576,9743,7826
27150,7685,6429,3647,9935,7145
27151,7856,1478,1576,9935,1772
27152,7856,9493,1576,9935,663
27153,7856,2390,1576,9935,7145
27154,8902,9972,1576,7591,7145
27155,7856,1478,1576,9935,9443
27156,8902,9972,1576,9935,6
27157,7856,9972,1576,7591,8548
27158,8902,9566,1576,9935,8548
27159,8902,5348,240,4777,884
27160,7856,1478,1576,9935,8548
27161,7856,1478,7093,9935,9337
27162,8902,6429,1576,9935,9337
27163,7856,2390,1576,9935,8548
27164,7856,2390,1576,9935,1772
27165,7407,4714,1576,7591,4202
27166,7407,4714,9016,4985,2422
27167,7856,9972,1576,9935,7145
27168,8902,2390,9016,9935,2422
27169,7856,9972,1576,9935,7145
27170,8902,2390,1576,9935,9337
27171,7856,1478,4826,7591,9443
27172,8902,1478,1576,9935,1772
27173,7856,1478,1576,2195,8548
27174,7856,2390,317,3764,1772
27175,7856,1478,1576,7591,7145
27176,7856,9972,1576,9935,1772
27177,8902,9972,1576,9935,1772
27178,8902,2390,1576,9935,8548
27179,7407,4714,1576,4985,7145
27180,7856,4714,1576,7591,657
27181,7856,4714,1576,7591,663
27182,7856,4714,1576,7591,884
27183,7407,2390,1576,4985,7145
27184,8902,9972,7093,9935,884
27185,7856,2390,1576,4985,7145
27186,7856,1478,1576,9935,7145
27187,7856,1478,1576,9935,8548
27188,7856,9972,1576,7591,8548
27189,7856,4714,1576,4985,7145
27190,7856,4714,1576,4985,1836
27191,7856,6429,1576,9935,8548
27192,7856,75,240,2195,9443
27193,7856,9493,1576,8433,8548
27194,7856,1478,1576,7591,7145
27195,8902,9972,1576,7591,3660
27196,7856,9972,7093,9935,1772
27197,7856,2390,1576,7591,2422
27198,7407,3229,9016,4985,2422
27199,7407,4714,9016,7591,884
27200,7856,2390,1576,9935,2422
27201,8902,9972,317,4573,1516
27202,3890,9972,1294,2586,3119
27203,7856,1478,1576,9935,1772
27204,7856,9493,1576,8433,663
27205,7856,4714,8854,7591,884
27206,7856,4714,1576,7591,884
27207,8902,9972,9016,3764,1516
27208,3474,1478,240,7039,2796
27209,7856,1478,1319,1304,7145
27210,3890,7134,9044,9742,884
27211,3299,9972,9436,2969,3119
27212,3890,9972,9436,4573,6438
27213,2603,9972,84,4573,8784
27214,8902,9972,9436,4573,6438
27215,3890,7134,9436,8257,6438
27216,7856,9493,1576,7591,663
27217,7856,4714,1576,7591,663
27218,7407,4714,1576,7591,663
27219,8902,9493,1576,9935,663
27220,7856,4714,1576,4985,8548
27221,8902,2390,1576,9935,1549
27222,2603,9972,9436,4573,1772
27223,3299,9972,9436,4573,6438
27224,8902,9972,9436,4573,6438
27225,8902,9972,1576,9935,6
27226,8902,4714,1576,1592,7821
27227,9154,9972,1576,9935,6
27228,7856,4714,1576,7591,2422
27229,7407,4714,9016,7591,4160
27230,7407,4714,1576,7591,8548
27231,8902,9972,1294,3764,1516
27232,8902,9972,1294,4573,3119
27233,7856,9972,1576,7591,7145
27234,7856,9493,1576,4985,7821
27235,7856,4714,9016,8433,884
27236,8902,9972,1576,9935,1772
27237,7856,4714,1576,7591,7145
27238,7407,4714,1576,9935,6
27239,7856,4714,1576,7591,4202
27240,8902,9972,9016,4985,6
27241,8902,2390,9016,478,6743
27242,7407,3229,9016,4985,3660
27243,7856,1478,1576,7591,4202
27244,7856,4714,8854,7591,884
27245,7856,4714,1576,7591,884
27246,7856,2390,1576,7591,8548
27247,7856,1478,1576,9935,1772
27248,7856,1478,1576,7591,8548
27249,7856,2390,1576,9935,7145
27250,7856,2390,1576,9935,8548
27251,8902,9972,1576,9935,1772
27252,7856,9972,1576,7591,8548
27253,7856,2390,1576,7591,8548
27254,7856,2390,1576,4985,3401
27255,8902,9972,1576,9935,6743
27256,8902,9972,1576,9935,8548
27257,8902,2463,1576,9935,7145
27258,7856,2390,1294,9935,8548
27259,7856,9972,1576,7591,7356
27260,7856,4714,1576,9935,8548
27261,7856,9972,1576,9935,1772
27262,7856,1478,8779,9935,8548
27263,7856,1478,1294,7591,6
27264,7856,9972,1576,9935,2422
27265,8902,9972,1576,9935,6
27266,7856,4714,9016,9935,2422
27267,8902,9972,7093,9935,663
27268,7856,4714,1576,7591,8548
27269,7856,4714,1576,7591,884
27270,8902,1478,7093,9935,663
27271,7856,2390,1576,7591,663
27272,7856,4714,1576,7591,663
27273,8902,4714,9016,7591,7145
27274,7856,4714,1576,9935,7145
27275,8902,3229,9016,7591,4160
27276,7856,1478,1576,7591,3746
27277,8902,9972,317,9935,884
27278,8902,3353,1576,9935,663
27279,7856,2390,1576,8433,7145
27280,7856,1478,8779,2195,1772
27281,8902,2390,1576,7039,6992
27282,7856,9493,5184,9935,9337
27283,7856,9972,7093,9935,1772
27284,8902,2463,1576,9935,1772
27285,7407,4714,1576,9935,8548
27286,7856,4714,1576,7591,4202
27287,7407,4714,9016,7591,7957
27288,7856,9566,1576,7591,1772
27289,7856,4714,1576,7591,7701
27290,7856,2390,1576,9935,8548
27291,7856,75,240,2195,8548
27292,7856,1478,8779,7591,3746
27293,7856,2390,1576,7591,884
27294,7856,1478,2005,9935,8548
27295,7856,1478,1576,7591,7145
27296,7856,9972,1576,9935,1772
27297,7856,1478,240,7039,2462
27298,7856,2390,1576,9935,8548
27299,7856,1478,1576,4777,9443
27300,7856,4714,1576,7591,663
27301,8902,9972,1576,9935,1772
27302,7856,9972,1294,7591,8548
27303,8902,1478,1576,9935,663
27304,7856,1478,1576,2195,7145
27305,7856,2390,1576,2195,7145
27306,7856,1478,240,9935,9443
27307,7856,1478,1576,9935,9337
27308,7856,3253,240,9935,8548
27309,3890,666,9044,9742,884
27310,2383,7134,9044,3537,8784
27311,3299,5391,8375,9742,884
27312,8902,2390,9016,4985,9913
27313,8902,1478,1576,9935,8341
27314,7856,3253,240,7591,7356
27315,3890,9972,9436,4827,884
27316,3890,9972,9436,4827,884
27317,3890,9972,9044,9742,884
27318,3890,9972,9436,5046,884
27319,3890,9972,9436,2969,1516
27320,3890,9972,9436,4573,1516
27321,7856,9972,9436,4573,6
27322,7856,9972,8779,4573,6
27323,3890,9972,9436,4573,884
27324,7856,3253,4026,7591,3401
27325,7856,1478,240,7591,3401
27326,7856,4714,1576,9935,8548
27327,8902,2390,9016,9935,7145
27328,8902,9972,9016,1632,3660
27329,7407,3229,1576,9743,7826
27330,7856,2390,1576,9935,4160
27331,8902,4714,1576,4985,884
27332,7856,9972,1576,7591,3660
27333,7856,1478,240,2195,7145
27334,7856,9493,1576,9935,8548
27335,7856,3253,1576,7591,8548
27336,8902,9493,1576,2195,3401
27337,7856,9972,1576,7591,8548
27338,7856,1478,1576,9935,8548
27339,8902,1478,1576,9935,8548
27340,8902,9972,1576,9935,8548
27341,7856,1478,7093,4573,1772
27342,7856,1478,8779,7591,8548
27343,7856,3253,1576,7591,8548
27344,7856,4714,1576,9935,8548
27345,7856,9972,1576,7591,7957
27346,7856,2390,1576,9935,663
27347,8902,9972,1576,9935,1772
27348,3890,9972,9436,1632,6222
27349,2383,9972,9436,9742,884
27350,8902,7134,9016,4827,884
27351,7856,1478,240,7591,7145
27352,7856,1478,1576,2195,8548
27353,7856,1478,240,2195,9443
27354,9675,7134,9044,9742,884
27355,2603,2224,9044,9742,884
27356,2383,7134,9016,2969,4101
27357,8902,4714,9436,9935,2422
27358,8902,9972,1576,4985,1772
27359,7407,4714,1576,9935,663
27360,8902,9972,1576,9935,663
27361,8902,9972,1576,9935,1772
27362,8902,2390,9016,7591,4160
27363,7856,9493,1576,9935,663
27364,8902,9972,8815,9935,6813
27365,7407,3229,9016,4985,7826
27366,3299,9972,9016,2969,1874
27367,3890,9972,9436,2969,6438
27368,8902,5353,9016,4827,884
27369,3890,7134,1576,9742,884
27370,8902,2390,240,7039,884
27371,8902,9972,9016,4827,884
27372,3299,9972,9016,9743,884
27373,7856,9493,1576,8433,884
27374,8902,9972,9016,6377,3119
27375,7856,2390,1576,7591,884
27376,7856,4714,240,7591,884
27377,7856,9493,3647,9935,9337
27378,7856,9972,1576,7591,1772
27379,7856,2390,1576,7591,884
27380,7407,4714,1576,7591,7821
27381,8902,2390,1576,4985,663
27382,7407,4714,1576,7591,4202
27383,7856,9493,1576,2195,3401
27384,7856,4714,1576,9935,8548
27385,7856,4714,1576,7591,7356
27386,7856,4714,1576,7591,8548
27387,8902,3229,1576,9743,4202
27388,7407,4714,1576,4985,7145
27389,8902,2390,9016,9935,7145
27390,7407,4714,1576,7591,657
27391,8902,2390,1576,7591,8548
27392,7407,4714,1576,7591,7821
27393,7856,1478,1576,7591,884
27394,7856,1478,240,2195,3401
27395,7856,4714,1576,7591,884
27396,8902,9972,1576,3537,6
27397,8902,9972,1294,1879,1772
27398,8902,9972,9016,9742,884
27399,7856,9566,1576,7591,8548
27400,7856,9493,1576,8433,884
27401,7856,1478,1576,9935,9337
27402,8902,9972,8815,9935,2422
27403,7856,9972,1576,4985,663
27404,8902,2390,1576,9935,884
27405,7856,2390,9016,9935,7145
27406,8902,2390,1576,9935,7145
27407,8902,9972,1576,7591,1772
27408,8902,9972,1576,9935,884
27409,7856,9972,1294,4777,8548
27410,8902,2463,1576,9935,7145
27411,2383,9972,9016,4827,884
27412,2603,9972,9436,1632,6222
27413,2383,5353,240,8433,884
27414,7856,4714,1576,9743,7145
27415,7856,2390,4026,1592,7821
27416,7856,4714,1576,7591,8548
27417,8902,9972,9016,9742,884
27418,8902,9972,9436,4827,884
27419,2383,75,1576,7178,884
27420,7407,4714,1576,4985,5690
27421,8902,4714,1576,4985,7145
27422,7407,4714,3065,5812,6222
27423,7856,2390,1576,1592,7821
27424,7856,2390,1576,9935,8548
27425,7856,2390,1576,9935,8548
27426,7856,1478,1576,7591,8548
27427,7856,9493,1576,9935,8548
27428,8902,4714,1576,7591,4202
27429,3890,9972,9436,4573,1516
27430,3299,4714,3065,9742,884
27431,2383,9972,240,4827,884
27432,7856,1478,1576,9935,7356
27433,7856,2390,1576,9935,9337
27434,7856,1478,3647,9935,7701
27435,7856,6429,1576,9935,9337
27436,172,6429,1576,9935,8548
27437,7856,9493,3647,9935,9385
27438,8902,2390,9016,9935,6743
27439,7856,2390,1576,9935,7145
27440,7856,2390,1576,7591,884
27441,7856,2390,1576,9935,1772
27442,8902,9972,9016,9935,1772
27443,8902,9972,317,3764,6743
27444,8902,4714,9016,9935,2422
27445,8902,3229,1576,4985,7145
27446,7407,9566,1576,9935,1772
27447,2383,2390,9016,4827,884
27448,8902,9972,9016,1879,884
27449,2383,9972,9436,9857,884
27450,8902,9972,1294,7591,3746
27451,8902,9972,1576,9935,663
27452,8902,9972,1294,7591,8548
27453,7856,1478,1576,9743,7145
27454,7856,1478,1576,9935,8548
27455,7856,1478,1576,9935,1772
27456,7856,1478,7093,4573,3746
27457,7856,1478,240,1563,5177
27458,7856,1478,240,7591,5177
27459,7856,4714,1576,7591,8548
27460,7407,3229,1294,4985,7826
27461,8902,9972,1576,9935,8548
27462,8902,9972,9436,3537,7495
27463,8902,9972,9436,3537,6438
27464,3890,9972,9436,8008,884
27465,8902,2390,1576,9935,663
27466,8902,2390,1576,9935,8548
27467,7856,1478,1576,7591,7145
27468,3890,9972,317,3326,1772
27469,2383,9972,9436,4573,6438
27470,3890,6043,84,284,884
27471,7856,9493,240,8433,884
27472,8902,2390,1576,5812,3401
27473,8902,9972,1576,7591,663
27474,7856,3253,1576,9935,8548
27475,7856,6429,1576,9935,663
27476,7856,4714,1576,7591,663
27477,8902,9972,1576,9935,884
27478,8902,9972,9436,4573,1772
27479,8902,9972,1576,4573,1772
27480,7856,4714,1576,7591,663
27481,8902,9972,1576,2195,884
27482,2383,2390,1576,3537,884
27483,7856,1478,1294,7591,3746
27484,7856,9972,1576,9935,8548
27485,7856,1478,7093,9935,3746
27486,7856,4714,1576,7591,8548
27487,7407,4714,1576,7591,7821
27488,7856,4714,1576,7591,4202
27489,8902,9972,9436,4573,3119
27490,8902,9972,1576,3537,884
27491,3890,9972,9436,3670,884
27492,7856,4714,1576,1592,7821
27493,7856,4714,1576,9935,2422
27494,7856,2390,1576,7591,3660
27495,7856,9566,1576,9935,1772
27496,7856,4714,1576,9935,1772
27497,8902,9972,317,9935,1772
27498,7856,9566,2005,9935,8548
27499,7856,1478,1576,7591,8548
27500,8902,9972,1576,9935,1772
27501,3474,9972,240,3670,884
27502,3890,9972,9436,4573,3119
27503,3890,9972,240,4573,1516
27504,8902,2390,9016,4985,884
27505,7856,4714,1576,7591,6466
27506,7856,9972,1576,7591,663
27507,7856,1478,8779,2195,3746
27508,8902,4714,1576,7591,884
27509,7856,1478,1576,2195,8784
27510,7856,9493,1576,4985,7145
27511,8902,9972,1576,8433,1772
27512,7856,9972,1576,9935,7145
27513,2383,9972,1576,9742,884
27514,3299,9972,9016,2969,3119
27515,3890,9972,9436,4573,1516
27516,3890,9972,4298,9742,884
27517,3890,9972,9436,2586,1516
27518,8902,9972,1576,9935,6743
27519,7856,2390,1576,9935,9443
27520,7856,1478,1576,7591,9443
27521,7856,4714,5184,9935,7145
27522,7856,9972,1576,7591,663
27523,7856,9972,1576,9935,8784
27524,7856,4714,1576,7591,8548
27525,8902,9972,1294,9935,6
27526,7856,2463,1294,9935,8548
27527,7856,1478,1576,9935,8548
27528,8902,1478,1576,9935,7284
27529,8902,9972,1576,9935,1772
27530,8902,1478,2005,9935,1772
27531,7856,9493,1576,9935,884
27532,7856,4714,1576,9935,663
27533,7856,4714,1576,7591,4202
27534,8902,9972,1576,7591,884
27535,7407,3229,9016,9455,6222
27536,8902,9972,1576,9935,6
27537,7856,2390,1576,9935,7145
27538,7856,2390,1576,9935,7145
27539,8902,9972,1576,9935,8548
27540,7856,9972,1576,9935,663
27541,8902,9972,9016,9935,1772
27542,8902,9566,1576,9935,7145
27543,2383,7134,9044,9742,884
27544,2383,9972,9436,4827,884
27545,2383,666,9044,9742,884
27546,8902,2390,7093,7591,884
27547,7856,1478,1576,9935,884
27548,7856,75,240,8302,7145
27549,7856,4714,1576,2195,3401
27550,7856,4714,1576,7591,7145
27551,7856,4714,1294,7591,8548
27552,8902,2390,1576,4827,884
27553,8902,9972,9436,4573,3982
27554,8902,9972,1576,3607,884
27555,7856,9566,1576,9935,7821
27556,7407,3229,1576,7591,7826
27557,7407,3229,1576,7591,6
27558,8902,9972,1576,4573,6438
27559,8902,9972,1294,5812,2639
27560,8902,9493,1576,4985,884
27561,2383,9972,9436,4573,1516
27562,2383,666,9044,5046,3446
27563,2383,9972,9436,4573,1516
27564,8902,3353,9016,9935,7145
27565,7856,9972,7093,9935,1772
27566,7856,1478,1576,9935,1772
27567,7856,9493,1576,8433,8548
27568,8902,9972,7093,9935,1772
27569,7856,1478,1576,7591,8548
27570,8902,9972,9436,5046,663
27571,8902,9972,9436,4573,1772
27572,8902,9972,9436,3537,6438
27573,7856,9972,1576,7591,3660
27574,7856,4714,1576,9935,663
27575,7407,4714,1576,7591,7821
27576,7856,9566,1576,9935,8548
27577,8902,9972,1576,9935,7145
27578,7856,2390,8854,7591,663
27579,7407,4714,1576,4985,8548
27580,7856,4714,1576,7591,4202
27581,7856,1478,1576,9935,8548
27582,7856,9493,1576,9935,8548
27583,7856,9493,1576,9935,9443
27584,8902,4714,1576,9935,7145
27585,8902,9972,1576,7591,1772
27586,7856,9493,1576,4985,7145
27587,7856,2390,1576,4985,6901
27588,7856,2390,1576,7591,7145
27589,7856,9972,1576,9935,7145
27590,7407,4714,1576,7591,7356
27591,8902,5353,9044,4827,884
27592,8902,5353,240,7039,884
27593,2383,9493,240,7039,884
27594,8902,9972,1576,7591,6
27595,3299,9972,9436,4573,884
27596,8902,9972,9436,9742,884
27597,8902,2390,9016,4827,884
27598,3299,7134,1576,5812,7995
27599,3299,2390,1576,5812,3401
27600,2603,9972,1294,3537,6438
27601,3299,9972,9436,4827,884
27602,3890,9972,9436,8008,884
27603,7856,4714,1576,7591,8548
27604,7856,4714,1576,7591,4202
27605,7407,4714,1576,4985,2883
27606,8902,2390,4298,9857,884
27607,2383,2390,9436,3178,884
27608,2383,2390,9436,5046,884
27609,2383,9493,9044,9742,884
27610,2383,7134,9044,9742,2639
27611,2383,2390,240,9742,3401
27612,7856,9972,1576,9935,1772
27613,7856,9566,1576,9935,8548
27614,7856,9972,1576,9935,8548
27615,7856,2390,1576,9935,663
27616,7856,4714,1576,7591,4202
27617,7856,4714,8854,7591,5885
27618,8902,9972,1576,9935,7145
27619,7856,9566,1576,9935,8548
27620,7856,4714,1576,7591,7145
27621,2603,9972,9436,4827,884
27622,2383,9972,9436,2969,6438
27623,8902,2390,9016,4827,884
27624,7856,3229,1576,7591,8548
27625,7856,4714,1576,7591,8548
27626,7856,9972,4026,7591,8548
27627,7856,4714,1576,7591,7821
27628,7856,9566,4026,7591,657
27629,7856,9566,1576,9935,8548
27630,2603,9972,9436,3537,6438
27631,8902,7134,1576,9742,884
27632,2383,7134,9044,9742,884
27633,7407,9972,1576,7591,6813
27634,8902,9972,1576,4985,3185
27635,7407,3229,9016,9935,8341
27636,2383,7134,9044,3178,884
27637,2603,9972,9436,8008,6438
27638,2383,5353,240,7039,3401
27639,7856,2390,1576,7591,663
27640,7856,9493,8854,9935,1449
27641,7856,4714,1576,7591,5690
27642,7856,9566,7093,9935,8548
27643,8902,2463,1576,9935,1772
27644,7856,2390,1576,9935,884
27645,2383,9972,84,2969,4101
27646,2383,7134,9016,9742,884
27647,2603,9972,9436,2969,6222
27648,7856,9566,1576,9935,7145
27649,7856,2390,1576,9935,7145
27650,7856,9493,1576,7591,7145
27651,8902,2390,9436,9857,884
27652,2383,5353,9016,1632,6222
27653,3299,9972,9436,2969,3119
27654,7856,1478,1319,9935,1772
27655,4237,1478,3661,1563,4773
27656,7856,1478,4026,7591,1772
27657,8902,9972,1576,7591,8548
27658,7856,1478,7093,9935,1772
27659,8902,9972,1576,4777,884
27660,3890,9972,9436,9742,884
27661,8902,9972,9436,9742,884
27662,3890,9972,1576,9742,884
27663,8902,9972,9436,4573,1516
27664,8902,9972,1576,1879,884
27665,8902,9972,9436,4573,6438
27666,8902,9972,1576,9935,884
27667,7856,1478,4026,7591,7356
27668,7856,1478,1576,9935,8548
27669,7856,1478,1576,7591,3746
27670,7856,3253,4079,7591,7145
27671,7856,2390,1576,9935,7145
27672,2383,6043,84,284,3216
27673,8902,9972,1576,3764,1772
27674,2383,5353,9436,4827,884
27675,7856,1478,240,7591,3746
27676,7856,1478,8779,7591,3746
27677,7856,9493,240,8433,8548
27678,2383,7134,9044,4827,4101
27679,2383,9972,240,8008,884
27680,8902,2390,240,9857,884
27681,2603,9972,9016,2969,3119
27682,3890,9972,9436,4573,6438
27683,2603,9972,9436,2969,3119
27684,8902,9972,1576,4569,6
27685,8902,4714,1576,7591,6
27686,8902,4714,1576,9743,7995
27687,7856,2390,7093,9935,663
27688,7856,9972,7093,9935,2422
27689,8902,9972,7093,9935,6
27690,7407,3229,9016,1592,6
27691,7856,4714,1576,9935,7145
27692,8902,9972,1576,4985,7356
27693,7856,9493,3647,9935,9337
27694,7856,1478,1576,9935,8548
27695,7856,9493,1576,9935,8548
27696,7856,9972,1576,4985,7145
27697,7856,1478,2005,9935,1772
27698,7856,9972,1576,9935,1772
27699,3890,5353,9436,8008,884
27700,2383,9972,9436,2969,6222
27701,3890,9972,9016,2969,7826
27702,2603,9972,9436,4573,3119
27703,8902,9972,9436,4573,6438
27704,3890,9972,9436,4573,1516
27705,7856,4714,1576,7591,663
27706,7856,4714,1576,7591,663
27707,7856,4714,1576,7591,663
27708,7856,1478,1576,7591,3746
27709,7856,1478,1576,7591,8548
27710,7856,1478,7093,4777,1772
27711,7856,1478,2005,9935,1772
27712,8902,9972,7093,9935,1772
27713,7856,9972,1576,9935,1772
27714,7856,1478,1576,9935,8548
27715,7856,4714,1576,9935,663
27716,7856,9493,1576,9935,7145
27717,7856,2390,1576,9935,7821
27718,7856,1478,1576,9935,1772
27719,7856,9972,1576,9935,1772
27720,8902,4714,9016,7178,884
27721,8902,2390,1576,7178,7145
27722,8902,2390,1576,4985,884
27723,8902,9972,9436,4573,1772
27724,8902,9972,1319,4573,6
27725,8902,9972,9436,4573,6438
27726,3474,9972,1319,4573,1772
27727,8902,9972,9436,4573,884
27728,8902,9972,9436,4573,1772
27729,8902,9566,1576,9935,1772
27730,8902,9972,7093,9935,6743
27731,7856,1478,1576,9935,3746
27732,7856,4714,1576,7591,884
27733,7856,9972,240,8008,884
27734,7856,1478,1576,9935,3746
27735,7856,2390,1576,7591,663
27736,7856,4714,1576,7591,8548
27737,7856,4714,1576,7591,8548
27738,8902,9972,9016,9935,8548
27739,7856,4714,7093,7591,663
27740,8902,9972,1576,9935,6
27741,7407,4714,1576,9935,8548
27742,7856,9972,1576,9935,1772
27743,7856,2390,4026,9935,663
27744,7856,1478,1576,9935,1772
27745,7856,4714,8854,7591,3446
27746,7856,9972,1576,9935,1772
27747,7856,3253,1576,7591,884
27748,7856,4714,240,7591,884
27749,7856,1478,240,7591,7356
27750,7856,3253,1576,7591,8548
27751,7856,9493,1576,9935,663
27752,7856,9493,1576,9935,7145
27753,2383,5353,317,8008,884
27754,8902,9972,317,3764,6743
27755,8902,9972,317,4827,884
27756,7856,4714,1576,7591,7145
27757,7856,2390,1576,7591,7145
27758,8902,9972,1576,7591,8548
27759,8902,4714,1576,1592,657
27760,7407,4714,1576,9935,663
27761,8902,9972,1576,9935,3660
27762,8902,9972,9436,4573,9305
27763,3299,7134,9044,9857,884
27764,3890,9972,240,3670,1516
27765,8902,9972,317,6892,1772
27766,2603,9972,9436,4573,6438
27767,8902,9972,9436,4573,6438
27768,7856,4714,1576,7591,7145
27769,7856,4714,1576,7591,7145
27770,8902,9972,1576,2195,7145
27771,7856,4714,1576,7591,884
27772,7856,4714,2005,9935,1449
27773,7856,4714,4026,7591,7821
27774,3890,9972,1294,5812,3401
27775,3890,9972,1294,8257,3216
27776,8902,9972,9016,8433,884
27777,7856,4714,1576,7591,7145
27778,7407,4714,9016,7591,7957
27779,7407,4714,1576,7591,4202
27780,7856,1478,1576,9935,8548
27781,7407,4714,1576,7591,4202
27782,7856,9972,1576,7591,1772
27783,3890,9972,9436,4573,6438
27784,2383,9972,9436,8433,884
27785,3890,9972,9436,8008,884
27786,8902,9972,1576,9935,8341
27787,8902,9972,1576,7591,8548
27788,8902,9972,1576,4985,1772
27789,2383,9972,240,8433,884
27790,8902,2390,9436,4573,3216
27791,8902,2390,1576,8433,884
27792,8902,5353,9044,9857,884
27793,8902,2390,1294,2195,1516
27794,2383,5353,8375,9742,7995
27795,8902,9972,9016,9935,7145
27796,3890,9972,240,3670,884
27797,3890,9972,9044,9742,884
27798,7856,4714,1576,9935,8548
27799,7407,4714,1576,4985,7145
27800,7856,4714,1576,9935,1772
27801,7856,2390,1576,7591,8548
27802,7856,1478,240,2195,3746
27803,7856,1478,1294,9935,8548
27804,7856,9566,2005,9935,7701
27805,7856,1478,1576,7591,7145
27806,8902,1478,1576,9935,7145
27807,3890,9972,9436,3670,884
27808,2383,666,240,2195,884
27809,2383,9972,9016,4827,884
27810,8902,2390,1576,4985,7145
27811,7856,9493,1576,8433,8548
27812,7856,3253,4026,7591,7821
27813,7856,9972,1576,4985,1772
27814,7856,4714,1576,9935,5690
27815,8902,9972,1576,9935,1772
27816,8902,9972,9436,4573,1772
27817,3890,9972,9436,8008,884
27818,8902,9972,9436,2586,3119
27819,7856,4714,1576,7591,8548
27820,7856,4714,1576,7591,8548
27821,7407,4714,1576,7591,7356
27822,7856,1478,240,2195,2796
27823,7856,3253,1576,7591,8548
27824,7856,9972,1576,7591,8548
27825,7856,4714,5184,9935,8548
27826,7856,2390,1576,7591,884
27827,7856,9493,1576,7591,884
27828,7856,4714,1576,7591,884
27829,7856,9566,1576,9935,7145
27830,7856,9566,7093,9935,8548
27831,7856,9972,1576,9935,8548
27832,7856,4714,1576,7591,8548
27833,7407,4714,1576,7591,657
27834,8902,9972,9016,4827,884
27835,3890,9972,9436,4827,884
27836,3890,9972,8375,4827,884
27837,7856,1478,7093,4573,6
27838,3474,9493,1576,7591,884
27839,7856,9566,1576,9935,7145
27840,2383,5348,240,8433,7145
27841,8902,9972,1576,9935,884
27842,2603,9972,9436,4573,6438
27843,7856,1478,240,7591,9443
27844,7856,1478,1576,7591,7145
27845,7856,2390,1576,7591,7145
27846,8902,9972,1576,9935,1772
27847,7856,1478,1576,7591,8548
27848,8902,9972,240,7039,884
27849,7856,4714,3065,7591,884
27850,7407,4714,9016,9455,4160
27851,7856,4714,9016,7591,4160
27852,8902,9972,317,3670,884
27853,3890,9972,9436,6769,3216
27854,2383,9972,9016,7039,884
27855,8902,9972,7093,9935,7145
27856,7856,2390,1576,9935,8548
27857,7856,2463,1576,9935,5696
27858,7407,2390,1576,4985,663
27859,8902,9972,1576,7591,6
27860,7856,9972,1576,7591,8548
27861,7407,4714,1576,7591,4202
27862,7856,75,240,1563,3401
27863,7856,4714,1576,7591,884
27864,7856,4714,8854,7591,3446
27865,7856,1478,240,7591,8548
27866,7856,4714,1576,7591,8548
27867,8902,9972,9016,4827,884
27868,8902,9972,9436,4573,3119
27869,3890,9972,9436,4573,6438
27870,7856,1478,1294,7591,1772
27871,7856,9493,1576,7591,8548
27872,7856,4714,1576,7591,8548
27873,7856,9972,1576,7591,884
27874,7856,9493,1576,9935,1772
27875,8902,9972,1294,2195,8784
27876,7856,4714,1576,9935,2422
27877,8902,9972,1576,7591,663
27878,8902,9972,1576,9935,6
27879,7407,3229,9016,4985,6743
27880,7407,9972,1576,7591,6743
27881,7856,2390,1576,7591,7356
27882,2383,7134,9044,9742,884
27883,2383,7134,9016,4827,884
27884,2383,7134,9044,9742,884
27885,7856,1478,1294,8302,1772
27886,7856,1478,1576,7591,1772
27887,7856,1478,240,1563,8548
27888,2383,666,240,8433,884
27889,8902,9493,1576,9935,884
27890,7856,9493,1576,7591,7145
27891,7856,9972,7093,7591,884
27892,7856,1478,1576,9935,1772
27893,8902,9972,1576,9935,1772
27894,7856,1478,1294,2195,8548
27895,7856,4714,1576,4985,8548
27896,7856,9493,1576,8302,7145
27897,7856,9972,1294,4985,8548
27898,7407,4714,1576,6765,7821
27899,7856,2390,1576,9935,8548
27900,8902,9972,1576,9743,6
27901,7407,4714,1576,4985,3660
27902,8902,9972,9436,8257,6222
27903,7856,4714,1576,1592,663
27904,8902,2390,1576,1592,7821
27905,7856,2390,1294,9935,1772
27906,7856,9972,1576,9935,1772
27907,7407,4714,1576,7591,7821
27908,7856,9972,1576,9935,663
27909,7856,4714,8854,7591,5885
27910,7856,4714,1576,7591,884
27911,7856,4714,1576,7591,5885
27912,7856,1478,1576,7591,884
27913,7856,4714,1576,7591,8548
27914,7856,1478,1576,7591,663
27915,7856,75,240,8302,9443
27916,7856,1478,1576,7591,7145
27917,7856,1478,240,7591,9443
27918,7856,1478,1576,9935,8548
27919,7856,1478,240,8302,7145
27920,7856,1478,1576,4777,7145
27921,7407,4714,1576,7591,4160
27922,8902,9972,1576,9935,1772
27923,7407,9972,3735,9935,8341
27924,8902,9972,1576,3537,663
27925,7856,9972,1576,7591,663
27926,8902,9972,9436,4573,663
27927,3890,9972,9016,4827,884
27928,3890,9972,9436,8008,884
27929,8902,2390,317,9935,884
27930,7856,9972,1576,9935,663
27931,7856,9972,1576,7591,7145
27932,8902,9972,7093,9935,6
27933,7856,9493,1576,9935,1772
27934,7856,75,240,2195,8548
27935,7856,75,8854,1563,1449
27936,3890,7134,84,5046,8784
27937,2603,9972,9436,4573,884
27938,3299,9972,8375,2969,1516
27939,8902,9972,9016,4827,884
27940,8902,9972,240,8433,884
27941,2383,9972,9436,8008,884
27942,8902,9972,1576,9935,3660
27943,8902,9972,317,7591,6743
27944,8902,4714,1576,9935,4160
27945,8902,9972,1576,9935,1772
27946,8902,9972,1576,9935,1772
27947,8902,9972,7093,7591,6813
27948,8902,2390,1576,2195,884
27949,8902,2390,1576,2195,3401
27950,7856,4714,1576,7591,7145
27951,2383,5353,1576,9935,7145
27952,8902,9972,9016,9935,884
27953,8902,9972,9436,7591,1772
27954,7856,1478,1576,7591,7145
27955,7856,2390,1576,7591,8548
27956,7856,2390,1576,9935,7145
27957,7856,9493,1576,8433,884
27958,8902,9972,1576,4985,7145
27959,8902,1478,1576,9935,1772
27960,8902,9972,1576,7591,6
27961,8902,2390,1576,7591,3401
27962,8902,9972,1576,7591,3660
27963,7856,4714,1576,7591,663
27964,7856,4714,1576,7591,663
27965,7856,9972,1576,7591,6
27966,8902,2390,1576,9743,6992
27967,8902,9972,1576,9935,6
27968,7856,9493,1576,7591,884
27969,7407,4714,1576,7591,657
27970,7856,9972,1576,7591,1772
27971,7856,4714,1576,9935,7145
27972,8902,9972,1294,4573,3119
27973,8902,9972,1294,2586,3119
27974,8902,2390,9436,4827,884
27975,2383,2390,240,4827,884
27976,8902,9972,9436,4573,1772
27977,8902,2390,1576,4985,2422
27978,7407,9493,8375,9742,884
27979,8902,9972,317,4827,884
27980,8902,9972,1576,1879,884
27981,7856,9493,1576,9935,8548
27982,7856,3253,1576,7591,7145
27983,7856,1478,1576,9935,1772
27984,7856,3253,4026,7591,7356
27985,7856,1478,1576,9935,8548
27986,7856,1478,1576,9935,8548
27987,8902,9972,1576,9935,3660
27988,7407,9972,1576,7591,6222
27989,8902,9972,9016,9935,1772
27990,7856,1478,240,8302,7145
27991,7856,1478,1319,9801,5177
27992,7856,1478,1576,7591,8548
27993,7856,3253,8854,4537,1449
27994,7856,1478,1576,9935,8548
27995,7856,1478,1576,7591,7145
27996,2383,9972,317,7039,884
27997,2383,9972,317,4827,884
27998,3890,9972,240,9857,884
27999,7856,9972,1576,7591,8548
28000,7856,4714,1576,9935,9337
28001,7856,3229,1576,7591,6
28002,8902,9972,1294,1879,7145
28003,8902,9972,9436,4827,884
28004,8902,9972,1576,9935,1772
28005,7856,3253,4026,7591,8548
28006,7856,1478,1576,7591,3746
28007,7856,2390,1576,7591,884
28008,7856,4714,1576,7591,8548
28009,8902,2390,1576,9935,7145
28010,8902,2390,7093,9935,1772
28011,7856,1478,7093,9935,7284
28012,8902,2390,1576,1879,663
28013,8902,9972,1576,7591,663
28014,7856,1478,1576,7591,7145
28015,7856,1478,1576,7591,8548
28016,7856,2390,1576,7591,7145
28017,2383,7134,1576,4731,7995
28018,2383,9972,1576,9857,884
28019,8902,9972,1294,1879,6
28020,7856,9493,8854,7591,1449
28021,7856,9972,1576,9935,663
28022,7856,1478,240,1563,884
28023,8902,9972,1576,9935,6
28024,7407,4714,1576,7591,657
28025,7856,4714,1576,7591,4202
28026,7856,2390,9016,9935,884
28027,7856,2463,1576,9935,1772
28028,7856,2463,1576,9935,8548
28029,7856,9972,1576,7591,8548
28030,7856,9566,1576,9935,8548
28031,7856,1478,1576,7591,8548
28032,7407,3229,1576,4985,4160
28033,8902,2390,1576,9935,2422
28034,8902,9972,1576,4985,1772
28035,2383,9972,8375,2969,1516
28036,8902,9972,9436,4827,1772
28037,3890,9972,9436,3537,8784
28038,7407,4714,1576,7591,4202
28039,7407,4714,1576,7591,7821
28040,7856,6429,1576,9935,2422
28041,7856,1478,1576,7591,8548
28042,8902,9972,9016,9935,3660
28043,7856,9972,7093,9935,1772
28044,3890,9972,9436,8433,6438
28045,8902,9972,9436,4573,6438
28046,8902,9972,9436,1862,6438
28047,3890,9972,9436,4573,884
28048,8902,9972,317,9935,1516
28049,8902,9972,9436,7206,6438
28050,7856,1478,1576,4777,1772
28051,7856,1478,1576,9935,1772
28052,7856,1478,4826,9935,8548
28053,7856,2390,1576,4985,7145
28054,7856,9972,1576,7591,4202
28055,7407,4714,9016,7591,7145
28056,8902,2390,1576,9935,884
28057,7856,9972,7093,7591,6
28058,7856,9972,1576,7591,6
28059,7407,4714,1576,4985,7821
28060,7856,4714,1576,1592,8548
28061,8902,4714,1576,9935,8548
28062,7407,4714,1576,7591,663
28063,7407,4714,1576,9935,657
28064,7856,4714,9016,7591,4160
28065,8902,9566,1576,4985,7145
28066,7856,9566,1576,4985,7145
28067,8902,9972,1576,9935,7145
28068,7407,4714,1576,1592,663
28069,7856,4714,1576,9935,8548
28070,8902,3229,9016,4985,6743
28071,2383,9972,317,4573,1516
28072,2383,5353,1576,8433,884
28073,8902,9972,9016,4573,1516
28074,2383,666,9044,2195,884
28075,8902,4714,9436,4985,884
28076,7856,2390,1576,4827,2422
28077,7856,1478,1576,9935,8548
28078,7856,1478,4026,7591,8548
28079,7856,1478,1576,7591,8548
28080,7856,4714,1576,9935,1772
28081,7856,9493,1576,9935,8548
28082,8902,4714,9016,9935,663
28083,7856,4714,1576,7591,884
28084,7856,9972,1576,7591,6
28085,4237,9972,1576,7591,6
28086,3890,9972,9436,4573,6438
28087,3299,9972,9436,2969,3119
28088,2603,9972,9436,2969,6438
28089,7407,4714,1576,9935,4202
28090,8902,9972,1576,4985,7826
28091,7407,4714,1576,4985,7145
28092,8902,9972,1576,7591,3401
28093,8902,9972,1576,3537,6
28094,8902,2390,1576,2195,3401
28095,8902,9972,9436,4573,1772
28096,8902,9972,9436,4573,884
28097,8902,9972,1576,4573,1772
28098,7856,4714,1576,9935,663
28099,7856,1478,1576,7591,8548
28100,7856,4714,1576,7591,663
28101,7856,2390,1576,7591,4160
28102,7856,9972,1294,7591,7356
28103,7856,2390,1576,7591,663
28104,2603,9972,1576,9935,6
28105,8902,9972,317,3764,1772
28106,8902,9972,1576,4985,6
28107,8902,2390,9436,9743,6222
28108,8902,9972,317,4573,884
28109,3890,9972,317,4573,3119
28110,7407,4714,1576,7591,7821
28111,7407,4714,1576,7591,4202
28112,7407,4714,1576,7591,4202
28113,8902,9972,1576,4827,7145
28114,3890,9972,9436,2969,3119
28115,7407,2390,1576,9935,1747
28116,3299,9972,1294,9743,7826
28117,3299,5391,9016,8257,6222
28118,2383,5353,9436,8008,884
28119,7856,9493,5184,9935,5696
28120,7407,4714,2345,9935,2422
28121,7856,4714,2345,9935,2422
28122,3890,9972,84,2969,1516
28123,2603,9972,1294,2586,6
28124,2383,7134,9044,9742,884
28125,8902,9493,1576,9455,7995
28126,7856,9493,1576,9935,7821
28127,7856,4714,1576,7591,7821
28128,3890,9972,9436,4573,1516
28129,3890,9972,9436,4573,6438
28130,3890,9972,9436,8008,6438
28131,8902,9972,1294,1879,1772
28132,8902,9972,9436,4573,3119
28133,3890,5353,9436,8433,884
28134,8902,4714,9016,8433,7995
28135,8902,9972,240,8433,884
28136,8902,9972,1294,2586,6
28137,7856,4714,1576,7591,8548
28138,8902,9972,9016,9743,6743
28139,7856,2390,1576,7591,7145
28140,8902,3229,1576,7591,1772
28141,8902,9972,8779,4573,1772
28142,7856,4714,1576,7591,8548
28143,7856,9972,1576,7591,7145
28144,8902,9972,1576,9935,663
28145,7856,9972,1576,7591,663
28146,7856,9493,240,7591,7145
28147,7856,1478,240,2195,3746
28148,7856,1478,240,7591,884
28149,7856,9493,1576,9935,2422
28150,7856,1478,1576,7591,6
28151,7856,9972,1576,9935,1772
28152,8902,4714,9016,7591,2422
28153,7407,9972,9016,7591,1772
28154,7856,9972,1576,7591,7145
28155,7407,3229,9016,9743,6901
28156,7407,3229,9016,9743,6743
28157,8902,9972,1576,4573,3660
28158,7856,1478,1576,7591,7145
28159,7856,1478,7093,7591,7145
28160,8902,1478,1576,7591,7145
28161,7856,9566,1576,9935,8548
28162,7856,9972,1576,9935,1772
28163,7856,4714,7093,7591,2422
28164,8902,2390,9436,4827,884
28165,2603,9972,240,284,3216
28166,8902,2390,240,9742,884
28167,3299,9972,9436,9742,6438
28168,8902,9972,9016,1879,884
28169,8902,9972,1576,9743,7995
28170,7856,4714,1576,7591,8548
28171,7856,1478,240,7591,1772
28172,7856,9566,1576,9935,663
28173,8902,9972,1576,9935,8548
28174,8902,4714,1576,9935,663
28175,7407,4714,1576,2195,7821
28176,7856,4714,1576,7591,7821
28177,8902,9972,1576,9935,663
28178,8902,9972,1576,9935,8341
28179,7856,2390,1576,9935,663
28180,7856,9972,1576,9935,663
28181,7856,9972,1576,9935,1772
28182,7856,1478,1576,7591,663
28183,7856,4714,1576,7591,663
28184,7856,2390,1576,9935,663
28185,7407,4714,8854,7591,884
28186,7407,4714,1576,7591,8548
28187,7856,4714,8854,7591,7821
28188,7856,2390,1576,7591,663
28189,7856,3229,1576,7591,7821
28190,7856,9972,1576,9935,8548
28191,7856,1478,1576,7591,7145
28192,7856,2390,1576,9935,1772
28193,7856,1478,1576,9935,1772
28194,8902,9972,1576,7591,6
28195,7856,9972,8779,7591,3746
28196,8902,9972,1576,9935,1772
28197,7856,1478,1576,9935,9443
28198,8902,9972,1576,9935,1772
28199,7856,9566,1576,9935,8548
28200,7856,4714,1576,7591,884
28201,7856,4714,1576,7591,663
28202,7856,4714,1576,9935,8548
28203,8902,9972,317,9935,1772
28204,7856,9972,1576,7591,3746
28205,7856,2390,1576,9935,8548
28206,8902,9972,9436,4573,1516
28207,8902,9972,317,8008,1516
28208,8902,9972,9436,4827,884
28209,8902,2390,1576,4985,7145
28210,8902,2390,9016,9935,7145
28211,8902,9972,1294,4985,8548
28212,7856,2390,1576,9935,1772
28213,7856,4714,1576,7591,8548
28214,7856,2390,1576,9935,8548
28215,7856,9972,1576,9935,1772
28216,7856,1478,1294,7591,1772
28217,7856,9972,1294,702,1772
28218,8902,2390,1576,9935,1772
28219,8902,9972,9436,9935,1772
28220,2383,5353,9436,8008,884
28221,7856,9972,7093,7591,3660
28222,8902,9972,1576,4985,884
28223,7856,9972,1576,9935,2422
28224,8902,9972,7093,9935,2422
28225,8902,9972,9016,9935,3660
28226,8902,9972,7093,7591,6
28227,7856,2390,1576,7591,6
28228,8902,9972,1576,9935,1772
28229,8902,9972,1576,9935,1772
28230,7407,4714,1576,4985,4202
28231,7856,2390,1576,9935,7145
28232,7407,4714,1576,7591,4202
28233,8902,4714,9016,4985,884
28234,8902,4714,9016,9743,7145
28235,7407,4714,9016,9743,6222
28236,7856,1478,240,7591,3746
28237,7856,9972,1576,7591,884
28238,7856,1478,240,1563,998
28239,7856,2390,1576,7591,663
28240,7407,4714,1576,7591,7145
28241,8902,2390,1576,9935,663
28242,8902,9972,9436,9935,2422
28243,7856,9972,7093,9935,3660
28244,7856,4714,1576,7591,4160
28245,7856,9566,1576,9935,663
28246,7856,2390,1576,7591,7356
28247,7856,1478,1576,8433,663
28248,7856,4714,1576,7591,7145
28249,7856,2390,1576,7591,7145
28250,7856,4714,1576,7591,7145
28251,7856,4714,1576,4985,884
28252,7407,4714,1576,7591,7821
28253,7856,4714,1576,7591,7821
28254,8902,3229,9016,9935,2422
28255,8902,9972,9016,3764,6743
28256,8902,9972,1576,9935,1772
28257,7856,9493,1576,7591,9385
28258,7407,4714,1576,4985,657
28259,7407,4714,9016,7591,4160
28260,8902,2390,240,4827,884
28261,2383,7134,9016,4731,6222
28262,8902,9972,1576,9935,1772
28263,7856,1478,7093,9935,663
28264,7856,4714,1576,4985,7145
28265,7856,9566,1576,9935,8548
28266,8902,9972,1576,1879,663
28267,8902,9972,1576,9935,7145
28268,7856,1478,7093,9935,1772
28269,8902,9972,7093,9935,884
28270,8902,9972,1576,9935,6
28271,8902,9972,1576,4573,1772
28272,7856,4714,1576,9935,8548
28273,7856,4714,1576,7591,7356
28274,7856,4714,1576,7591,8548
28275,7856,9493,1576,7591,8548
28276,7856,9493,1576,7591,8548
28277,7856,1478,1576,3945,8548
28278,8902,9972,7093,7591,6
28279,7407,3229,9016,9935,7145
28280,8902,9972,1576,9935,1772
28281,7856,3253,8854,7591,7145
28282,7856,4714,1576,7591,8548
28283,7856,4714,1576,7591,8548
28284,8902,4714,1576,9935,8548
28285,8902,3229,1294,4985,7826
28286,8902,4714,1576,7591,2422
28287,8902,9972,1576,7591,6
28288,8902,9972,1576,7591,6
28289,7856,9972,1576,7591,6
28290,7856,1478,1576,4777,8548
28291,7856,2390,1576,9935,8548
28292,7856,9493,1576,9935,8548
28293,7856,1478,1576,9935,8548
28294,7856,9972,1576,1879,8548
28295,7856,9493,1576,8433,884
28296,8902,9972,8779,3764,6743
28297,8902,9972,1576,7591,6743
28298,8902,9972,9016,1879,3119
28299,7856,2390,1576,7591,8548
28300,7856,9972,1576,7591,8548
28301,7856,2390,1576,4985,7356
28302,7856,4714,8854,7591,5690
28303,7856,4714,8854,7591,7145
28304,7856,4714,1576,7591,663
28305,8902,9972,9436,4573,6438
28306,8902,9972,317,1879,1772
28307,8902,9972,1576,9935,7145
28308,7856,4714,1576,7591,884
28309,8902,9972,1576,9935,8548
28310,7856,4714,1576,9935,8548
28311,8902,9972,9016,9935,1772
28312,8902,9972,1576,9743,6992
28313,8902,9972,1576,9935,1772
28314,7407,4714,1576,2195,884
28315,7856,9493,1576,9935,6964
28316,7856,3253,4026,7591,663
28317,7856,2390,1576,7591,7821
28318,7856,9972,1576,7591,7356
28319,7407,9972,9016,9743,884
28320,8902,9972,1576,9935,6
28321,7856,9972,1294,1879,7145
28322,8902,2390,1576,9935,7145
28323,8902,9972,7093,9935,7284
28324,7856,1478,1576,7591,7145
28325,7856,3253,1576,7591,7145
28326,3890,9972,240,2969,1516
28327,2603,9972,9044,3537,8784
28328,2603,9972,9016,2586,884
28329,7856,9493,240,2195,3446
28330,7856,1478,1576,4777,884
28331,7856,9493,8854,7591,7145
28332,8902,3229,1576,1592,5018
28333,8902,9972,1576,7591,3660
28334,8902,9972,7093,9935,2422
28335,7856,9972,1576,9935,1772
28336,7856,9972,7093,9935,1772
28337,7856,1478,1576,4573,9959
28338,2603,9972,1294,2586,3119
28339,8902,9972,9016,6377,884
28340,3890,9972,9436,4573,6438
28341,8902,2390,9436,4985,884
28342,7856,4714,1576,7591,884
28343,8902,9972,1576,9935,2422
28344,8902,9972,1576,7591,6
28345,2603,9972,1576,2586,6
28346,7856,9972,1576,3537,3119
28347,7856,1478,1576,7591,884
28348,7856,9493,8854,7591,884
28349,8902,9972,9016,9935,6743
28350,7856,9493,1576,7591,884
28351,7856,2390,1576,7591,7145
28352,7856,4714,1576,7591,8548
28353,8902,9972,1576,9935,1772
28354,8902,9972,1576,4827,7145
28355,8902,9972,1576,9935,7145
28356,8902,2390,1576,2195,3401
28357,3890,9972,9436,3670,884
28358,2383,9972,240,7039,884
28359,7856,9972,1576,9935,1772
28360,8902,2390,9016,4985,4160
28361,7856,1478,1576,2195,8548
28362,2383,9493,1576,8433,8548
28363,7856,9493,1576,8433,884
28364,2383,9972,240,7039,884
28365,8902,4714,1576,1592,7821
28366,8902,9566,1576,9935,8548
28367,7856,9972,1576,3764,1772
28368,7856,9493,240,7591,7145
28369,7856,9493,1576,9935,8548
28370,7856,1478,1576,7591,7145
28371,8902,9972,9436,4573,1772
28372,2603,9972,9436,8008,6743
28373,8902,2390,1576,9935,6743
28374,7856,1478,1576,9935,7284
28375,7856,1478,1576,9935,7145
28376,7856,75,240,8302,5885
28377,2383,9972,9436,3537,3216
28378,3299,2390,9436,4827,884
28379,2383,666,9044,7591,3446
28380,8902,2463,1576,9935,8548
28381,8902,2463,1576,9935,9337
28382,8902,2390,1576,9935,8548
28383,8902,9972,1576,9935,1772
28384,7407,4714,1576,7591,663
28385,7407,4714,1576,1592,657
28386,7856,4714,4026,7591,8548
28387,7856,3253,8854,7591,5885
28388,7856,4714,8854,7591,657
28389,7856,9493,1576,9935,8548
28390,8902,9972,1576,9935,1549
28391,7856,2390,3058,9935,663
28392,8902,9972,1576,9935,663
28393,7856,3229,1576,7591,663
28394,8902,9972,1576,9935,6
28395,8902,9972,1576,1879,663
28396,8902,9972,1576,9935,6
28397,8902,9972,1294,8008,1772
28398,8902,9972,9016,4827,884
28399,2383,9972,240,5046,884
28400,8902,9972,240,7039,884
28401,7407,4714,1576,4985,7145
28402,8902,2390,1576,7591,884
28403,7856,2390,1576,4985,7145
28404,7856,75,240,2195,3401
28405,7856,1478,240,2195,9443
28406,7856,1478,8779,7591,1572
28407,2383,9972,9436,4573,6438
28408,3890,9972,9436,4573,3216
28409,2383,666,9044,5046,884
28410,7856,1478,240,7591,3746
28411,7856,1478,1576,9935,8548
28412,7856,1478,317,2195,3746
28413,7856,2390,1576,9935,7145
28414,7407,4714,1576,9935,8548
28415,7407,3229,1576,9935,7145
28416,7407,4714,2225,1592,9337
28417,7856,1478,1576,9935,8548
28418,8902,9972,1576,9935,8548
28419,7407,4714,1576,7591,8548
28420,7856,9493,1576,7591,8548
28421,7856,4714,1576,7591,191
28422,7407,4714,1576,7591,4202
28423,7856,1478,7093,4573,884
28424,7856,9972,1576,4985,7145
28425,8902,9972,1576,9935,6743
28426,8902,2390,1576,9935,8548
28427,8902,9972,9016,9935,6743
28428,8902,9972,1576,9935,1772
28429,8902,2390,1576,4985,7145
28430,8902,9972,1576,2900,1772
28431,7407,9972,9016,7591,3660
28432,7856,1478,1576,7591,7145
28433,7407,3229,9016,9935,7145
28434,7856,2390,1576,2195,3401
28435,8902,9493,1576,2195,7145
28436,8902,9972,1576,4985,1836
28437,7856,4714,1576,7591,7821
28438,7856,2390,1294,2195,8784
28439,7856,1478,1576,7591,8548
28440,7856,2390,1576,9935,884
28441,7856,9493,1576,8433,7821
28442,7856,3253,1576,2195,9443
28443,8902,9972,1576,9935,8548
28444,8902,9972,1576,9935,1772
28445,8902,2390,1576,1879,884
28446,3890,9972,9436,4827,884
28447,8902,9972,9436,4573,6438
28448,3890,9972,317,8008,884
28449,8902,4714,1576,9935,663
28450,7856,1478,1576,9935,1772
28451,7856,9972,7093,9935,6
28452,7856,1478,1576,2195,3401
28453,7856,4714,1576,2195,3401
28454,7856,4714,1576,7591,663
28455,7856,1478,1576,9935,7145
28456,7856,2390,1294,2195,7145
28457,7856,2390,1576,9935,663
28458,7856,1478,1576,7591,884
28459,7856,1478,240,2195,9443
28460,7856,9493,240,7591,884
28461,8902,9972,1576,9935,1772
28462,7407,9972,9016,4985,6743
28463,8902,4714,9016,9935,884
28464,7856,1478,1576,9935,7356
28465,7856,9493,240,7591,8548
28466,7856,1478,7093,1304,884
28467,7856,2390,1576,7591,7145
28468,7856,3253,8854,7591,884
28469,7856,9972,1576,7591,3746
28470,8902,9972,1576,9935,1772
28471,8902,9972,1576,7591,1772
28472,8902,9972,7093,9935,1772
28473,7856,1478,1576,9935,7145
28474,7856,1478,317,7591,7145
28475,7856,1478,1576,9935,1772
28476,7407,4714,9016,4985,4160
28477,8902,2390,1576,4985,7145
28478,8902,2390,1576,7591,7145
28479,7856,2390,1576,9935,7145
28480,7407,4714,1576,9935,8548
28481,8902,9972,1576,9935,1772
28482,8902,9972,1576,9935,1772
28483,8902,9972,317,9935,1516
28484,8902,9972,1576,9935,1772
28485,8902,9972,240,3670,884
28486,7856,4714,1576,7591,7145
28487,3890,9972,1294,4573,6438
28488,8902,9972,7093,9935,1772
28489,7856,3253,1576,9935,7145
28490,7856,3229,1576,9935,8548
28491,7856,2390,1576,9935,7145
28492,7856,4714,1576,7591,657
28493,7856,1478,1576,7591,1772
28494,8902,9972,1576,7591,884
28495,7856,75,1576,7591,884
28496,2383,9972,9436,4573,884
28497,3890,5353,9436,8008,6438
28498,2383,9972,9436,4827,884
28499,2383,9972,9436,4731,6222
28500,8902,9972,1576,1592,7821
28501,7856,4714,1576,9935,1449
28502,8902,2390,1576,4985,884
28503,8902,9566,1576,9935,1772
28504,8902,9972,1576,1879,663
28505,7856,4714,1576,7591,884
28506,8902,9972,1576,9935,7957
28507,7856,9972,1294,7591,6
28508,7856,1478,1576,7591,663
28509,8902,2390,9436,4827,884
28510,2383,2390,9016,4827,7145
28511,8902,9972,9436,3537,6
28512,2383,666,9044,4827,884
28513,3890,7134,9044,9742,884
28514,2383,7134,9044,9742,884
28515,7407,4714,9016,9935,2422
28516,8902,4714,1576,7591,7145
28517,8902,4714,1576,7591,4202
28518,7856,1478,1576,8302,7145
28519,7856,9493,1576,7591,7145
28520,7856,1478,1576,9935,1772
28521,7856,75,240,1563,2796
28522,8902,9972,1576,9935,6
28523,7856,2390,1576,9935,8548
28524,7856,4714,1576,7591,884
28525,7856,2390,7093,7591,884
28526,7856,2390,1576,9935,884
28527,8902,9972,1576,9935,1772
28528,7856,4714,1576,7591,3446
28529,7856,2390,1576,9935,8548
28530,7856,9972,1576,7591,8548
28531,8902,9972,1576,7591,1772
28532,8902,9972,9016,9935,6743
28533,8902,9972,1576,9935,1772
28534,7856,1478,1576,9935,8784
28535,7856,1478,8779,9935,3746
28536,7856,1478,240,8302,8548
28537,7856,4714,1576,7591,4202
28538,7856,9493,5184,7591,7145
28539,7856,2390,1576,7591,663
28540,7856,4714,1576,7591,8548
28541,7856,4714,8854,7591,884
28542,8902,9972,9436,4573,884
28543,8902,2390,3065,3537,884
28544,2603,9972,9436,4573,6438
28545,7856,4714,1576,7591,8548
28546,7856,4714,1576,7591,8548
28547,7407,3229,9016,7591,4160
28548,3890,9972,9436,2969,1516
28549,3299,9972,9016,2969,884
28550,3890,9972,9436,4573,1516
28551,8902,9972,9016,9935,3119
28552,8902,9972,9016,9935,3660
28553,8902,9972,1576,9935,1772
28554,7856,4714,8854,7591,663
28555,7856,4714,1576,7591,7821
28556,7856,1478,1576,9935,8548
28557,7856,9972,317,9935,1516
28558,8902,9972,9436,3670,884
28559,8902,9972,9436,4573,6438
28560,7856,9493,1576,7591,8548
28561,7856,1478,1576,7591,1772
28562,7856,1478,7093,4573,3746
28563,7856,4714,1576,4985,884
28564,7856,9972,1576,7178,884
28565,2383,9972,9436,8008,884
28566,7856,9972,9436,7591,884
28567,7856,2390,1576,9935,8548
28568,7856,9972,1576,7591,1772
28569,7856,2390,1576,9935,7145
28570,7856,1478,1576,7591,8548
28571,8902,9972,1576,9935,8548
28572,7856,2390,1576,7591,7145
28573,8902,9972,1576,9935,1772
28574,7856,3229,1576,4985,1772
28575,7856,9972,1294,7591,6
28576,7856,9972,1576,9935,1772
28577,7856,9972,1576,7591,1772
28578,7856,9972,1576,7591,8548
28579,7856,9493,240,8302,9443
28580,7856,3253,240,9935,7145
28581,7856,9493,240,2195,7145
28582,7856,9493,240,2195,7145
28583,7856,9493,240,2195,3446
28584,7856,1478,240,2195,3746
28585,7856,1478,4079,9935,1772
28586,7856,1478,1576,7591,7145
28587,8902,9972,7093,9935,2422
28588,8902,9972,1576,7591,884
28589,8902,3229,1576,9935,8548
28590,7856,1478,1576,7591,884
28591,7856,9972,1576,7591,663
28592,7856,2390,1576,7591,663
28593,7856,9972,1576,9935,7145
28594,7856,1478,1576,9935,8548
28595,7856,1478,1576,7591,7145
28596,7407,4714,1576,9935,663
28597,7856,4714,1576,7591,657
28598,7856,9972,1576,7591,6
28599,7856,4714,1576,7591,8548
28600,7856,9566,1576,9935,7145
28601,7407,4714,1576,7591,7821
28602,7856,9566,1576,9935,8548
28603,7856,2390,1576,9935,1772
28604,8902,4714,9436,9935,884
28605,7407,4714,1576,7591,4202
28606,7856,4714,1576,7591,4202
28607,7407,4714,9016,4985,2422
28608,7856,9493,1576,9935,7145
28609,7407,9972,1576,1879,6
28610,7856,9493,5184,9935,9385
28611,2603,9972,9436,4573,1772
28612,7856,2390,7093,3945,884
28613,7856,9972,1576,7591,1772
28614,7856,3253,8854,7591,4311
28615,7407,4714,1576,7591,657
28616,7856,3253,8854,7591,884
28617,7856,4714,1576,7591,7145
28618,7856,4714,1576,7591,884
28619,7856,9493,1576,9935,5690
28620,8902,9972,9016,4569,3982
28621,8902,9972,1576,4985,1772
28622,7407,9972,9016,9935,2422
28623,7856,9493,240,8433,7821
28624,7856,9493,5184,9935,9337
28625,7856,1478,1576,8433,7145
28626,7856,2390,1576,4985,7145
28627,8902,2390,1576,4985,663
28628,7407,4714,1576,9743,5885
28629,7856,4714,1576,7591,663
28630,7856,4714,1576,9935,663
28631,7407,4714,1576,9935,4202
28632,7856,1478,1576,9935,7145
28633,7856,1478,1576,7591,3746
28634,7856,1478,1294,2195,8548
28635,7856,1478,4826,7591,3746
28636,7856,9493,240,9935,8548
28637,7856,1478,1576,9935,7145
28638,2383,7134,9044,1487,2639
28639,2383,5353,9436,9857,884
28640,8902,9972,9436,9742,6438
28641,7856,2390,7093,9935,7701
28642,7856,1478,1576,9935,7145
28643,7856,9493,240,7591,7145
28644,7856,9493,2005,9935,8548
28645,7856,9493,8854,9935,663
28646,7856,1478,2005,9935,1772
28647,8902,9972,1294,9935,1772
28648,7856,9972,1576,9935,8548
28649,7856,1478,8779,9935,1772
28650,7856,2390,1576,9935,2422
28651,7407,3229,9016,9743,6222
28652,7407,3229,1576,7591,4202
28653,3890,9972,9436,8008,884
28654,8902,9972,317,8008,1772
28655,8902,9972,9436,8008,6438
28656,8902,5353,9436,8008,884
28657,8902,9972,9016,9935,884
28658,3890,9972,9436,4573,6438
28659,7856,9493,8854,8302,7145
28660,7856,9493,1576,9935,8548
28661,7856,9493,1576,9935,663
28662,7856,9493,1576,9935,8548
28663,8902,9972,1576,9935,1772
28664,7856,1478,1576,7591,7145
28665,7856,3229,1576,7591,657
28666,7856,4714,1576,7591,663
28667,7856,4714,1576,9935,663
28668,7856,9972,7093,9935,1772
28669,7856,9493,4026,9935,8548
28670,8902,9972,1576,9935,1772
28671,3890,5353,1576,3670,884
28672,8902,9972,317,7616,1516
28673,8902,2390,9436,8008,884
28674,3299,4714,9016,9743,884
28675,8902,7134,9016,8433,884
28676,2383,9493,9016,9857,884
28677,7856,4714,1576,7591,663
28678,7856,3229,1576,9935,8548
28679,8902,9972,1576,7591,663
28680,7856,9972,1576,7591,8548
28681,7856,1478,1576,7591,4202
28682,7856,9972,4024,7591,3660
28683,7856,2390,1576,9935,7145
28684,8902,2390,1576,7591,884
28685,7856,4714,1576,2195,7821
28686,7856,9566,7093,9935,1772
28687,7856,1478,1576,7591,8548
28688,8902,9972,1576,1592,8548
28689,7856,1478,240,8302,8548
28690,7856,4714,1576,9935,7145
28691,7856,1478,240,9935,8548
28692,2383,5353,9044,9742,884
28693,8902,2390,9016,4827,884
28694,8902,5353,9016,4827,884
28695,7407,4714,1576,7591,8548
28696,8902,2390,1576,7591,884
28697,7856,9972,1576,7591,3746
28698,8902,9972,1576,9935,2422
28699,8902,9972,1576,9935,3660
28700,7407,4714,1576,4985,4202
28701,7856,1478,240,7591,9443
28702,7856,75,8854,7591,663
28703,7856,1478,240,2195,3746
28704,8902,9566,1576,9935,8548
28705,7856,9493,1576,7591,884
28706,8902,9493,1576,9935,884
28707,8902,2390,1576,3537,884
28708,8902,2390,9436,4827,884
28709,8902,4714,3065,5112,884
28710,7856,1478,1576,9935,7145
28711,7856,9493,1576,9935,884
28712,7856,9493,8854,7591,1449
28713,7407,4714,1576,7591,7821
28714,7407,4714,1576,7591,7821
28715,7856,4714,1576,7591,884
28716,2383,666,9044,4827,884
28717,2383,7134,240,9742,3401
28718,3890,9972,9044,3670,884
28719,7856,4714,1576,1592,7821
28720,7856,2390,7093,9935,663
28721,7856,4714,1576,9935,663
28722,8902,9972,1576,9935,884
28723,8902,4714,1576,9935,663
28724,7407,4714,9016,7591,884
28725,7856,9972,1576,7591,3660
28726,7856,4714,1576,7591,4202
28727,7856,4714,1576,7591,8548
28728,8902,9972,317,9935,1516
28729,8902,9972,317,4827,884
28730,8902,9972,1576,4985,6
28731,7856,2390,1576,7591,8548
28732,7407,4714,1576,7591,4202
28733,7856,4714,8017,7591,7145
28734,8902,2390,1576,9935,7145
28735,7856,2390,1576,7591,7145
28736,3299,2390,9436,4569,884
28737,7856,2390,1576,7591,884
28738,7856,3253,1576,7591,3401
28739,7856,4714,1576,9742,884
28740,8902,9972,1576,4985,3660
28741,7856,9972,1294,7591,8548
28742,7856,9972,1576,7591,3401
28743,8902,9972,1576,9935,8548
28744,7856,3253,1576,7591,7356
28745,7856,9493,1576,7591,8548
28746,7856,4714,1576,9935,663
28747,7856,4714,1576,7591,663
28748,8902,4714,9016,7591,7145
28749,7856,1478,1576,7591,8548
28750,8902,2390,1576,9935,663
28751,8902,2390,1576,7591,7145
28752,8902,2463,9016,9935,9913
28753,8902,9972,1576,9935,1772
28754,8902,9972,1576,7591,663
28755,8902,9972,1576,7591,3660
28756,7856,9972,1576,9935,2422
28757,7856,4714,1576,1592,7821
28758,8902,9972,1576,1879,884
28759,8902,1478,1576,9935,8548
28760,8902,9972,1576,9935,9337
28761,8902,9972,1576,9935,1516
28762,8902,9972,1576,9743,6992
28763,8902,9972,8779,3764,6743
28764,3299,7134,3065,9742,884
28765,7407,4714,9016,9743,884
28766,3299,9972,1576,3537,884
28767,7407,4714,1576,9935,8548
28768,7407,4714,9016,9935,2422
28769,7407,4714,2345,9935,6901
28770,7856,4714,9016,7178,884
28771,7856,9972,9436,3537,884
28772,7856,4714,1576,7591,884
28773,8902,9972,7093,7591,1772
28774,7407,4714,1576,5812,6222
28775,7407,4714,1576,1592,7826
28776,8902,9972,1576,9935,1772
28777,8902,9972,1576,7591,8548
28778,7856,1478,1576,7591,1772
28779,7856,75,240,2195,5177
28780,7856,1478,240,2195,5177
28781,7856,1478,1576,7591,884
28782,7856,4714,1576,9935,663
28783,7407,4714,1576,9935,657
28784,7407,4714,1576,9935,663
28785,7856,9566,1576,9935,1772
28786,8902,2390,1576,9935,7145
28787,8902,9972,1576,8433,884
28788,7856,9566,1576,9935,8548
28789,7856,1478,1576,7591,663
28790,7856,9566,1576,7591,8548
28791,8902,9972,317,4573,6438
28792,7856,1478,1294,2195,8784
28793,7856,2390,1576,9743,7145
28794,8902,9972,1576,9935,1772
28795,7856,6429,1576,9935,7701
28796,7856,9972,1576,1879,7826
28797,2383,5353,9044,9857,884
28798,2383,5353,240,8433,884
28799,2383,2390,1576,9742,884
28800,7856,4714,1576,7591,884
28801,8902,4714,1576,4985,884
28802,7856,4714,1576,7591,884
28803,7856,4714,1576,7591,7821
28804,7856,4714,1576,7591,663
28805,7856,4714,1576,7591,663
28806,7856,1478,1576,7591,8548
28807,7856,3253,2005,9935,7356
28808,7856,1478,4026,7591,7356
28809,2603,9972,9436,4573,8784
28810,2603,9972,9436,4573,884
28811,7856,9972,1576,2195,884
28812,8902,9972,1576,7591,6
28813,8902,9972,9016,2969,1516
28814,7407,4714,1576,7591,4202
28815,7856,9972,7093,9935,884
28816,7856,9972,1576,9935,1772
28817,7856,9972,1576,7591,663
28818,7856,3253,8854,7591,884
28819,7856,2390,1576,7591,663
28820,7856,9972,1576,7591,884
28821,7856,2390,1576,9935,1772
28822,7856,9972,1576,7591,884
28823,8902,9972,1576,9935,1772
28824,3890,2390,9044,9742,884
28825,8902,9972,9436,4573,6438
28826,8902,9972,1294,9935,6
28827,7856,4714,1576,9935,9337
28828,7856,4714,1576,1592,7821
28829,7407,4714,1576,7591,7821
28830,2603,9972,9436,2586,884
28831,2383,9972,9436,2969,1874
28832,2383,7134,9016,1632,1874
28833,8902,9972,1576,4985,4160
28834,8902,4714,1576,1879,8548
28835,8902,2390,1576,1592,7821
28836,2383,2390,1576,8257,5068
28837,8902,5353,240,284,1516
28838,8902,9972,9436,4573,6438
28839,7856,1478,1576,7591,7145
28840,7856,1478,1576,7591,7145
28841,7856,1478,1576,7591,7145
28842,7856,2390,1576,7591,7145
28843,7856,9972,1576,7591,7145
28844,7856,4714,1576,7591,8548
28845,8902,9972,1576,7591,8548
28846,8902,2390,7093,9935,884
28847,7856,2390,1576,7591,7145
28848,8902,9972,1576,7591,884
28849,8902,9972,1576,9743,884
28850,8902,9972,1576,9935,1772
28851,8902,9972,1576,7591,6
28852,7856,9972,1576,7591,8548
28853,8902,9972,1576,9935,6
28854,8902,9972,7093,4573,1772
28855,7856,9972,1576,9935,1772
28856,7856,9972,1576,7591,1772
28857,7856,2390,1576,7591,7145
28858,7856,75,1576,9935,9385
28859,7856,9972,1576,7591,7145
28860,7856,4714,1576,7591,7821
28861,7856,4714,1576,7591,7821
28862,7856,2390,1576,9935,663
28863,8902,2390,1576,8433,884
28864,8902,2390,9436,4827,884
28865,8902,9972,9436,4573,884
28866,8902,2390,1576,1879,884
28867,8902,9972,1576,3537,8784
28868,8902,9972,317,4573,3119
28869,8902,75,240,3178,884
28870,7856,75,1576,8433,884
28871,8902,9972,1319,3670,1772
28872,7856,4714,1576,7591,884
28873,7856,4714,1576,7591,884
28874,7856,4714,1576,7591,7145
28875,8902,9972,1576,4985,663
28876,7856,9493,1576,7591,7821
28877,7407,4714,1576,4985,4202
28878,7856,9972,9436,4573,884
28879,8902,9972,1576,478,7145
28880,7856,9972,1576,7591,7145
28881,7856,1478,1576,9935,1772
28882,7856,2390,1576,7591,8548
28883,8902,9972,7093,9935,1772
28884,8902,2390,1576,9935,7145
28885,8902,2390,9016,8433,884
28886,8902,2390,1576,1879,7145
28887,8902,9972,1576,9935,8548
28888,8902,9972,9016,9935,6743
28889,7856,4714,1576,7591,7821
28890,7856,9493,240,7591,884
28891,7856,1478,240,2195,8548
28892,7856,1478,240,7591,884
28893,8902,9972,9436,4573,3119
28894,3890,9972,9436,3537,6438
28895,3890,75,9436,5046,884
28896,7856,4714,1576,7591,884
28897,7856,2390,1576,7591,663
28898,7856,2390,1576,7591,663
28899,7856,4714,1576,7591,4202
28900,7856,4714,1576,7591,663
28901,7856,9972,1576,7591,6222
28902,2383,7134,9016,4731,884
28903,2603,9972,1294,2586,884
28904,8902,3229,3065,5812,6222
28905,7856,1478,240,9935,8548
28906,7856,9493,1576,7591,884
28907,7856,9972,7093,4573,1772
28908,7856,2390,1576,9935,7145
28909,8902,4714,1576,7591,8548
28910,8902,4714,3065,7488,5885
28911,7856,4714,1576,9935,8548
28912,7856,4714,7093,9935,2422
28913,7407,9972,1576,9935,2422
28914,8902,9972,7093,9935,1772
28915,7856,9972,1294,9935,6
28916,7856,9972,1576,4985,1772
28917,7856,1478,1576,7591,7145
28918,7856,1478,1576,7591,7145
28919,7856,4714,1576,7591,8548
28920,7856,9972,1294,7591,6
28921,8902,9972,1294,1879,8548
28922,8902,9972,1576,7591,6
28923,7407,4714,9016,7591,2422
28924,7407,9972,1576,4985,2422
28925,8902,6429,1576,9935,9337
28926,7856,1478,8779,7591,7145
28927,7856,1478,240,2195,9443
28928,7856,9972,1576,7591,7145
28929,7856,4714,1576,7591,8548
28930,7856,4714,1576,7591,8548
28931,7856,1478,8779,7591,8548
28932,7856,4714,1576,9935,8548
28933,8902,3229,1576,4985,8548
28934,7407,9972,9016,4985,6743
28935,8902,5353,317,8008,884
28936,7856,9972,1576,3764,1772
28937,2383,2390,1576,9743,884
28938,7856,1478,8779,9935,1772
28939,4237,1478,2005,9935,1772
28940,8902,1478,1576,9935,1772
28941,8902,2390,1576,9935,663
28942,7856,9972,1576,7591,663
28943,7856,4714,1576,7591,7821
28944,7856,4714,1576,7591,7145
28945,8902,3229,1576,1592,8548
28946,7856,2390,1576,7591,8548
28947,7856,9566,1576,9935,1772
28948,7856,4714,1576,7591,8548
28949,8902,9972,1576,9935,663
28950,7856,4714,1576,9935,7821
28951,7856,2390,1576,7591,884
28952,8902,4714,1576,7591,2422
28953,7856,9972,1576,9935,663
28954,7407,4714,1576,9935,3660
28955,8902,2390,9016,9935,7145
28956,8902,9972,9016,9935,2422
28957,8902,9972,1576,4985,1772
28958,7407,4714,1576,7591,4202
28959,3890,9972,240,2195,3401
28960,2383,9972,9016,9743,7826
28961,3474,666,240,4827,884
28962,7856,1478,240,2195,3746
28963,7856,3253,1576,7591,9443
28964,7856,2390,1576,9935,8548
28965,7856,1478,240,7591,9443
28966,7856,1478,240,8302,9443
28967,7856,1478,1576,7591,2796
28968,7856,2390,1576,7591,8548
28969,8902,2390,1576,9935,7957
28970,7407,4714,1576,7591,8548
28971,7856,1478,317,9935,1772
28972,7856,1478,1576,7591,7145
28973,7856,1478,240,1304,1772
28974,7407,4714,1576,7591,8548
28975,8902,4714,1576,4985,7145
28976,7407,4714,9016,4985,3660
28977,7856,7946,2005,9935,8548
28978,7856,9493,1576,7591,7821
28979,7685,4714,3647,9935,9337
28980,7856,9972,1576,7591,8548
28981,8902,9972,7093,9935,6
28982,7856,4714,1576,7591,663
28983,7407,4714,1576,5812,7995
28984,8902,9972,1576,9935,663
28985,7407,4714,1576,5812,3185
28986,7407,4714,1576,7591,7821
28987,7856,4714,1576,7591,663
28988,7856,4714,1576,7591,4202
28989,7856,1478,1576,7591,1772
28990,7856,4714,1576,7591,8548
28991,7856,9972,1576,7591,3746
28992,7856,4714,1576,7591,663
28993,7856,9972,1576,7591,8548
28994,8902,2390,1576,4985,884
28995,7856,1478,1576,7591,7145
28996,7856,9493,8854,7591,884
28997,7856,2390,1576,7591,8548
28998,7856,4714,1576,7591,663
28999,7407,4714,1576,7591,2422
29000,7856,9972,317,4573,7957
29001,2383,9972,9044,9742,884
29002,3890,7134,9044,9742,884
29003,3890,9972,9436,4573,6438
29004,7856,1478,1576,9935,1772
29005,7856,1478,1576,4573,3746
29006,7856,1478,1576,7591,8548
29007,7856,2224,1576,7591,7145
29008,8902,9972,1576,9935,7145
29009,7856,1478,7093,2195,998
29010,7856,9972,1576,7591,6
29011,7856,2390,1576,9935,663
29012,7856,4714,1576,9935,663
29013,8902,9972,1294,3537,6
29014,2383,666,240,4731,884
29015,8902,9972,9016,1879,6743
29016,8902,9972,1294,1879,884
29017,8902,9972,317,8008,1516
29018,8902,9972,9016,8008,6743
29019,2383,9972,9044,2969,2639
29020,3890,9972,9436,4573,3119
29021,8902,9972,7428,7178,884
29022,8902,9972,7093,9935,1772
29023,7856,9972,1576,7591,1772
29024,8902,9972,1576,7591,1772
29025,3890,9972,9436,4573,1516
29026,8902,9972,9436,4573,3119
29027,8902,9972,9436,3326,6438
29028,7856,4714,1576,4985,884
29029,8902,2390,1576,9935,8341
29030,8902,9972,1576,9935,6
29031,7856,9493,1576,7591,8548
29032,7407,4714,1576,9935,8548
29033,7407,4714,9016,9455,4160
29034,7856,9972,1294,4985,8548
29035,7856,1478,1294,7591,8548
29036,4237,1478,1576,7591,1772
29037,8902,6429,1576,4985,7145
29038,7407,4714,2345,9935,7701
29039,8902,6429,1576,9935,7630
29040,7856,9566,1576,9935,7145
29041,7856,9972,1576,7591,8548
29042,7407,4714,1576,9935,663
29043,8902,9972,1576,7591,7145
29044,8902,2390,7093,9935,7145
29045,7856,9566,1576,7591,191
29046,8902,9972,9016,4985,6992
29047,8902,2390,9016,9935,7145
29048,7856,9972,1576,9935,1772
29049,2383,666,9044,9857,884
29050,8902,7134,9436,4827,1516
29051,2603,9972,9436,8008,884
29052,8902,9972,9436,4573,6438
29053,8902,9972,9016,2969,6743
29054,8902,9972,9436,1632,6438
29055,8902,9972,1576,9935,3660
29056,8902,9972,1294,1879,6
29057,8902,9972,1576,9935,6
29058,7856,1478,240,2195,7145
29059,8902,1478,317,6892,7145
29060,7856,4714,1576,7591,884
29061,7856,3253,8854,9935,1895
29062,7856,1478,1576,7591,8548
29063,7856,1478,1576,9935,8548
29064,2383,9972,9436,8008,884
29065,3890,9972,9436,2969,3216
29066,2383,2390,240,268,884
29067,8902,2390,1576,9935,7145
29068,7407,4714,9016,4985,2422
29069,7407,4714,9016,9935,2422
29070,7407,4714,1576,7591,4202
29071,8902,4714,1576,9935,663
29072,8902,9972,1576,9935,6
29073,7856,2390,1576,9935,8548
29074,7856,1478,1576,7591,9443
29075,7856,1478,1576,9935,8548
29076,8902,9972,1576,9935,7957
29077,8902,3229,1576,9935,663
29078,8902,9972,1576,7591,6
29079,8902,4714,9016,6765,884
29080,8902,2390,1294,9743,6222
29081,8902,2390,9016,8008,6743
29082,7856,4714,1576,7591,8548
29083,7856,9493,1576,9935,7145
29084,7856,1478,1576,7591,2796
29085,3890,9972,240,9742,884
29086,2383,7134,9016,4731,884
29087,2383,9972,9436,9742,884
29088,8902,9972,1576,9935,6
29089,8902,2390,1576,4985,6992
29090,8902,2390,9016,4985,4160
29091,7856,1478,1576,7591,3746
29092,7856,1478,1576,7591,884
29093,7856,1478,1576,9935,3746
29094,8902,9972,1576,9935,1772
29095,8902,9972,7093,9935,7145
29096,8902,9972,317,9935,7145
29097,3890,9972,84,2969,3216
29098,3299,7134,1576,3537,884
29099,8902,5353,706,4827,884
29100,7856,3253,1576,9935,8548
29101,7856,4714,1576,9935,8548
29102,7407,4714,1576,7591,8548
29103,8902,2390,9016,4827,7145
29104,8902,9972,9436,4573,1772
29105,3890,9972,9436,4573,3119
29106,7856,1478,7093,9935,884
29107,7856,1478,1576,4777,8548
29108,7856,1478,1294,9935,1772
29109,7856,9566,1576,9935,663
29110,7856,9972,9016,7591,6743
29111,7407,4714,1576,7591,8548
29112,8902,9493,1576,8433,884
29113,7407,4714,1576,4985,884
29114,8902,2390,1576,7178,884
29115,7856,2390,1576,9935,7145
29116,7407,9972,1576,7591,8548
29117,7407,4714,1576,7591,663
29118,3299,3229,9436,8257,6222
29119,8902,9972,9016,1632,6222
29120,2383,666,8375,9743,884
29121,8902,9972,1576,9935,6743
29122,7407,4714,9016,9935,2422
29123,7856,9972,1576,4985,8548
29124,8902,9972,1576,7591,6743
29125,7856,9493,9044,8433,884
29126,8902,9972,9436,4827,884
29127,7856,2390,1576,7591,8548
29128,7407,4714,1576,9935,9385
29129,7856,2390,1576,9935,2422
29130,7856,3253,1576,9935,8548
29131,7856,2390,1576,7591,7821
29132,8902,9566,1576,9935,663
29133,8902,2463,317,9935,1772
29134,3890,9972,9436,8008,6438
29135,3890,9972,240,284,884
29136,3299,7134,9044,9742,884
29137,3299,2390,9016,5812,6222
29138,3890,9972,9436,2969,884
29139,8902,4714,1576,7591,4202
29140,8902,4714,1576,7591,4160
29141,7856,9972,1576,9935,1772
29142,8902,3229,1576,9935,8548
29143,7856,2390,7093,9935,1772
29144,8902,3229,1576,9935,2422
29145,2383,9972,1576,9743,5885
29146,2383,9972,240,2969,1516
29147,2383,75,9044,2195,3446
29148,8902,9972,1576,9935,8548
29149,7856,1478,1576,7591,8548
29150,7856,1478,240,2195,9443
29151,7856,9566,1576,9935,8548
29152,7856,1478,240,7591,884
29153,7856,1478,1319,4573,1772
29154,8902,2390,1576,8433,884
29155,8902,2390,1576,3537,884
29156,8902,9972,9016,5812,6222
29157,7407,3229,1576,9935,663
29158,7856,4714,1576,7591,8548
29159,7856,4714,1576,7591,657
29160,7407,3229,1576,1592,6
29161,7407,4714,1576,5812,4202
29162,7856,4714,1576,4985,884
29163,7856,9972,1576,7591,1772
29164,7856,9972,1576,7591,7145
29165,7856,9972,1576,7591,1772
29166,5971,3229,9016,9743,6222
29167,7856,9972,1576,9935,7145
29168,7407,3229,1576,1592,7826
29169,7856,9566,1576,7591,7145
29170,8902,1478,317,9935,1772
29171,7856,1478,1576,2195,3746
29172,7407,9972,9016,1632,6222
29173,8902,2390,9016,4827,884
29174,3299,7134,9016,5812,6222
29175,8902,9972,9436,8008,884
29176,2383,9972,9436,8008,884
29177,8902,9972,317,9935,884
29178,7856,2390,1576,9935,7145
29179,8902,9972,7093,9935,1772
29180,7856,9972,1576,7591,1772
29181,8902,9972,317,4573,1516
29182,8902,2390,1576,8433,7145
29183,8902,9972,1576,9935,1772
29184,7856,1478,1576,7591,7145
29185,8902,9972,1576,4985,1772
29186,7407,4714,1576,7591,8548
29187,2603,9972,9016,2969,6889
29188,2383,9972,9436,8008,6438
29189,8902,9972,9436,4827,884
29190,7856,2390,1576,9935,1772
29191,7856,4714,1576,7591,7821
29192,7856,1478,1576,7591,663
29193,7856,1478,240,7591,8548
29194,7856,1478,1576,9935,1772
29195,7856,9972,7093,7591,7957
29196,7856,9972,1294,9935,1772
29197,7856,1478,1576,7591,1772
29198,7856,4714,1576,7591,7145
29199,7856,2390,1576,9935,2422
29200,7856,9493,240,9935,1449
29201,7856,666,240,1563,9443
29202,8902,4714,1576,4985,7145
29203,7407,4714,9016,7178,884
29204,8902,9972,9436,4827,884
29205,7856,9493,5184,9935,8548
29206,7856,4714,1576,9935,7145
29207,7856,1478,1576,9935,7145
29208,7856,6429,1576,9935,9337
29209,7856,4714,1576,7591,4202
29210,7856,9493,1576,9935,8548
29211,8902,9972,9016,9935,884
29212,8902,4714,1576,4985,2422
29213,8902,9972,1576,4985,1772
29214,3299,9972,9016,4827,884
29215,2383,7134,9016,5812,3401
29216,2603,9972,317,4573,1516
29217,3890,9972,9436,4573,6438
29218,3890,9972,9436,4573,6438
29219,2383,2390,9016,4827,884
29220,8902,9972,9436,7591,884
29221,8902,9972,1576,3764,1772
29222,2603,9972,9436,4573,8784
29223,3890,9972,9436,1632,4101
29224,8902,9972,9016,284,3216
29225,3890,9972,317,1632,6222
29226,7856,1478,8779,7591,7145
29227,7856,3253,1576,7591,8548
29228,7856,1478,1576,7591,3746
29229,7856,3253,1576,7591,7145
29230,7856,1478,2005,9935,9337
29231,8902,2390,1576,9935,7701
29232,7856,1478,1576,7591,1772
29233,7856,1478,240,9935,1772
29234,7856,9566,1576,9935,8548
29235,8902,9972,317,9935,1772
29236,8902,5353,317,7616,7145
29237,7856,9972,1576,7591,1772
29238,7856,4714,1576,7591,884
29239,7856,2390,1576,7591,8548
29240,7856,4714,8854,7591,884
29241,3890,9972,9436,3670,884
29242,7856,9972,1576,9935,1772
29243,2383,9972,1319,4573,1516
29244,7856,1478,240,7591,2796
29245,8902,9972,1576,7591,1772
29246,7856,1478,240,7591,3746
29247,8902,4714,9016,7591,884
29248,7407,9972,9016,4827,884
29249,8902,2390,1576,9935,884
29250,7856,1478,240,7591,3746
29251,7856,1478,8779,2195,8548
29252,7856,1478,1576,7591,8548
29253,7856,2390,1576,4985,7145
29254,8902,4714,1576,7591,884
29255,7856,9972,1576,1879,7145
29256,7856,9972,1576,9935,8548
29257,7856,9566,1576,9935,8548
29258,7856,4714,1576,7591,8548
29259,3890,9972,9436,3537,6438
29260,2603,5353,9044,9742,884
29261,3890,9972,9436,9742,884
29262,7856,2390,1576,9935,3660
29263,7856,3253,1576,9935,7145
29264,7407,4714,1576,7591,8548
29265,8902,2390,1576,9935,663
29266,7856,4714,4026,7591,7821
29267,7407,4714,1576,7591,4202
29268,7856,4714,1576,7591,663
29269,7856,3253,1576,7591,7145
29270,7856,9972,1576,7591,663
29271,3890,9972,9436,3537,884
29272,3890,9972,9436,3670,884
29273,2603,9972,9436,1632,6222
29274,7856,4714,1576,7591,8548
29275,7856,4714,1576,9935,9385
29276,7856,1478,1576,9935,8548
29277,2603,9972,3065,3537,6438
29278,3890,9972,9436,4573,6438
29279,8902,9972,1576,3537,884
29280,8902,9972,1576,9935,663
29281,8902,9972,1576,9935,6
29282,7407,9972,3735,9935,8341
29283,7856,4714,1576,9743,7145
29284,7856,6429,1576,9935,8548
29285,7856,2390,1576,9935,7145
29286,3890,9972,317,4573,3119
29287,3890,9972,9436,1632,6438
29288,3890,9972,9436,9742,884
29289,7856,4714,1576,7591,7821
29290,8902,2390,1576,9935,7145
29291,7856,1478,1576,7591,8548
29292,8902,9972,1576,1879,1772
29293,7856,9972,240,7591,884
29294,7856,1478,1576,9935,7145
29295,8902,9972,9436,2586,6438
29296,8902,9972,9436,9857,884
29297,8902,9972,317,4827,6743
29298,8902,9972,1576,9935,1772
29299,7856,1478,1294,9935,8548
29300,2383,9972,9436,4827,884
29301,8902,2463,7093,9935,884
29302,8902,9972,1576,9935,8548
29303,7856,9972,1576,4985,4160
29304,8902,2390,1576,7591,7145
29305,7856,2390,1576,7591,7145
29306,8902,2390,1576,9743,1772
29307,7856,3253,1576,7591,9443
29308,7856,3253,240,2195,7145
29309,7856,9493,1576,7591,7145
29310,7856,9566,1576,9935,8548
29311,8902,9972,1576,9935,8548
29312,7856,4714,1576,7591,8548
29313,7856,9566,1576,9935,8548
29314,7856,9566,1576,7591,8548
29315,8902,9972,1576,9935,6813
29316,7856,5353,240,9935,884
29317,7856,9493,1576,2195,8548
29318,7856,1478,1576,7591,8548
29319,8902,4714,1576,4985,2422
29320,8902,2390,1576,4985,884
29321,8902,4714,1576,4985,663
29322,7856,4714,8854,4130,7821
29323,7407,4714,8854,6765,7821
29324,9675,4714,1576,7591,4202
29325,8902,9493,9436,2900,884
29326,2383,2390,1576,7178,7145
29327,3890,9972,1576,4573,1772
29328,7856,2390,1576,7591,7821
29329,7407,4714,1576,7591,7821
29330,7856,9972,1576,7591,8548
29331,7856,1478,1576,7591,7145
29332,7856,1478,1576,2195,7145
29333,7856,6429,1576,9935,9337
29334,8902,9972,9436,4573,884
29335,7856,9972,1576,7591,884
29336,7856,1478,1576,7591,7145
29337,2383,9493,240,8433,3401
29338,8902,2390,1576,2195,884
29339,8902,9972,1294,9935,6
29340,2383,5353,9044,2195,884
29341,8902,2390,1576,9742,884
29342,2603,2390,9016,4827,884
29343,7407,6429,1576,1592,657
29344,8902,2390,1576,9935,663
29345,8902,4714,1576,9935,9337
29346,8902,4714,1576,9935,2422
29347,7856,2390,1576,9935,9337
29348,7856,2390,1576,7591,8548
29349,8902,9972,1576,7591,7145
29350,8902,9972,1576,7178,884
29351,8902,9972,1576,1879,7145
29352,7856,9972,1576,9935,2422
29353,7856,1478,1576,9935,8548
29354,8902,9972,1576,9935,8548
29355,8902,9972,1576,9935,1772
29356,8902,9972,9436,4827,884
29357,8902,2390,9016,4827,884
29358,8902,9972,1576,7591,6
29359,7407,4714,9016,9935,2422
29360,7856,9493,1576,7591,6
29361,8902,2390,1576,9935,1772
29362,7407,4714,1576,7591,4160
29363,7407,4714,1576,1592,657
29364,7407,3229,1576,7591,8548
29365,7407,4714,1576,9743,4202
29366,7407,3229,9016,9455,4160
29367,7856,1478,1576,9935,663
29368,7856,3253,240,7591,9443
29369,7856,9972,1576,7591,8548
29370,8902,9972,7093,7591,2422
29371,7856,4714,1576,7591,8548
29372,7407,9972,1576,7591,6
29373,8902,2463,1576,9935,9337
29374,7856,1478,4026,7807,8548
29375,7856,1478,240,9935,8548
29376,7856,2390,1576,7591,8548
29377,7856,4714,1576,7591,8548
29378,7856,4714,1576,7591,8548
29379,2383,666,9044,9742,884
29380,3890,9972,9016,2969,884
29381,3299,9972,9016,1879,7145
29382,7856,4714,4026,7591,7821
29383,7856,4714,1576,7591,657
29384,7856,9493,1576,9935,884
29385,7685,6429,3647,9935,7145
29386,7856,9493,240,9935,7145
29387,7856,9493,3647,9935,9337
29388,7856,1478,1294,2195,8548
29389,8902,9972,1576,7591,884
29390,7856,2390,1576,7591,7145
29391,7407,4714,1576,7591,7821
29392,7856,4714,1576,7591,7821
29393,7856,4714,1576,7591,9385
29394,7856,75,240,1563,8548
29395,7856,1478,1319,4573,3119
29396,7856,1478,4826,2195,3746
29397,8902,9972,1576,7591,8548
29398,8902,9972,1576,4985,7145
29399,7856,3229,9016,9935,663
29400,7856,1478,240,7591,9443
29401,7856,4714,4026,7591,8548
29402,7856,1478,7093,7591,3401
29403,8902,1478,1576,9935,8548
29404,7856,2390,1576,9935,663
29405,7856,9972,1576,9935,8548
29406,7856,9972,1576,9935,663
29407,8902,2390,1576,9935,663
29408,7856,4714,1576,7591,663
29409,7856,4714,1576,9935,1449
29410,7856,4714,1576,7591,7821
29411,8902,4714,1576,9935,663
29412,7856,3253,8854,9935,1895
29413,7856,75,240,9935,8548
29414,7856,9493,1576,7591,7145
29415,7856,2390,1576,7591,8548
29416,7856,4714,1576,9935,663
29417,7856,2390,1576,9935,1772
29418,8902,9972,8779,3764,1772
29419,8902,9972,1294,3670,1772
29420,8902,9972,9436,4573,6438
29421,7856,9493,240,7178,7145
29422,7856,9972,1576,7591,1772
29423,7856,9972,1576,7591,1772
29424,8902,2390,1576,8433,7995
29425,8902,2390,9016,4731,884
29426,3299,7134,9016,4731,6222
29427,8902,9972,1576,7591,663
29428,8902,3229,1576,7591,884
29429,7407,4714,3065,7591,7495
29430,3890,9972,9436,5046,884
29431,8902,9972,9436,4573,6438
29432,3890,9972,9016,8008,884
29433,2603,9972,9436,4573,6438
29434,8902,9972,9436,2969,1516
29435,8902,2390,9436,4573,6438
29436,8902,9972,1576,4985,1772
29437,7407,3229,1576,4985,7826
29438,8902,9972,7093,9935,2422
29439,7856,9972,8779,4573,1772
29440,8902,9972,9436,4573,884
29441,8902,9972,317,8008,3119
29442,2603,5391,9016,5812,6222
29443,2603,7134,9436,2969,884
29444,8902,9972,1576,1879,7145
29445,8902,9972,9436,3764,1772
29446,8902,9972,1576,9935,884
29447,8902,9972,317,8008,1516
29448,7856,1478,1576,7591,663
29449,7856,4714,8854,7591,884
29450,7856,3253,8854,7591,3446
29451,8902,9972,1576,4985,1772
29452,9675,7134,240,2195,884
29453,2383,7134,8375,9742,884
29454,7407,3229,9016,7591,2422
29455,7856,9972,1576,7591,7145
29456,7856,2390,1576,9935,7145
29457,8902,4714,9016,4985,884
29458,7856,1478,1576,9743,7145
29459,7856,2390,1576,7591,884
29460,7856,1478,1319,9801,5177
29461,7856,3253,240,1563,7356
29462,7856,9493,1576,9935,9385
29463,8902,2390,1576,7591,7957
29464,7407,3229,1576,4985,663
29465,7407,4714,1576,4985,657
29466,8902,9972,9436,4827,884
29467,8902,9972,9016,4827,884
29468,2603,9972,317,2969,1516
29469,8902,9972,9016,9935,2422
29470,8902,9972,1576,4985,6992
29471,8902,9972,1576,4985,7826
29472,7856,9972,1576,9935,1772
29473,8902,9972,1576,9935,663
29474,8902,9972,9436,4573,884
29475,7856,1478,1576,4777,8548
29476,7856,1478,1576,7591,3746
29477,7856,1478,1576,7591,8548
29478,7856,1478,240,7591,8784
29479,7856,1478,1576,7591,8548
29480,7856,3253,3357,7591,2796
29481,8902,9972,1576,9935,1772
29482,8902,9972,1294,9935,1772
29483,8902,4714,1576,4985,663
29484,8902,9972,1576,9935,6
29485,7856,9972,1576,7591,8548
29486,8902,9972,1576,9935,8341
29487,8902,2390,1576,9935,884
29488,8902,2390,1576,3537,884
29489,8902,4714,1576,7591,7145
29490,7856,9493,1576,9935,7145
29491,7856,2390,1576,4985,7145
29492,7856,4714,1576,1592,7821
29493,8902,9972,1576,9935,1772
29494,7856,9972,7093,7591,6
29495,7856,4714,9016,4827,884
29496,8902,4714,9016,4731,884
29497,2603,9972,9436,4573,1516
29498,3299,7134,1576,9742,884
29499,7856,1478,1294,1879,1772
29500,8902,9566,1576,9935,8548
29501,4237,1478,8779,9801,6
29502,3890,9972,9436,8008,6438
29503,8902,9972,9436,4573,1516
29504,3890,9972,9436,9935,884
29505,7856,1478,240,1563,7145
29506,7856,1478,240,8302,7145
29507,7856,9493,1576,7591,8548
29508,7407,9972,9016,9935,6
29509,8902,9972,9016,9743,7826
29510,8902,9972,9436,4573,3660
29511,2383,2390,9016,9742,884
29512,8902,9972,1294,9935,884
29513,2603,9972,317,4573,1516
29514,2383,9972,9436,3670,884
29515,3890,9972,9436,4573,6438
29516,3890,9972,9436,4573,1516
29517,7856,2390,1576,7178,7145
29518,8902,2390,1576,5812,884
29519,3299,7134,9044,9742,884
29520,7856,6429,1576,9935,7145
29521,7856,9566,1576,9935,8548
29522,7856,1478,1576,9935,8548
29523,8902,9972,9436,8008,1772
29524,2603,9972,9436,4573,6438
29525,8902,4714,9436,4827,884
29526,7856,1478,1576,7591,7356
29527,7856,1478,1576,7591,3746
29528,7856,1478,240,9935,1772
29529,7856,9493,240,7591,884
29530,7856,4714,8854,7591,3446
29531,7856,75,240,7591,884
29532,7856,9972,1576,7591,663
29533,8902,9972,1576,1879,884
29534,7856,4714,1576,7591,884
29535,7856,2390,1576,9935,663
29536,8902,9972,1576,9935,663
29537,8902,9972,1576,7591,6
29538,8902,9972,1576,9935,1772
29539,8902,9972,1576,4985,3660
29540,7856,9972,1576,7591,6
29541,7407,3229,3065,4985,2422
29542,8902,9972,7093,4573,1772
29543,7407,3229,9016,4985,2422
29544,7856,9493,1576,9935,9337
29545,7856,2390,1576,9935,663
29546,7856,1478,7093,9935,884
29547,7856,9972,1576,9935,7145
29548,7856,1478,7093,9935,1772
29549,7856,1478,1576,7591,8548
29550,8902,9972,1576,4985,3660
29551,8902,2390,1576,4985,3660
29552,8902,9972,1576,9935,8548
29553,7856,9972,9016,4827,884
29554,3890,9972,9436,4573,6438
29555,3890,7134,9436,9742,884
29556,7856,2390,7093,9935,2422
29557,7856,4714,8854,7591,7821
29558,7856,9566,1576,7591,8548
29559,8902,9972,9436,1632,6992
29560,8902,9972,317,2900,1772
29561,8902,9972,1576,4573,1772
29562,7856,9566,1576,9935,8548
29563,7856,2390,1576,7591,8548
29564,7856,6429,1576,1592,663
29565,2383,7134,9016,4827,884
29566,8902,9972,317,9935,1772
29567,8902,2390,9016,4827,884
29568,7856,1478,1576,9935,1772
29569,7407,9972,1576,7591,7145
29570,7856,1478,1576,9935,1772
29571,7856,1478,4079,8302,3746
29572,7856,1478,7093,4573,1516
29573,7856,1478,1576,9935,1772
29574,8902,9972,9436,4573,1772
29575,7856,9972,1576,4985,3660
29576,8902,9972,9436,7591,6
29577,7856,9972,1294,7591,8548
29578,7856,4714,4026,7591,8548
29579,7856,1478,1576,9935,1772
29580,7856,9972,7851,9935,8341
29581,7407,4714,1576,9935,9337
29582,7856,9972,1576,7591,6
29583,8902,4714,1576,4985,7826
29584,8902,9972,1576,9935,8341
29585,7407,4714,1576,4985,4202
29586,7856,4714,1576,4985,7356
29587,7856,9972,1576,7591,663
29588,8902,9972,9016,4985,4160
29589,8902,9972,9436,4569,884
29590,8902,9972,9436,4573,3119
29591,8902,9972,9436,4573,6438
29592,7856,1478,1576,7591,8548
29593,7856,1478,1576,9935,8548
29594,7856,9493,1576,7591,8548
29595,3890,666,9044,9742,884
29596,2603,9972,1294,2586,884
29597,3890,9972,1294,6377,8784
29598,2383,9972,9044,2969,3216
29599,3890,9972,9436,4573,6438
29600,8902,9972,9436,8008,884
29601,7407,9972,1576,4985,7145
29602,7407,4714,1576,4985,1836
29603,7856,4714,1576,7591,8548
29604,7856,3253,4026,7591,7821
29605,7856,4714,1576,7591,8548
29606,7856,4714,1576,7591,663
29607,7856,9972,7093,9935,7957
29608,7856,2390,1576,7591,8548
29609,8902,9972,1576,9935,1772
29610,7407,4714,2225,9935,9385
29611,7407,4714,9016,7591,4160
29612,7856,9972,1576,7591,3660
29613,7856,4714,1576,9935,7145
29614,7856,4714,1576,7591,7145
29615,7856,4714,1576,9935,7145
29616,8902,9972,1576,9935,8548
29617,7856,9972,1576,7591,657
29618,8902,3229,7093,4985,2422
29619,8902,9493,5184,9935,9337
29620,7856,9493,9016,4827,884
29621,7856,9972,9016,9935,2422
29622,7856,3253,8854,8433,8548
29623,8902,9493,7093,9935,8548
29624,7856,1478,1576,9935,8548
29625,7856,2390,1576,1879,8548
29626,8902,9972,1294,4985,3660
29627,8902,9972,1576,5812,8096
29628,8902,5353,317,4827,884
29629,8902,9972,9436,4573,1772
29630,8902,9972,1576,1879,7145
29631,7856,9972,9016,7591,2422
29632,7407,4714,1576,4985,6222
29633,7856,9972,1576,9935,3164
29634,7856,1478,240,9935,9443
29635,8902,9972,7093,9935,1772
29636,8902,9972,317,7591,7957
29637,7856,4714,1576,9935,8548
29638,7856,9972,1576,7591,8548
29639,8902,9972,1576,9935,1772
29640,7407,4714,1576,9935,9385
29641,8902,9972,1576,9935,8548
29642,7856,9972,7093,7591,2422
29643,7407,4714,1576,5812,4202
29644,8902,4714,8375,9742,884
29645,2383,2390,240,8433,884
29646,7856,9972,1576,7591,663
29647,7856,9972,1576,7591,663
29648,7856,9566,1576,4985,7145
29649,3890,7134,9016,2969,6222
29650,8902,9972,9016,2969,884
29651,8902,9972,9436,4731,6222
29652,2383,666,1576,4777,884
29653,8902,9972,9436,4573,6438
29654,8902,9972,9436,4573,6438
29655,7856,1478,1576,9935,8548
29656,7856,75,240,1563,3746
29657,7856,1478,240,7591,8548
29658,8902,2390,7093,9935,7145
29659,7856,2390,9016,7178,7145
29660,8902,2390,9436,4827,884
29661,7856,4714,1576,4985,4202
29662,7856,4714,5184,4858,7145
29663,7856,4714,1576,9935,7145
29664,2603,9972,9436,9742,7495
29665,3299,9972,9016,2969,884
29666,8902,9972,317,9743,6992
29667,8902,9972,317,4573,1516
29668,8902,9972,1576,7178,884
29669,8902,9972,9016,2969,3119
29670,3890,9972,9016,4827,884
29671,2383,9972,9436,8008,884
29672,8902,9972,317,4573,1772
29673,7856,4714,1576,7591,884
29674,8902,9972,9436,4827,884
29675,7856,9972,1576,7591,663
29676,8902,9972,1576,7591,8548
29677,8902,9972,1576,9935,663
29678,7856,2390,1576,9935,8548
29679,7856,4714,1576,9935,9385
29680,7407,3229,9016,4985,4160
29681,8902,9972,1576,4985,7356
29682,8902,9972,1576,9935,3660
29683,8902,9972,1576,7591,6
29684,8902,9972,1576,7591,6
29685,2383,9972,9436,4573,9840
29686,3890,9972,9016,8008,884
29687,8902,2390,9016,4827,884
29688,8902,2390,9016,4827,884
29689,2383,5353,9044,8433,884
29690,8902,9972,9436,4985,884
29691,8902,2390,2005,9935,1772
29692,8902,9972,1576,9935,663
29693,8902,3229,7093,7591,6
29694,7856,9493,1576,2195,7145
29695,7856,9493,1576,2195,7145
29696,7856,4714,1576,7591,8548
29697,7856,9493,1576,7591,7145
29698,7856,75,240,8302,7145
29699,7407,4714,1576,7591,7145
29700,8902,7134,4298,9742,884
29701,3890,9972,317,8008,884
29702,2383,9972,240,413,8784
29703,8902,9972,1576,7591,884
29704,2383,9972,1294,3670,1772
29705,8902,9972,317,4827,7145
29706,8902,9972,1576,7591,6992
29707,8902,9972,1576,7591,1772
29708,8902,9972,1576,4985,3660
29709,7856,4714,1576,7591,8548
29710,7856,4714,1576,7591,8548
29711,7856,4714,1576,9935,7145
29712,8902,5353,9436,4827,884
29713,8902,9972,9436,8008,884
29714,8902,9972,1576,4573,1772
29715,7856,9972,2005,9935,8548
29716,7856,9493,1576,9935,663
29717,7856,9972,7093,4573,6
29718,2383,5353,9436,8008,6438
29719,2383,666,240,284,3216
29720,9811,666,240,4573,884
29721,7407,4714,1576,7591,7145
29722,7856,1478,1576,2195,8548
29723,7856,1478,1576,7591,8548
29724,7856,9972,7093,7591,884
29725,7856,1478,1576,7591,663
29726,7856,4714,1576,7591,663
29727,7856,9493,8854,7591,884
29728,7856,9493,240,9935,8548
29729,7856,9493,1576,7591,884
29730,7856,2390,1576,7591,8548
29731,7856,1478,1576,7591,3746
29732,7856,9493,1576,7591,8548
29733,7856,1478,240,7591,7145
29734,7856,9493,1576,7591,8548
29735,7856,1478,1576,7591,8548
29736,7856,2390,1576,9935,8548
29737,7856,4714,1576,7591,663
29738,7856,2390,1576,7591,7145
29739,2383,666,9044,5046,3216
29740,2603,9972,8779,2586,1516
29741,8902,5353,9436,4827,884
29742,8902,2390,9016,4827,7145
29743,8902,9972,1576,4569,6438
29744,8902,2390,9016,4827,884
29745,8902,2390,1576,7591,884
29746,7856,9493,1576,8433,884
29747,7856,4714,1576,7591,884
29748,8902,9972,9436,3537,6438
29749,3890,9972,1294,4573,3119
29750,8902,9972,9436,4573,884
29751,8902,2390,1576,9935,1772
29752,7856,1478,4026,7591,8548
29753,7856,2390,1576,7591,7145
29754,8902,9972,1576,7178,7145
29755,7856,2390,1576,7591,663
29756,8902,9972,1576,9935,6
29757,8902,2390,1576,7591,663
29758,7856,9972,1576,7591,8548
29759,8902,4714,1576,7178,884
29760,7856,9972,1576,7591,6
29761,7856,3253,2005,9935,7356
29762,7856,9566,7093,9935,663
29763,2383,9972,9436,2969,884
29764,2383,9972,84,2969,3216
29765,3299,9972,84,2969,2639
29766,7856,4714,1576,9935,2422
29767,7407,4714,1576,7591,4202
29768,7856,4714,1576,7591,663
29769,7856,9972,1294,7591,6
29770,7856,1478,1576,7591,3746
29771,8902,9972,1294,1879,6
29772,9811,666,240,7039,884
29773,8902,9972,317,7591,1772
29774,2383,9972,1319,4573,1516
29775,3890,9972,9016,2969,3119
29776,2383,5353,1576,4827,884
29777,8902,9972,9436,8008,884
29778,3890,9972,9436,4573,6438
29779,3890,9972,317,4573,1516
29780,3890,5353,1576,9742,884
29781,7856,9972,1576,7591,3660
29782,3565,3353,1576,9935,9337
29783,8902,8205,9016,9935,2422
29784,8902,9972,9016,9935,6743
29785,8902,9972,1576,7591,1772
29786,8902,9972,1576,9935,6743
29787,7856,4714,5184,9935,7145
29788,7407,4714,1576,9743,7356
29789,7407,4714,9016,4985,7145
29790,7856,2390,1576,7591,7145
29791,8902,9972,9016,7591,6743
29792,7856,4714,1576,9935,7145
29793,8902,9972,9016,9935,6743
29794,8902,9972,1576,7591,3746
29795,7856,9972,1576,7591,3746
29796,8902,9972,1576,9935,3660
29797,8902,9972,7093,7591,3660
29798,8902,9972,1576,9935,884
29799,7856,4714,1576,7591,884
29800,8902,4714,1576,9935,1772
29801,7856,4714,7093,7591,3660
29802,7856,9972,1294,7591,6
29803,2383,7134,9436,9743,884
29804,2383,666,9436,4827,884
29805,7856,3253,1576,9935,7145
29806,7407,4714,1576,7591,7145
29807,7856,4714,2345,9935,7145
29808,7856,6429,5184,9935,2535
29809,7856,3253,8779,7591,9443
29810,7856,2390,1576,9935,7145
29811,8902,1478,240,7039,2462
29812,7856,2390,1576,7591,8548
29813,7856,1478,1576,9935,3746
29814,8902,9972,8779,9935,1772
29815,8902,9972,9016,9743,7145
29816,8902,9972,1576,9935,1772
29817,7856,3253,1576,7591,7145
29818,7856,1478,7093,9935,3746
29819,7856,3253,1576,7591,8548
29820,7856,1478,240,9935,9443
29821,7856,9493,3647,9935,9337
29822,7856,1478,1576,9935,7145
29823,8902,9972,1576,9935,1772
29824,7856,4714,1576,7591,2422
29825,7407,4714,1576,4985,4795
29826,7856,1478,240,2195,9443
29827,8902,9972,8779,9935,1772
29828,8902,9972,9016,9935,6743
29829,2383,666,9016,4731,884
29830,8902,9972,317,9935,6743
29831,2383,9972,9436,4573,884
29832,8902,9972,9436,4573,1772
29833,3890,9972,9016,9743,884
29834,8902,9972,317,3764,1772
29835,8902,2390,1294,1879,663
29836,8902,6429,1576,9935,663
29837,8902,4714,1576,7591,4160
29838,7856,9972,1576,7591,8548
29839,8902,9972,1576,7591,1772
29840,8902,2390,1576,9743,7701
29841,8902,9972,7093,9935,884
29842,7856,2390,1576,7591,7145
29843,7856,1478,1576,2195,9443
29844,7856,666,240,2195,7145
29845,7856,1478,1576,9935,8548
29846,7856,1478,1294,2195,8548
29847,7407,4714,1576,7591,7145
29848,7856,4714,8854,7591,884
29849,7856,2390,1576,9935,663
29850,2383,666,9044,5046,4101
29851,2383,9972,9436,9742,884
29852,8902,9972,9436,3670,884
29853,8902,9972,1576,7591,3660
29854,8902,9972,1576,9935,8548
29855,8902,9972,1294,8650,884
29856,8902,9972,9436,4573,884
29857,8902,9972,9436,4573,1516
29858,3299,7134,9436,3537,6438
29859,3890,9972,9016,9742,884
29860,8902,9972,9436,4573,1772
29861,3890,9972,9436,4827,884
29862,8902,9972,9436,4569,6743
29863,2603,7134,9436,4573,6438
29864,8902,9972,9436,4573,1516
29865,7407,4714,9016,7591,6466
29866,7407,4714,1576,5812,6222
29867,7856,4714,1576,9935,8548
29868,7856,4714,4026,7591,7821
29869,7856,9972,1576,7591,884
29870,7856,4714,1576,7591,8548
29871,8902,1478,317,9935,1516
29872,7856,3253,1576,7591,884
29873,7856,1478,1576,9935,8548
29874,8902,9972,1576,7591,6
29875,7856,4714,1576,7591,8548
29876,7856,9972,7093,9935,6
29877,8902,9972,7093,7591,6743
29878,7856,4714,9016,4985,2422
29879,7407,4714,9016,9743,7145
29880,8902,9972,317,3764,1772
29881,8902,9972,9436,4573,1516
29882,2383,9972,9436,8008,884
29883,8902,9972,9016,9935,6743
29884,7407,9972,1576,7591,663
29885,8902,9972,7093,9935,2422
29886,3890,9972,9436,4573,884
29887,2383,75,9044,9857,884
29888,3474,2390,240,9742,884
29889,8902,9972,7093,9935,1772
29890,7856,1478,1576,7591,3746
29891,8902,9972,1576,9935,1772
29892,7856,9972,4026,7591,8548
29893,7856,9972,1576,1592,6
29894,7856,2390,1576,9935,8548
29895,7856,4714,9016,7178,7145
29896,7856,4714,1576,7591,884
29897,7856,4714,1576,7591,884
29898,2383,7134,1576,8257,884
29899,3890,9972,9436,4827,884
29900,8902,9972,1576,4827,884
29901,3890,9972,9016,2969,6743
29902,3890,9972,9436,1632,6438
29903,8902,9972,1294,2195,7145
29904,8902,9972,9016,4985,3660
29905,8902,9972,1576,9935,1772
29906,8902,2390,1576,7591,663
29907,2383,7134,9016,4354,4101
29908,2383,9972,9044,9742,884
29909,2383,666,9044,9857,884
29910,3890,5353,9436,8008,884
29911,2383,5353,9436,4827,884
29912,3890,9972,9436,1762,6438
29913,8902,9972,1576,4573,6
29914,7407,4714,1576,7591,663
29915,7407,4714,1576,7591,663
29916,7856,1478,2005,3265,7356
29917,8902,1478,1576,9935,884
29918,7856,1478,2005,9935,7701
29919,8902,9972,3735,9935,8341
29920,8902,9972,1576,7591,3660
29921,8902,3229,1576,4985,7356
29922,3890,7134,9044,9742,884
29923,2383,9972,9436,3670,884
29924,2383,666,9436,9742,884
29925,8902,9493,1576,4827,884
29926,8902,2390,9016,8433,884
29927,8902,9972,3065,4731,884
29928,7856,9972,1576,7591,7145
29929,8902,9972,1576,7591,4202
29930,7856,9972,7093,9935,1772
29931,2383,9972,9436,4573,1516
29932,2383,9972,9044,5046,3216
29933,3890,9972,84,2969,1516
29934,7856,4714,1576,3537,884
29935,8902,9972,1576,9935,663
29936,8902,4714,1576,4985,3660
29937,8902,9972,1576,4827,884
29938,2383,2390,9044,9742,884
29939,2383,9972,9436,3670,9305
29940,8902,2390,1576,7178,884
29941,7407,9972,9016,9935,2422
29942,8902,4714,9016,4985,884
29943,8902,9972,9016,9935,2422
29944,8902,9972,9016,1401,6743
29945,8902,9972,317,9743,1772
29946,7856,9972,1576,7591,1772
29947,8902,9972,1576,9935,8548
29948,8902,9972,1576,7591,6
29949,7856,9972,7093,7591,663
29950,7856,4714,1576,7591,2422
29951,7856,4714,1576,7591,663
29952,7856,4714,1576,9935,8548
29953,7407,4714,1576,4985,4202
29954,7856,4714,1576,7591,884
29955,8902,9972,1294,9935,6
29956,8902,9972,7093,9935,6743
29957,8902,9972,1576,9935,6
29958,8902,9972,1576,7591,1772
29959,7856,4714,9016,9935,6743
29960,7407,3229,9016,9743,6222
29961,7856,1478,1576,3945,884
29962,7856,9972,8779,4777,6
29963,7856,9972,1576,9935,3746
29964,8902,2390,1576,9857,884
29965,8902,9972,1576,7591,884
29966,7856,9972,1576,9935,6
29967,7856,9493,5184,9935,7145
29968,7856,4714,1576,9935,7145
29969,7856,2390,1576,9935,8548
29970,7856,4714,5184,7591,8548
29971,7856,1478,1576,7591,884
29972,7856,4714,1576,7591,4202
29973,3890,9972,9436,8257,6438
29974,2603,7134,9436,5358,884
29975,8902,9972,9436,4573,6438
29976,8902,9972,9016,2900,1772
29977,8902,9972,1576,7591,3746
29978,8902,9972,1576,4573,6
29979,7856,2390,1576,7591,1772
29980,7856,4714,1576,7591,884
29981,7407,4714,1576,4985,7821
29982,8902,9972,1294,1879,6
29983,8902,9972,1576,4985,3660
29984,7856,3229,1576,9935,3164
29985,7856,6429,2705,9935,2883
29986,7856,9972,7093,9935,3660
29987,7856,9972,1576,9935,663
29988,8902,2390,9436,2969,3119
29989,8902,2390,1294,3537,6
29990,8902,9972,1576,1879,884
29991,8902,2390,9016,4827,884
29992,8902,5353,9436,4827,884
29993,3890,9972,1319,2969,6438
29994,2603,9972,9436,4573,6
29995,8902,9493,9044,9742,884
29996,8902,9972,9436,4827,884
29997,7856,9972,1576,9935,1772
29998,7407,4714,1576,6765,7630
29999,7856,9972,1576,9743,6992
30000,7856,9493,8854,7591,3446
30001,7856,1478,1576,7591,8548
30002,7856,1478,8779,9935,8548
30003,7856,1478,317,8008,1772
30004,7856,1478,1319,4573,884
30005,7856,1478,240,2195,9443
30006,7856,1478,1576,9935,8548
30007,8902,2390,1576,9935,8548
30008,8902,9972,7093,9935,6743
30009,7856,4714,5184,9935,7145
30010,8902,9972,1576,9935,7145
30011,7856,2390,1576,9935,8548
30012,8902,2463,1576,9935,8548
30013,7856,9566,1576,9935,7145
30014,7856,4714,1576,4985,7145
30015,8902,9972,1294,5812,6222
30016,2383,7134,9016,3646,884
30017,3299,7134,9016,5812,6222
30018,8902,9972,1576,4573,1772
30019,8902,9972,9436,4573,1772
30020,8902,9972,9016,4985,6743
30021,7856,4714,1576,9935,8548
30022,8902,9972,9016,9935,6743
30023,7856,4714,1576,4985,7821
30024,7407,9972,1576,9935,663
30025,7407,9972,9016,7591,2422
30026,7407,4714,1576,1592,7821
30027,7407,4714,1576,4985,4202
30028,7856,9566,1576,9935,8548
30029,8902,3229,1576,1592,4160
30030,7407,4714,1576,7591,7821
30031,7407,3229,9016,9935,4160
30032,7407,4714,9016,1592,6901
30033,7407,4714,1576,7591,4202
30034,7856,4714,9016,7591,7957
30035,7856,9972,1576,9935,6
30036,8902,9972,1576,9935,1772
30037,7856,1478,1576,7591,884
30038,7856,2390,1576,9935,663
30039,7856,3253,1576,7591,8548
30040,7856,1478,1576,7591,7145
30041,7856,1478,1294,4777,8548
30042,7856,1478,1576,9935,8548
30043,7856,1478,1576,7591,884
30044,7856,75,240,7591,7145
30045,7856,9972,1576,7591,3660
30046,8902,3229,9016,9935,7145
30047,8902,9972,1576,9935,884
30048,8902,9972,317,9935,1772
30049,8902,9972,9016,9935,6743
30050,8902,9972,1576,9935,1772
30051,7856,9493,1576,7591,884
30052,8902,9972,1576,4827,884
30053,7856,2390,1576,9935,1772
30054,7856,9493,1576,9935,8548
30055,7856,4714,1576,9935,8548
30056,7856,4714,1576,7591,884
30057,7407,9972,1294,9743,6
30058,8902,4714,9016,4985,3660
30059,8902,9972,9016,9935,3660
30060,8902,9972,1576,478,6743
30061,8902,9972,1576,4985,8548
30062,8902,9972,1576,4985,6992
30063,8902,9972,9436,4573,6438
30064,3890,7134,9044,284,2639
30065,2383,9972,9436,4573,1516
30066,7856,9972,9436,7591,2422
30067,8902,2390,1294,1879,663
30068,8902,9972,1576,9935,1772
30069,7856,1478,240,9935,9443
30070,7856,1478,1576,9935,8548
30071,7856,9493,5184,7591,7145
30072,7856,9972,317,7591,3746
30073,8902,9972,1576,9935,1772
30074,7856,1478,7093,9935,1772
30075,2383,5353,9436,4827,884
30076,3890,9972,9436,2969,6438
30077,3890,9972,84,2969,1516
30078,7856,9493,4026,7591,8548
30079,7856,2390,1576,9935,663
30080,7856,9972,1576,7591,1772
30081,7856,9972,1576,7591,1772
30082,7856,3229,1576,9935,663
30083,7856,4714,1576,7591,7356
30084,8902,9972,1576,4985,3660
30085,8902,9972,1576,9935,6
30086,8902,9972,7093,7591,2422
30087,8902,9972,317,4827,1772
30088,7856,2390,1576,7178,7145
30089,7856,9972,1576,7591,7145
30090,7856,4714,1576,9935,663
30091,7407,4714,1576,1592,7821
30092,7856,9972,1576,9935,8548
30093,7856,2390,1576,9935,1772
30094,7856,9972,1576,9233,7145
30095,8902,5353,240,7039,7145
30096,8902,9972,1576,7591,1772
30097,8902,9972,1576,7591,1772
30098,7856,9972,1294,7591,6992
30099,7856,1478,1576,7591,1772
30100,7856,1478,1576,7591,7356
30101,7856,9972,1294,7591,8548
30102,8902,9972,1576,7591,2422
30103,7856,9972,1576,7591,3660
30104,7856,4714,1576,9935,2422
30105,7407,6429,7093,9935,2422
30106,8902,4714,1576,9935,2422
30107,7407,4714,1576,7591,2422
30108,3890,9972,9016,9742,884
30109,8902,9972,9436,3537,6438
30110,8902,9972,9436,4827,884
30111,7856,4714,1576,7591,8548
30112,7856,4714,1576,9935,663
30113,7856,3253,4026,9935,7356
30114,8902,9972,1576,4985,6992
30115,7407,3229,9016,4985,2422
30116,7856,9566,1576,9935,663
30117,7856,9972,1576,7591,1772
30118,7856,9972,1576,7591,884
30119,7856,4714,1576,7591,663
30120,2383,9972,9044,292,8784
30121,8902,9972,9436,4573,6438
30122,8902,9972,4298,6769,884
30123,8902,9972,1576,4985,8548
30124,7856,2390,4026,7591,8548
30125,8902,9972,1576,9935,8548
30126,8902,9566,1576,9935,8548
30127,7856,3229,1576,9935,8548
30128,7407,3229,9016,7591,2422
30129,7407,9972,1576,9743,5885
30130,7407,3229,1576,4985,6813
30131,8902,4714,1576,9935,8548
30132,8902,9972,1576,9935,1772
30133,7856,9972,1576,7178,884
30134,8902,9972,1576,1879,884
30135,8902,9972,1576,9935,6
30136,7856,9972,1576,7591,8548
30137,7407,4714,1576,7591,657
30138,8902,2390,9016,4827,884
30139,3299,7134,9016,9857,884
30140,3890,9972,9016,4827,884
30141,7856,1478,1576,9935,8548
30142,7856,4714,1576,9935,8548
30143,7856,2390,240,9935,8548
30144,7856,9972,1576,7591,663
30145,7407,4714,1576,7591,2422
30146,7407,4714,1576,7591,884
30147,8902,9972,1576,9935,3660
30148,3890,9972,9436,4573,1516
30149,8902,9972,1576,9935,663
30150,8902,9972,1576,9935,884
30151,8902,9972,9436,7591,6
30152,7856,4714,9016,7591,6
30153,7856,1478,1576,9935,663
30154,8902,9972,240,7039,3401
30155,7856,1478,1576,2195,8548
30156,7856,9972,7093,7591,1772
30157,8902,9972,317,9935,1772
30158,8902,9972,1576,9935,7145
30159,8902,2390,9016,4827,884
30160,8902,9972,1294,3764,1516
30161,8902,2390,1576,7591,1772
30162,7856,1478,240,7591,7356
30163,7856,1478,1576,7591,8548
30164,8902,9972,317,4573,884
30165,2383,2390,9436,8008,6438
30166,2383,666,9044,9742,884
30167,3890,9972,9436,8008,6438
30168,3890,9972,1294,9743,884
30169,3890,9972,9436,4573,3119
30170,3890,9972,9436,2969,1516
30171,2383,7134,9436,2969,884
30172,2383,9972,9016,5812,6222
30173,3299,7134,9436,2969,884
30174,4237,9972,8779,2195,3401
30175,3890,9972,9436,9192,884
30176,2603,9972,1576,7591,6
30177,7856,9972,1576,7591,3746
30178,8902,75,9436,3670,884
30179,7856,9972,1576,7591,884
30180,7856,2390,1576,7591,884
30181,7856,9972,1294,7591,8548
30182,7856,9972,1576,7591,884
30183,7856,1478,1576,9935,884
30184,7856,3253,2005,9935,8548
30185,7856,1478,1576,9935,8548
30186,8902,3229,1576,9935,2422
30187,8902,3229,1576,9935,663
30188,7856,9972,1576,7591,1772
30189,7407,4714,9016,5812,4202
30190,7856,9972,1576,9935,6
30191,8902,9972,1576,9935,663
30192,7856,9493,1576,7591,8548
30193,7856,4714,1576,9935,663
30194,7856,1478,1576,7591,8548
30195,8902,9972,1294,1879,6
30196,8902,9972,1294,1879,6
30197,8902,9972,1294,8650,1772
30198,8902,9972,1576,7178,7145
30199,8902,9972,317,9935,1516
30200,3299,9972,9436,4573,1516
30201,8902,2390,1576,4985,6901
30202,7856,9972,1576,7591,663
30203,8902,9972,1576,7591,6
30204,8902,9972,317,9935,1516
30205,8902,5353,1576,9935,7145
30206,7856,2390,1576,9935,8548
30207,7856,2390,1576,9935,7145
30208,7856,1478,1576,9935,1772
30209,7856,1478,7093,9935,7284
30210,3890,9972,9044,9742,884
30211,2603,9972,9436,2586,1516
30212,3890,9972,240,9857,884
30213,7856,2390,1576,9935,663
30214,7856,4714,7093,9935,2422
30215,7856,4714,1576,7591,663
30216,7856,1478,7093,9935,884
30217,7407,4714,1576,1592,7821
30218,8902,2390,1576,9935,7145
30219,7856,9493,1576,7591,8548
30220,7856,4714,668,7591,884
30221,7856,2390,1576,9935,7145
30222,7856,9972,1576,7591,884
30223,7407,4714,1576,5812,7995
30224,8902,9972,1576,5812,6222
30225,8902,9972,9016,4985,3660
30226,8902,9972,1576,9935,1772
30227,8902,4714,9016,7591,3660
30228,2603,9972,9436,8008,1516
30229,8902,9972,317,9935,1516
30230,3890,9972,317,4827,884
30231,8902,9972,7851,9935,9952
30232,8902,9972,1576,7591,6
30233,8902,9972,1576,9935,6
30234,8902,9972,1576,2195,3401
30235,8902,9972,1576,1879,7145
30236,3299,9972,1294,3537,3119
30237,8902,2390,1576,9742,884
30238,2383,5353,240,9742,884
30239,8902,9972,1576,3537,3216
30240,8902,4714,1576,7591,7145
30241,7407,9972,1576,7591,7145
30242,8902,2390,1576,9935,7145
30243,8902,9972,1294,1879,1516
30244,3890,9972,9436,6377,884
30245,8902,2390,9016,3646,3401
30246,7407,4714,4026,7591,657
30247,7856,4714,1576,9935,663
30248,7407,4714,1576,7591,657
30249,7407,3229,3065,3537,663
30250,8902,9972,1576,4985,1772
30251,8902,9972,1576,4573,1772
30252,8902,5353,1576,4731,884
30253,8902,2390,9436,4827,884
30254,8902,9972,317,9935,1772
30255,8902,2390,1576,9935,663
30256,8902,9972,1576,9935,1772
30257,7856,4714,7093,9935,2422
30258,7856,2390,1576,7591,8548
30259,7856,1478,1576,7591,1772
30260,7856,2390,1576,7591,7145
30261,7407,4714,1576,1592,657
30262,7407,4714,9016,4985,4160
30263,7407,3229,1576,7591,8548
30264,7856,9972,1576,9935,1772
30265,8902,9972,9436,4573,1516
30266,8902,9972,1576,9935,1772
30267,8902,2390,1576,7591,884
30268,8902,9972,1576,7591,884
30269,3474,75,1576,2195,884
30270,7856,4714,1576,7591,884
30271,8902,9972,7093,9935,1772
30272,7856,9972,7093,9935,1772
30273,2603,9972,9436,4573,6438
30274,8902,9972,9436,8008,884
30275,8902,9972,1294,2586,6743
30276,8902,4714,1576,3537,884
30277,7856,9493,1576,7178,7145
30278,8902,2390,9016,9935,6
30279,7407,4714,1576,7591,657
30280,7856,4714,1576,7591,7821
30281,7407,4714,1576,7591,4202
30282,7856,4714,1576,9935,7145
30283,8902,3229,1576,4985,6222
30284,7407,4714,1576,4985,4202
30285,2383,4714,1576,9857,884
30286,2383,4714,8017,7178,884
30287,2383,7134,240,7178,884
30288,7856,9972,1576,9935,663
30289,7856,9493,1576,7591,884
30290,7856,2390,1294,9935,1772
30291,7856,9972,7093,9935,1772
30292,7856,9972,1576,9935,1772
30293,7856,9493,1576,7591,8548
30294,7856,4714,8854,7591,7821
30295,7856,4714,1576,9935,663
30296,7856,1478,1576,9935,1772
30297,2603,9972,9016,2969,884
30298,8902,2390,9436,3537,884
30299,8902,9972,9436,3537,884
30300,3890,9972,9436,9743,884
30301,3890,9972,9436,1632,884
30302,3890,9972,9436,8008,884
30303,7856,4714,1576,7591,7821
30304,7856,4714,1576,7591,884
30305,8902,4714,1576,1592,663
30306,8902,9972,9436,3537,884
30307,8902,9972,9436,4985,884
30308,2603,9972,1294,2969,3119
30309,7856,9493,240,1563,7145
30310,7856,9493,8854,9935,8548
30311,7856,3253,8854,9935,7821
30312,8902,9972,1576,9935,1772
30313,7856,9972,1576,9935,1772
30314,8902,4714,1576,4985,6992
30315,7856,1478,1576,9935,1772
30316,7856,1478,8779,4573,1772
30317,7856,1478,4026,9935,7356
30318,7856,2390,1576,9935,663
30319,7407,4714,2345,9935,2422
30320,7407,4714,1576,9935,2422
30321,7856,9972,1576,9935,663
30322,7856,9972,7093,4573,6
30323,7856,4714,1576,7591,663
30324,8902,9972,9436,4573,884
30325,8902,9972,9436,4573,1516
30326,7856,9972,1576,7591,3746
30327,3890,2390,1576,8257,6
30328,8902,9972,9436,1632,3119
30329,8902,2390,9436,3537,884
30330,7856,9972,1576,7591,7145
30331,7856,9972,1576,7591,3746
30332,7856,2390,1576,9935,8548
30333,7856,2390,1576,9935,1772
30334,7856,4714,1576,7591,8548
30335,7856,4714,1576,7591,663
30336,2383,9972,8375,4731,2639
30337,2383,9972,9016,9742,884
30338,2383,7134,9044,9742,2639
30339,8902,9972,1576,9935,6
30340,7856,3229,1576,9935,663
30341,8902,4714,1576,4985,663
30342,7856,9972,1576,7591,1772
30343,7856,1478,1294,268,1772
30344,7856,1478,1576,9743,7145
30345,7856,1478,1294,2195,8548
30346,8902,2390,1576,9935,8548
30347,7856,2390,1576,7591,884
30348,7856,2390,1576,7591,8548
30349,7856,1478,1576,7591,884
30350,7856,1478,7093,4573,884
30351,8902,9972,9436,4573,6
30352,2383,2390,1294,4827,884
30353,7856,9972,7093,4573,884
30354,7856,9972,1294,9935,8548
30355,8902,9972,1576,9935,6743
30356,7856,9972,1576,7591,6
30357,8902,9972,9436,8008,6438
30358,2383,7134,9436,9742,6438
30359,3890,9972,9436,4573,6438
30360,7856,4714,1576,7591,2422
30361,7856,2390,9016,9935,2422
30362,8902,9972,7093,9935,6
30363,7856,9972,1576,9935,1772
30364,8902,9972,7093,9935,1772
30365,7856,1478,4826,7591,8548
30366,7407,4714,1576,7591,4202
30367,7856,4714,1576,7591,4202
30368,7856,4714,1576,7591,4202
30369,7856,2390,1576,9935,663
30370,7856,9972,1576,9935,663
30371,7856,9972,1576,7591,663
30372,2383,9972,9436,2969,1516
30373,2383,9972,9436,8008,6438
30374,2603,9972,9016,2969,3119
30375,7856,4714,1576,7591,8548
30376,7856,1478,240,7591,7145
30377,7856,1478,240,9935,8548
30378,7856,4714,8854,7591,7821
30379,7856,4714,1576,7591,663
30380,7856,2390,1576,7591,663
30381,7856,2390,1576,7591,7957
30382,7407,4714,1576,7591,4202
30383,7856,4714,1576,9935,7145
30384,7856,2390,1576,9935,1772
30385,8902,1478,1576,9935,8548
30386,7856,9972,1576,7591,7145
30387,7856,4714,1576,9935,2422
30388,7407,4714,1576,7591,4202
30389,7407,4714,1576,7591,4202
30390,8902,9972,1294,3670,1772
30391,3890,9972,9436,4569,884
30392,7856,1478,240,8433,884
30393,3890,9972,9436,1632,6438
30394,2383,5353,1319,3670,884
30395,3890,9972,9436,1632,6438
30396,8902,9972,1576,4985,6992
30397,8902,9972,1576,7178,7145
30398,8902,9972,1576,4985,1772
30399,8902,9972,1576,9935,1772
30400,7407,9972,1576,9935,8341
30401,7856,1478,1576,9935,8548
30402,8902,2390,1576,9935,663
30403,7856,4714,1576,7591,7145
30404,7856,2390,1576,9935,7821
30405,8902,2390,1576,9935,7145
30406,8902,9972,1576,9935,1772
30407,7407,3229,1576,9935,7145
30408,8902,9972,9436,4569,884
30409,2383,9972,1294,1879,884
30410,2603,7134,9016,9742,884
30411,8902,9972,1576,9935,7145
30412,8902,9972,1576,9935,8548
30413,8902,9972,1576,4985,3660
30414,8902,9972,1576,9935,3660
30415,7856,4714,1576,9935,2422
30416,7856,4714,7093,7591,2422
30417,8902,9972,9436,1862,6438
30418,3890,9972,9436,2969,6438
30419,3890,9972,9436,4573,1516
30420,2383,666,9044,4827,884
30421,2383,9972,9044,2195,3216
30422,2383,9972,9436,9742,884
30423,2383,5353,8375,2969,3216
30424,8902,2390,9016,4827,884
30425,2383,7134,9044,9742,884
30426,8902,9972,1576,9935,1772
30427,8902,9972,1576,9935,8548
30428,7856,4714,1576,7591,4202
30429,3299,9972,9436,2969,6438
30430,5971,9972,9016,5812,7826
30431,2603,9972,9016,2969,3119
30432,2603,9972,9436,4827,9305
30433,8902,9972,1576,9935,8341
30434,8902,9972,1576,9935,8341
30435,8902,2390,9016,9743,6222
30436,2603,9972,317,3764,6743
30437,8902,9972,9436,4573,1772
30438,7856,9972,1576,7591,8548
30439,7856,2390,1576,7591,8548
30440,7856,9972,4026,7591,5367
30441,2383,666,9044,4731,884
30442,2383,666,9044,5046,884
30443,2383,9972,9044,4573,1516
30444,7407,4714,1576,4985,4202
30445,8902,9972,9016,4985,6
30446,7407,4714,1576,4985,3185
30447,8902,4714,1576,9935,8548
30448,7407,4714,1576,9935,8548
30449,7856,2390,1576,7591,8548
30450,8902,2390,1576,9935,884
30451,7856,9493,1576,7591,884
30452,8902,9972,1576,9935,6
30453,7856,9493,1576,9935,7145
30454,7856,3253,1576,7591,8548
30455,7856,3253,1576,8302,8548
30456,7856,9972,1576,9935,8548
30457,7407,3229,1576,9935,8341
30458,7407,9972,1576,1592,8548
30459,7856,9972,1576,7591,3660
30460,7856,4714,1576,7591,884
30461,7856,3229,1576,7591,2422
30462,7856,1478,1576,9935,7145
30463,7856,1478,240,8302,7145
30464,8902,1478,1576,9935,8548
30465,7856,9972,1576,7591,8548
30466,7407,9972,1576,9935,1772
30467,7856,9972,1576,9743,7145
30468,8902,9972,9436,4573,6438
30469,2603,9972,9436,4573,1772
30470,8902,2390,1576,8433,884
30471,7856,4714,8854,7591,884
30472,7856,4714,1576,7591,5690
30473,7856,4714,1576,7591,884
30474,7856,1478,1576,9935,8548
30475,8902,2390,1576,9935,7145
30476,7856,1478,1576,9935,8548
30477,7856,9566,1576,9935,1772
30478,8902,9972,1576,9935,8548
30479,7856,9972,1576,7591,7957
30480,8902,9972,2345,9935,2422
30481,8902,3229,1576,9935,2422
30482,8902,9972,9016,4569,6743
30483,8902,2390,9436,4827,884
30484,2383,9493,1576,9857,884
30485,2383,9972,9016,8008,884
30486,8902,4714,1576,6765,3401
30487,2383,7134,9016,4731,884
30488,2383,9493,8375,9742,884
30489,7856,9972,1576,7591,663
30490,8902,9972,1576,7591,8548
30491,7856,9566,1576,9935,8548
30492,2383,5353,9044,9742,884
30493,8902,9972,9436,3537,884
30494,3890,9972,9436,4573,6438
30495,7407,4714,1576,9935,7145
30496,8902,4714,1576,4985,7145
30497,8902,9972,1576,4985,3660
30498,7407,4714,1576,1592,7821
30499,7407,4714,1576,4985,7995
30500,7407,4714,3065,9743,884
30501,9154,9972,9016,9935,2422
30502,7407,4714,1576,9935,4202
30503,7407,4714,9016,7591,8548
30504,8902,9972,1576,9935,8548
30505,7407,3229,9016,1592,7826
30506,8902,9972,1576,9935,6
30507,8902,2390,1576,1879,884
30508,8902,2390,1576,4827,884
30509,8902,9972,9436,4573,6438
30510,8902,9972,1576,9935,1772
30511,8902,9972,1576,4985,6
30512,8902,6429,9016,9935,2422
30513,2383,9972,240,9857,884
30514,3890,9972,9016,7039,884
30515,2383,666,9044,5046,4101
30516,7856,2390,1576,9935,8548
30517,8902,9972,1576,7591,2422
30518,8902,9972,9016,7591,3660
30519,8902,9972,9016,9935,884
30520,8902,9972,9436,1862,6438
30521,2603,9972,9436,4573,6438
30522,3890,9972,9436,3670,6438
30523,8902,1478,1576,9935,1772
30524,8902,9972,1576,3537,6
30525,3299,5391,9436,2586,3119
30526,3890,7134,3065,9742,884
30527,2383,5353,9436,9742,884
30528,7856,9493,4026,7591,8548
30529,7856,9493,1576,8433,8548
30530,7856,1478,1576,9935,1772
30531,8902,9972,1576,9935,3660
30532,8902,9972,1576,9935,1772
30533,8902,6429,1576,9935,663
30534,7856,4714,1576,7591,8548
30535,7407,4714,1576,7591,663
30536,7856,4714,1576,7591,8548
30537,7856,1478,1576,4777,884
30538,7856,1478,1576,8302,8548
30539,7856,2390,1576,2195,884
30540,7407,4714,1576,4985,6
30541,7407,4714,1576,5112,2422
30542,7407,3229,1576,7591,7145
30543,7407,4714,9016,6765,6901
30544,7856,2390,9016,4985,7145
30545,7407,9972,9016,7591,3660
30546,7407,4714,9016,7591,4160
30547,7856,4714,1576,7591,7957
30548,7407,4714,1576,9935,5690
30549,7856,9972,1576,9935,1772
30550,7856,4714,1576,6765,3401
30551,7407,4714,1576,9743,884
30552,7856,3253,8854,9935,1895
30553,8902,2390,1576,9935,663
30554,7856,2390,7093,9935,663
30555,7856,4714,1576,7591,8548
30556,7856,2390,1576,7591,7145
30557,7856,9972,7093,7591,1772
30558,7856,9566,1576,9935,7145
30559,7856,1478,1576,9935,7701
30560,7856,1478,8779,7591,8548
30561,7856,4714,1576,4985,663
30562,7856,2390,1576,1879,663
30563,7856,2390,1576,4985,1836
30564,7856,4714,9016,4985,8548
30565,7856,4714,1576,9935,7145
30566,7856,9566,7093,9935,8548
30567,8902,4714,1576,9935,663
30568,7856,4714,1576,7591,663
30569,7856,4714,1576,7591,7821
30570,8902,9972,9436,8008,884
30571,2603,9972,9436,4573,6438
30572,8902,9972,9436,3537,6438
30573,3890,7134,8375,4827,884
30574,2383,5353,9436,8008,884
30575,2383,9972,9016,4573,1516
30576,7407,9972,9016,9935,6743
30577,7407,9972,9016,4985,4160
30578,8902,9972,1576,9935,8341
30579,7856,9493,1576,7591,884
30580,7407,4714,1576,1592,6901
30581,7856,9972,1576,9935,8548
30582,3890,9972,9436,4573,884
30583,2383,5353,9016,2969,7826
30584,2603,9972,9016,5812,2639
30585,3890,9972,9436,8008,6438
30586,2383,7134,9044,4731,884
30587,2383,9972,1576,8433,884
30588,3890,7134,1576,5046,3216
30589,2383,5353,9044,8433,884
30590,2603,9972,9436,9742,884
30591,8902,9972,7093,4573,3660
30592,8902,9972,9016,4985,6
30593,2603,9972,9436,4573,1772
30594,8902,9972,1576,7591,8548
30595,8902,9972,1576,9935,8341
30596,8902,9972,1576,9935,3660
30597,2383,9972,9044,284,3216
30598,2383,666,9044,4731,884
30599,2383,9972,9436,4573,884
30600,8902,2390,9016,4827,884
30601,8902,9972,9436,8008,884
30602,8902,9972,1576,4573,1772
30603,7856,2390,1576,7178,7145
30604,8902,2390,1576,9935,3746
30605,7856,9972,1576,7591,7145
30606,8902,9972,1576,9743,6222
30607,8902,4714,3065,5112,7495
30608,8902,9972,1576,7591,6
30609,3890,9972,4298,8257,2639
30610,3890,9972,9436,4573,884
30611,2603,9972,9016,2969,1516
30612,7856,1478,1576,7591,884
30613,7856,1478,1294,9935,1772
30614,7856,1478,1576,9935,1772
30615,7407,4714,9016,4985,7145
30616,8902,3229,1576,4985,8548
30617,8902,9972,1576,7591,7145
30618,8902,3229,1576,9935,663
30619,8902,9972,1576,7591,3660
30620,7856,2390,7093,9935,7168
30621,8902,9972,317,9743,884
30622,3890,9972,9436,3326,1772
30623,3890,9972,9436,4573,6438
30624,8902,9972,1294,1879,8548
30625,8902,3229,1576,7591,8548
30626,8902,9566,1576,9935,8548
30627,3890,9972,9436,2969,1516
30628,3890,9972,9436,4573,6438
30629,2383,9972,9436,4827,884
30630,3890,9972,9436,4573,6438
30631,8902,9972,1576,9935,7145
30632,3890,9972,9436,4573,6438
30633,7856,4714,1576,7591,1772
30634,7856,75,240,7591,8548
30635,7856,1478,4079,7591,3746
30636,7856,4714,1576,9935,2422
30637,7856,4714,5184,7591,884
30638,7856,4714,1576,7591,884
30639,8902,9972,3065,8257,6
30640,8902,9972,1576,1879,884
30641,8902,2390,9016,4827,884
30642,8902,9972,1576,9935,1772
30643,8902,9972,1576,9935,1772
30644,8902,9972,1576,7591,8548
30645,8902,2390,1576,9935,663
30646,7856,2390,1576,7591,4160
30647,7856,9972,7093,9935,6
30648,8902,9972,9016,9743,6222
30649,5971,3229,9016,5812,4160
30650,7407,3229,1576,9743,6222
30651,8902,9972,1576,9935,8548
30652,8902,9972,1576,9935,1772
30653,7856,9566,1576,9935,8548
30654,3890,9972,9436,4573,4101
30655,3890,9972,317,4573,1516
30656,2603,9972,9436,2969,6438
30657,2383,666,9044,2195,884
30658,2383,7134,9044,7591,884
30659,2383,9972,9044,9742,884
30660,3299,9972,1576,3537,884
30661,8902,9972,1294,7178,7145
30662,2603,9972,9436,3537,6438
30663,7856,9972,7093,9935,1772
30664,7856,4714,1576,7591,884
30665,7856,9972,9436,4573,6
30666,2603,9972,1576,2195,3401
30667,2383,9972,1576,2195,3401
30668,3299,2390,1576,3537,884
30669,8902,9972,317,1879,6743
30670,8902,4714,9016,5812,6222
30671,8902,2390,9016,8433,884
30672,7856,4714,1576,7591,7145
30673,7407,4714,1576,7591,8548
30674,7856,4714,1576,7591,4202
30675,8902,9972,1576,5046,8784
30676,8902,4714,9016,4827,884
30677,8902,9972,1576,3607,884
30678,2603,7134,9436,3537,6438
30679,7856,9972,1576,7591,7145
30680,2603,9972,9436,2969,6438
30681,8902,9972,1576,7591,663
30682,7856,9972,7093,9935,6
30683,8902,4714,1576,7591,8548
30684,8902,9972,1576,9935,6
30685,8902,9972,1576,4573,3660
30686,7856,9972,1576,7591,7145
30687,3474,9972,240,2195,884
30688,3474,2224,9436,7591,3746
30689,8902,9972,240,9857,884
30690,8902,9972,3735,9935,8341
30691,8902,9972,9016,9935,2422
30692,8902,2463,1576,9935,1772
30693,3890,9972,9016,1632,6222
30694,8902,9972,9436,8008,6743
30695,8902,9972,9016,1879,6
30696,8902,9972,9436,1632,6889
30697,8902,9972,9436,7591,663
30698,8902,5353,9044,9857,884
30699,8902,9972,1576,9935,9952
30700,8902,9566,1576,9935,9952
30701,8902,9972,1576,4985,392
30702,7856,1478,1576,7591,8548
30703,7856,3253,4026,7591,8548
30704,7856,1478,1576,7591,1772
30705,7856,2390,1576,9935,663
30706,8902,4714,1576,1592,7821
30707,9154,9972,9016,4985,7826
30708,3890,9972,9016,2969,6438
30709,8902,9972,1576,4985,884
30710,8902,9972,1576,9935,1772
30711,2383,5353,8375,9742,3401
30712,2603,7134,9044,2969,2639
30713,2383,7134,9044,3537,884
30714,7407,4714,9016,7591,8548
30715,7407,9972,1576,7591,6
30716,8902,9972,1576,7591,663
30717,8902,9972,1294,1879,884
30718,8902,9972,1294,7616,3119
30719,8902,9972,9016,9743,884
30720,7856,1478,1576,7591,7145
30721,7856,9972,7093,7591,8548
30722,8902,9972,1576,9935,1772
30723,7856,2390,1576,9935,8548
30724,7407,3229,9016,4985,6992
30725,7407,4714,1576,1592,657
30726,8902,5353,240,7039,884
30727,8902,5353,317,9935,884
30728,8902,9972,317,4573,3119
30729,8902,3229,1576,7591,663
30730,8902,9972,1576,9935,6
30731,8902,9972,1576,7591,663
30732,8902,9972,9436,4569,884
30733,8902,9972,9436,4573,3119
30734,8902,9972,9436,4573,1516
30735,7856,4714,1576,7591,8548
30736,7856,4714,1576,9935,8548
30737,7856,4714,1576,9935,8548
30738,8902,9972,1576,7591,1772
30739,8902,9972,1576,7591,1772
30740,7856,9972,7093,4573,1772
30741,2383,5353,9016,9935,884
30742,2603,9972,9436,4573,1516
30743,2383,9972,9016,4827,884
30744,7856,4714,1576,7591,884
30745,7856,4714,1576,7591,3401
30746,7856,4714,8854,7591,7821
30747,3299,9972,1576,4985,6
30748,8902,3229,1576,7591,8548
30749,8902,9972,7093,7591,3660
30750,2383,7134,9016,9743,884
30751,2603,9972,9016,2969,3401
30752,2603,9972,9436,2969,3119
30753,8902,4714,9016,4985,2422
30754,7407,3229,1576,9935,7826
30755,8902,3229,9016,9935,6743
30756,8902,9972,1576,4985,7145
30757,7407,4714,1576,7591,4202
30758,7407,9972,9016,9743,6222
30759,3474,666,240,9857,884
30760,7856,9972,1576,3537,884
30761,7856,4714,1576,7591,3746
30762,8902,3229,1576,9935,3164
30763,7407,9972,9016,4985,2422
30764,8902,9972,1576,9935,1772
30765,3890,5353,9016,4827,884
30766,8902,9972,317,3670,1772
30767,8902,9972,9436,8008,884
30768,8902,4714,1576,1592,657
30769,8902,2390,1576,9935,663
30770,7856,4714,1576,1592,7821
30771,8902,9972,1576,4573,3660
30772,8902,9972,7093,9935,3660
30773,8902,2390,7093,9935,2422
30774,8902,9972,1576,9935,6
30775,8902,9972,1576,9935,6
30776,8902,3229,9016,9935,2422
30777,7407,4714,9016,4985,7145
30778,8902,9972,1576,3537,663
30779,7856,4714,1576,9935,663
30780,8902,9972,7093,9935,1772
30781,7856,1478,317,4777,7145
30782,7856,4714,1576,9935,1772
30783,8902,2390,1576,7591,1772
30784,7856,9972,1294,7591,6
30785,7856,9972,1294,1879,1772
30786,7407,4714,1576,7591,7821
30787,7856,9972,1576,7591,3660
30788,7856,4714,1576,9935,663
30789,8902,9972,7093,4573,1772
30790,7856,9972,1576,7591,884
30791,8902,9972,1294,7591,8548
30792,3890,9972,9436,5046,884
30793,2383,5353,9436,4573,1516
30794,3890,9972,84,4573,1516
30795,7856,2390,7093,9935,884
30796,7856,2390,1576,7591,663
30797,7407,4714,9016,7591,884
30798,7407,4714,1576,9743,3401
30799,8902,9972,1576,4573,1772
30800,8902,1478,1576,7591,7145
30801,8902,5353,1576,9935,7145
30802,7856,9493,1576,7591,7145
30803,7407,4714,3200,7591,4160
30804,2383,5353,240,7039,884
30805,8902,9972,317,2586,3119
30806,3890,666,9436,4573,884
30807,8902,9972,317,9935,1772
30808,7856,9972,1576,7591,8548
30809,7856,9972,1576,7591,8548
30810,7856,1478,7093,7591,9331
30811,7407,9972,1576,7591,6
30812,8902,9972,1576,9935,663
30813,7856,9972,1576,9935,3660
30814,7856,2390,4026,1592,8548
30815,7856,9493,1576,9935,7145
30816,7856,2390,8854,7591,884
30817,7856,2390,1576,2195,7145
30818,7856,3253,8854,7591,3446
30819,7856,2390,7093,9935,663
30820,7856,9972,1576,9935,8548
30821,7856,2390,1576,9935,663
30822,8902,9972,1576,7591,3660
30823,7856,9972,1576,9935,1772
30824,8902,9972,9016,9935,3660
30825,2603,9972,1576,3537,884
30826,8902,9972,9436,4573,884
30827,2383,9972,1576,3670,884
30828,8902,9972,9436,8008,884
30829,3890,9972,9436,3670,884
30830,3890,9972,9436,2969,6438
30831,7856,4714,1576,7591,8548
30832,7856,4714,1576,7591,8548
30833,7856,1478,1294,9935,8548
30834,3890,7134,9016,1862,6438
30835,2383,5353,9436,4827,884
30836,3890,9972,1576,9742,7495
30837,7856,4714,1576,7591,884
30838,8902,4714,1576,7591,663
30839,7407,4714,1576,7591,7821
30840,7856,4714,1576,7591,8548
30841,7856,4714,1576,7591,4202
30842,8902,9972,1576,4985,3164
30843,7407,4714,1576,7591,4160
30844,8902,9972,7093,9935,6813
30845,8902,9972,7093,9935,6
30846,3890,9972,9436,4573,6438
30847,3890,9972,9436,9742,6438
30848,3890,9972,9436,4573,6438
30849,7856,9972,1294,4985,6
30850,7856,4714,1576,1592,7821
30851,7856,9972,1576,9935,1772
30852,7856,4714,1576,7591,3746
30853,7856,1478,1576,7591,3746
30854,7856,1478,1576,7591,884
30855,7856,4714,1576,7591,7821
30856,8902,2390,1576,4985,4160
30857,7856,3253,4026,4537,1449
30858,7856,1478,1576,9935,663
30859,7856,4714,8854,7591,7821
30860,7856,1478,1576,9935,1772
30861,7856,1478,1576,7591,7145
30862,8902,9566,1576,9935,7145
30863,8902,9972,1576,9935,8548
30864,8902,9972,9016,9935,6743
30865,8902,9972,1576,5812,6222
30866,8902,9972,1294,9935,6
30867,7856,9566,1576,9935,663
30868,7856,9972,1576,7591,8548
30869,7407,4714,4026,7591,8548
30870,8902,4714,1576,1592,7821
30871,7856,9972,1576,9935,1516
30872,7407,6429,1576,9935,663
30873,2383,9972,8375,2969,884
30874,3890,9972,9436,2969,1516
30875,3299,7134,8375,9742,884
30876,2383,9972,317,8008,884
30877,8902,9972,9436,7206,1772
30878,2383,9972,9436,9742,6438
30879,7856,9493,1576,9935,7145
30880,7856,1478,1576,9935,7145
30881,7856,9493,240,9935,8548
30882,7856,4714,1576,7591,657
30883,7856,9566,1576,4985,657
30884,7856,1478,1576,9935,1772
30885,7856,4714,1576,7591,7145
30886,7407,3229,9016,7591,4160
30887,7407,4714,1576,7591,884
30888,8902,4714,2345,9935,6901
30889,7407,3229,9016,4985,6901
30890,8902,9972,1576,9935,2422
30891,8902,4714,1576,1592,7821
30892,2383,9972,9436,2969,884
30893,2603,9972,9436,4573,3119
30894,7856,9493,1576,4985,7145
30895,8902,4714,1576,9935,7145
30896,7856,4714,1576,7591,7145
30897,3890,9972,9016,2969,1516
30898,8902,4714,3065,4827,884
30899,2603,9972,9436,4573,1516
30900,7856,1478,1576,7591,7145
30901,7856,2224,1576,7591,663
30902,8902,9972,7093,4573,1772
30903,7856,9972,1576,9935,663
30904,7856,3253,1576,7591,663
30905,7856,4714,1576,7591,884
30906,8902,2390,1576,1879,3216
30907,3890,9972,1294,9742,8784
30908,2383,5353,317,3670,884
30909,7856,1478,1576,7591,7356
30910,7856,1478,1576,9935,1772
30911,7856,2390,7093,9935,663
30912,7856,6429,2005,9935,663
30913,7856,6429,3647,9935,8548
30914,7856,2390,1576,9935,7356
30915,8902,9972,9436,8008,9840
30916,8902,2390,1576,8433,884
30917,2603,9972,9436,4573,6438
30918,8902,9972,1576,9935,7826
30919,7856,2390,1576,9935,7145
30920,7407,4714,9016,4985,7145
30921,8902,2390,1576,7591,7145
30922,8902,2390,1576,7591,7145
30923,7856,9972,1576,4985,7145
30924,8902,9972,9016,2969,884
30925,3299,9972,9436,1632,6438
30926,2383,5353,3065,4827,884
30927,3890,9972,9436,4573,1516
30928,8902,2390,1576,8433,884
30929,2383,5353,9044,9742,884
30930,7856,9972,1576,7591,6
30931,7407,9972,1576,7591,8548
30932,7407,4714,1576,4985,3660
30933,3299,7134,3065,3537,884
30934,8902,2390,3065,3537,884
30935,2603,9972,9016,7178,884
30936,7856,4714,1576,7591,2422
30937,7407,4714,1576,7591,7821
30938,7856,2390,7093,9935,8548
30939,2383,9972,9044,5046,884
30940,2383,666,9044,5046,3446
30941,2383,9972,9436,284,4101
30942,8902,9972,7093,7591,3660
30943,8902,9972,1576,4985,6
30944,8902,9972,1576,9935,6
30945,7856,9493,1576,7591,7145
30946,7856,4714,1576,7591,4202
30947,7856,1478,240,7591,7145
30948,8902,9972,1576,9742,884
30949,8902,9972,9436,3537,6438
30950,7856,9972,5055,292,8784
30951,8902,9972,1576,9935,7145
30952,8902,2390,1576,1592,9337
30953,8902,9972,1576,9935,1772
30954,3890,9972,9016,3764,6743
30955,8902,9972,8779,3764,1772
30956,8902,9972,1576,9935,6
30957,7856,2390,1576,7591,7145
30958,8902,9972,1576,4985,7145
30959,8902,9972,1294,1879,6
30960,7856,4714,1576,7591,8548
30961,8902,2390,317,9935,7145
30962,7407,4714,1576,7591,4202
30963,8902,9972,1576,4985,663
30964,8902,4714,1576,4985,884
30965,8902,2390,1576,1592,7821
30966,8902,2390,1576,9935,1772
30967,7856,1478,8779,4777,3746
30968,7856,9972,1576,9935,1772
30969,7856,9972,1576,9935,1772
30970,7407,4714,9016,4985,884
30971,7856,9972,1576,9935,8548
30972,7407,3229,3065,5812,6222
30973,8902,3229,9016,4569,3660
30974,7407,3229,1576,4985,6
30975,7856,2390,7093,7591,884
30976,2603,9972,3065,3607,7495
30977,3890,5353,9436,1632,884
30978,7856,9493,1576,9935,8548
30979,7856,9493,1576,9935,8548
30980,7407,4714,1576,9935,5690
30981,7856,5349,1576,7591,8548
30982,7856,3253,240,7591,7356
30983,7856,1478,1576,7591,3746
30984,7856,2390,1576,7591,8548
30985,7856,4714,1576,7591,4202
30986,7856,9493,8854,7591,7821
30987,7856,1478,8779,9935,8548
30988,8902,9972,9016,9935,2422
30989,7856,1478,1576,9935,8548
30990,7856,9972,1576,9935,663
30991,7407,4714,1576,7591,7821
30992,7856,4714,1576,7591,8548
30993,8902,9972,9016,4985,6743
30994,7856,9972,7093,7591,1772
30995,7856,9972,1576,9935,1772
30996,7856,1478,1576,9935,7356
30997,7856,1478,1576,9935,7145
30998,8902,1478,2005,9935,8548
30999,7856,4714,1576,4985,4202
31000,7856,2390,1576,9935,7145
31001,7856,4714,1576,7591,7145
31002,7407,4714,1576,9935,8548
31003,7856,9972,7093,9935,6
31004,7856,9566,2005,9935,4279
31005,8902,9972,1576,4573,3660
31006,8902,9972,1576,7591,884
31007,8902,9972,9016,9935,6
31008,8902,9972,1576,9935,3660
31009,7856,1478,1576,1781,1772
31010,7856,4714,4026,7591,8548
31011,7856,9972,1576,7591,8548
31012,7856,4714,1576,9935,8548
31013,7856,4714,1576,7591,8548
31014,7856,4714,1576,7591,8548
31015,7407,4714,1576,7591,8548
31016,7856,4714,1576,7591,7826
31017,7856,1478,1576,9935,8548
31018,7856,1478,1576,9935,8548
31019,7856,9493,1576,9935,7145
31020,7407,4714,1576,7591,7145
31021,8902,4714,1576,4985,7145
31022,8902,9972,1576,4985,7145
31023,2383,5353,9044,9742,884
31024,2383,666,9044,9742,884
31025,3890,9972,9436,3537,884
31026,7407,9972,1576,7591,6
31027,8902,4714,9016,9935,7145
31028,8902,9972,1576,9935,3660
31029,3890,9972,9016,1862,3119
31030,8902,7134,9016,4731,6222
31031,2603,9972,317,4573,1516
31032,7856,9972,1294,3537,884
31033,8902,5353,317,8008,884
31034,7856,1478,1576,1879,8784
31035,7407,4714,1576,1592,9337
31036,7856,4714,1576,9935,8548
31037,8902,6429,1576,9935,663
31038,8902,9972,1576,7591,3119
31039,8902,9972,1576,4573,6438
31040,8902,9972,1576,1879,1772
31041,7856,9972,1576,9935,1772
31042,7856,9972,1576,7591,663
31043,7856,9972,1576,7591,884
31044,7407,4714,1576,9935,663
31045,7856,9493,240,1563,7356
31046,7856,9493,1576,7591,8548
31047,7856,4714,1576,7591,663
31048,7856,1478,1576,9935,1772
31049,7856,9972,8779,9935,1772
31050,2383,5348,317,8008,884
31051,8902,9972,9436,3537,3216
31052,2383,9972,9436,9742,884
31053,7856,9972,1576,9935,1772
31054,7856,4714,1576,9935,2422
31055,8902,9972,1576,7591,884
31056,3299,9972,9436,2969,884
31057,3890,9972,317,4573,1516
31058,3890,9972,9436,8257,6438
31059,7856,9972,1576,9935,663
31060,8902,9972,9016,9935,3660
31061,7856,9566,1576,9935,663
31062,8902,9972,1294,1879,7145
31063,8902,9972,8779,9935,3746
31064,7856,9972,1576,9935,8548
31065,7856,1478,1576,9935,7145
31066,7856,2390,3200,9935,7145
31067,7856,990,1576,9935,7145
31068,7856,2390,1576,9935,7145
31069,7856,2390,1576,7591,7145
31070,7856,9566,1576,9935,7145
31071,2383,666,9436,8008,884
31072,2383,666,9044,7591,3216
31073,2383,666,84,4573,1516
31074,8902,9972,8815,9935,2422
31075,8902,9972,1576,9935,8341
31076,8902,6429,8815,9935,7701
31077,8902,9972,1294,4985,3660
31078,3890,9972,9436,4573,6438
31079,8902,5353,9436,2969,884
31080,7856,9972,1576,7591,1772
31081,8902,9972,1576,4985,1836
31082,8902,9972,1576,9935,6
31083,7856,4714,1576,9935,8548
31084,7407,3229,1576,7591,8341
31085,7856,4714,4026,7591,8548
31086,7856,9972,1576,7591,3216
31087,8902,9972,9436,4569,6
31088,8902,9972,9016,4573,3119
31089,7407,4714,1576,1592,7821
31090,8902,9972,1576,7591,2422
31091,8902,9972,7093,4573,6
31092,8902,2390,1576,9935,663
31093,8902,4714,1576,9935,7145
31094,7856,2390,1576,9935,663
31095,7856,3229,1576,7591,3660
31096,8902,3229,1576,7591,663
31097,8902,1478,1576,7591,1772
31098,7856,9493,1576,8302,7145
31099,7856,75,1576,9935,8548
31100,8902,4714,1576,1592,7821
31101,7856,9972,7093,7591,3660
31102,8902,9972,7093,9935,6743
31103,8902,9972,7093,9935,3660
31104,8902,9972,1576,9935,1772
31105,7856,2390,1576,7591,8548
31106,8902,9972,1294,3764,6743
31107,2383,5353,9016,4827,884
31108,3890,9972,9436,4731,6222
31109,2383,666,9044,9742,884
31110,8902,9972,7093,9935,2422
31111,8902,3229,1576,4985,2422
31112,7407,4714,9016,5112,2422
31113,8902,9972,1576,8650,3660
31114,8902,9972,9436,4573,1772
31115,7407,4714,1576,1592,6901
31116,8902,2390,9016,8008,884
31117,8902,3229,1576,1879,884
31118,2383,9972,240,4827,884
31119,7856,9972,1576,9935,1772
31120,8902,1478,1576,9935,663
31121,7856,4714,1576,8433,884
31122,7856,2390,1576,9935,663
31123,7407,4714,1576,4985,4202
31124,7407,4714,1576,7591,4160
31125,3890,9972,317,4573,1516
31126,8902,9972,317,8008,884
31127,8902,9972,1576,7591,3746
31128,3890,9972,240,2195,3401
31129,8902,9972,240,5046,884
31130,8902,9972,317,4573,3119
31131,8902,6429,1576,9935,663
31132,8902,9972,1294,7591,6
31133,7856,4714,1576,9935,7145
31134,7856,1478,1576,9935,663
31135,7856,1478,1576,9935,1772
31136,8902,9972,1576,9935,663
31137,8902,9972,1576,9935,663
31138,8902,2390,1576,4985,3660
31139,7856,4714,1576,7591,884
31140,7407,9972,9016,7591,392
31141,7407,3229,1576,7591,2883
31142,7407,4714,1576,7591,2422
31143,7856,9972,1576,7591,884
31144,7856,4714,1576,7591,7145
31145,7856,4714,1576,7591,884
31146,7856,2390,1576,7178,884
31147,7407,3229,9016,5812,6222
31148,8902,9972,9016,3764,1772
31149,8902,2390,9016,4827,884
31150,8902,9972,9436,4573,6438
31151,2383,2390,317,9935,884
31152,7856,4714,4026,7591,7821
31153,8902,9972,1576,7591,6
31154,7856,9972,1576,7591,6
31155,8902,9972,1576,9935,1772
31156,7407,4714,1576,7591,7145
31157,7856,2390,1576,9935,1772
31158,7856,75,240,2195,9443
31159,7856,75,240,8302,7145
31160,7856,1478,1576,7591,884
31161,8902,9972,1576,4573,6
31162,8902,9972,9016,9935,2422
31163,7407,4714,9016,4985,4160
31164,8902,9972,9016,3764,6743
31165,3890,9972,9436,2969,6438
31166,8902,9972,1576,5812,6992
31167,8902,1693,1319,4573,6438
31168,3890,9972,1294,3670,884
31169,2383,7134,9016,4827,884
31170,3299,7134,1576,4731,7995
31171,3299,9972,9016,2969,3119
31172,3299,5391,9016,4731,6222
31173,7407,4714,1576,9935,8548
31174,7856,4714,1576,7591,8548
31175,7856,4714,1576,4985,4202
31176,7856,4714,1576,9935,1772
31177,7856,9972,1576,7591,1772
31178,7856,2390,1576,9935,7145
31179,7407,4714,1576,7591,8548
31180,8902,9972,1576,9935,1772
31181,7407,6429,1576,4985,2422
31182,8902,9972,317,4573,1516
31183,8902,9972,9436,1632,6438
31184,8902,2390,9016,4731,6222
31185,2603,9972,9436,8008,884
31186,7856,9972,9436,4569,6438
31187,8902,9972,9436,4573,884
31188,8902,9972,1576,9935,1772
31189,8902,9972,1576,7591,884
31190,8902,9972,7093,9935,663
31191,7856,1478,4026,7591,884
31192,7856,2390,1576,7591,7821
31193,7856,4714,3058,7591,657
31194,8902,9972,1576,4985,884
31195,2383,5353,84,2969,3216
31196,3299,9972,9436,3537,6438
31197,8902,9972,1576,7591,6
31198,7856,9972,1576,7591,8548
31199,7407,4714,1576,7591,8548
31200,8902,9972,317,9935,6
31201,8902,9972,1576,9935,6
31202,8902,9972,9016,7591,6743
31203,8902,2390,1576,3537,884
31204,7856,9972,1576,7591,884
31205,2603,9972,9016,2969,3119
31206,2383,7134,9436,9742,884
31207,2603,9972,9016,4827,884
31208,8902,7134,9016,4985,884
31209,2603,7134,9016,9742,884
31210,2603,9972,317,8008,6743
31211,8902,9972,1294,2586,3119
31212,7407,4714,1576,7591,663
31213,8902,9972,1576,9935,2422
31214,8902,2390,2345,9935,2422
31215,7407,4714,1576,4985,4202
31216,7856,2390,1576,9935,884
31217,7856,4714,1576,9935,663
31218,8902,9972,1576,9935,1772
31219,8902,9972,1576,7591,6
31220,8902,9972,1576,9935,6
31221,7856,3253,1576,7591,7145
31222,7856,9493,1576,7591,7145
31223,7856,4714,3647,9935,9385
31224,7407,4714,1576,7591,4202
31225,7856,2390,1576,9935,8548
31226,7856,9493,4026,7591,7821
31227,7856,9972,7093,7591,2422
31228,7856,4714,1576,7591,7821
31229,7856,2390,1576,9935,884
31230,7407,4714,1576,4858,8548
31231,8902,2390,5184,9935,8548
31232,7856,2390,1576,9743,7701
31233,7856,6429,1576,9935,7145
31234,7856,4714,1576,7591,7145
31235,7407,4714,9016,4858,4202
31236,8902,9972,7093,9935,6
31237,8902,9972,9436,4573,1772
31238,8902,9972,9436,4573,1772
31239,7856,9972,1576,7591,1772
31240,7407,9972,9016,7591,7356
31241,8902,9972,9016,9935,6743
31242,8902,9972,1576,9935,6
31243,8902,3229,9016,4985,8509
31244,8902,2390,9016,4985,7145
31245,8902,9972,7093,9935,2422
31246,8902,4714,1576,7591,663
31247,7407,4714,7093,7591,2422
31248,7856,9493,1576,9935,8548
31249,7856,9972,1576,7591,8548
31250,8902,1478,1576,9935,9337
31251,8902,9972,9016,9935,7145
31252,8902,2962,9016,4827,884
31253,8902,9972,9436,9935,884
31254,8902,9566,1576,9935,663
31255,7856,4714,8854,7591,2422
31256,7856,9972,1576,7591,663
31257,7856,4714,1576,7591,7356
31258,7856,2390,7093,9935,884
31259,7856,2390,1576,9935,663
31260,8902,9972,1576,7591,1772
31261,8902,9972,1576,7591,6
31262,8902,9972,9436,1879,6
31263,7407,4714,9016,9743,6222
31264,8902,2390,1576,4985,1772
31265,8902,9972,9436,4573,9305
31266,8902,4714,1576,4985,4160
31267,7856,3229,1576,7591,4160
31268,7407,2390,1576,9935,663
31269,8902,9972,1576,9935,8341
31270,8902,3229,1576,4985,6992
31271,8902,9972,1576,4985,663
31272,7407,3229,9016,7591,4160
31273,7856,3353,9016,9935,4160
31274,8902,9972,1576,7591,7145
31275,2383,7134,9436,2969,6438
31276,8902,5353,9436,8008,6438
31277,3890,9972,9436,9742,6438
31278,7856,4714,1576,7591,884
31279,8902,9972,1576,9935,663
31280,8902,2390,1576,9935,7145
31281,8902,9972,1576,1879,7145
31282,8902,2390,240,8433,884
31283,3890,9972,9436,7591,884
31284,2383,7134,9044,4827,884
31285,8902,2390,1294,1879,884
31286,3890,9972,9436,2969,3119
31287,7856,4714,1576,7591,884
31288,7856,4714,1576,7591,7821
31289,7856,4714,1576,7591,663
31290,8902,9493,1576,9935,2422
31291,8902,9972,1576,9935,8548
31292,8902,9972,9016,4985,6743
31293,8902,9972,9436,8008,884
31294,8902,9972,9436,9935,884
31295,8902,2390,1576,7591,1772
31296,8902,9972,1576,951,2422
31297,8902,9972,1576,4573,6438
31298,8902,9972,9016,9935,2422
31299,7856,2390,1576,7591,884
31300,8902,4714,1576,7591,663
31301,7856,2390,1576,9935,7145
31302,8902,9972,1576,9935,2422
31303,7407,3295,2345,9935,4160
31304,7856,4714,9016,7591,2422
31305,2603,9972,9436,4573,1772
31306,8902,9972,1576,4827,1772
31307,3890,9972,317,7206,884
31308,7856,1478,1576,9935,8548
31309,7856,4714,1576,7591,8548
31310,7856,1478,1576,7591,8548
31311,8902,9972,1576,9743,884
31312,8902,5353,9436,8008,884
31313,8902,9493,1576,8433,7145
31314,3890,7134,9436,4731,6222
31315,3890,9972,9016,1632,6222
31316,3890,9972,9016,8008,884
31317,8902,9972,1576,9935,1772
31318,7856,4714,1576,7591,7957
31319,7407,9972,1576,7591,6
31320,8902,9972,1576,9935,8341
31321,7407,3229,9016,7591,8341
31322,8902,3229,9016,4985,6901
31323,7856,9566,1576,9935,9385
31324,7856,4714,1576,7591,7356
31325,7407,4714,9016,4985,4160
31326,7856,4714,9016,9935,2422
31327,7856,4714,1576,7591,7145
31328,8902,2390,1576,9935,7145
31329,7856,9493,1576,9935,9337
31330,7856,1478,1576,9935,1772
31331,7856,3253,1576,2195,8548
31332,7856,9972,7093,7591,3660
31333,8902,9972,7093,7591,3660
31334,8902,2390,9016,8008,884
31335,8902,9972,1576,4985,8341
31336,8902,9972,1576,4985,4160
31337,8902,9972,1576,4985,3660
31338,7407,4714,9016,4731,884
31339,7856,9493,8854,7591,9385
31340,2383,2390,9044,9742,884
31341,8902,9972,1576,7591,8548
31342,8902,9972,1576,9935,8548
31343,8902,2390,1576,4985,6992
31344,7856,9493,1576,2195,7145
31345,7856,9493,1576,2195,7145
31346,8902,5353,240,8433,884
31347,8902,2390,9016,9935,6743
31348,2383,9972,2478,9742,884
31349,8902,2390,9016,8433,884
31350,8902,9972,317,2969,3119
31351,7407,4714,9016,1592,884
31352,8902,3229,1576,4985,4160
31353,3890,5353,317,9935,3119
31354,3474,9493,240,8433,884
31355,8902,9972,9436,4827,884
31356,2383,5353,9436,8008,884
31357,8902,2390,317,4827,884
31358,8902,9972,1576,9743,884
31359,7856,2390,1576,4985,4160
31360,7407,4714,9016,9935,7145
31361,7407,3229,9016,7591,2422
31362,8902,2390,9044,4827,884
31363,8902,9972,9436,4573,6438
31364,2603,9972,317,4573,1516
31365,8902,9972,1576,1592,7826
31366,8902,9972,1576,9935,8341
31367,8902,9972,1294,3646,3119
31368,7856,2390,1576,9935,2422
31369,8902,9972,1576,4985,6992
31370,7856,4714,1576,9935,9385
31371,8902,9972,1576,9935,1772
31372,8902,9972,1294,5812,7826
31373,7856,9972,1294,9935,8548
31374,7407,4714,1576,7591,4202
31375,7856,4714,1576,9935,5690
31376,8902,9972,1576,8650,6743
31377,8902,2390,9436,8008,6743
31378,8902,9972,9436,4827,884
31379,8902,9972,317,4827,884
31380,3890,9972,9436,2586,3119
31381,2603,9972,1294,2586,6222
31382,2383,9972,1294,1879,3119
31383,8902,9972,7093,9935,1772
31384,8902,3229,9016,9935,3164
31385,7407,9972,1576,1879,4202
31386,8902,9972,1576,9935,1772
31387,8902,9972,1576,7591,8548
31388,8902,2390,9016,9935,884
31389,8902,9972,9436,4573,6438
31390,8902,2390,1576,9742,884
31391,8902,4714,3065,4731,7995
31392,8902,3229,9016,4985,3660
31393,8902,3229,1576,4985,3660
31394,8902,9972,1576,9935,7145
31395,7856,9972,1576,7591,7821
31396,7856,9972,1576,7591,8548
31397,7407,4714,1576,9743,4202
31398,3890,9972,9016,2969,3119
31399,3890,9972,9436,9742,6438
31400,2383,9972,9016,2969,1516
31401,7856,2390,1576,9935,7145
31402,8902,2390,1576,9935,663
31403,7856,2390,1576,9935,8548
31404,3890,9972,9436,4573,1516
31405,7856,2390,1576,2195,884
31406,3890,9972,240,3670,1516
31407,8902,9972,1576,9935,1772
31408,7856,4714,1576,9935,9385
31409,7856,9972,1576,7591,8548
31410,8902,9566,1576,1592,9337
31411,7856,2390,1576,4985,8548
31412,8902,2390,1576,9935,2422
31413,2603,9972,9016,2969,3119
31414,8902,9972,9436,1632,884
31415,2383,5353,317,8433,7145
31416,7856,9972,1576,7591,1772
31417,8902,9566,1576,9935,8548
31418,8902,2390,1576,4985,8548
31419,8902,9972,9436,4573,6438
31420,8902,9972,1294,2195,3401
31421,3890,666,9044,2195,3401
31422,3299,9972,9436,3537,6438
31423,3890,9972,84,2969,1516
31424,3299,9972,9436,2969,6438
31425,8902,5353,9016,4827,884
31426,3890,9972,9016,8008,884
31427,8902,9972,9436,4573,3119
31428,2383,9972,9436,9742,884
31429,2383,7134,9436,2969,884
31430,3890,9972,9016,4827,884
31431,8902,2390,1576,2195,884
31432,8902,2390,1576,4985,884
31433,2383,9493,1576,9935,884
31434,8902,9972,1576,9935,7145
31435,8902,3229,1576,4985,8548
31436,8902,9972,1576,9935,1772
31437,8902,666,240,8433,884
31438,3890,9972,9436,4573,3216
31439,8902,9972,1294,6377,884
31440,8902,9972,1576,9935,2422
31441,8902,2390,1576,4985,7145
31442,8902,9972,1576,9935,6
31443,8902,9972,9436,4569,6438
31444,8902,9493,1576,8433,884
31445,2383,9972,9016,4827,884
31446,8902,9972,1576,9935,3164
31447,7856,4714,9016,9935,2422
31448,8902,9972,1576,4985,663
31449,7856,4714,1576,9935,2422
31450,7856,4714,1576,9935,663
31451,7856,9972,7093,7591,7957
31452,2383,9972,9436,5046,884
31453,8902,9972,9436,3537,884
31454,2383,9972,9044,4573,1516
31455,7407,4714,1576,7591,4202
31456,7856,4714,1576,7591,7356
31457,7856,4714,1576,7591,7356
31458,3299,7134,9436,8008,884
31459,3890,7134,9044,4731,884
31460,7407,4714,9016,4827,884
31461,7856,2390,1576,9935,884
31462,7856,4714,1576,7591,7701
31463,8902,9972,9016,9743,1772
31464,8902,2390,1576,7591,3746
31465,8902,9972,4298,9742,7495
31466,8902,9493,9436,8008,884
31467,8902,2390,1576,9935,1772
31468,8902,4714,1576,1592,7821
31469,8902,9972,1576,8650,3660
31470,8902,9972,317,9743,6992
31471,8902,2390,1576,9935,7145
31472,2383,2390,240,8433,884
31473,7407,4714,9016,9743,6222
31474,8902,9972,1576,9935,663
31475,8902,9972,7093,9935,2422
31476,7856,9972,1576,7591,663
31477,7856,4714,1576,7591,884
31478,8902,9972,1576,4985,6
31479,2383,9972,240,3670,884
31480,8902,9972,1576,7591,884
31481,8902,9972,317,7591,1516
31482,2383,9972,9436,3670,884
31483,2383,9972,9044,5046,884
31484,8902,7134,9016,9743,884
31485,7856,4714,1576,7591,4160
31486,8902,2390,1576,4985,7356
31487,7856,9972,1576,4573,3660
31488,8902,9972,9016,1632,7826
31489,8902,9972,9436,4573,1772
31490,8902,9972,1576,3670,1772
31491,7856,9566,1576,9935,8548
31492,7856,9493,1576,7591,8548
31493,7856,1478,8854,7591,663
31494,3890,9972,9436,9742,6438
31495,8902,9972,1319,4573,1516
31496,3890,9972,9436,4573,1516
31497,8902,3229,1576,4985,6992
31498,7407,4714,1576,4985,4202
31499,5971,6429,1576,9935,8341
31500,8902,2390,9016,4827,884
31501,3890,9972,9436,2969,3119
31502,2383,5353,240,8433,884
31503,8902,2463,1576,9935,1772
31504,7856,1478,240,7591,9443
31505,8902,1478,1576,9935,7701
31506,2383,9972,1576,3537,884
31507,2603,9972,9436,4827,6438
31508,2383,9972,240,4827,884
31509,8902,6429,1576,9935,663
31510,7856,4714,1576,7591,7821
31511,7856,4714,1576,7591,663
31512,7856,3229,1576,7591,663
31513,7407,3229,9016,7591,2422
31514,7856,4714,1576,7591,3660
31515,2383,9972,9044,4827,884
31516,2383,9493,240,8433,884
31517,8902,9972,9436,4827,884
31518,5971,9972,9016,9935,1874
31519,8902,9972,1576,4985,7145
31520,8902,9972,1576,9935,1772
31521,7856,4714,1576,7591,4202
31522,7856,4714,1576,7591,4202
31523,8902,9972,1576,7591,6743
31524,8902,9972,1576,7178,884
31525,3890,9972,9436,8008,884
31526,8902,9972,1576,7591,6
31527,7856,4714,1576,9935,663
31528,7856,9972,1576,9935,663
31529,7856,9493,1576,7591,8548
31530,8902,2390,9016,1879,7826
31531,8902,9972,1576,9935,8341
31532,7407,4714,1576,4985,7995
31533,3890,9972,1576,3537,884
31534,8902,9972,1576,9935,1772
31535,8902,9972,1576,1879,7145
31536,7856,9566,1576,7591,8548
31537,8902,9972,1576,9935,8548
31538,8902,9972,1576,9935,8548
31539,8902,2390,1576,4985,884
31540,7407,4714,1576,4985,884
31541,7856,2390,1576,7591,7145
31542,7407,4714,1576,1592,7821
31543,8902,9972,1576,9935,1772
31544,7407,4714,9016,7591,7356
31545,8902,9972,9016,7591,6743
31546,7856,2390,7093,7591,2422
31547,7856,9972,4024,7591,8604
31548,7407,4714,1576,4537,657
31549,7856,4714,1576,9935,657
31550,7407,4714,4026,7591,657
31551,7856,9493,1576,9935,5696
31552,7407,3229,9436,1632,6222
31553,8902,4714,9016,9935,6901
31554,8902,9972,1294,2586,884
31555,8902,9972,9436,9742,6438
31556,8902,9972,9436,2900,1772
31557,8902,9972,9436,3670,884
31558,7856,9972,1576,9935,6
31559,2603,9972,240,9857,884
31560,8902,9972,9436,3670,884
31561,8902,9972,7428,2586,884
31562,2383,9972,7428,4827,884
31563,3890,9972,240,284,8784
31564,3890,9972,9436,284,1516
31565,8902,9972,240,3670,884
31566,8902,4714,1576,9935,8548
31567,7407,4714,1576,1592,7826
31568,7856,9972,1576,9935,1772
31569,8902,4714,1576,4985,884
31570,7856,4714,7093,7591,884
31571,8902,9972,1576,9935,1772
31572,7856,3253,240,7591,9443
31573,7856,1478,1576,2195,8548
31574,7856,1478,1576,7591,8548
31575,8902,2390,9016,1592,884
31576,3890,2390,9436,2969,3119
31577,8902,9972,1294,8433,884
31578,7856,4714,1576,4985,884
31579,7856,9972,1294,7591,8548
31580,7856,4714,1576,7591,8548
31581,8902,9972,7093,7591,1772
31582,8902,9972,317,9935,1772
31583,8902,9972,1576,9935,1772
31584,8902,9972,1576,4985,6992
31585,8902,9972,1576,3764,6743
31586,8902,9972,9016,1862,6743
31587,7407,3229,3735,9935,6813
31588,8902,9972,7093,9935,1772
31589,8902,2390,1576,9935,663
31590,7407,4714,1576,9935,663
31591,7407,4714,4026,9935,7821
31592,7856,4714,1576,1592,7821
31593,3890,9972,9016,2969,1516
31594,2383,9972,9436,2969,6438
31595,2383,9972,9044,9742,884
31596,7856,4714,7093,9935,2422
31597,7407,2390,1576,4985,884
31598,8902,9972,1576,9935,1772
31599,7856,9972,1576,7591,8548
31600,7407,9972,4026,7591,8548
31601,7856,2390,1576,9935,8548
31602,8902,2390,1576,1879,7145
31603,7856,1478,8779,2195,7145
31604,8902,9972,9016,9935,2422
31605,7407,9972,9016,9743,7145
31606,3299,7134,1576,5812,3401
31607,2603,9972,9044,9743,2639
31608,8902,2390,1576,5812,5018
31609,7856,4714,1576,4985,884
31610,8902,2390,1576,4985,884
31611,3890,9972,9436,2969,3216
31612,8902,9972,9016,2969,3119
31613,3890,9972,9436,9742,6438
31614,3890,9972,9436,2969,1516
31615,2383,9972,9016,2969,1516
31616,8902,9972,9016,9935,1772
31617,3299,9972,9436,9742,6438
31618,2383,7134,9044,9742,884
31619,8902,9972,9436,4573,6438
31620,3890,9972,9016,6377,884
31621,8902,8205,9016,9935,884
31622,2383,666,1576,8433,884
31623,7856,2390,5184,9935,8548
31624,7856,4714,4026,1592,7821
31625,8902,4714,1576,7591,2422
31626,7856,9493,1576,7591,8548
31627,7856,9493,1576,9935,8548
31628,8902,1478,1576,9935,8548
31629,8902,9972,1576,9743,7145
31630,7856,9972,1576,7591,1772
31631,8902,9972,1294,4985,6222
31632,7856,9493,240,8433,884
31633,7856,9493,1576,2195,884
31634,7856,9493,240,2195,884
31635,7856,1478,2005,9935,9959
31636,7856,2390,1576,7591,8548
31637,8902,2390,9016,9935,6743
31638,7856,2390,240,9935,9337
31639,7856,1478,240,2195,2796
31640,7856,4714,1576,9935,8548
31641,7856,4714,1576,7591,1772
31642,7856,9972,1576,9935,1772
31643,8902,9972,8779,9935,1772
31644,7856,3253,1576,7591,7145
31645,7856,4714,5184,9935,7145
31646,7856,9493,5184,9935,8548
31647,8902,9566,1576,9935,8341
31648,8902,9972,1576,7591,3660
31649,8902,9972,1576,7591,8548
31650,8902,9972,1576,9935,6
31651,7856,4714,1576,7591,4202
31652,7856,9566,1576,7591,8548
31653,7856,1478,7093,9935,1772
31654,7856,9972,1576,7591,6
31655,7856,1478,1576,7591,8548
31656,8902,9972,1294,9935,8548
31657,7856,9972,7093,9935,663
31658,7856,2390,1576,7591,8548
31659,7856,9972,1576,9935,8548
31660,8902,9972,7093,9935,1772
31661,8902,9972,1576,9935,1772
31662,8902,9972,1576,9935,1772
31663,7407,2390,9016,9935,7826
31664,7407,3229,1576,4985,7826
31665,8902,9972,1576,9935,1772
31666,7407,4714,1576,7591,7356
31667,7407,4714,9016,7591,8548
31668,8902,2390,1576,9935,9337
31669,8902,9972,1576,4985,884
31670,8902,9972,9436,3764,6
31671,8902,1478,1576,9935,8548
31672,7856,4714,1576,7591,7821
31673,7856,9493,240,2195,8548
31674,7856,9566,7093,9935,7145
31675,8902,2390,1576,9935,1772
31676,7856,2390,1576,9935,663
31677,8902,9972,1294,9743,3401
31678,3890,9972,9436,4573,3119
31679,8902,2390,317,3764,6743
31680,8902,3229,1576,7591,2422
31681,8902,9972,1576,9935,1772
31682,8902,9972,1576,9935,6
31683,3299,9972,1576,3537,884
31684,2603,9972,9016,3646,7826
31685,3890,9972,1576,3537,884
31686,7856,9493,1576,9935,8548
31687,8902,4714,1576,4985,8548
31688,8902,9972,1294,1879,8548
31689,7856,2390,1576,7591,884
31690,7856,3253,1576,7591,7145
31691,7856,2390,1576,7591,8548
31692,7407,3229,9016,4985,6743
31693,8902,9972,9016,7591,6743
31694,7407,9972,9016,9743,6743
31695,8902,3229,1576,4985,7145
31696,8902,2390,1576,9935,6
31697,8902,9972,1576,9935,663
31698,7856,9972,7093,9935,6
31699,7407,4714,1576,7591,8548
31700,7856,4714,1576,9935,663
31701,7856,9493,1576,8302,7145
31702,7856,3253,1576,8302,7145
31703,7856,9493,1576,8302,7145
31704,8902,4714,1576,7591,884
31705,7407,4714,1576,7591,7821
31706,7407,4714,1576,9935,663
31707,8902,9972,7093,4573,6
31708,8902,4714,1576,9935,663
31709,7856,1478,1576,9935,1772
31710,7856,9493,240,8302,7145
31711,7856,9493,240,7591,8548
31712,7856,9493,8854,8433,7821
31713,8902,9972,9436,4573,1516
31714,2603,9972,8779,7178,884
31715,2383,5353,9044,284,4101
31716,8902,9972,9016,4985,3660
31717,8902,9972,1576,4985,1836
31718,8902,9972,9016,9743,6222
31719,7856,2390,1576,7591,663
31720,7856,9972,1576,7591,8548
31721,7856,9493,1576,7591,8548
31722,8902,9972,317,9935,1772
31723,8902,9972,1294,2586,3119
31724,8902,2390,1576,9935,1772
31725,7856,4714,1576,7591,4202
31726,7856,6429,1576,9935,657
31727,7856,2390,1576,9935,7145
31728,3890,9972,9436,4573,6438
31729,3890,9972,8375,9742,884
31730,2383,7134,9016,9743,6222
31731,7856,4714,1576,7591,4202
31732,7856,4714,1576,7591,4202
31733,7856,4714,1576,7591,4202
31734,8902,9972,1576,1592,663
31735,7856,9972,1576,9935,1549
31736,7407,3229,1576,7591,2422
31737,2383,9972,317,8008,884
31738,2383,9972,9436,8008,884
31739,3890,9972,9436,2969,884
31740,8902,9972,1294,4985,3660
31741,8902,9972,1576,4985,3660
31742,7856,6429,1576,9935,9337
31743,2383,9972,9044,3537,3216
31744,3890,9972,9436,8008,884
31745,8902,9972,9436,8008,6438
31746,2383,9972,9016,4827,884
31747,8902,9972,9436,3537,6438
31748,2383,5353,9436,8008,884
31749,8902,4714,1576,4985,7356
31750,8902,3229,1576,4985,663
31751,8902,9972,1576,9935,663
31752,7856,9566,7093,9935,2422
31753,7856,9972,1576,7591,8548
31754,7856,4714,1576,7591,8548
31755,3890,9972,9436,8008,884
31756,2603,9972,9436,4573,1516
31757,3299,9972,9436,3537,6438
31758,2383,9972,1294,8433,884
31759,3890,9972,240,284,8784
31760,3299,9972,9436,9742,884
31761,2603,9972,1294,5812,6222
31762,3890,9972,9436,4573,1516
31763,8902,2390,1576,9935,884
31764,2383,9972,1576,4569,884
31765,8902,2390,9016,8433,884
31766,8902,9972,1294,284,3216
31767,7856,9972,1576,7591,1772
31768,8902,9972,7093,9935,7145
31769,7856,9972,1294,9935,6
31770,8902,9972,1576,9935,1772
31771,8902,9972,1576,4985,6743
31772,8902,9972,1576,9935,1772
31773,3890,9972,9436,4573,884
31774,2603,9972,9436,4573,6438
31775,3890,9972,9436,4573,6438
31776,8902,9972,9016,4985,3660
31777,7856,9972,1576,7591,3660
31778,9154,9972,9016,5812,6222
31779,8902,9972,1576,3537,8784
31780,8902,9972,317,7591,884
31781,7856,4714,1576,7591,884
31782,8902,9972,9436,4573,3119
31783,8902,9493,240,4827,884
31784,7856,2390,9436,4827,884
31785,8902,2390,1576,9743,6992
31786,8902,9972,1576,9935,1772
31787,8902,3229,9016,9743,7826
31788,3299,7134,8375,9742,3401
31789,8902,5353,1576,8433,884
31790,8902,9972,1294,3537,3119
31791,8902,9972,1576,4985,6
31792,8902,9972,1576,9935,6
31793,8902,9972,1576,7591,6
31794,2603,9972,317,4573,1516
31795,3890,9972,317,4573,6743
31796,3890,9972,9436,1632,884
31797,7407,3229,9016,4985,4160
31798,8902,3229,1576,4985,7145
31799,8902,9972,1576,7591,6813
31800,8902,7134,9044,9742,884
31801,8902,7134,9016,4827,884
31802,2603,9972,1294,2586,8784
31803,7856,6429,1576,9935,2422
31804,3565,4714,1576,9935,2422
31805,7856,4714,1576,9935,663
31806,7856,2390,1576,7591,663
31807,7856,4714,8854,7591,884
31808,7856,9972,1576,7591,663
31809,7856,9972,1576,9935,1772
31810,7856,4714,1576,7591,884
31811,8902,9972,1576,9935,1772
31812,7407,3229,9016,4985,3660
31813,8902,9972,9016,9935,6
31814,8902,9972,9016,9935,1516
31815,3299,9972,9436,7591,884
31816,8902,9972,9436,8008,884
31817,8902,2390,9016,4985,884
31818,7856,9972,1576,9935,663
31819,7856,9972,1576,7591,663
31820,7856,2390,1576,9935,663
31821,8902,2390,317,9935,1772
31822,8902,9972,1576,9935,6
31823,8902,9972,9436,4827,884
31824,8902,9972,7093,9935,1772
31825,8902,6429,7093,9935,1772
31826,8902,2390,1576,9935,3660
31827,7856,1478,1576,9935,8548
31828,7856,1478,1576,9935,7145
31829,7856,1478,240,7039,1772
31830,3890,9972,9436,3670,6438
31831,2383,9972,240,3670,1516
31832,2383,9972,9436,284,1516
31833,2603,9972,9436,3537,6
31834,2603,9972,9436,3537,6438
31835,8902,2390,1576,8433,884
31836,8902,9972,9436,4573,1516
31837,8902,9972,9436,4569,2422
31838,8902,9972,9436,4573,1516
31839,2603,9972,1576,9742,884
31840,7407,7134,1576,9742,884
31841,2383,5353,1576,8433,884
31842,7856,2390,1576,9935,7145
31843,8902,2463,317,9233,1772
31844,7856,9972,1576,7591,1772
31845,7407,4714,1576,9935,657
31846,7856,4714,1576,9935,7145
31847,7407,3229,7093,9935,6813
31848,8902,4714,1576,7591,884
31849,8902,9972,9436,9935,1772
31850,8902,4714,1576,7591,884
31851,7407,4714,1576,4985,4202
31852,7856,4714,1576,9935,5690
31853,7407,4714,1576,7591,7145
31854,8902,6429,1576,4985,6992
31855,7856,9972,9016,7591,3660
31856,7407,9972,1576,9935,8548
31857,7407,4714,1576,7591,8548
31858,8902,9972,1576,7591,3660
31859,7407,4714,1576,4985,657
31860,3890,9972,1294,3764,884
31861,8902,9972,240,4827,884
31862,8902,9972,9436,4573,3119
31863,2383,9972,9436,5046,884
31864,8902,9972,1576,4731,6992
31865,8902,2390,9436,1632,4101
31866,8902,2390,9016,9935,358
31867,7856,9972,9016,9935,1772
31868,7407,3229,1576,9455,6222
31869,7856,4714,1576,9935,9385
31870,7856,2390,1576,9935,663
31871,8902,9972,1576,9935,1772
31872,7856,4714,1576,7591,8548
31873,7407,9972,1576,7591,7145
31874,7407,2390,1576,9935,8548
31875,2383,2390,240,4827,884
31876,2383,666,8375,4731,884
31877,2383,666,84,5046,3446
31878,8902,9972,1576,4985,3660
31879,8902,9972,9016,9935,6743
31880,8902,9972,1576,9935,6
31881,7407,4714,1576,8433,884
31882,8902,9972,9016,1879,1516
31883,8902,4714,9016,7178,884
31884,7407,3229,1576,9935,663
31885,7407,4714,1576,4985,4202
31886,8902,9972,9016,9935,6
31887,7407,3229,9436,9743,6813
31888,7856,9972,9902,7591,6743
31889,8902,9972,7093,7591,6813
31890,2603,9972,9436,5812,6438
31891,2603,9972,9436,9742,884
31892,3890,2390,9016,4731,884
31893,8902,9972,1576,4985,7145
31894,8902,9835,9016,4985,6901
31895,8902,9972,1576,7591,2422
31896,8902,2390,1576,9935,8548
31897,7856,9493,1576,7591,8548
31898,7856,2390,1576,9935,663
31899,7856,9972,1576,7591,8548
31900,8902,9972,9016,9743,6743
31901,7407,9972,1576,7591,3660
31902,7856,4714,1576,7591,884
31903,7856,9972,1576,7591,663
31904,7856,9972,1576,9935,1772
31905,7407,4714,1576,7591,7821
31906,7856,9493,1576,9935,2422
31907,7407,4714,1576,1592,5018
31908,8902,9972,9436,3670,884
31909,8902,9972,1576,9743,6222
31910,7856,1478,1576,7591,663
31911,7856,1478,1294,9935,8548
31912,7407,4714,1576,1592,5018
31913,8902,2390,1576,8433,884
31914,3890,9972,317,8008,884
31915,8902,9972,7093,9935,1772
31916,7856,2390,1576,7591,884
31917,3299,9972,9436,3537,3216
31918,2383,9972,1576,9742,884
31919,7856,1478,1576,9935,663
31920,7856,1478,1294,9935,8548
31921,8902,9972,1576,9743,7145
31922,8902,2390,1576,9935,1772
31923,8902,9972,1576,7591,663
31924,3890,9972,9016,8008,884
31925,7856,4714,1576,7591,657
31926,2383,9972,9436,2969,884
31927,8902,2390,1576,4985,663
31928,2383,2390,1576,7178,884
31929,7407,4714,9016,7591,4202
31930,7856,2390,4026,9935,8548
31931,8902,2390,1576,7591,4160
31932,7407,4714,1576,7591,4160
31933,8902,9972,317,4573,1516
31934,3890,7134,9436,9742,6438
31935,7856,2390,1576,9935,663
31936,8902,9972,7093,9935,6
31937,7856,9493,1576,9935,1895
31938,2603,9972,9436,4573,6438
31939,7407,4714,1576,9935,663
31940,7407,4714,1576,7591,663
31941,8902,5353,1576,9935,884
31942,7856,4714,1576,7591,8548
31943,8902,4714,7093,9935,2422
31944,7407,4714,1576,4985,4160
31945,7856,2390,1576,4777,884
31946,8902,9972,1576,4827,884
31947,7407,4714,1576,9935,8548
31948,8902,9972,1576,9935,663
31949,7856,9972,1576,9935,8341
31950,7856,1478,1576,7591,8548
31951,3299,7134,9016,4731,884
31952,7856,9972,1576,7591,6
31953,8902,9972,1576,7591,6
31954,7856,1478,1576,9935,8548
31955,7856,1478,1576,9935,1772
31956,7407,9972,1576,5812,6222
31957,7856,4714,1576,7591,4202
31958,8902,9972,317,4573,1516
31959,7856,9566,1576,7591,7145
31960,7407,3229,1576,5812,6222
31961,7856,4714,1576,7591,8548
31962,7856,9493,4026,9935,1449
31963,7856,4714,9016,4985,4202
31964,7407,2390,1576,9935,8548
31965,8902,1478,240,2195,9443
31966,2383,9972,8375,9742,2639
31967,7856,9972,1576,7591,8548
31968,7856,4714,1576,4985,8548
31969,3890,9972,9436,8008,884
31970,7856,4714,1576,4985,2422
31971,8902,2390,1576,4985,6992
31972,7856,9972,9016,9857,884
31973,8902,9972,1576,4985,392
31974,7856,9972,1576,9935,6
31975,7407,4714,9016,7591,7145
31976,8902,2390,9016,7591,884
31977,7407,4714,1576,7591,4202
31978,172,9493,5184,9935,8548
31979,8902,9972,9016,4985,6992
31980,8902,2390,1576,7591,7145
31981,8902,9972,317,4573,6743
31982,8902,2390,1576,7591,663
31983,7856,4714,1576,9935,663
31984,7856,1478,1576,1304,7145
31985,7856,3253,4026,9935,1895
31986,7407,4714,7093,7591,2422
31987,8902,9972,1576,4985,6992
31988,3890,9972,1576,9742,884
31989,8902,9972,9436,4573,6438
31990,7856,9493,1576,9935,663
31991,7856,4714,1576,7591,4202
31992,8902,9972,1294,7591,7145
31993,8902,5353,9436,4827,884
31994,7856,9972,1576,7591,7145
31995,8902,9972,1576,7591,3660
31996,7407,4714,1576,7591,3164
31997,8902,9972,1576,9935,1772
31998,2383,666,1576,8433,884
31999,7856,4714,1576,7591,4202
32000,7856,2390,1576,9935,663
32001,7856,4714,4026,7591,7821
32002,8902,1478,1576,2195,884
32003,7856,9972,1576,7591,8548
32004,2383,7134,9016,5812,3401
32005,8902,4714,9016,7591,884
32006,8902,9972,1576,1879,6743
32007,8902,9972,1576,4985,3660
32008,8902,9972,9436,4573,6
32009,7856,2390,1576,7591,8548
32010,2383,9972,9436,9742,884
32011,7856,9972,1576,7591,3746
32012,8902,9972,9016,4985,3660
32013,8902,2390,7093,9935,2422
32014,2603,9972,1294,3537,3401
32015,7856,1478,240,2195,9443
32016,7856,1478,1576,7591,8548
32017,7856,4714,1576,7591,7145
32018,7856,9493,240,8433,9443
32019,7856,3253,1576,7591,7957
32020,7856,9972,1294,9935,1772
32021,7407,3229,1576,9455,7995
32022,8902,4714,1576,8433,7145
32023,8902,9972,1576,9935,1772
32024,8902,9972,1576,7591,663
32025,8902,6429,9016,9935,2422
32026,2383,666,9436,4827,884
32027,7856,4714,1576,7591,884
32028,7856,9972,1576,7591,884
32029,7856,9972,1576,7591,663
32030,8902,9972,1576,9935,1772
32031,8902,9972,9044,9742,884
32032,7856,4714,1576,9935,7145
32033,8902,9972,1576,9935,6
32034,2603,9972,9436,4573,884
32035,8902,9972,1576,7591,7145
32036,7856,9972,1576,7591,663
32037,7856,9493,8854,7591,7821
32038,7856,1478,1576,7591,7145
32039,7407,4714,1576,7591,657
32040,7407,9972,7093,7591,2422
32041,8902,9972,7093,9935,2422
32042,8902,9972,1576,9935,1772
32043,7856,1478,1576,7591,1772
32044,7856,2390,1576,2195,3746
32045,8902,5353,9016,2969,884
32046,7856,9566,1576,7591,8548
32047,7856,9972,1576,7591,6
32048,7856,2390,1294,2195,3401
32049,7856,9972,1576,7591,8548
32050,8902,2390,9016,4827,358
32051,8902,2390,1576,4985,7145
32052,3890,9972,9436,8008,884
32053,8902,2390,1576,9935,7145
32054,7856,1478,1576,7591,8548
32055,7856,2390,1576,9935,7145
32056,8902,9972,9436,3537,6
32057,8902,3229,9016,5812,6222
32058,7856,4714,1576,9935,884
32059,7856,9972,1576,7591,1772
32060,7856,1478,1576,7591,8548
32061,7856,4714,1576,7591,8548
32062,7407,4714,1576,6765,4202
32063,7856,2390,1576,9935,8548
32064,7856,4714,1576,7591,7145
32065,7856,4714,9016,7591,7145
32066,7856,2390,1576,7591,884
32067,7407,4714,9016,4985,4160
32068,8902,9972,8779,3764,1772
32069,3299,5391,9436,8257,6438
32070,8902,5353,1576,9935,7145
32071,8902,4714,1576,9935,663
32072,8902,9972,317,9935,1516
32073,7856,9972,7093,9935,663
32074,7856,4714,1576,7591,884
32075,7856,1478,1576,9935,7145
32076,7856,1478,4026,7591,8548
32077,7856,9972,1576,7591,8548
32078,8902,9972,1576,3764,1772
32079,8902,9972,8779,3764,6992
32080,7856,5353,1576,9935,8548
32081,3890,9972,9436,8008,884
32082,7856,1478,7093,9935,1772
32083,8902,9972,7093,9935,3660
32084,8902,9972,317,8008,1516
32085,7856,1478,240,9935,8548
32086,7407,9972,1576,9935,8341
32087,8902,9972,1576,9935,663
32088,7856,9493,5184,7178,884
32089,7856,1478,1576,7591,7145
32090,7856,9972,9436,4573,884
32091,8902,9972,317,3764,6743
32092,8902,9972,1294,7591,6992
32093,7856,4714,9016,4777,884
32094,7856,9493,1576,8302,7145
32095,7856,4714,1576,7591,1772
32096,8902,9972,1294,1592,8548
32097,3299,9972,9016,4827,884
32098,7856,6429,1576,9935,663
32099,7856,1478,8779,8302,1772
32100,7407,4714,1576,7591,7821
32101,7856,1478,7093,3945,9331
32102,2383,9972,9044,9742,884
32103,7407,3229,1576,5812,6222
32104,2383,9493,9016,4827,884
32105,7856,1478,1576,7591,3746
32106,7856,75,240,2195,2796
32107,7856,4714,1576,7591,7145
32108,7856,9493,1576,1563,7145
32109,8902,9972,317,4573,6
32110,7856,4714,9044,9742,884
32111,7856,1478,1576,9935,8548
32112,7856,4714,1576,9935,663
32113,7856,1478,240,8302,7145
32114,8902,9972,1576,9935,3660
32115,3890,9972,240,7039,2462
32116,2383,666,9044,9742,884
32117,7407,4714,1576,7591,657
32118,8902,2390,1576,4985,6992
32119,7856,1478,1294,268,8548
32120,8902,2390,1576,4985,884
32121,8902,4714,1576,9935,8548
32122,8902,9972,1294,2586,3119
32123,7856,4714,1576,7591,8548
32124,7856,9493,1576,9935,8548
32125,7856,4714,1576,7591,8548
32126,8902,9972,1576,5812,6222
32127,7407,9972,9016,5812,6222
32128,8902,4714,1576,7591,3660
32129,7856,2390,1576,9935,663
32130,8902,4714,1576,7591,884
32131,7856,9972,1576,9935,1772
32132,8902,9972,317,4573,1516
32133,7407,4714,1576,9935,657
32134,7856,9493,1576,9935,663
32135,7856,2390,1576,7591,7957
32136,7856,3253,1576,7591,7145
32137,8902,9972,317,4827,884
32138,8902,4714,1576,9935,8548
32139,7856,1478,1576,9935,1772
32140,2383,5353,240,8433,884
32141,7856,2390,1576,7591,8548
32142,7856,4714,1576,9935,7145
32143,7856,4714,240,7591,8548
32144,8902,2390,1576,9743,7826
32145,7856,9972,1294,7591,7356
32146,7856,4714,1576,7591,884
32147,8902,2390,1576,9935,7145
32148,8902,6429,2345,9935,9385
32149,8902,9972,317,4573,3119
32150,7856,9972,1576,7591,6222
32151,7407,4714,9016,5112,2422
32152,8902,9972,9436,1862,6438
32153,8902,4714,9436,7591,884
32154,8902,9972,1576,9935,1772
32155,8902,9972,1576,9935,1772
32156,7856,4714,9016,9935,3982
32157,8902,9972,1576,7591,6
32158,7856,4714,1576,7591,3660
32159,8902,9972,1576,9935,884
32160,7856,9972,1576,7591,1772
32161,7856,2390,1576,9935,884
32162,7856,9493,1576,8433,8548
32163,7856,1478,1576,7591,8548
32164,8902,9972,9016,4827,884
32165,7856,1478,1576,7591,8548
32166,7856,2390,1576,9935,884
32167,8902,7134,9436,9742,884
32168,7856,4714,1576,9935,884
32169,8902,9493,240,8205,3401
32170,2383,7134,9044,9742,884
32171,7856,4714,3058,7591,884
32172,7856,1478,1576,7591,884
32173,7856,4714,1576,7591,8548
32174,7856,4714,1576,9935,7145
32175,3890,7134,9044,9742,884
32176,7856,9972,1576,7591,3660
32177,7856,1478,240,9935,8548
32178,7856,9972,1576,7591,3746
32179,7407,3229,1576,7591,657
32180,7856,9493,1576,9935,7145
32181,2603,9972,9436,1632,6438
32182,8902,9972,1576,9935,1772
32183,8902,9972,9016,4827,1772
32184,8902,9972,9016,9743,7701
32185,7856,2390,1576,9935,8548
32186,7856,1478,240,2195,884
32187,8902,4714,1576,4985,5690
32188,8902,9972,9436,4573,1772
32189,8902,9972,9436,4985,1772
32190,2383,2390,9016,9935,884
32191,7856,4714,1576,4985,663
32192,2383,5353,9016,4827,884
32193,7856,75,240,1563,9443
32194,7856,1478,1576,7591,7145
32195,7856,1478,1576,8302,7145
32196,7856,9972,1294,7591,8548
32197,2383,9972,9436,9742,884
32198,8902,2390,1294,1879,8548
32199,8902,9972,1576,7591,8548
32200,8902,2390,1576,9935,7145
32201,3299,9972,9436,4573,6438
32202,7856,4714,1576,9935,8548
32203,7856,1478,1576,7591,884
32204,8902,2390,1576,9935,4160
32205,7856,9972,1576,3764,1772
32206,8902,9972,1576,9935,1772
32207,7856,1478,1576,9935,8548
32208,8902,9972,9436,4573,1516
32209,8902,9493,1576,9935,7145
32210,8902,9566,1576,9935,7145
32211,7856,9493,1576,9935,8548
32212,2383,4714,9016,7178,884
32213,7856,2390,7093,9935,1772
32214,7856,4714,1576,4985,6901
32215,8902,3229,1576,1592,8548
32216,7856,4714,1576,9935,8548
32217,3890,9972,9436,4573,6438
32218,7856,9972,1576,7591,8548
32219,7856,2390,1576,478,7145
32220,8902,9972,1576,3764,1772
32221,7856,1478,240,2195,8548
32222,8902,9972,9436,8008,884
32223,8902,9972,1576,9935,8341
32224,3890,9972,9436,3537,6438
32225,7407,4714,9016,4985,2422
32226,7856,4714,1576,9935,8548
32227,7856,2390,1576,9935,1772
32228,7407,4714,9016,4985,5885
32229,7856,75,240,2195,3401
32230,7856,4714,1576,7591,3660
32231,7856,1478,240,1304,884
32232,8902,9972,9436,4827,884
32233,8902,2390,1576,9743,2883
32234,7856,9972,1576,9935,1772
32235,7856,4714,1576,7591,663
32236,7856,9493,1576,7591,884
32237,7856,9972,1576,9935,663
32238,7856,9972,8779,9935,1772
32239,8902,2390,1576,7591,7145
32240,2383,666,9044,4731,884
32241,7407,4714,9016,7591,4202
32242,2383,5353,9016,4827,884
32243,8902,9972,9436,3670,884
32244,8902,9972,9436,7206,884
32245,7856,9972,1294,4985,7145
32246,8902,4714,1576,4985,7145
32247,7407,4714,8854,7591,5690
32248,8902,9972,7093,9935,6
32249,8902,9972,9016,4985,884
32250,8902,9972,1576,9935,6
32251,8902,7134,9436,4827,884
32252,7856,9972,1576,7591,7145
32253,7856,1478,1576,9935,1772
32254,7856,4714,7093,7591,2422
32255,7856,3253,240,7591,8548
32256,2383,9493,9044,8433,884
32257,8902,9972,1576,9935,1772
32258,7856,9566,1576,9935,8548
32259,8902,9972,1576,9935,1772
32260,8902,9972,1576,7591,3660
32261,7856,9972,1576,7591,6
32262,2383,9972,9436,4573,884
32263,8902,9972,1576,4985,6
32264,2383,7134,9044,9742,5554
32265,7856,9493,1576,9935,7145
32266,7856,1478,240,7591,3746
32267,8902,2390,1576,9857,884
32268,7407,4714,1576,1592,7821
32269,8902,2390,1576,9935,884
32270,8902,9972,9436,8008,884
32271,7856,1478,240,2195,9443
32272,8902,9972,1576,9935,663
32273,8902,9972,9436,4569,6743
32274,8902,9972,1576,4985,663
32275,7856,4714,1576,7591,663
32276,8902,9972,9436,4573,7957
32277,7856,4714,1576,9935,1772
32278,7856,1478,240,7591,3746
32279,7856,9493,8854,7591,8548
32280,7407,4714,1576,4985,4202
32281,7856,2390,1576,9935,7145
32282,7856,9972,1576,9935,6992
32283,7856,9972,1576,7591,3660
32284,7856,1478,7093,9935,1772
32285,8902,9972,7093,9935,6
32286,2383,7134,9436,4573,884
32287,7856,4714,1576,7591,884
32288,3299,666,9044,3537,884
32289,7856,2390,1576,4985,7145
32290,8902,9972,1294,4985,8341
32291,7407,4714,1576,4985,7826
32292,7856,2390,7093,9935,1772
32293,7856,4714,8854,7591,884
32294,7856,9493,8854,8433,7821
32295,7407,4714,1576,4985,7821
32296,7856,2390,7093,9935,663
32297,8902,9972,9436,7591,884
32298,7856,9972,1576,7591,6
32299,8902,2390,1576,7591,7145
32300,7856,4714,1576,7591,8548
32301,2603,9972,84,2969,8784
32302,8902,5353,317,8008,1772
32303,7407,4714,1576,7591,8548
32304,8902,9972,317,9935,1516
32305,8902,9972,1576,3764,1772
32306,7856,9566,1576,9935,8548
32307,7856,4714,1576,9743,4202
32308,8902,9972,9016,9935,6438
32309,8902,2390,1576,1592,7821
32310,7856,9972,9436,4573,884
32311,2383,9972,9436,3537,6438
32312,8902,9972,1576,9935,663
32313,8902,4714,1576,1592,7821
32314,7856,2390,1576,9935,2422
32315,7407,4714,1576,7591,191
32316,8902,4714,1576,4827,7145
32317,8902,9972,1576,9935,3660
32318,2383,666,240,7039,884
32319,7856,4714,1576,7591,7821
32320,8902,9972,9016,9935,6743
32321,7856,4714,4026,7591,8548
32322,7856,1478,1576,7591,7145
32323,7856,4714,1576,7591,884
32324,7856,9566,1576,7591,8548
32325,8902,9972,1576,9935,9952
32326,9154,3229,1576,5812,6222
32327,8902,9972,9436,2969,3119
32328,8902,9972,1294,4985,7145
32329,7856,4714,1576,9935,663
32330,8902,9972,1576,4573,1772
32331,7856,4714,1576,9935,663
32332,7856,9972,1576,7591,663
32333,8902,9972,9016,9743,6222
32334,8902,9972,9436,4573,1516
32335,8902,2390,1576,9935,884
32336,8902,9972,9436,7591,884
32337,7856,9972,1576,9935,1772
32338,8902,9972,1294,4985,6992
32339,7856,2390,1576,7591,8548
32340,2383,7134,9436,3537,6438
32341,8902,9972,9016,5812,7995
32342,7407,9972,1294,9743,7826
32343,7856,2390,1576,9935,1772
32344,3890,9972,9436,4731,6438
32345,7856,1478,1576,9935,8548
32346,8902,9972,1576,9935,8548
32347,8902,9972,9436,7591,6
32348,8902,9972,317,9935,7145
32349,8902,9972,9436,4573,884
32350,8902,4714,9016,9935,4160
32351,8902,9972,9436,4573,1772
32352,8902,9972,1576,9935,1772
32353,7856,2390,9016,9935,7145
32354,7856,4714,1576,7591,8548
32355,8902,9972,9016,7591,7145
32356,7856,9972,1576,9935,1772
32357,7856,1478,1576,9935,1772
32358,7856,4714,9016,7591,8548
32359,8902,9972,1576,7591,1772
32360,7856,2390,1576,7591,6
32361,8902,4714,1576,9935,8548
32362,2603,9972,9436,3537,3216
32363,8902,3229,9016,1879,7826
32364,8902,9972,7093,9935,6743
32365,7407,4714,1576,9935,7821
32366,3299,7134,9436,943,884
32367,7856,9972,1576,4985,6992
32368,7407,4714,1576,7591,8548
32369,7856,1478,7093,4777,3746
32370,7856,1478,1576,8302,7145
32371,8902,9972,1576,9935,7145
32372,7856,1478,1576,7591,1772
32373,8902,2390,9016,4731,884
32374,7856,4714,1576,9935,663
32375,8902,2390,9016,7178,884
32376,7856,9493,4026,8433,7821
32377,7856,1478,240,8302,8548
32378,7856,9972,1576,9935,663
32379,7856,9972,1576,9935,1772
32380,7856,6429,1576,9935,8548
32381,8902,2390,1576,9935,1772
32382,7407,4714,1576,4985,8548
32383,7856,9493,1576,7591,8548
32384,7856,4714,1576,7591,8548
32385,8902,2390,9436,4985,2422
32386,7856,1478,240,7039,9443
32387,8902,2390,9016,4827,7145
32388,3890,9972,9436,4573,6438
32389,7856,1478,1576,9935,1772
32390,7856,9566,1576,9935,8548
32391,7856,4714,1576,7591,8548
32392,8902,9493,1576,8433,884
32393,8902,9972,1576,9935,3660
32394,7856,4714,1576,4985,657
32395,8902,9972,9436,1879,884
32396,8902,9972,1576,9935,663
32397,2603,9972,9436,1862,6438
32398,8902,9972,9016,7591,3660
32399,8902,9972,1576,9857,884
32400,7856,1478,240,2195,8548
32401,3890,9972,9436,4573,1516
32402,7856,9566,1576,9935,2422
32403,8902,2390,4298,4777,884
32404,7856,4714,4026,7591,8548
32405,7856,4714,1576,7591,7145
32406,8902,6429,1576,4985,7145
32407,3890,9972,9016,2969,6438
32408,8902,9972,1294,1879,884
32409,7856,4714,1576,7591,7145
32410,8902,9972,7093,7591,1772
32411,7856,3229,1576,9935,191
32412,8902,2390,1576,7591,884
32413,8902,9972,317,4573,1516
32414,7856,1478,1576,9935,1772
32415,7856,2390,1576,9935,7145
32416,7407,4714,1576,7591,4202
32417,7856,2390,1576,7591,8548
32418,7856,9493,1576,7591,8548
32419,7856,9972,1576,7591,663
32420,7856,9493,8854,9935,1449
32421,7856,9972,7093,7591,663
32422,7856,2390,1576,7591,8548
32423,7856,2390,1576,9935,884
32424,2383,666,9044,9742,884
32425,2383,2390,8375,2969,1516
32426,7856,3253,1576,7591,8548
32427,7407,6429,1576,9935,663
32428,2383,5353,9436,8008,884
32429,7856,1478,1576,7591,7145
32430,7856,1478,8779,9935,1772
32431,7856,4714,1576,9935,2422
32432,3890,9972,9436,4573,3216
32433,8902,9972,1576,9935,6
32434,8902,9972,2005,9935,663
32435,7856,4714,1576,7591,7821
32436,8902,1478,317,478,7145
32437,8902,3229,1576,5812,6222
32438,7856,9493,1576,9935,663
32439,3299,7134,9016,4731,6222
32440,7856,4714,1576,9935,663
32441,3890,9972,9436,3537,6438
32442,5525,9566,1576,9935,8548
32443,3299,9972,1294,5812,6992
32444,7856,1478,7093,9935,7284
32445,7407,4714,1576,1592,657
32446,7856,9972,1294,7591,8548
32447,8902,9972,1294,4573,3119
32448,2383,9493,1576,2195,3401
32449,7856,4714,1576,7591,8548
32450,7856,1478,4079,7591,7145
32451,8902,9972,9016,9935,2422
32452,7856,4714,1576,7591,884
32453,7856,9972,1576,7591,3746
32454,7856,9972,1576,4985,7145
32455,7856,1478,8779,9935,1772
32456,2383,666,9044,284,1516
32457,7856,2390,1576,9935,1772
32458,7856,9972,1576,7591,8548
32459,8902,4714,1576,4985,4202
32460,8902,9972,1576,9935,8341
32461,7856,2390,1576,9935,663
32462,7856,2390,1576,4985,7145
32463,7856,3253,8854,7591,7145
32464,7407,4714,1576,7591,7356
32465,7856,4714,1576,9935,7145
32466,8902,2390,9016,9935,6743
32467,7856,9972,1576,7591,6
32468,7856,9972,1576,7591,884
32469,7856,9972,1576,7591,884
32470,8902,9972,1576,7591,884
32471,2383,7134,8375,9743,2639
32472,2383,9972,9436,3537,884
32473,7856,2390,1576,9935,7145
32474,8902,9972,1576,4573,6
32475,7856,4714,1576,7591,657
32476,8902,9972,240,2195,884
32477,7856,4714,1576,7591,7145
32478,3890,9972,9436,4573,3119
32479,7856,1478,4026,9935,8548
32480,8902,2390,1576,9935,8548
32481,7856,4714,1576,7591,7145
32482,7856,1478,1576,7591,8548
32483,7856,4714,1576,7591,663
32484,8902,9972,1576,7591,6
32485,8902,2390,1576,2195,3401
32486,7856,2390,1576,9935,8548
32487,8902,2390,1294,4985,1772
32488,8902,9972,1576,4573,6438
32489,7856,9972,1294,4985,6992
32490,7856,4714,8854,4537,7821
32491,7856,4714,1576,7178,884
32492,7856,2390,1576,7591,7145
32493,3890,9972,9436,9742,884
32494,3299,7134,9044,9742,7495
32495,7407,4714,1576,7591,7821
32496,7856,1478,1576,9935,7145
32497,7856,9566,1576,9935,8548
32498,7856,1478,1576,7591,3746
32499,7856,9972,1576,7591,3660
32500,7856,75,8854,7591,884
32501,8902,9972,317,8008,884
32502,7407,4714,1576,9935,1772
32503,7407,1478,1576,9935,7145
32504,8902,9972,1576,9935,3660
32505,7856,9566,7093,9935,7145
32506,8902,4714,1576,9935,7145
32507,8902,4714,9016,9935,884
32508,8902,9972,9436,4573,1772
32509,7407,4714,1576,9935,9385
32510,8902,9972,1576,9935,1772
32511,7856,1478,1576,9935,8548
32512,7856,9566,4026,7591,8548
32513,8902,9972,9016,3764,1772
32514,8902,4714,1576,7591,8548
32515,7856,9972,1576,7591,6743
32516,7856,4714,1576,9935,7145
32517,8902,2390,1576,9935,1772
32518,8902,4714,1576,4985,7145
32519,7856,4714,1576,7591,884
32520,8902,4714,9016,7591,4160
32521,7856,3253,3647,9935,1895
32522,8902,3229,9016,1592,884
32523,8902,2390,3065,3537,884
32524,3890,9972,9436,4573,884
32525,7856,1478,240,2195,8548
32526,7856,4714,1576,7591,884
32527,8902,9972,1294,1879,7145
32528,8902,2390,1576,9935,7701
32529,2383,9493,240,4731,884
32530,7856,3229,1576,7591,663
32531,3890,9972,9044,9742,884
32532,3890,9972,9436,4573,6438
32533,2383,6043,240,7039,1516
32534,3890,9972,8779,4573,1516
32535,7856,6429,1576,9935,8548
32536,7856,9972,1294,9935,1772
32537,8902,9972,1294,1879,6
32538,7856,9493,1576,7591,7145
32539,8902,9972,317,9935,1772
32540,7407,4714,1576,4985,663
32541,7407,4714,1576,7591,663
32542,2383,9972,9436,8008,884
32543,2603,9972,4298,268,3216
32544,7856,1478,7093,4777,1772
32545,8902,9972,1576,7591,884
32546,7407,9972,1576,8650,3660
32547,8902,2390,1576,4985,9913
32548,7856,2390,1576,2195,3401
32549,7407,4714,1576,7591,8548
32550,8902,9972,1576,9935,1772
32551,7856,4714,1576,7591,7145
32552,7856,1478,240,2195,3401
32553,8902,9972,9016,4827,884
32554,8902,9972,1576,9935,3746
32555,7407,4714,8854,7591,884
32556,8902,1478,8779,9935,9337
32557,7856,1478,1576,9935,1772
32558,7856,9972,1576,3945,7495
32559,7856,9493,8854,9935,7145
32560,7856,9493,8854,1563,1449
32561,8902,9972,9016,4985,6222
32562,7856,9972,7093,9935,4160
32563,7856,9972,1576,7591,8548
32564,7856,1478,1576,9935,8548
32565,7856,1478,1576,7591,8548
32566,7407,4714,9016,7591,8548
32567,8902,9972,317,4827,884
32568,8902,4714,1576,1592,7821
32569,8902,1478,1576,9935,1772
32570,8902,4714,1576,7591,4202
32571,7856,9972,1576,9935,1772
32572,7856,1478,1294,7591,8548
32573,8902,9972,1294,3646,6222
32574,8902,1478,317,9935,9443
32575,7856,1478,1576,9935,3746
32576,8902,3229,9016,4985,3660
32577,2383,9493,1576,2195,3401
32578,8902,3229,7093,9935,2422
32579,8902,2390,1576,4985,884
32580,7856,4714,1576,9935,7821
32581,7856,2390,1576,9935,4160
32582,7856,1478,1576,7591,8548
32583,7856,9493,1576,9935,8548
32584,7856,9566,1576,9935,8548
32585,7856,4714,4026,7591,7821
32586,8902,9972,9436,9935,884
32587,3299,9972,9436,4827,884
32588,7856,9493,1576,8433,8548
32589,7856,1478,9436,7591,884
32590,5971,9972,3065,3537,884
32591,8902,9972,1576,9935,6
32592,7407,4714,1576,4985,663
32593,8902,3229,1576,9935,657
32594,7856,9493,1576,7591,7145
32595,7856,75,240,1563,9443
32596,7856,2390,1576,9935,7145
32597,8902,9972,1576,9935,8548
32598,8902,2463,1576,9935,8548
32599,8902,9972,1294,9935,1772
32600,2383,5348,240,7039,7145
32601,8902,2390,1576,4985,6992
32602,8902,9972,1576,7591,1772
32603,7856,1478,1576,9935,1772
32604,8902,9972,1576,9935,6
32605,8902,9972,1576,1879,884
32606,7856,1478,1576,9935,663
32607,7856,9972,1576,7591,2422
32608,7856,4714,5184,7591,7145
32609,8902,9972,1576,9935,1772
32610,7856,9493,5184,7591,7145
32611,7856,9972,1576,7591,8548
32612,8902,9972,8815,9935,1772
32613,8902,9972,9016,4985,6743
32614,7856,4714,1576,7591,8548
32615,7856,4714,1576,7178,6689
32616,7856,9972,1576,7591,663
32617,7856,2463,1576,9935,884
32618,7407,3229,1576,9935,657
32619,7856,9493,1576,7591,884
32620,7856,1478,4079,9935,1772
32621,7856,1478,1576,7591,3746
32622,7407,9972,1576,9935,663
32623,7856,6429,1576,9935,1514
32624,7856,1478,1576,7591,7145
32625,7856,4714,1576,9935,8548
32626,7856,9493,1576,7591,8548
32627,7856,1478,240,7591,7145
32628,7856,2390,1576,1879,663
32629,8902,9972,1576,9935,6
32630,2383,9972,9436,9742,6222
32631,8902,5353,1576,8433,884
32632,8902,2390,9016,9935,2422
32633,7856,1478,1576,7591,884
32634,7407,6429,2345,9935,2422
32635,7856,1478,1576,7591,8548
32636,8902,9972,9016,4985,3660
32637,8902,2390,1576,8008,884
32638,7407,9972,1576,1879,884
32639,8902,9972,1576,5812,6222
32640,7856,9972,1576,7591,1772
32641,8902,2390,9436,2969,884
32642,8902,9972,1294,1879,884
32643,7856,9972,1294,7591,3746
32644,3890,7134,84,2969,1516
32645,7856,9493,1576,7591,7145
32646,7856,2390,1576,9935,8548
32647,8902,9566,1576,9935,8548
32648,8902,9972,1576,9935,663
32649,7856,9972,1576,7591,8548
32650,7856,1478,1576,478,7145
32651,8902,9972,9436,8008,1772
32652,3890,9972,9044,9742,884
32653,4237,9972,1576,9935,6
32654,8902,9566,1576,9935,8548
32655,8902,4714,1576,7591,7821
32656,8902,4714,1576,7591,884
32657,7856,9566,1576,1592,7821
32658,7856,9493,8854,9935,1449
32659,7856,2390,1576,9935,7145
32660,8902,3229,1576,4985,6
32661,8902,9972,240,2195,3401
32662,7407,2390,9016,9935,4160
32663,7856,1478,8779,7591,3746
32664,7856,6429,1576,9935,9337
32665,7856,2390,1576,7178,7145
32666,8902,2390,9016,478,6743
32667,7856,1478,1576,9935,7145
32668,7856,4714,1576,7591,663
32669,8902,9972,1576,9935,7145
32670,8902,9972,1294,7178,884
32671,8902,9972,7093,9935,1772
32672,7856,1478,8779,7591,7356
32673,8902,9493,240,2195,3401
32674,8902,9972,9016,9935,2422
32675,8902,9972,9436,4573,1772
32676,7856,2390,1576,9935,1449
32677,3890,9972,9436,8008,884
32678,7856,3253,240,7591,884
32679,7856,4714,1576,4985,7145
32680,2383,9972,240,9857,884
32681,8902,3229,1576,7591,7826
32682,7407,3229,1576,4985,6992
32683,8902,9972,8779,9935,8341
32684,7856,75,240,9935,7145
32685,8902,2390,9016,478,7145
32686,7407,9972,3735,9935,7145
32687,8902,9972,317,9935,884
32688,7407,4714,1576,7591,663
32689,7856,2390,1576,7591,7145
32690,8902,9972,1576,9935,6438
32691,8902,9972,1294,5812,6222
32692,8902,9972,9016,9935,2422
32693,8902,2390,9436,4573,6889
32694,7856,1478,240,7039,2796
32695,3890,9972,9044,2195,2639
32696,8902,2390,1576,1879,7145
32697,7856,75,240,8433,8548
32698,3890,9972,9436,4573,6438
32699,7856,9493,1576,9935,663
32700,7856,2390,1576,7591,1772
32701,7856,2390,9016,7591,6743
32702,7856,2390,1576,9935,8548
32703,8902,2390,1576,9935,884
32704,8902,2390,1576,7591,884
32705,8902,9972,317,4573,1516
32706,7856,1478,1576,9935,1772
32707,7856,1478,240,7591,9443
32708,7856,9566,1576,9935,8548
32709,8902,1478,1576,9935,1772
32710,7407,4714,1576,7591,7821
32711,7856,4714,1576,7591,663
32712,3299,9972,9436,4573,6438
32713,8902,2390,3065,3537,884
32714,7856,9566,1576,9935,8548
32715,7856,4714,4026,7591,8548
32716,7856,9972,1576,7591,663
32717,8902,4714,1576,9935,663
32718,2383,5353,9044,4827,884
32719,7856,2390,9016,9935,7145
32720,8902,9972,1576,9935,1772
32721,8902,9972,9016,4827,884
32722,7856,9493,240,2195,7145
32723,8902,9972,317,4827,884
32724,7407,4714,1576,7591,7821
32725,8902,9972,9436,3670,1772
32726,8902,2390,1576,9935,663
32727,7856,9493,8854,4537,7145
32728,3890,9972,9436,1632,6438
32729,7407,4714,1576,7591,4202
32730,8902,2390,9016,4985,3660
32731,8902,4714,1576,9935,4160
32732,8902,9972,9016,9743,6222
32733,8902,2390,9016,9935,7145
32734,7856,1478,1576,9935,7145
32735,8902,2390,9016,4827,884
32736,8902,9972,317,9233,998
32737,8902,9972,1576,292,8784
32738,8902,2390,1576,8433,884
32739,7856,4714,1576,4985,7821
32740,3299,9972,9016,4731,884
32741,7856,4714,1576,7591,884
32742,8902,4714,9016,1592,6901
32743,7856,2390,1576,9935,7145
32744,8902,9972,1576,4827,884
32745,8902,2390,1576,9743,884
32746,8902,9972,317,4573,1516
32747,8902,9972,1576,9742,884
32748,8902,2390,9436,3537,884
32749,7856,9566,2005,9935,4888
32750,7856,9493,1576,2195,7145
32751,2603,9972,9436,3537,6438
32752,8902,9972,317,4573,1516
32753,8902,1478,1576,9935,1772
32754,7856,1478,1576,7591,7145
32755,8902,9972,1576,9935,1772
32756,3890,9972,9436,4569,1516
32757,7856,1478,1576,9935,8548
32758,7856,2390,1576,7591,884
32759,8902,2390,240,9742,884
32760,7856,2390,240,4827,7145
32761,7856,9493,1576,8433,8548
32762,8902,2390,1576,9935,6
32763,8902,9493,1576,7591,884
32764,7856,9972,1576,7591,8548
32765,8902,9972,7093,9935,2422
32766,8902,9972,1576,9935,8548
32767,7407,4714,1576,4985,4202
32768,7856,1478,240,2195,3746
32769,7856,9972,7093,9935,6
32770,7856,2390,1576,7591,884
32771,8902,9972,1576,7591,1772
32772,7856,4714,4026,7591,8548
32773,7856,9972,1576,7591,1772
32774,8902,9972,4298,8433,884
32775,7856,9972,1576,7591,663
32776,7856,1478,1576,9935,8548
32777,7856,9972,1576,7591,884
32778,3890,9972,9436,4573,6438
32779,7856,2390,1576,9935,8548
32780,7856,3229,1576,9935,1772
32781,7856,3229,1576,4985,3660
32782,7856,2390,1576,2195,884
32783,7856,9972,9436,7591,1772
32784,8902,2390,1576,9935,7356
32785,7856,1478,240,7591,1572
32786,8902,9972,1294,1879,1772
32787,2603,9972,9436,2586,884
32788,7856,4714,1576,7591,4202
32789,7856,1478,317,9935,884
32790,8902,4714,1576,4985,7821
32791,3890,666,9436,4573,1874
32792,8902,9972,9436,4573,884
32793,8902,2390,1576,7591,884
32794,3890,9972,9436,2586,6438
32795,8902,2390,1576,4985,7145
32796,8902,9972,1576,9935,884
32797,2383,4714,1576,7178,884
32798,2383,9972,9436,4573,4101
32799,7407,4714,1576,7591,8548
32800,8902,9972,1576,4985,8096
32801,7856,2390,1576,9935,7145
32802,7856,4714,1576,7591,884
32803,2383,9972,9016,2969,1874
32804,7856,3253,2005,7591,9443
32805,7856,1478,1576,7591,8548
32806,7856,4714,1576,7591,2422
32807,7856,1478,1294,9935,1772
32808,8902,9972,9436,8008,884
32809,7856,1478,1576,9935,7145
32810,3299,3229,9016,5812,6222
32811,8902,2390,1576,9935,663
32812,7856,4714,7093,9935,2422
32813,7856,4714,1576,4985,7821
32814,8902,6429,2345,9935,2422
32815,8902,4714,1576,7591,663
32816,8902,9972,1576,4985,884
32817,3890,9972,9436,3537,884
32818,2383,5353,1576,9742,884
32819,7856,1478,1576,9935,1772
32820,7856,9493,1576,9935,8548
32821,7856,4714,1576,7591,8548
32822,2383,666,9436,8008,884
32823,8902,2390,9436,7591,884
32824,8902,1478,1576,9935,1772
32825,8902,9972,9016,4573,6743
32826,7407,4714,1576,1592,8548
32827,7856,2390,1576,7591,663
32828,7856,9972,1576,9935,6
32829,7856,2390,1576,7591,7145
32830,7856,2390,1576,9935,7821
32831,7856,2390,1576,9935,663
32832,7856,9972,9016,7591,4160
32833,8902,9972,1294,8433,8784
32834,8902,9972,9016,9935,2422
32835,8902,9972,3065,9742,884
32836,7856,9493,1576,9935,663
32837,8902,9972,7093,7591,1772
32838,3890,9972,9436,3537,884
32839,8902,9972,1576,4985,1772
32840,7856,4714,1576,7591,4202
32841,7856,9493,5184,9455,1449
32842,7856,4714,1576,9935,884
32843,7407,4714,4026,9935,657
32844,7856,9972,1576,4985,8548
32845,7407,4714,1576,7591,7821
32846,7856,4714,1576,7591,1772
32847,3890,9972,1294,4573,3119
32848,3299,9972,1294,9742,884
32849,8902,9972,1576,4985,6992
32850,7407,4714,9016,9743,4202
32851,7407,4714,4026,7591,7821
32852,7407,9972,1576,9935,663
32853,8902,9972,1576,9935,6
32854,2383,5353,240,8433,884
32855,7856,4714,1576,7591,8548
32856,8902,2390,9436,8008,884
32857,2383,2390,1576,2195,884
32858,7856,9972,1576,7591,7145
32859,8902,9972,9436,4573,1772
32860,7856,9493,8854,7591,884
32861,7856,1478,1294,9935,8548
32862,7856,9493,8854,7591,1449
32863,2603,9972,9436,8008,884
32864,8902,2390,1576,4985,1836
32865,7856,9972,7093,9935,1772
32866,7856,9566,1576,7591,7821
32867,7856,4714,1576,9935,663
32868,2383,5353,240,8008,884
32869,7407,4714,1576,1592,657
32870,7856,1478,2005,9935,1772
32871,7856,9972,1576,7591,4199
32872,8902,4714,1576,7591,4160
32873,7407,4714,1576,7591,8548
32874,8902,9972,9016,1879,6743
32875,7856,4714,1576,7591,7821
32876,2603,9972,3065,3537,6438
32877,8902,3229,9016,4827,884
32878,7856,1478,240,4573,3746
32879,7856,9972,1576,9935,663
32880,8902,9972,7093,7591,2422
32881,7407,4714,1576,7178,6743
32882,3299,4714,1576,4827,884
32883,7856,4714,1576,9935,663
32884,8902,9972,317,4827,884
32885,2603,9972,9436,2969,6438
32886,7856,9972,1576,9935,8548
32887,2603,7134,1576,5812,6222
32888,7856,1478,240,2195,8548
32889,7856,9972,1576,7591,884
32890,8902,9972,9016,4985,884
32891,2603,9972,317,2969,1516
32892,8902,2463,1294,9935,1772
32893,7856,1478,1576,9935,7145
32894,8902,9972,9016,9935,2422
32895,7856,9493,240,2195,9443
32896,8902,2390,3065,4827,884
32897,7856,9972,1576,9935,6
32898,7856,4714,1576,9935,9385
32899,8902,2390,1576,9935,884
32900,8902,2390,1576,9935,7145
32901,8902,9972,1576,9935,884
32902,7407,3229,9016,4985,6
32903,2383,9972,9436,4827,884
32904,7856,4714,1576,7591,8548
32905,8902,2390,1576,4985,7145
32906,7856,4714,1576,7591,8548
32907,8902,9972,317,9935,1772
32908,8902,9972,1576,5046,1772
32909,8902,9972,7093,9935,1772
32910,7407,4714,1576,4985,4202
32911,2383,9972,9436,2969,3216
32912,7856,9972,1576,4985,7356
32913,7856,4714,1576,7591,663
32914,8902,2390,1576,4731,7495
32915,7856,1478,240,7591,9443
32916,8902,9972,1576,4985,1772
32917,8902,9972,9436,3537,884
32918,7856,4714,1576,7591,8548
32919,7856,2390,1576,7591,663
32920,7856,4714,9016,7591,7145
32921,2383,2390,9044,4731,884
32922,8902,2463,1576,9935,8548
32923,7856,9493,1576,4985,7145
32924,2603,9972,84,2969,8784
32925,7856,9972,1576,7591,8548
32926,2383,7134,9044,4827,884
32927,3890,9972,9436,2969,1516
32928,8902,2390,1576,5812,6992
32929,8902,9972,1576,2586,663
32930,8902,2390,9016,4827,884
32931,8902,9972,1576,9935,1772
32932,2383,666,9436,4827,884
32933,7856,9972,1576,7591,6
32934,8902,4714,1576,1592,4202
32935,8902,9972,1294,9935,884
32936,8902,2390,1576,9743,7145
32937,8902,4714,1576,9935,8548
32938,7856,9493,1576,7591,8548
32939,8902,9972,1294,3670,884
32940,8902,9972,1576,9935,9913
32941,8902,9972,1294,4573,3119
32942,7856,4714,1576,7591,663
32943,7856,4714,9436,4569,884
32944,8902,9972,1294,7591,6
32945,7856,4714,1576,7591,8548
32946,7856,2390,1576,7591,8548
32947,8902,9972,1294,7591,3746
32948,7856,4714,1576,9935,2422
32949,7856,1478,1576,7591,8548
32950,8902,1478,7093,9935,1772
32951,7856,1478,1576,7591,8548
32952,3299,9972,9016,9743,884
32953,7856,1478,1576,7591,884
32954,7856,9493,1576,9935,884
32955,8902,2390,1576,9935,6743
32956,7856,3229,1576,9935,7145
32957,7856,9972,7093,9935,1772
32958,7856,1478,1576,7591,7145
32959,7856,1478,1576,9935,8548
32960,7856,2390,3647,9935,7145
32961,2383,7134,3065,9742,884
32962,3890,9972,9436,8008,884
32963,7856,1478,4026,7591,8548
32964,7856,4714,7093,9935,7145
32965,7856,4714,1576,9935,663
32966,8902,9972,9436,8433,884
32967,8902,9972,1294,7591,8548
32968,8902,9972,8815,9935,2422
32969,8902,2390,7093,9935,884
32970,8902,2390,9436,8008,884
32971,7856,9972,7093,7591,3660
32972,8902,9972,1576,3537,6
32973,8902,9972,9016,4985,6
32974,3890,9972,9436,2969,884
32975,7856,2390,1576,7591,7145
32976,7856,4714,1576,7591,884
32977,8902,2390,1576,8433,884
32978,8902,9972,1294,4985,1772
32979,8902,9972,1576,7591,6
32980,8902,2390,1576,4985,884
32981,8902,9972,9436,8008,884
32982,2383,9972,9016,7039,884
32983,8902,9972,9016,9935,6743
32984,8902,9972,5055,8257,6
32985,7856,1478,4026,7591,7356
32986,7856,9972,1576,9935,1772
32987,2383,2390,9016,2969,884
32988,7856,3229,1576,7591,8548
32989,7856,1478,1576,7591,8548
32990,8902,9972,317,3764,6992
32991,2383,9493,240,8433,884
32992,7856,4714,1576,4985,7821
32993,7856,9493,240,2195,8548
32994,8902,9493,1576,8433,884
32995,2383,5353,240,3670,1772
32996,7856,9972,1576,7591,6
32997,8902,9972,317,4573,1516
32998,7856,2390,7093,9935,884
32999,7856,1478,240,2195,7145
33000,7856,4714,1576,7591,4202
33001,7407,4714,1576,7591,4202
33002,8902,2390,317,8008,884
33003,7856,2390,1576,7591,7145
33004,7856,2390,1576,9935,663
33005,7856,2390,1576,9935,8548
33006,8902,1478,1576,7591,7145
33007,8902,4714,1576,4985,8509
33008,8902,3229,9016,7591,2422
33009,7856,1478,1576,9935,663
33010,8902,4714,1576,7591,884
33011,7856,2390,1576,7591,8548
33012,7856,4714,1576,7591,663
33013,7856,4714,1576,7591,663
33014,7856,2390,1576,9935,7145
33015,7856,4714,1576,7591,8548
33016,8902,9972,7093,9935,3660
33017,7856,9972,1294,7591,6
33018,3890,9972,9436,4573,6438
33019,7856,75,240,2195,884
33020,8902,1478,317,8008,884
33021,8902,9972,1576,4573,1772
33022,7407,4714,1576,7591,4202
33023,7856,9566,1576,9935,663
33024,8902,9972,1576,3764,1772
33025,7856,9972,1576,7591,8548
33026,8902,9972,1576,7591,6
33027,7856,4714,8854,7591,7145
33028,7856,1478,1576,4777,884
33029,8902,9972,9436,4827,884
33030,7856,4714,8854,7591,7821
33031,8902,2390,9016,3646,884
33032,8902,2390,9436,3537,884
33033,8902,9972,1576,1879,6
33034,7856,4714,1576,7591,7145
33035,8902,2390,9016,4827,884
33036,8902,4714,9016,1592,6901
33037,7407,4714,4026,7591,8548
33038,2383,9972,9016,4827,884
33039,8902,2463,1576,9935,1772
33040,7856,3253,240,2195,3401
33041,7407,4714,1576,7591,657
33042,7856,1478,1576,7591,7145
33043,7407,4714,1576,9935,2422
33044,8902,9972,317,4573,3660
33045,7856,4714,1576,7591,8548
33046,3890,9972,1294,2586,3119
33047,8902,9972,1576,4985,3660
33048,7407,4714,1576,7591,4202
33049,2603,9972,9436,4573,6438
33050,7856,9493,240,8302,7145
33051,8902,9972,1576,4573,6743
33052,7856,4714,1576,7591,663
33053,8902,2390,9436,9935,1516
33054,7856,4714,1576,8302,7145
33055,8902,9972,9016,5812,6222
33056,7407,4714,1576,9935,663
33057,7856,9566,1576,9935,663
33058,2383,75,240,8433,884
33059,7856,4714,1576,9935,8548
33060,7856,2390,1576,9935,9443
33061,7856,4714,1576,7591,2422
33062,8902,9972,9436,8008,6438
33063,3890,9972,9436,4573,1772
33064,2383,9972,9436,8008,884
33065,8902,9972,317,3764,1772
33066,7856,4714,1576,4985,884
33067,7856,9493,1576,9935,884
33068,8902,9972,1576,7591,663
33069,7856,1478,240,7591,9443
33070,7856,4714,5184,9935,8548
33071,7856,4714,1576,7591,884
33072,8902,9972,9436,4573,1772
33073,7856,9972,1576,7591,7356
33074,8902,2390,1576,7591,1772
33075,3474,9972,1294,2195,3401
33076,7856,4714,7093,9935,2422
33077,7856,9972,7093,9935,6
33078,8902,9972,8779,9935,1772
33079,7856,9493,8854,7591,3446
33080,8902,9972,1576,7591,663
33081,8902,2390,9016,7039,884
33082,7856,1478,1576,4573,3746
33083,3890,5353,317,9935,884
33084,8902,9972,1576,9935,1772
33085,7407,4714,3065,7591,8464
33086,8902,9972,1576,9935,1772
33087,8902,9972,9436,2969,6438
33088,7856,9566,1576,9935,7145
33089,7856,9972,1576,7591,1772
33090,2383,5353,240,4731,884
33091,7856,2390,1576,9935,8548
33092,8902,9972,1576,9935,6992
33093,7856,6429,4622,9935,9385
33094,7856,1478,240,9935,1772
33095,8902,9972,1576,292,3216
33096,2383,666,9044,4827,884
33097,7856,1478,1576,9935,7145
33098,7856,1478,1576,9935,1772
33099,7856,9493,1576,9935,8548
33100,7856,2390,1576,9935,8548
33101,7856,4714,2345,9935,2422
33102,8902,9566,1576,9935,8548
33103,7407,9972,1294,5812,4202
33104,8902,9972,1576,7591,6
33105,7856,9972,7093,9935,6
33106,8902,9972,9436,9742,884
33107,7856,9493,1576,9935,8548
33108,8902,9972,1576,9935,8341
33109,7856,1478,1576,9935,9443
33110,7856,2390,1576,7591,884
33111,8902,9972,9436,7591,6
33112,7407,9972,9016,9935,2422
33113,7407,4714,1576,7591,7356
33114,5971,3229,1576,1592,7826
33115,8902,2390,9016,7178,884
33116,7856,3229,1576,9935,2422
33117,7856,9972,1576,9935,1772
33118,7407,3229,1576,4985,6813
33119,7856,4714,4026,7591,7821
33120,7856,1478,1576,7591,7145
33121,2383,7134,8375,284,4101
33122,7856,2390,1576,4985,7145
33123,7856,9493,1576,8433,884
33124,7856,1478,1576,7591,7145
33125,7856,4714,9016,7591,2422
33126,8902,9566,1576,9935,1772
33127,7856,9972,1576,9935,8548
33128,7856,1478,1576,9935,1772
33129,7856,4714,1576,7591,663
33130,8902,1478,2005,9935,4542
33131,2603,9972,9436,2969,1516
33132,7856,4714,1576,7591,8548
33133,7856,9972,1576,9935,8548
33134,7856,1478,1576,7591,8548
33135,7856,2390,1576,9935,7145
33136,8902,9972,7093,7591,884
33137,8902,9972,1576,9935,7145
33138,2383,5353,9016,4827,884
33139,7856,4714,1576,7591,884
33140,8902,9972,6851,4573,1516
33141,3890,9972,9436,4573,6438
33142,3299,9972,9016,5812,6222
33143,7856,9972,1576,9935,1772
33144,8902,9972,1576,9935,1772
33145,7407,4714,1576,7591,8548
33146,7856,2390,1576,9935,1772
33147,7856,9493,1576,7591,884
33148,7856,4714,1576,7591,7821
33149,2603,9972,9044,3670,884
33150,7856,9972,1576,7591,2422
33151,8902,9972,9016,4985,7145
33152,8902,4714,1576,4985,7821
33153,7856,4714,1576,7591,8784
33154,8902,4714,1576,9935,7356
33155,7856,9972,1576,7591,8548
33156,7856,1478,1576,9935,8548
33157,7856,1478,240,7591,3746
33158,2383,7134,9436,1632,6222
33159,8902,9972,9016,9743,884
33160,7407,4714,1576,7591,884
33161,3299,7134,9436,8257,6438
33162,7856,3229,1576,4985,3660
33163,3890,9972,9436,1862,1874
33164,7856,9493,8854,8302,7145
33165,7856,9493,8854,7591,884
33166,7856,4714,1576,9935,2422
33167,2383,2390,1576,5812,884
33168,8902,9972,354,4573,6813
33169,8902,9972,1294,4573,6438
33170,8902,4714,3065,7591,884
33171,2383,666,240,7039,3401
33172,8902,4714,1576,3178,884
33173,3299,2390,9016,5812,5068
33174,7407,4714,1576,7591,4202
33175,7856,1478,1576,9935,7145
33176,8902,4714,9016,4985,884
33177,7856,4714,1576,7591,663
33178,7407,9493,1576,9935,7821
33179,7856,75,240,1563,1772
33180,7856,9972,1576,7591,3660
33181,7856,4714,1576,7591,663
33182,7407,9566,1576,9935,8548
33183,8902,9972,7093,4573,6
33184,7856,1478,317,1304,884
33185,7856,4714,1576,7591,6
33186,3890,9972,9016,5812,6222
33187,8902,7134,9016,4827,884
33188,8902,2390,1576,1879,663
33189,7407,4714,1576,9935,9337
33190,8902,4714,1576,4985,7145
33191,2383,7134,9016,4827,884
33192,4237,9972,9436,4573,3119
33193,7856,4714,1576,7591,884
33194,8902,9972,1294,4985,1772
33195,7856,9972,1576,7591,884
33196,7407,4714,1576,1592,7821
33197,8902,9972,1576,7591,1772
33198,8902,9972,1576,7591,884
33199,7407,4714,1576,1592,7821
33200,7856,9493,1576,7591,7145
33201,7856,2390,1576,7591,3401
33202,7856,1478,1576,7591,3746
33203,7407,3229,1576,4985,2422
33204,3890,9972,1319,4573,884
33205,8902,9972,1576,4985,2422
33206,7856,9493,1576,8433,7145
33207,7407,4714,1576,7591,4202
33208,7856,9972,1576,9935,6
33209,8902,9972,1576,7591,1772
33210,8902,3229,9016,4985,7826
33211,7407,3229,1576,7591,657
33212,8902,2463,1576,9935,8548
33213,7856,2390,1576,9935,7145
33214,7856,666,240,2195,5177
33215,3474,9493,1576,8433,6689
33216,2383,7134,9436,4827,884
33217,7407,4714,1576,7591,7145
33218,7856,6429,1576,9935,9337
33219,8902,9972,9436,9935,1772
33220,7856,9972,1576,9935,1772
33221,7856,9493,1576,7591,8548
33222,7856,1478,1576,7591,8548
33223,7856,4714,1576,9935,7145
33224,8902,9972,1576,7591,3660
33225,7856,3253,1576,9935,8548
33226,7407,3229,1576,5812,7995
33227,8902,2390,1576,9935,1772
33228,7856,1478,240,9935,8548
33229,8902,2390,1576,7591,6
33230,7407,3229,1576,1592,4202
33231,7856,4714,1576,7591,8548
33232,7856,4714,7093,9935,2422
33233,8902,9972,1576,9935,663
33234,7856,1478,1576,7591,3401
33235,8902,9972,1576,9935,663
33236,7856,9566,1576,9935,1772
33237,7407,4714,1576,7591,8548
33238,8902,9972,240,8433,884
33239,7856,4714,1576,7591,5885
33240,8902,9972,1576,9935,6
33241,8902,4714,1576,9935,2422
33242,8902,2390,1576,9935,1772
33243,2383,9972,317,7616,1516
33244,7856,1478,1576,7591,663
33245,2603,9972,9436,8008,884
33246,7856,4714,4026,7591,8548
33247,7856,75,1576,2195,7145
33248,8902,2463,317,9935,1772
33249,7856,4714,1576,4985,7145
33250,7856,9566,1576,9935,8548
33251,7856,9493,9016,9935,884
33252,8902,2390,240,4827,884
33253,7407,9972,1576,9935,663
33254,7856,4714,8854,7591,5690
33255,8902,7134,9016,4827,884
33256,8902,9972,317,3764,1772
33257,8902,9972,1576,7591,7821
33258,7856,2390,1576,7591,7145
33259,7856,9972,1294,5812,884
33260,2383,9972,240,9742,884
33261,7856,1478,240,7591,9443
33262,7856,4714,1576,7591,8548
33263,7856,1478,240,9935,9337
33264,7856,4714,1576,7591,7145
33265,7407,4714,1576,9935,663
33266,7856,4714,1576,7591,7356
33267,7856,4714,8726,4839,6
33268,8902,9972,1576,4573,6
33269,2603,9972,9044,2195,2639
33270,8902,9972,1294,1879,1516
33271,8902,9972,9436,4573,6438
33272,7856,4714,1576,4827,884
33273,2603,9972,9436,8008,884
33274,8902,9972,9436,8650,6438
33275,7856,1478,1576,7591,3746
33276,7856,4714,1576,9935,663
33277,7856,4714,240,7591,3446
33278,7407,4714,1576,6765,4202
33279,7856,2390,1576,9935,8548
33280,7856,9972,1576,7591,3660
33281,7856,9972,1576,7591,1772
33282,8902,3229,9016,9743,7145
33283,8902,9972,1576,9935,6743
33284,7856,1478,7093,4573,3746
33285,7407,3229,1576,7591,3660
33286,7856,2390,1576,9935,8548
33287,7856,4714,1576,7591,7821
33288,8902,2390,1576,3764,1772
33289,8902,9972,1576,9935,1772
33290,8902,4714,1576,1592,6901
33291,8902,9972,1576,7591,1772
33292,7856,9566,1576,7591,8548
33293,7856,9493,1576,7591,884
33294,8902,9972,9016,4985,6901
33295,7856,1478,1576,9935,8548
33296,3890,9972,1576,7591,3746
33297,3890,9972,9016,4573,6438
33298,7856,4714,1576,7591,884
33299,7856,1478,1576,7591,7145
33300,8902,9972,317,7591,1772
33301,2383,7134,9044,9742,884
33302,8902,3229,9016,7591,2422
33303,8902,2390,1576,7591,7145
33304,7407,4714,1576,4985,4202
33305,8902,9972,9436,4573,1516
33306,7856,1478,8779,2195,2796
33307,8902,9972,1576,9935,1772
