ids,epoch_0,epoch_1
0,384,59
1,143,59
2,305,59
3,406,99
4,237,197
5,206,99
6,162,216
7,162,162
8,67,306
9,369,144
10,144,144
11,269,144
12,2,94
13,282,407
14,390,198
15,14,300
16,300,300
17,300,300
18,388,385
19,504,109
20,136,272
21,428,357
22,94,282
23,94,405
24,296,75
25,430,430
26,291,430
27,306,306
28,94,94
29,64,150
30,40,98
31,112,84
32,98,166
33,398,319
34,316,72
35,426,73
36,238,238
37,245,237
38,193,172
39,73,265
40,565,376
41,407,25
42,49,48
43,49,49
44,94,94
45,260,286
46,7,7
47,132,7
48,204,147
49,37,154
50,51,51
51,172,297
52,310,308
53,55,698
54,315,218
55,218,218
56,300,210
57,282,111
58,231,402
59,120,410
60,254,195
61,344,415
62,5,415
63,255,148
64,275,148
65,148,148
66,280,179
67,416,423
68,179,179
69,377,297
70,65,234
71,75,377
72,15,47
73,416,47
74,209,429
75,27,137
76,504,55
77,359,359
78,424,7
79,26,199
80,282,273
81,4,4
82,102,4
83,4,4
84,424,190
85,83,41
86,252,216
87,377,77
88,261,261
89,237,261
90,315,370
91,40,370
92,237,370
93,37,204
94,208,420
95,240,246
96,475,212
97,225,103
98,105,212
99,178,139
100,214,139
101,178,139
102,295,295
103,121,25
104,35,295
105,338,5
106,138,5
107,317,5
108,50,156
109,136,228
110,309,135
111,244,328
112,404,108
113,318,128
114,233,284
115,284,284
116,847,284
117,42,208
118,48,13
119,42,221
120,394,369
121,161,251
122,210,251
123,69,46
124,157,188
125,157,95
126,402,296
127,160,223
128,169,223
129,68,375
130,22,22
131,431,306
132,423,371
133,433,140
134,90,261
135,153,221
136,219,294
137,376,21
138,98,45
139,186,45
140,200,45
141,64,53
142,85,26
143,271,233
144,371,371
145,747,422
146,371,371
147,288,78
148,170,25
149,654,379
150,362,362
151,9,411
152,329,233
153,214,396
154,279,279
155,438,241
156,181,381
157,381,381
158,63,381
159,163,378
160,193,62
161,362,378
162,358,129
163,219,205
164,194,120
165,166,414
166,192,192
167,43,744
168,405,113
169,374,82
170,25,374
171,243,243
172,363,143
173,79,421
174,107,229
175,306,203
176,265,375
177,651,666
178,101,101
179,101,101
180,315,315
181,189,315
182,266,413
183,47,30
184,238,51
185,9,51
186,255,188
187,324,405
188,118,139
189,368,368
190,368,368
191,106,368
192,187,174
193,143,174
194,170,59
195,361,35
196,121,143
197,287,35
198,258,231
199,258,258
200,54,297
201,117,268
202,404,268
203,268,268
204,411,317
205,317,317
206,415,317
207,39,39
208,546,392
209,70,92
210,159,159
211,422,159
212,240,370
213,395,260
214,198,198
215,37,260
216,289,42
217,70,183
218,188,188
219,421,71
220,79,79
221,71,79
222,67,67
223,410,355
224,42,127
225,267,108
226,268,334
227,344,128
228,220,220
229,16,220
230,216,220
231,216,216
232,139,162
233,34,216
234,195,195
235,416,205
236,664,47
237,176,176
238,254,178
239,103,216
240,0,98
241,114,98
242,139,98
243,64,48
244,57,113
245,237,48
246,511,232
247,367,263
248,232,288
249,189,45
250,297,377
251,370,40
252,137,228
253,191,114
254,295,433
255,336,374
256,374,436
257,542,146
258,362,437
259,469,531
260,252,655
261,260,62
262,210,6
263,37,37
264,128,128
265,57,128
266,128,128
267,374,385
268,337,198
269,157,338
270,19,399
271,120,399
272,666,437
273,371,42
274,4,89
275,279,234
276,131,131
277,187,174
278,421,202
279,96,212
280,96,96
281,96,21
282,189,182
283,403,337
284,208,297
285,179,351
286,228,351
287,280,351
288,2,55
289,204,282
290,71,282
291,17,34
292,684,751
293,95,95
294,328,400
295,249,227
296,47,47
297,143,261
298,380,367
299,217,570
300,261,7
301,198,198
302,355,424
303,126,351
304,373,194
305,41,187
306,124,124
307,344,124
308,124,124
309,423,202
310,264,264
311,388,388
312,12,166
313,166,84
314,385,84
315,338,338
316,338,338
317,126,202
318,298,325
319,325,325
320,113,57
321,609,228
322,156,228
323,228,228
324,209,259
325,133,133
326,330,195
327,369,204
328,273,55
329,21,755
330,234,9
331,362,362
332,418,362
333,334,74
334,366,74
335,814,73
336,74,401
337,74,814
338,267,186
339,204,279
340,53,430
341,251,251
342,43,43
343,422,422
344,70,238
345,325,117
346,250,334
347,298,108
348,38,40
349,424,374
350,113,647
351,267,102
352,421,13
353,42,102
354,244,244
355,215,129
356,273,230
357,214,181
358,127,416
359,628,804
360,260,160
361,138,138
362,138,138
363,423,423
364,565,229
365,423,423
366,12,209
367,393,213
368,238,238
369,47,396
370,808,410
371,282,401
372,322,322
373,322,322
374,220,216
375,105,142
376,521,142
377,224,54
378,370,167
379,579,536
380,394,394
381,21,140
382,822,321
383,321,321
384,389,203
385,266,261
386,5,156
387,167,15
388,18,414
389,656,461
390,85,436
391,272,436
392,22,436
393,274,336
394,49,281
395,66,174
396,106,106
397,323,210
398,106,106
399,643,203
400,380,136
401,243,375
402,361,127
403,313,161
404,319,319
405,310,197
406,197,9
407,307,154
408,57,435
409,60,60
410,267,60
411,320,34
412,299,34
413,34,34
414,78,318
415,377,230
416,130,64
417,260,85
418,202,85
419,402,85
420,405,262
421,262,262
422,55,365
423,37,150
424,260,388
425,288,85
426,255,255
427,255,402
428,255,255
429,19,19
430,41,261
431,68,55
432,217,436
433,359,138
434,145,145
435,247,247
436,288,126
437,247,609
438,87,87
439,294,367
440,87,87
441,174,170
442,187,170
443,170,170
444,18,226
445,261,226
446,330,330
447,223,357
448,354,357
449,26,357
450,345,345
451,133,205
452,334,344
453,232,387
454,537,387
455,387,387
456,26,331
457,11,144
458,394,144
459,340,340
460,73,326
461,111,326
462,307,307
463,307,154
464,112,307
465,63,314
466,11,158
467,113,375
468,354,327
469,327,327
470,421,327
471,337,202
472,244,350
473,24,70
474,31,81
475,103,81
476,305,81
477,356,121
478,348,348
479,390,252
480,359,575
481,89,250
482,391,391
483,406,406
484,406,406
485,406,206
486,124,18
487,124,18
488,487,861
489,94,366
490,59,366
491,192,384
492,349,115
493,302,396
494,8,115
495,340,424
496,421,252
497,126,41
498,241,222
499,222,222
500,380,222
501,66,66
502,384,66
503,717,66
504,37,24
505,163,269
506,50,269
507,287,66
508,152,361
509,322,22
510,374,405
511,405,405
512,345,152
513,5,428
514,152,296
515,358,435
516,237,168
517,422,168
518,75,151
519,103,80
520,111,323
521,205,323
522,405,133
523,176,411
524,791,411
525,832,350
526,233,411
527,286,164
528,216,22
529,363,363
530,264,363
531,379,54
532,384,402
533,225,225
534,433,125
535,403,403
536,832,666
537,50,109
538,424,35
539,273,382
540,756,119
541,119,186
542,200,396
543,359,423
544,91,22
545,34,59
546,354,354
547,231,135
548,196,354
549,353,437
550,405,241
551,406,241
552,28,28
553,16,16
554,685,27
555,418,393
556,362,4
557,269,393
558,15,418
559,99,362
560,144,206
561,334,205
562,267,259
563,415,233
564,305,211
565,363,322
566,211,211
567,161,260
568,169,78
569,430,251
570,19,55
571,35,296
572,442,186
573,392,392
574,279,392
575,392,392
576,40,40
577,40,40
578,36,40
579,382,355
580,222,274
581,194,239
582,74,212
583,498,67
584,287,32
585,18,253
586,287,107
587,165,107
588,258,258
589,34,113
590,251,299
591,59,130
592,48,119
593,303,183
594,244,128
595,298,117
596,119,244
597,337,337
598,143,337
599,137,137
600,88,209
601,415,209
602,9,209
603,256,353
604,12,65
605,140,65
606,393,413
607,413,413
608,393,315
609,153,139
610,381,309
611,375,375
612,71,71
613,71,71
614,309,71
615,305,383
616,240,293
617,81,103
618,253,253
619,253,224
620,148,382
621,35,410
622,390,402
623,74,258
624,52,52
625,176,363
626,781,398
627,33,33
628,33,33
629,33,33
630,433,419
631,108,411
632,65,419
633,67,407
634,187,17
635,264,82
636,357,428
637,158,435
638,349,390
639,353,353
640,353,353
641,307,307
642,324,210
643,273,55
644,566,208
645,39,140
646,333,331
647,367,331
648,95,150
649,752,324
650,257,121
651,37,70
652,70,70
653,378,70
654,5,85
655,260,5
656,48,575
657,299,141
658,141,141
659,141,141
660,197,9
661,259,259
662,259,259
663,19,374
664,452,30
665,575,575
666,422,382
667,269,290
668,41,380
669,268,334
670,171,57
671,417,417
672,344,437
673,212,156
674,181,369
675,643,274
676,321,324
677,434,349
678,374,568
679,260,107
680,79,423
681,75,575
682,225,75
683,99,404
684,430,319
685,139,335
686,389,335
687,243,359
688,375,85
689,467,431
690,131,366
691,54,383
692,192,59
693,586,41
694,422,555
695,351,187
696,122,122
697,273,383
698,138,165
699,254,293
700,293,293
701,293,293
702,373,409
703,373,373
704,373,373
705,109,109
706,109,109
707,60,692
708,381,63
709,63,63
710,356,63
711,126,425
712,31,50
713,160,333
714,54,281
715,281,281
716,121,281
717,260,394
718,375,181
719,86,86
720,205,0
721,0,0
722,323,0
723,193,135
724,188,363
725,135,135
726,5,5
727,27,10
728,424,17
729,368,15
730,15,15
731,396,204
732,216,17
733,424,27
734,359,35
735,82,87
736,172,272
737,194,288
738,85,186
739,411,186
740,40,186
741,205,205
742,344,345
743,349,300
744,290,290
745,86,422
746,531,290
747,197,61
748,197,61
749,226,353
750,74,250
751,323,411
752,405,23
753,138,303
754,303,303
755,303,303
756,548,75
757,377,219
758,324,125
759,358,120
760,15,205
761,698,196
762,31,231
763,390,79
764,188,423
765,404,372
766,372,372
767,372,372
768,225,185
769,395,185
770,360,185
771,704,356
772,546,137
773,389,371
774,58,58
775,25,121
776,58,58
777,234,130
778,59,37
779,360,130
780,318,328
781,424,349
782,209,418
783,415,209
784,76,12
785,9,1
786,307,353
787,115,362
788,292,181
789,165,165
790,24,235
791,138,234
792,207,55
793,32,265
794,210,219
795,751,684
796,101,416
797,172,416
798,105,848
799,337,288
800,243,394
801,309,309
802,390,29
803,187,309
804,326,341
805,814,341
806,352,341
807,309,278
808,664,259
809,212,167
810,9,9
811,254,9
812,140,397
813,214,169
814,150,293
815,22,383
816,278,278
817,95,278
818,407,264
819,173,151
820,7,358
821,390,202
822,31,158
823,174,158
824,54,158
825,92,277
826,420,551
827,47,396
828,286,62
829,159,394
830,385,385
831,178,36
832,319,14
833,150,14
834,37,177
835,375,315
836,420,162
837,412,412
838,368,266
839,233,412
840,282,292
841,292,292
842,10,731
843,332,332
844,332,332
845,11,166
846,424,27
847,143,180
848,180,180
849,220,220
850,176,66
851,10,103
852,175,426
853,175,426
854,5,426
855,422,278
856,536,87
857,426,426
858,259,310
859,82,197
860,310,310
861,185,307
862,225,225
863,212,400
864,505,534
865,619,856
866,451,535
867,427,427
868,45,396
869,55,427
870,1,396
871,396,396
872,396,396
873,40,376
874,7,146
875,75,427
876,60,15
877,701,380
878,294,388
879,302,189
880,233,47
881,315,189
882,114,215
883,316,215
884,244,215
885,313,681
886,259,276
887,344,345
888,6,507
889,578,575
890,77,546
891,225,356
892,316,316
893,316,316
894,413,266
895,75,391
896,106,266
897,176,329
898,317,195
899,12,345
900,91,367
901,367,295
902,331,367
903,27,359
904,32,331
905,86,422
906,200,200
907,12,140
908,234,200
909,222,394
910,247,210
911,69,200
912,204,227
913,55,184
914,312,329
915,152,10
916,10,10
917,10,10
918,176,45
919,353,89
920,293,323
921,12,195
922,195,1
923,9,195
924,323,25
925,344,250
926,400,400
927,65,65
928,283,250
929,65,345
930,187,224
931,338,272
932,467,337
933,602,296
934,173,168
935,208,350
936,433,708
937,415,277
938,329,76
939,352,171
940,185,333
941,171,171
942,282,175
943,344,188
944,283,575
945,341,33
946,383,363
947,234,116
948,233,76
949,413,250
950,307,321
951,267,267
952,282,267
953,268,267
954,643,244
955,323,244
956,127,401
957,434,201
958,380,27
959,752,752
960,804,377
961,273,27
962,186,26
963,189,233
964,284,227
965,323,233
966,435,42
967,299,185
968,119,225
969,75,57
970,578,793
971,82,244
972,394,62
973,62,62
974,62,62
975,133,133
976,411,133
977,209,133
978,110,32
979,110,110
980,37,110
981,431,125
982,257,231
983,249,171
984,105,105
985,105,105
986,475,745
987,390,275
988,390,275
989,275,275
990,348,421
991,121,389
992,102,295
993,222,391
994,107,431
995,247,379
996,51,360
997,271,138
998,300,360
999,262,406
1000,701,21
1001,734,82
1002,748,127
1003,355,776
1004,45,93
1005,677,129
1006,188,337
1007,7,337
1008,163,163
1009,378,163
1010,163,163
1011,365,139
1012,286,246
1013,241,286
1014,68,386
1015,139,120
1016,293,120
1017,708,64
1018,345,314
1019,88,362
1020,185,325
1021,173,173
1022,374,48
1023,192,264
1024,190,280
1025,527,488
1026,215,350
1027,106,288
1028,420,42
1029,814,404
1030,404,404
1031,404,404
1032,396,418
1033,12,65
1034,51,429
1035,194,194
1036,194,194
1037,194,194
1038,332,207
1039,192,288
1040,207,207
1041,344,51
1042,222,406
1043,262,429
1044,250,36
1045,36,36
1046,194,36
1047,297,55
1048,70,11
1049,746,377
1050,354,122
1051,165,165
1052,255,165
1053,42,135
1054,70,93
1055,70,93
1056,190,190
1057,190,190
1058,190,190
1059,379,379
1060,208,208
1061,379,379
1062,71,126
1063,126,126
1064,338,169
1065,261,662
1066,383,235
1067,197,214
1068,348,348
1069,58,58
1070,358,275
1071,222,290
1072,19,380
1073,202,380
1074,350,127
1075,379,297
1076,848,208
1077,226,380
1078,396,396
1079,6,167
1080,37,33
1081,305,305
1082,363,266
1083,6,6
1084,302,65
1085,172,5
1086,226,246
1087,246,246
1088,145,395
1089,121,121
1090,121,121
1091,121,121
1092,330,330
1093,362,330
1094,330,330
1095,435,435
1096,240,208
1097,7,355
1098,502,312
1099,276,276
1100,370,284
1101,140,45
1102,377,256
1103,219,274
1104,318,318
1105,88,318
1106,318,318
1107,268,151
1108,268,117
1109,117,117
1110,752,405
1111,34,363
1112,152,315
1113,98,214
1114,401,214
1115,538,203
1116,64,129
1117,575,113
1118,247,129
1119,348,348
1120,348,348
1121,348,348
1122,193,204
1123,12,204
1124,204,204
1125,349,349
1126,341,349
1127,148,239
1128,371,567
1129,417,204
1130,415,6
1131,206,418
1132,261,339
1133,70,339
1134,332,20
1135,246,20
1136,20,20
1137,191,191
1138,97,191
1139,448,191
1140,415,1
1141,415,1
1142,1,1
1143,85,199
1144,90,127
1145,127,42
1146,77,381
1147,260,261
1148,203,637
1149,277,47
1150,250,227
1151,375,405
1152,365,365
1153,161,365
1154,360,365
1155,199,373
1156,286,119
1157,199,373
1158,29,8
1159,252,814
1160,45,326
1161,205,269
1162,363,363
1163,290,289
1164,188,156
1165,99,193
1166,150,193
1167,181,199
1168,77,375
1169,135,31
1170,86,347
1171,75,401
1172,3,363
1173,252,160
1174,357,71
1175,296,379
1176,382,382
1177,86,363
1178,382,382
1179,76,791
1180,45,99
1181,417,328
1182,182,182
1183,182,182
1184,210,182
1185,41,398
1186,555,124
1187,398,398
1188,353,353
1189,61,90
1190,870,389
1191,93,197
1192,814,814
1193,329,197
1194,216,383
1195,337,58
1196,169,160
1197,152,152
1198,359,152
1199,152,152
1200,282,401
1201,566,67
1202,742,172
1203,91,91
1204,91,91
1205,130,375
1206,126,357
1207,239,379
1208,423,272
1209,375,161
1210,188,161
1211,251,161
1212,3,3
1213,354,3
1214,58,3
1215,41,361
1216,22,361
1217,129,129
1218,359,191
1219,139,178
1220,178,217
1221,415,292
1222,243,265
1223,67,265
1224,309,64
1225,19,7
1226,48,25
1227,110,167
1228,62,378
1229,437,167
1230,240,240
1231,240,240
1232,159,240
1233,320,320
1234,320,320
1235,320,320
1236,54,155
1237,155,155
1238,257,155
1239,43,319
1240,333,383
1241,313,8
1242,422,364
1243,110,110
1244,388,369
1245,190,64
1246,64,79
1247,374,421
1248,38,38
1249,38,38
1250,797,422
1251,368,149
1252,180,322
1253,322,149
1254,413,413
1255,117,405
1256,150,106
1257,196,204
1258,283,271
1259,646,351
1260,138,375
1261,40,92
1262,315,576
1263,291,291
1264,291,291
1265,98,291
1266,433,313
1267,6,250
1268,140,184
1269,26,26
1270,68,179
1271,26,26
1272,231,74
1273,268,814
1274,171,244
1275,95,137
1276,77,355
1277,303,355
1278,218,254
1279,47,300
1280,254,254
1281,324,804
1282,225,250
1283,350,852
1284,365,129
1285,116,100
1286,262,64
1287,796,113
1288,381,197
1289,637,39
1290,270,270
1291,270,270
1292,54,270
1293,54,407
1294,137,137
1295,188,75
1296,41,41
1297,253,41
1298,320,41
1299,426,426
1300,224,224
1301,253,34
1302,692,819
1303,408,408
1304,446,228
1305,867,425
1306,425,425
1307,425,425
1308,67,80
1309,10,856
1310,156,87
1311,237,237
1312,237,237
1313,237,237
1314,391,328
1315,694,192
1316,190,129
1317,214,85
1318,279,344
1319,49,49
1320,425,79
1321,187,109
1322,228,228
1323,156,70
1324,214,214
1325,15,15
1326,72,331
1327,144,214
1328,298,298
1329,382,382
1330,421,252
1331,279,279
1332,71,71
1333,283,127
1334,126,252
1335,223,77
1336,135,311
1337,363,3
1338,726,21
1339,271,165
1340,199,205
1341,131,303
1342,85,366
1343,60,60
1344,390,275
1345,283,302
1346,43,43
1347,804,297
1348,226,335
1349,197,229
1350,154,154
1351,202,303
1352,261,166
1353,351,228
1354,358,303
1355,127,225
1356,410,421
1357,694,166
1358,205,205
1359,329,21
1360,169,247
1361,71,86
1362,368,368
1363,260,222
1364,334,282
1365,342,185
1366,254,254
1367,137,274
1368,250,437
1369,351,333
1370,411,82
1371,372,372
1372,150,188
1373,354,354
1374,10,10
1375,249,249
1376,815,615
1377,216,216
1378,259,195
1379,58,58
1380,126,160
1381,140,365
1382,57,171
1383,275,309
1384,214,166
1385,48,94
1386,215,215
1387,365,102
1388,186,186
1389,598,587
1390,21,21
1391,724,207
1392,776,613
1393,400,323
1394,344,698
1395,306,306
1396,161,394
1397,73,401
1398,431,130
1399,362,418
1400,202,302
1401,428,59
1402,257,257
1403,396,204
1404,401,244
1405,190,85
1406,70,70
1407,330,362
1408,135,87
1409,261,193
1410,193,226
1411,155,77
1412,5,135
1413,387,278
1414,8,8
1415,58,390
1416,283,45
1417,187,58
1418,279,114
1419,373,373
1420,413,413
1421,38,38
1422,58,58
1423,362,418
1424,32,287
1425,244,326
1426,546,192
1427,415,254
1428,386,351
1429,296,231
1430,19,94
1431,137,82
1432,48,48
1433,259,44
1434,362,362
1435,305,302
1436,60,57
1437,202,685
1438,369,138
1439,37,37
1440,12,12
1441,320,320
1442,307,392
1443,244,109
1444,365,181
1445,199,380
1446,41,275
1447,426,194
1448,150,150
1449,9,411
1450,430,430
1451,208,146
1452,161,222
1453,83,426
1454,216,170
1455,309,107
1456,12,65
1457,378,413
1458,94,128
1459,588,751
1460,383,390
1461,107,58
1462,438,65
1463,752,668
1464,365,365
1465,377,751
1466,316,319
1467,210,200
1468,294,243
1469,382,198
1470,152,239
1471,124,292
1472,67,136
1473,211,211
1474,391,391
1475,523,138
1476,359,343
1477,22,296
1478,9,133
1479,57,137
1480,66,66
1481,363,158
1482,259,259
1483,435,19
1484,278,278
1485,315,308
1486,416,405
1487,375,255
1488,40,40
1489,207,207
1490,15,308
1491,27,416
1492,350,647
1493,303,303
1494,8,397
1495,179,136
1496,54,54
1497,351,97
1498,116,404
1499,371,371
1500,187,50
1501,365,178
1502,412,412
1503,215,215
1504,99,77
1505,384,294
1506,227,8
1507,50,80
1508,163,163
1509,145,370
1510,231,239
1511,359,64
1512,405,55
1513,87,272
1514,205,205
1515,126,126
1516,271,424
1517,4,4
1518,205,205
1519,137,407
1520,296,266
1521,43,43
1522,194,194
1523,223,223
1524,62,418
1525,279,279
1526,172,167
1527,190,190
1528,755,414
1529,167,37
1530,237,237
1531,199,199
1532,377,377
1533,308,210
1534,135,260
1535,90,90
1536,9,329
1537,138,138
1538,258,194
1539,40,359
1540,239,135
1541,8,8
1542,294,167
1543,107,229
1544,215,316
1545,68,79
1546,92,62
1547,130,354
1548,51,344
1549,660,820
1550,353,326
1551,320,41
1552,327,327
1553,199,421
1554,363,179
1555,505,207
1556,378,139
1557,412,412
1558,666,221
1559,401,341
1560,754,294
1561,357,165
1562,173,293
1563,202,287
1564,70,70
1565,492,101
1566,323,323
1567,380,210
1568,149,265
1569,144,144
1570,119,119
1571,62,18
1572,268,384
1573,222,222
1574,401,49
1575,214,288
1576,571,124
1577,4,306
1578,275,390
1579,103,66
1580,167,279
1581,199,576
1582,398,140
1583,131,220
1584,212,101
1585,211,211
1586,265,359
1587,386,169
1588,334,244
1589,181,181
1590,73,220
1591,389,255
1592,12,76
1593,43,43
1594,322,211
1595,196,197
1596,338,338
1597,370,305
1598,226,18
1599,225,437
1600,238,175
1601,287,431
1602,358,428
1603,480,398
1604,563,164
1605,418,418
1606,246,233
1607,255,255
1608,413,233
1609,135,382
1610,698,208
1611,98,360
1612,46,156
1613,40,40
1614,332,250
1615,120,120
1616,360,365
1617,516,207
1618,267,428
1619,9,209
1620,158,24
1621,363,81
1622,135,125
1623,359,17
1624,316,316
1625,325,404
1626,393,413
1627,303,303
1628,279,279
1629,41,41
1630,203,377
1631,233,391
1632,514,81
1633,58,58
1634,287,293
1635,229,27
1636,282,356
1637,170,170
1638,261,436
1639,156,203
1640,150,150
1641,395,314
1642,22,22
1643,43,395
1644,209,12
1645,257,169
1646,320,320
1647,296,31
1648,70,70
1649,32,124
1650,190,190
1651,310,310
1652,75,116
1653,77,66
1654,135,152
1655,8,8
1656,355,322
1657,385,51
1658,362,362
1659,190,358
1660,244,298
1661,272,122
1662,47,344
1663,117,117
1664,208,208
1665,76,302
1666,124,238
1667,254,329
1668,54,17
1669,437,437
1670,216,216
1671,326,81
1672,121,35
1673,181,181
1674,371,179
1675,306,306
1676,79,71
1677,46,78
1678,225,7
1679,273,323
1680,258,287
1681,362,418
1682,351,207
1683,375,91
1684,307,307
1685,246,246
1686,404,404
1687,255,161
1688,586,568
1689,128,117
1690,88,212
1691,234,234
1692,211,181
1693,361,390
1694,62,214
1695,215,316
1696,361,423
1697,222,222
1698,399,202
1699,392,235
1700,87,16
1701,382,231
1702,398,235
1703,194,194
1704,244,334
1705,551,376
1706,268,108
1707,86,86
1708,77,67
1709,87,403
1710,57,59
1711,231,7
1712,158,137
1713,24,382
1714,283,113
1715,319,319
1716,288,288
1717,628,203
1718,701,32
1719,157,157
1720,204,193
1721,628,186
1722,776,297
1723,238,238
1724,19,19
1725,358,271
1726,41,41
1727,258,143
1728,19,231
1729,347,290
1730,173,102
1731,222,222
1732,115,246
1733,192,322
1734,155,155
1735,70,70
1736,317,140
1737,211,176
1738,66,426
1739,338,165
1740,316,325
1741,425,425
1742,247,358
1743,395,252
1744,405,405
1745,280,280
1746,318,404
1747,202,66
1748,231,26
1749,82,376
1750,361,361
1751,517,824
1752,367,367
1753,297,202
1754,319,139
1755,59,59
1756,186,186
1757,35,113
1758,115,45
1759,17,17
1760,360,130
1761,369,369
1762,186,254
1763,150,8
1764,79,333
1765,272,59
1766,198,382
1767,165,165
1768,568,135
1769,82,74
1770,186,225
1771,279,20
1772,125,55
1773,337,127
1774,335,234
1775,10,856
1776,405,91
1777,279,20
1778,134,274
1779,32,75
1780,380,423
1781,298,404
1782,318,267
1783,138,354
1784,75,283
1785,76,415
1786,277,209
1787,278,278
1788,214,166
1789,357,170
1790,366,358
1791,180,94
1792,363,287
1793,155,375
1794,399,43
1795,24,2
1796,378,175
1797,290,394
1798,240,240
1799,108,168
1800,198,239
1801,154,9
1802,36,36
1803,166,271
1804,240,240
1805,287,423
1806,401,318
1807,382,275
1808,36,567
1809,852,21
1810,225,384
1811,259,259
1812,643,643
1813,77,264
1814,318,318
1815,351,228
1816,484,823
1817,339,332
1818,347,261
1819,371,371
1820,591,208
1821,510,294
1822,318,334
1823,19,143
1824,47,42
1825,390,257
1826,258,421
1827,250,4
1828,335,395
1829,212,212
1830,237,70
1831,186,9
1832,424,134
1833,370,413
1834,140,140
1835,214,108
1836,119,291
1837,130,402
1838,339,362
1839,421,295
1840,382,135
1841,126,121
1842,377,99
1843,437,437
1844,179,202
1845,514,244
1846,212,212
1847,79,26
1848,25,48
1849,95,371
1850,814,297
1851,29,190
1852,418,418
1853,282,204
1854,81,322
1855,1,416
1856,87,278
1857,38,247
1858,418,167
1859,171,644
1860,144,138
1861,364,400
1862,272,136
1863,43,394
1864,250,133
1865,37,37
1866,194,94
1867,273,230
1868,85,260
1869,19,55
1870,244,341
1871,290,370
1872,390,358
1873,83,64
1874,154,154
1875,222,427
1876,59,34
1877,196,234
1878,127,389
1879,42,345
1880,256,256
1881,246,178
1882,6,221
1883,231,264
1884,279,62
1885,424,297
1886,8,309
1887,128,73
1888,258,185
1889,274,660
1890,82,725
1891,287,107
1892,224,54
1893,275,143
1894,349,197
1895,4,4
1896,265,265
1897,74,128
1898,204,204
1899,832,296
1900,32,288
1901,172,172
1902,407,137
1903,401,135
1904,602,109
1905,65,277
1906,43,70
1907,275,79
1908,390,187
1909,91,152
1910,6,396
1911,205,205
1912,320,320
1913,271,338
1914,208,202
1915,282,121
1916,101,261
1917,90,90
1918,389,389
1919,320,257
1920,316,316
1921,223,71
1922,94,185
1923,152,152
1924,431,188
1925,252,35
1926,246,246
1927,280,136
1928,527,536
1929,274,305
1930,190,41
1931,322,322
1932,110,159
1933,651,42
1934,58,58
1935,199,398
1936,209,12
1937,340,337
1938,64,172
1939,41,187
1940,143,143
1941,368,368
1942,138,260
1943,414,15
1944,288,288
1945,637,36
1946,332,332
1947,131,131
1948,698,133
1949,348,234
1950,57,215
1951,374,374
1952,75,74
1953,239,421
1954,413,163
1955,341,168
1956,422,19
1957,75,88
1958,416,416
1959,405,405
1960,42,47
1961,423,382
1962,106,106
1963,36,200
1964,35,272
1965,355,231
1966,199,150
1967,204,418
1968,343,290
1969,100,362
1970,383,247
1971,4,4
1972,267,75
1973,246,372
1974,387,387
1975,220,220
1976,363,155
1977,351,351
1978,405,68
1979,10,105
1980,330,362
1981,212,197
1982,187,41
1983,320,320
1984,434,309
1985,415,4
1986,326,352
1987,136,297
1988,127,22
1989,401,94
1990,148,3
1991,48,25
1992,536,175
1993,186,186
1994,211,215
1995,268,268
1996,98,114
1997,129,258
1998,179,290
1999,71,198
2000,126,126
2001,275,221
2002,308,262
2003,404,268
2004,88,378
2005,429,196
2006,279,279
2007,366,366
2008,247,247
2009,435,383
2010,138,331
2011,76,9
2012,132,91
2013,37,92
2014,375,155
2015,810,546
2016,328,374
2017,280,280
2018,62,92
2019,305,305
2020,251,347
2021,154,154
2022,155,304
2023,421,31
2024,228,228
2025,156,222
2026,161,234
2027,281,348
2028,180,400
2029,154,199
2030,21,119
2031,415,415
2032,297,43
2033,586,107
2034,130,356
2035,250,12
2036,181,158
2037,363,34
2038,77,216
2039,169,395
2040,382,172
2041,185,384
2042,12,209
2043,138,181
2044,411,133
2045,41,85
2046,360,319
2047,135,405
2048,856,433
2049,223,223
2050,435,42
2051,139,139
2052,275,41
2053,198,198
2054,531,101
2055,63,257
2056,202,179
2057,88,378
2058,274,405
2059,436,155
2060,234,333
2061,139,246
2062,261,144
2063,128,267
2064,337,123
2065,372,372
2066,228,228
2067,107,287
2068,375,381
2069,256,64
2070,158,158
2071,6,6
2072,217,60
2073,332,230
2074,815,575
2075,380,202
2076,262,329
2077,310,254
2078,211,211
2079,378,437
2080,380,269
2081,368,368
2082,152,436
2083,216,211
2084,378,378
2085,435,216
2086,814,73
2087,195,12
2088,78,333
2089,159,266
2090,207,332
2091,108,417
2092,173,173
2093,163,163
2094,318,318
2095,437,249
2096,752,324
2097,421,392
2098,411,345
2099,85,395
2100,192,384
2101,287,423
2102,228,228
2103,306,306
2104,426,243
2105,181,162
2106,294,299
2107,392,392
2108,679,80
2109,171,128
2110,416,241
2111,136,136
2112,405,405
2113,353,353
2114,237,237
2115,190,190
2116,231,239
2117,63,316
2118,375,375
2119,404,328
2120,5,196
2121,187,29
2122,377,152
2123,31,41
2124,264,264
2125,351,375
2126,58,54
2127,228,406
2128,51,238
2129,35,247
2130,229,229
2131,316,215
2132,225,424
2133,66,66
2134,277,209
2135,342,282
2136,181,181
2137,158,158
2138,416,416
2139,255,255
2140,254,76
2141,31,290
2142,93,93
2143,232,232
2144,223,58
2145,378,47
2146,425,425
2147,143,424
2148,45,45
2149,283,158
2150,110,406
2151,214,376
2152,316,215
2153,3,3
2154,321,321
2155,273,210
2156,63,319
2157,156,26
2158,295,295
2159,68,204
2160,121,174
2161,374,751
2162,338,351
2163,212,317
2164,176,151
2165,260,338
2166,26,375
2167,203,350
2168,37,238
2169,119,119
2170,234,327
2171,300,300
2172,275,358
2173,37,71
2174,338,338
2175,251,93
2176,624,202
2177,136,85
2178,575,176
2179,139,178
2180,237,92
2181,415,415
2182,257,171
2183,225,225
2184,403,82
2185,374,793
2186,263,253
2187,406,393
2188,57,82
2189,373,199
2190,353,154
2191,139,36
2192,9,9
2193,318,318
2194,130,165
2195,5,101
2196,377,377
2197,66,287
2198,752,108
2199,278,278
2200,357,79
2201,338,342
2202,91,91
2203,22,22
2204,231,231
2205,43,43
2206,510,848
2207,91,91
2208,36,36
2209,163,393
2210,220,266
2211,361,361
2212,362,88
2213,37,286
2214,185,94
2215,252,107
2216,176,368
2217,469,804
2218,55,32
2219,221,221
2220,819,408
2221,293,698
2222,402,402
2223,163,162
2224,393,393
2225,170,357
2226,158,137
2227,424,424
2228,187,41
2229,426,292
2230,173,25
2231,338,427
2232,317,317
2233,60,60
2234,298,298
2235,175,172
2236,158,179
2237,423,423
2238,338,338
2239,44,310
2240,222,202
2241,138,138
2242,262,262
2243,338,338
2244,166,98
2245,60,60
2246,260,386
2247,378,378
2248,255,255
2249,93,93
2250,360,49
2251,407,379
2252,127,287
2253,181,399
2254,129,129
2255,64,64
2256,292,80
2257,874,18
2258,252,35
2259,347,99
2260,429,396
2261,349,426
2262,284,284
2263,90,90
2264,82,197
2265,421,306
2266,337,286
2267,253,203
2268,163,163
2269,267,298
2270,113,73
2271,362,234
2272,321,321
2273,139,246
2274,77,29
2275,349,113
2276,426,278
2277,126,126
2278,224,178
2279,313,267
2280,261,395
2281,288,179
2282,402,402
2283,45,98
2284,234,234
2285,68,122
2286,723,66
2287,267,154
2288,138,138
2289,59,199
2290,175,138
2291,19,309
2292,148,148
2293,365,321
2294,322,221
2295,129,384
2296,303,120
2297,231,231
2298,208,208
2299,211,192
2300,109,95
2301,382,395
2302,244,74
2303,435,74
2304,190,35
2305,64,64
2306,19,202
2307,277,45
2308,269,32
2309,85,359
2310,73,282
2311,325,325
2312,185,225
2313,179,422
2314,300,91
2315,4,4
2316,191,315
2317,491,754
2318,316,225
2319,237,237
2320,58,58
2321,6,206
2322,205,459
2323,124,124
2324,140,51
2325,140,39
2326,139,178
2327,162,370
2328,214,392
2329,139,139
2330,114,286
2331,210,274
2332,283,283
2333,191,105
2334,330,330
2335,279,279
2336,138,62
2337,231,306
2338,332,136
2339,113,41
2340,39,15
2341,322,202
2342,234,25
2343,7,129
2344,73,73
2345,566,408
2346,8,41
2347,280,87
2348,4,353
2349,110,110
2350,308,319
2351,294,228
2352,389,57
2353,306,46
2354,358,24
2355,594,25
2356,208,208
2357,21,62
2358,329,100
2359,151,73
2360,143,382
2361,853,63
2362,125,421
2363,418,418
2364,266,106
2365,319,390
2366,46,388
2367,281,143
2368,95,103
2369,35,376
2370,363,363
2371,169,361
2372,95,423
2373,139,246
2374,215,40
2375,42,102
2376,316,225
2377,18,427
2378,382,424
2379,394,394
2380,112,437
2381,231,31
2382,280,228
2383,300,300
2384,233,12
2385,187,247
2386,205,246
2387,429,120
2388,46,71
2389,822,85
2390,217,391
2391,237,6
2392,350,350
2393,222,222
2394,355,421
2395,10,67
2396,63,63
2397,359,319
2398,192,151
2399,369,175
2400,376,358
2401,354,169
2402,413,368
2403,321,321
2404,298,74
2405,71,275
2406,369,163
2407,372,329
2408,277,1
2409,68,363
2410,367,138
2411,488,16
2412,15,277
2413,402,351
2414,117,405
2415,265,568
2416,178,204
2417,294,301
2418,385,65
2419,150,351
2420,292,392
2421,296,367
2422,621,41
2423,507,339
2424,87,46
2425,233,45
2426,20,279
2427,127,208
2428,24,24
2429,390,348
2430,381,138
2431,135,258
2432,3,58
2433,295,295
2434,215,215
2435,395,338
2436,121,360
2437,127,349
2438,198,198
2439,233,249
2440,316,120
2441,136,398
2442,97,374
2443,99,229
2444,221,175
2445,79,71
2446,277,133
2447,41,247
2448,428,349
2449,166,65
2450,655,40
2451,66,305
2452,46,275
2453,339,40
2454,332,331
2455,264,264
2456,423,423
2457,328,75
2458,154,197
2459,258,225
2460,231,158
2461,380,309
2462,246,246
2463,305,407
2464,367,91
2465,105,105
2466,387,387
2467,387,387
2468,418,362
2469,165,165
2470,137,278
2471,278,278
2472,131,375
2473,152,73
2474,404,404
2475,163,163
2476,259,209
2477,66,137
2478,390,275
2479,401,74
2480,88,208
2481,331,422
2482,62,375
2483,215,215
2484,228,228
2485,407,103
2486,158,66
2487,319,287
2488,306,202
2489,280,72
2490,25,113
2491,264,229
2492,384,384
2493,602,67
2494,250,393
2495,40,40
2496,174,10
2497,412,317
2498,194,373
2499,163,199
2500,374,355
2501,19,85
2502,647,55
2503,306,426
2504,198,198
2505,353,307
2506,257,225
2507,187,287
2508,43,43
2509,62,62
2510,292,222
2511,261,279
2512,67,67
2513,239,319
2514,424,34
2515,154,203
2516,311,382
2517,341,448
2518,166,166
2519,19,34
2520,51,328
2521,209,259
2522,317,404
2523,20,319
2524,422,97
2525,384,73
2526,28,28
2527,300,300
2528,215,75
2529,222,269
2530,354,198
2531,178,246
2532,375,375
2533,338,338
2534,8,286
2535,391,391
2536,258,402
2537,128,401
2538,6,167
2539,388,297
2540,91,91
2541,271,58
2542,170,289
2543,197,0
2544,389,335
2545,186,48
2546,187,351
2547,316,316
2548,278,253
2549,204,418
2550,362,418
2551,59,424
2552,280,228
2553,309,309
2554,145,145
2555,414,306
2556,36,319
2557,182,404
2558,357,126
2559,223,160
2560,334,267
2561,3,3
2562,231,435
2563,255,223
2564,332,347
2565,214,286
2566,77,211
2567,138,40
2568,354,354
2569,332,20
2570,411,133
2571,83,83
2572,209,405
2573,383,198
2574,366,366
2575,26,86
2576,731,317
2577,173,173
2578,269,221
2579,360,178
2580,67,67
2581,149,211
2582,87,389
2583,135,157
2584,382,68
2585,377,137
2586,4,4
2587,339,370
2588,136,338
2589,49,185
2590,450,450
2591,6,204
2592,41,348
2593,185,340
2594,253,253
2595,414,105
2596,434,275
2597,196,76
2598,257,240
2599,408,408
2600,325,325
2601,366,366
2602,306,199
2603,262,105
2604,355,93
2605,215,215
2606,186,375
2607,128,128
2608,95,95
2609,421,402
2610,388,358
2611,83,338
2612,41,187
2613,761,305
2614,348,348
2615,338,337
2616,137,137
2617,276,259
2618,269,196
2619,47,437
2620,55,575
2621,427,337
2622,414,101
2623,691,101
2624,338,338
2625,371,371
2626,163,237
2627,320,187
2628,1,56
2629,372,372
2630,654,406
2631,422,86
2632,145,134
2633,197,197
2634,43,394
2635,159,371
2636,282,282
2637,87,93
2638,205,226
2639,383,237
2640,251,156
2641,59,180
2642,331,261
2643,136,374
2644,156,228
2645,146,273
2646,276,9
2647,316,316
2648,318,318
2649,200,166
2650,188,243
2651,169,338
2652,130,355
2653,434,363
2654,335,225
2655,30,14
2656,474,378
2657,238,55
2658,435,435
2659,71,423
2660,149,368
2661,158,158
2662,399,414
2663,199,24
2664,575,575
2665,215,215
2666,22,375
2667,368,254
2668,64,169
2669,295,295
2670,223,402
2671,430,48
2672,287,152
2673,151,154
2674,144,181
2675,165,165
2676,205,246
2677,246,414
2678,268,268
2679,41,5
2680,351,280
2681,434,34
2682,356,431
2683,349,258
2684,261,46
2685,436,261
2686,296,257
2687,277,277
2688,41,187
2689,228,351
2690,193,290
2691,413,372
2692,215,215
2693,134,207
2694,129,129
2695,7,68
2696,351,228
2697,407,278
2698,128,128
2699,262,262
2700,421,402
2701,383,271
2702,383,120
2703,720,320
2704,287,287
2705,5,7
2706,161,91
2707,170,309
2708,357,275
2709,161,98
2710,412,412
2711,257,113
2712,24,363
2713,430,225
2714,145,437
2715,384,180
2716,748,278
2717,136,136
2718,198,79
2719,252,58
2720,45,321
2721,103,103
2722,143,143
2723,22,22
2724,80,294
2725,10,793
2726,72,72
2727,22,94
2728,701,542
2729,66,424
2730,347,255
2731,250,411
2732,128,325
2733,449,549
2734,424,143
2735,182,200
2736,423,58
2737,282,308
2738,505,110
2739,356,255
2740,527,408
2741,35,72
2742,276,195
2743,173,173
2744,363,275
2745,113,113
2746,354,120
2747,348,390
2748,282,230
2749,411,406
2750,381,367
2751,389,389
2752,375,85
2753,237,237
2754,436,232
2755,73,82
2756,131,275
2757,231,19
2758,361,22
2759,163,234
2760,268,268
2761,121,121
2762,389,60
2763,321,321
2764,298,298
2765,40,186
2766,362,362
2767,170,687
2768,188,94
2769,421,58
2770,65,406
2771,39,239
2772,377,377
2773,782,142
2774,172,261
2775,302,140
2776,106,106
2777,185,326
2778,134,110
2779,405,405
2780,264,264
2781,250,250
2782,199,199
2783,223,223
2784,129,64
2785,156,347
2786,358,410
2787,327,327
2788,17,66
2789,351,356
2790,7,70
2791,443,843
2792,413,106
2793,94,194
2794,132,62
2795,264,264
2796,244,215
2797,406,332
2798,571,83
2799,262,178
2800,102,102
2801,74,53
2802,239,158
2803,295,295
2804,174,136
2805,385,234
2806,24,58
2807,367,331
2808,422,161
2809,217,57
2810,256,251
2811,310,389
2812,223,357
2813,333,333
2814,169,355
2815,536,436
2816,90,90
2817,387,387
2818,283,368
2819,747,292
2820,22,287
2821,288,306
2822,299,299
2823,377,377
2824,273,202
2825,70,70
2826,47,393
2827,318,318
2828,85,430
2829,329,329
2830,368,368
2831,295,188
2832,32,240
2833,158,351
2834,3,86
2835,236,290
2836,269,163
2837,390,41
2838,324,405
2839,232,232
2840,105,105
2841,400,273
2842,430,430
2843,427,172
2844,225,194
2845,380,34
2846,309,361
2847,149,67
2848,404,317
2849,225,267
2850,344,120
2851,389,389
2852,382,275
2853,335,98
2854,117,49
2855,323,9
2856,101,101
2857,677,8
2858,247,278
2859,223,223
2860,226,226
2861,272,255
2862,75,75
2863,97,423
2864,212,249
2865,88,418
2866,260,64
2867,151,151
2868,376,273
2869,437,155
2870,546,124
2871,287,41
2872,7,252
2873,19,19
2874,404,404
2875,7,337
2876,258,258
2877,326,64
2878,246,246
2879,125,273
2880,191,42
2881,97,126
2882,422,422
2883,24,135
2884,127,793
2885,220,93
2886,294,187
2887,405,405
2888,220,840
2889,267,267
2890,300,300
2891,14,137
2892,252,252
2893,94,282
2894,254,254
2895,316,316
2896,418,145
2897,387,387
2898,173,173
2899,369,238
2900,129,129
2901,79,160
2902,124,344
2903,138,166
2904,225,75
2905,273,24
2906,267,306
2907,867,187
2908,375,375
2909,169,169
2910,222,93
2911,339,354
2912,505,66
2913,209,312
2914,793,377
2915,14,59
2916,108,325
2917,21,267
2918,59,66
2919,63,22
2920,306,124
2921,290,279
2922,15,26
2923,181,181
2924,268,276
2925,72,316
2926,260,402
2927,221,78
2928,430,138
2929,72,288
2930,158,351
2931,65,209
2932,417,302
2933,210,367
2934,411,416
2935,42,143
2936,319,98
2937,240,240
2938,121,356
2939,45,45
2940,156,5
2941,373,373
2942,292,158
2943,91,91
2944,37,210
2945,26,137
2946,261,204
2947,129,129
2948,124,380
2949,74,36
2950,261,380
2951,91,91
2952,24,202
2953,396,350
2954,78,98
2955,202,275
2956,45,372
2957,297,87
2958,306,33
2959,67,67
2960,422,375
2961,283,138
2962,249,406
2963,19,26
2964,203,696
2965,43,43
2966,537,179
2967,74,341
2968,269,269
2969,261,406
2970,90,90
2971,172,338
2972,102,102
2973,75,389
2974,113,30
2975,379,275
2976,81,266
2977,637,347
2978,319,335
2979,231,95
2980,88,88
2981,22,34
2982,148,361
2983,391,651
2984,383,77
2985,228,294
2986,109,109
2987,296,296
2988,62,308
2989,25,25
2990,247,247
2991,18,124
2992,81,81
2993,191,205
2994,119,119
2995,274,73
2996,422,11
2997,231,24
2998,42,64
2999,372,404
3000,122,120
3001,91,22
3002,793,292
3003,220,216
3004,120,344
3005,308,15
3006,597,278
3007,50,280
3008,113,221
3009,59,331
3010,465,208
3011,185,30
3012,390,390
3013,277,15
3014,198,198
3015,379,136
3016,143,257
3017,624,581
3018,156,85
3019,178,45
3020,105,469
3021,231,405
3022,228,228
3023,97,136
3024,313,138
3025,121,35
3026,126,423
3027,259,323
3028,387,387
3029,359,272
3030,262,51
3031,368,106
3032,191,315
3033,116,401
3034,287,336
3035,362,362
3036,724,292
3037,59,403
3038,161,628
3039,375,375
3040,334,400
3041,152,383
3042,383,151
3043,266,106
3044,398,252
3045,360,360
3046,128,171
3047,425,425
3048,119,767
3049,194,390
3050,49,63
3051,234,234
3052,24,431
3053,234,234
3054,431,431
3055,698,133
3056,20,290
3057,231,231
3058,128,94
3059,35,58
3060,43,43
3061,62,40
3062,45,45
3063,329,324
3064,236,27
3065,415,415
3066,351,423
3067,219,210
3068,273,273
3069,304,81
3070,204,205
3071,272,272
3072,273,85
3073,186,389
3074,330,88
3075,267,267
3076,181,199
3077,269,144
3078,7,231
3079,49,48
3080,172,396
3081,76,317
3082,385,385
3083,469,337
3084,126,126
3085,341,341
3086,356,356
3087,244,57
3088,437,378
3089,118,254
3090,535,575
3091,152,152
3092,617,27
3093,52,755
3094,452,124
3095,47,204
3096,20,331
3097,262,18
3098,172,426
3099,41,390
3100,422,422
3101,384,174
3102,10,363
3103,283,21
3104,814,341
3105,423,359
3106,191,207
3107,436,251
3108,91,91
3109,70,371
3110,32,305
3111,295,91
3112,326,87
3113,616,396
3114,432,328
3115,375,62
3116,204,204
3117,384,273
3118,425,152
3119,388,214
3120,814,416
3121,234,234
3122,338,288
3123,332,332
3124,358,390
3125,354,102
3126,281,281
3127,159,240
3128,35,424
3129,19,380
3130,793,87
3131,368,368
3132,341,341
3133,303,303
3134,793,192
3135,323,326
3136,406,406
3137,133,133
3138,444,196
3139,244,73
3140,12,12
3141,105,105
3142,65,330
3143,160,160
3144,204,418
3145,170,170
3146,11,15
3147,412,412
3148,37,93
3149,363,384
3150,237,413
3151,110,110
3152,415,212
3153,370,393
3154,730,423
3155,381,381
3156,262,262
3157,332,98
3158,317,415
3159,203,262
3160,42,62
3161,361,171
3162,4,4
3163,382,202
3164,166,365
3165,216,287
3166,417,268
3167,176,176
3168,337,337
3169,260,422
3170,229,287
3171,50,87
3172,436,292
3173,61,353
3174,154,154
3175,186,113
3176,253,253
3177,300,356
3178,165,165
3179,110,260
3180,317,209
3181,393,413
3182,291,291
3183,375,198
3184,199,405
3185,247,247
3186,408,408
3187,198,381
3188,232,232
3189,223,423
3190,133,221
3191,77,272
3192,313,87
3193,191,191
3194,132,647
3195,644,244
3196,337,294
3197,205,205
3198,384,384
3199,12,249
3200,126,126
3201,588,363
3202,210,14
3203,404,404
3204,394,347
3205,259,259
3206,138,138
3207,225,225
3208,231,71
3209,360,360
3210,597,280
3211,25,25
3212,77,67
3213,135,122
3214,57,324
3215,138,107
3216,191,178
3217,215,215
3218,815,351
3219,814,211
3220,287,59
3221,363,349
3222,644,417
3223,264,67
3224,411,250
3225,369,369
3226,231,324
3227,80,52
3228,637,35
3229,293,156
3230,78,407
3231,305,305
3232,101,196
3233,364,95
3234,272,272
3235,165,165
3236,169,146
3237,340,390
3238,418,45
3239,393,4
3240,127,204
3241,326,326
3242,148,333
3243,336,34
3244,383,235
3245,231,434
3246,136,97
3247,290,3
3248,311,27
3249,323,205
3250,237,370
3251,148,402
3252,316,215
3253,474,20
3254,793,50
3255,181,155
3256,136,136
3257,326,350
3258,494,136
3259,234,255
3260,320,320
3261,307,181
3262,254,323
3263,383,383
3264,36,436
3265,369,520
3266,371,393
3267,80,5
3268,170,320
3269,179,198
3270,172,18
3271,415,415
3272,15,406
3273,384,384
3274,246,246
3275,172,306
3276,338,338
3277,614,8
3278,404,317
3279,208,87
3280,151,80
3281,380,150
3282,192,305
3283,243,172
3284,406,219
3285,96,96
3286,70,110
3287,300,300
3288,203,15
3289,266,33
3290,3,3
3291,21,21
3292,231,258
3293,66,134
3294,319,331
3295,279,415
3296,202,338
3297,150,385
3298,246,246
3299,272,127
3300,18,338
3301,435,435
3302,496,370
3303,8,8
3304,79,275
3305,566,437
3306,307,307
3307,620,701
3308,392,373
3309,92,92
3310,692,208
3311,161,406
3312,429,135
3313,63,295
3314,253,7
3315,337,240
3316,150,19
3317,22,160
3318,328,328
3319,382,54
3320,146,286
3321,226,210
3322,138,359
3323,296,35
3324,389,389
3325,305,146
3326,14,40
3327,873,297
3328,268,268
3329,365,200
3330,54,258
3331,332,332
3332,103,220
3333,378,242
3334,428,152
3335,160,436
3336,156,18
3337,284,206
3338,101,101
3339,345,102
3340,262,262
3341,384,258
3342,287,59
3343,71,71
3344,106,266
3345,330,372
3346,318,318
3347,94,94
3348,423,264
3349,150,22
3350,202,422
3351,222,222
3352,62,224
3353,337,248
3354,45,176
3355,67,10
3356,365,85
3357,26,282
3358,387,387
3359,31,121
3360,859,172
3361,344,344
3362,27,66
3363,335,319
3364,95,292
3365,20,32
3366,74,185
3367,389,856
3368,347,375
3369,344,175
3370,37,37
3371,68,26
3372,165,235
3373,418,437
3374,394,118
3375,26,202
3376,160,390
3377,138,85
3378,80,80
3379,240,240
3380,27,27
3381,717,35
3382,404,404
3383,365,311
3384,80,348
3385,9,1
3386,118,112
3387,176,218
3388,68,53
3389,828,280
3390,7,79
3391,275,190
3392,259,195
3393,281,141
3394,49,225
3395,406,71
3396,82,376
3397,3,3
3398,303,83
3399,321,321
3400,232,232
3401,190,190
3402,380,214
3403,204,405
3404,271,222
3405,26,26
3406,244,205
3407,325,325
3408,278,387
3409,365,368
3410,276,9
3411,555,491
3412,204,204
3413,328,178
3414,267,82
3415,320,336
3416,431,107
3417,237,228
3418,411,411
3419,325,73
3420,320,170
3421,87,87
3422,413,266
3423,265,415
3424,448,278
3425,338,338
3426,31,180
3427,169,130
3428,283,259
3429,31,26
3430,4,406
3431,373,194
3432,380,19
3433,392,375
3434,148,148
3435,113,75
3436,371,371
3437,93,93
3438,293,391
3439,172,416
3440,64,373
3441,94,363
3442,41,367
3443,211,246
3444,259,307
3445,98,319
3446,430,45
3447,158,158
3448,333,295
3449,793,265
3450,25,170
3451,85,145
3452,214,256
3453,292,170
3454,360,205
3455,376,82
3456,297,230
3457,199,199
3458,204,406
3459,99,350
3460,414,105
3461,88,362
3462,167,410
3463,247,247
3464,42,302
3465,1,330
3466,332,332
3467,696,119
3468,124,124
3469,359,423
3470,422,436
3471,429,416
3472,122,107
3473,59,67
3474,389,210
3475,262,7
3476,361,190
3477,40,279
3478,107,431
3479,288,72
3480,228,280
3481,318,325
3482,379,379
3483,172,124
3484,181,337
3485,255,430
3486,171,298
3487,385,166
3488,296,296
3489,249,249
3490,351,190
3491,375,35
3492,252,395
3493,210,210
3494,113,755
3495,103,725
3496,307,307
3497,335,190
3498,309,309
3499,318,57
3500,358,358
3501,85,199
3502,75,129
3503,24,59
3504,190,190
3505,84,182
3506,92,37
3507,419,114
3508,15,15
3509,225,185
3510,83,351
3511,328,417
3512,381,64
3513,105,93
3514,373,373
3515,160,335
3516,373,373
3517,9,112
3518,293,205
3519,240,240
3520,174,49
3521,36,251
3522,48,251
3523,90,90
3524,259,310
3525,160,3
3526,366,151
3527,24,148
3528,298,404
3529,130,295
3530,435,297
3531,174,407
3532,357,26
3533,254,186
3534,220,67
3535,66,366
3536,17,408
3537,138,421
3538,40,40
3539,660,379
3540,222,222
3541,357,35
3542,410,125
3543,57,128
3544,271,41
3545,436,32
3546,746,546
3547,183,402
3548,159,159
3549,357,174
3550,80,80
3551,351,280
3552,746,336
3553,59,131
3554,292,10
3555,423,359
3556,3,3
3557,202,41
3558,311,309
3559,90,80
3560,222,198
3561,144,242
3562,368,368
3563,359,179
3564,100,65
3565,142,46
3566,86,394
3567,36,36
3568,90,90
3569,144,144
3570,290,214
3571,122,104
3572,246,49
3573,15,206
3574,85,219
3575,241,388
3576,267,267
3577,231,11
3578,187,380
3579,5,143
3580,333,79
3581,246,246
3582,58,85
3583,389,389
3584,148,375
3585,258,194
3586,144,422
3587,45,47
3588,483,257
3589,166,424
3590,266,318
3591,68,374
3592,163,163
3593,392,778
3594,32,265
3595,233,159
3596,60,60
3597,4,4
3598,372,197
3599,81,93
3600,262,354
3601,387,387
3602,144,260
3603,121,29
3604,430,430
3605,45,112
3606,174,355
3607,355,355
3608,54,46
3609,15,175
3610,73,117
3611,87,143
3612,64,262
3613,375,757
3614,77,383
3615,59,66
3616,370,237
3617,47,47
3618,424,202
3619,498,42
3620,181,240
3621,174,122
3622,384,358
3623,150,150
3624,253,264
3625,57,25
3626,67,109
3627,353,353
3628,30,374
3629,353,353
3630,100,416
3631,97,333
3632,234,197
3633,160,351
3634,389,174
3635,64,381
3636,465,425
3637,317,404
3638,255,255
3639,34,287
3640,405,405
3641,867,572
3642,199,199
3643,165,165
3644,181,216
3645,252,252
3646,256,360
3647,19,7
3648,321,321
3649,74,323
3650,437,92
3651,246,139
3652,350,102
3653,380,183
3654,32,32
3655,286,161
3656,71,423
3657,246,226
3658,258,309
3659,300,300
3660,119,119
3661,212,361
3662,225,270
3663,12,12
3664,26,26
3665,225,310
3666,307,307
3667,154,353
3668,426,243
3669,389,97
3670,193,246
3671,279,279
3672,422,367
3673,235,214
3674,286,48
3675,291,430
3676,220,216
3677,192,423
3678,223,223
3679,350,292
3680,325,720
3681,422,253
3682,135,54
3683,303,46
3684,275,231
3685,390,437
3686,247,247
3687,356,356
3688,382,7
3689,210,114
3690,260,222
3691,58,361
3692,209,259
3693,254,76
3694,256,215
3695,237,237
3696,424,59
3697,372,418
3698,229,210
3699,325,325
3700,292,426
3701,163,159
3702,198,46
3703,17,17
3704,302,233
3705,98,98
3706,339,70
3707,202,135
3708,382,70
3709,204,4
3710,129,262
3711,35,85
3712,621,41
3713,757,211
3714,98,246
3715,82,273
3716,202,223
3717,58,35
3718,250,6
3719,269,269
3720,363,211
3721,47,372
3722,237,237
3723,649,396
3724,369,92
3725,314,116
3726,73,73
3727,371,375
3728,643,408
3729,195,195
3730,769,228
3731,392,392
3732,24,160
3733,293,293
3734,15,167
3735,363,67
3736,2,253
3737,158,127
3738,11,260
3739,151,173
3740,304,81
3741,37,37
3742,16,16
3743,188,421
3744,136,373
3745,162,216
3746,578,319
3747,186,186
3748,310,310
3749,82,210
3750,223,223
3751,374,223
3752,133,5
3753,79,428
3754,401,74
3755,733,294
3756,64,64
3757,135,306
3758,357,294
3759,194,373
3760,3,363
3761,297,57
3762,3,3
3763,264,137
3764,378,204
3765,319,319
3766,274,274
3767,111,260
3768,232,32
3769,106,266
3770,769,176
3771,368,368
3772,295,299
3773,187,83
3774,433,226
3775,320,320
3776,422,294
3777,110,37
3778,304,283
3779,165,255
3780,292,18
3781,159,110
3782,42,179
3783,377,352
3784,317,411
3785,752,146
3786,12,233
3787,644,57
3788,170,170
3789,197,397
3790,198,2
3791,99,22
3792,371,371
3793,223,223
3794,17,220
3795,341,341
3796,567,221
3797,246,246
3798,47,330
3799,322,192
3800,211,350
3801,264,239
3802,272,272
3803,423,223
3804,814,268
3805,231,19
3806,359,363
3807,81,81
3808,106,389
3809,125,42
3810,222,344
3811,24,143
3812,405,129
3813,86,290
3814,351,46
3815,78,725
3816,252,252
3817,334,75
3818,265,149
3819,394,394
3820,266,33
3821,181,181
3822,67,273
3823,233,233
3824,255,255
3825,83,83
3826,59,85
3827,426,288
3828,247,190
3829,309,434
3830,230,431
3831,256,256
3832,197,373
3833,197,197
3834,55,82
3835,362,362
3836,377,310
3837,144,144
3838,335,43
3839,350,350
3840,202,244
3841,335,335
3842,134,146
3843,140,84
3844,43,156
3845,395,101
3846,382,423
3847,334,318
3848,349,258
3849,181,392
3850,112,44
3851,381,381
3852,567,32
3853,228,42
3854,156,827
3855,578,382
3856,172,413
3857,237,393
3858,170,34
3859,446,187
3860,252,163
3861,129,146
3862,47,279
3863,181,204
3864,389,230
3865,186,186
3866,322,322
3867,249,418
3868,377,377
3869,357,384
3870,278,278
3871,337,46
3872,212,335
3873,195,345
3874,10,16
3875,295,295
3876,34,320
3877,332,51
3878,359,359
3879,346,315
3880,223,402
3881,260,160
3882,557,496
3883,428,252
3884,135,135
3885,320,320
3886,187,361
3887,792,124
3888,594,699
3889,297,297
3890,262,129
3891,255,255
3892,204,258
3893,232,232
3894,201,198
3895,260,231
3896,415,0
3897,97,294
3898,292,138
3899,280,351
3900,223,402
3901,65,256
3902,86,422
3903,152,364
3904,171,128
3905,392,392
3906,174,32
3907,306,804
3908,192,793
3909,430,161
3910,335,37
3911,241,138
3912,101,42
3913,290,393
3914,57,82
3915,297,31
3916,240,409
3917,188,430
3918,162,368
3919,47,418
3920,193,55
3921,87,355
3922,637,179
3923,266,81
3924,425,425
3925,232,232
3926,396,396
3927,65,276
3928,49,49
3929,185,49
3930,285,127
3931,287,211
3932,422,260
3933,246,246
3934,277,1
3935,386,386
3936,384,384
3937,338,338
3938,45,45
3939,406,244
3940,305,246
3941,384,381
3942,95,398
3943,252,422
3944,170,34
3945,75,125
3946,402,169
3947,326,75
3948,211,305
3949,158,158
3950,156,261
3951,165,383
3952,278,87
3953,79,79
3954,375,373
3955,287,63
3956,106,106
3957,56,284
3958,31,154
3959,59,402
3960,341,73
3961,429,212
3962,804,90
3963,80,172
3964,114,297
3965,101,317
3966,354,309
3967,264,50
3968,12,261
3969,344,197
3970,377,377
3971,326,326
3972,356,300
3973,30,113
3974,200,61
3975,148,148
3976,298,125
3977,204,302
3978,261,47
3979,181,55
3980,62,394
3981,412,310
3982,286,48
3983,3,3
3984,698,411
3985,402,309
3986,182,139
3987,121,121
3988,71,71
3989,344,399
3990,290,163
3991,429,379
3992,348,348
3993,272,272
3994,375,347
3995,156,150
3996,350,306
3997,416,416
3998,298,65
3999,50,349
4000,264,158
4001,295,130
4002,256,215
4003,167,302
4004,119,119
4005,356,356
4006,267,175
4007,26,143
4008,11,3
4009,350,136
4010,176,176
4011,242,215
4012,75,326
4013,63,14
4014,110,786
4015,196,415
4016,356,130
4017,315,207
4018,323,152
4019,198,421
4020,289,396
4021,407,17
4022,385,385
4023,423,423
4024,419,88
4025,277,328
4026,192,72
4027,378,93
4028,256,31
4029,408,127
4030,63,63
4031,76,76
4032,167,133
4033,400,15
4034,310,51
4035,137,274
4036,17,17
4037,381,165
4038,267,384
4039,568,520
4040,68,421
4041,422,278
4042,133,365
4043,97,97
4044,121,356
4045,10,446
4046,361,361
4047,388,394
4048,505,793
4049,272,333
4050,20,331
4051,858,654
4052,108,194
4053,384,129
4054,73,128
4055,333,126
4056,99,576
4057,418,209
4058,4,4
4059,254,209
4060,244,267
4061,260,260
4062,430,335
4063,50,332
4064,28,137
4065,226,436
4066,209,101
4067,681,422
4068,253,338
4069,71,71
4070,157,157
4071,174,382
4072,79,137
4073,468,126
4074,273,19
4075,326,326
4076,37,38
4077,17,423
4078,121,223
4079,60,60
4080,422,138
4081,323,326
4082,87,10
4083,336,58
4084,114,62
4085,730,87
4086,336,35
4087,703,16
4088,269,55
4089,124,124
4090,165,375
4091,421,272
4092,402,402
4093,165,165
4094,261,99
4095,425,425
4096,26,26
4097,267,267
4098,137,280
4099,390,46
4100,119,82
4101,62,238
4102,365,138
4103,413,393
4104,40,40
4105,406,276
4106,253,253
4107,382,348
4108,381,207
4109,320,320
4110,71,87
4111,332,166
4112,638,565
4113,343,422
4114,619,380
4115,212,212
4116,232,232
4117,175,262
4118,66,216
4119,317,196
4120,222,222
4121,395,124
4122,332,8
4123,266,74
4124,79,79
4125,72,158
4126,371,42
4127,77,363
4128,6,159
4129,329,221
4130,260,359
4131,29,281
4132,274,125
4133,546,43
4134,260,344
4135,319,34
4136,382,46
4137,87,5
4138,216,82
4139,523,698
4140,392,181
4141,294,547
4142,422,422
4143,35,408
4144,131,724
4145,283,36
4146,55,210
4147,173,173
4148,335,370
4149,338,338
4150,179,110
4151,88,111
4152,420,344
4153,276,370
4154,247,190
4155,239,22
4156,37,37
4157,200,365
4158,368,368
4159,383,359
4160,732,358
4161,225,225
4162,349,163
4163,325,325
4164,87,203
4165,77,22
4166,41,87
4167,246,139
4168,67,67
4169,288,247
4170,58,58
4171,3,3
4172,392,392
4173,283,175
4174,151,326
4175,71,435
4176,433,433
4177,744,373
4178,305,305
4179,390,320
4180,121,99
4181,188,188
4182,186,178
4183,405,405
4184,148,363
4185,54,125
4186,27,407
4187,333,280
4188,306,384
4189,0,246
4190,369,175
4191,209,65
4192,94,94
4193,34,5
4194,369,335
4195,216,192
4196,63,300
4197,204,204
4198,190,255
4199,170,170
4200,203,203
4201,406,406
4202,101,605
4203,65,121
4204,204,396
4205,192,32
4206,396,259
4207,281,365
4208,380,43
4209,377,377
4210,317,317
4211,200,269
4212,54,363
4213,76,76
4214,143,19
4215,340,220
4216,175,288
4217,97,290
4218,138,144
4219,172,668
4220,249,193
4221,393,433
4222,137,80
4223,341,318
4224,793,87
4225,139,61
4226,423,423
4227,319,202
4228,71,223
4229,305,305
4230,106,393
4231,292,266
4232,251,179
4233,310,82
4234,193,45
4235,358,384
4236,54,54
4237,143,94
4238,308,105
4239,396,396
4240,62,37
4241,303,303
4242,268,268
4243,319,319
4244,256,339
4245,250,202
4246,14,14
4247,37,269
4248,225,145
4249,158,158
4250,257,116
4251,83,83
4252,4,45
4253,237,237
4254,22,22
4255,262,306
4256,320,320
4257,22,145
4258,548,264
4259,350,350
4260,384,384
4261,162,33
4262,137,26
4263,255,255
4264,241,575
4265,337,181
4266,404,404
4267,373,373
4268,20,413
4269,202,367
4270,274,274
4271,70,70
4272,240,133
4273,348,348
4274,91,327
4275,152,152
4276,421,143
4277,213,279
4278,437,15
4279,387,387
4280,424,252
4281,182,161
4282,347,264
4283,161,286
4284,240,301
4285,269,198
4286,397,8
4287,856,10
4288,231,33
4289,79,79
4290,40,139
4291,323,410
4292,484,87
4293,74,340
4294,194,194
4295,358,275
4296,7,231
4297,208,424
4298,338,338
4299,320,281
4300,110,172
4301,20,331
4302,424,336
4303,354,354
4304,42,166
4305,63,72
4306,223,121
4307,379,379
4308,83,41
4309,435,389
4310,555,156
4311,307,307
4312,85,380
4313,402,223
4314,138,138
4315,99,566
4316,2,136
4317,257,257
4318,396,353
4319,668,178
4320,430,200
4321,70,55
4322,213,238
4323,351,107
4324,356,356
4325,383,86
4326,430,371
4327,18,18
4328,214,214
4329,273,253
4330,166,166
4331,355,303
4332,232,232
4333,344,279
4334,212,197
4335,244,334
4336,418,418
4337,237,237
4338,122,87
4339,694,243
4340,208,389
4341,328,88
4342,46,26
4343,234,234
4344,7,286
4345,138,431
4346,27,407
4347,98,319
4348,330,330
4349,143,19
4350,79,309
4351,313,127
4352,163,393
4353,359,367
4354,365,365
4355,309,39
4356,131,19
4357,155,155
4358,566,111
4359,169,139
4360,401,267
4361,421,402
4362,260,198
4363,59,173
4364,246,246
4365,113,306
4366,125,35
4367,254,119
4368,297,302
4369,230,256
4370,301,74
4371,421,49
4372,221,438
4373,86,370
4374,192,387
4375,363,59
4376,260,70
4377,785,47
4378,585,330
4379,47,47
4380,364,237
4381,319,319
4382,295,59
4383,94,401
4384,110,279
4385,431,14
4386,41,138
4387,279,279
4388,279,226
4389,304,305
4390,250,445
4391,867,371
4392,305,305
4393,45,186
4394,210,371
4395,409,127
4396,372,302
4397,130,637
4398,205,192
4399,426,427
4400,321,321
4401,548,555
4402,5,411
4403,156,338
4404,68,19
4405,76,812
4406,155,236
4407,319,287
4408,302,251
4409,216,216
4410,400,400
4411,211,55
4412,644,128
4413,17,407
4414,384,113
4415,105,105
4416,257,158
4417,402,109
4418,194,194
4419,113,113
4420,7,135
4421,12,12
4422,137,137
4423,152,348
4424,218,523
4425,148,255
4426,90,45
4427,822,202
4428,74,352
4429,87,278
4430,67,67
4431,209,362
4432,39,422
4433,19,175
4434,55,567
4435,373,373
4436,350,389
4437,353,65
4438,273,94
4439,214,161
4440,67,67
4441,150,422
4442,327,354
4443,64,394
4444,170,170
4445,295,141
4446,698,212
4447,187,324
4448,362,195
4449,45,45
4450,186,186
4451,408,408
4452,124,124
4453,307,307
4454,19,288
4455,752,108
4456,223,255
4457,259,392
4458,381,381
4459,333,3
4460,204,204
4461,13,214
4462,66,187
4463,317,76
4464,316,381
4465,425,357
4466,156,240
4467,433,334
4468,210,175
4469,383,234
4470,7,7
4471,229,359
4472,121,107
4473,230,237
4474,385,200
4475,58,83
4476,229,290
4477,234,385
4478,105,105
4479,281,281
4480,32,232
4481,288,288
4482,344,51
4483,70,394
4484,416,342
4485,122,349
4486,305,305
4487,163,163
4488,268,326
4489,323,310
4490,0,73
4491,280,416
4492,17,359
4493,242,116
4494,205,167
4495,297,297
4496,144,144
4497,59,81
4498,135,354
4499,567,853
4500,421,198
4501,431,47
4502,194,79
4503,136,79
4504,17,264
4505,100,416
4506,325,298
4507,128,128
4508,203,77
4509,336,58
4510,357,223
4511,3,3
4512,390,390
4513,160,287
4514,214,546
4515,156,38
4516,505,371
4517,105,105
4518,433,433
4519,243,243
4520,167,344
4521,256,48
4522,355,68
4523,407,423
4524,155,155
4525,375,271
4526,185,135
4527,183,35
4528,85,150
4529,79,79
4530,45,189
4531,126,263
4532,171,106
4533,65,186
4534,19,19
4535,382,374
4536,252,7
4537,10,17
4538,347,161
4539,88,199
4540,144,144
4541,273,64
4542,224,156
4543,411,101
4544,404,404
4545,320,41
4546,56,415
4547,231,231
4548,380,378
4549,64,259
4550,41,41
4551,359,85
4552,75,75
4553,698,415
4554,333,63
4555,76,154
4556,163,279
4557,295,295
4558,38,85
4559,161,37
4560,119,175
4561,34,136
4562,572,224
4563,207,278
4564,79,79
4565,79,423
4566,106,106
4567,113,145
4568,820,202
4569,137,701
4570,295,295
4571,171,326
4572,48,73
4573,322,322
4574,71,357
4575,91,405
4576,188,72
4577,289,43
4578,154,154
4579,327,327
4580,280,228
4581,272,272
4582,141,121
4583,360,360
4584,433,433
4585,127,158
4586,305,223
4587,42,575
4588,377,323
4589,266,389
4590,405,194
4591,203,646
4592,233,233
4593,129,101
4594,365,365
4595,408,412
4596,58,390
4597,271,135
4598,101,101
4599,197,230
4600,377,377
4601,401,128
4602,213,238
4603,303,260
4604,363,272
4605,281,281
4606,166,406
4607,218,315
4608,203,395
4609,526,90
4610,341,326
4611,179,260
4612,34,381
4613,367,380
4614,36,127
4615,411,411
4616,349,194
4617,41,41
4618,137,267
4619,4,4
4620,425,425
4621,395,205
4622,127,335
4623,87,389
4624,407,17
4625,290,290
4626,357,26
4627,199,251
4628,357,421
4629,405,101
4630,287,22
4631,82,94
4632,18,238
4633,12,92
4634,82,366
4635,107,107
4636,423,423
4637,390,351
4638,315,133
4639,189,315
4640,161,150
4641,686,408
4642,178,217
4643,417,318
4644,190,337
4645,365,281
4646,86,272
4647,164,221
4648,363,26
4649,413,393
4650,7,390
4651,316,218
4652,176,176
4653,391,178
4654,131,131
4655,278,97
4656,110,375
4657,11,394
4658,105,435
4659,385,385
4660,250,399
4661,53,186
4662,359,359
4663,430,140
4664,17,67
4665,181,98
4666,66,59
4667,7,31
4668,305,305
4669,567,124
4670,46,289
4671,426,136
4672,152,152
4673,222,86
4674,415,415
4675,292,398
4676,113,755
4677,283,404
4678,81,81
4679,261,15
4680,244,341
4681,267,307
4682,6,206
4683,1,209
4684,370,193
4685,181,392
4686,88,202
4687,113,216
4688,179,290
4689,120,31
4690,82,174
4691,792,546
4692,290,422
4693,128,299
4694,690,137
4695,243,395
4696,306,108
4697,83,113
4698,375,43
4699,793,422
4700,402,423
4701,363,26
4702,166,274
4703,179,375
4704,322,54
4705,45,53
4706,401,74
4707,553,387
4708,191,269
4709,81,192
4710,264,158
4711,337,306
4712,270,270
4713,39,132
4714,244,325
4715,334,318
4716,117,334
4717,180,5
4718,339,339
4719,262,262
4720,385,385
4721,751,659
4722,107,351
4723,162,216
4724,317,76
4725,152,31
4726,132,92
4727,58,66
4728,435,435
4729,27,322
4730,159,78
4731,329,372
4732,145,14
4733,434,374
4734,43,70
4735,407,216
4736,326,326
4737,258,211
4738,5,46
4739,85,187
4740,161,309
4741,245,192
4742,313,251
4743,428,357
4744,392,392
4745,258,258
4746,324,374
4747,152,357
4748,568,43
4749,35,341
4750,280,156
4751,186,100
4752,381,199
4753,2,39
4754,214,214
4755,390,423
4756,594,220
4757,433,267
4758,12,12
4759,208,208
4760,126,126
4761,131,132
4762,155,436
4763,253,253
4764,418,233
4765,40,684
4766,406,259
4767,336,35
4768,208,122
4769,296,296
4770,10,173
4771,404,61
4772,185,229
4773,323,193
4774,47,12
4775,387,387
4776,257,357
4777,49,49
4778,124,175
4779,386,15
4780,144,144
4781,231,258
4782,335,375
4783,416,106
4784,374,258
4785,150,296
4786,415,415
4787,261,396
4788,369,42
4789,221,21
4790,86,43
4791,326,74
4792,174,187
4793,11,222
4794,151,113
4795,73,273
4796,336,336
4797,145,300
4798,328,404
4799,391,233
4800,214,140
4801,113,83
4802,279,213
4803,362,15
4804,498,210
4805,154,307
4806,95,95
4807,255,295
4808,143,174
4809,67,67
4810,777,109
4811,58,252
4812,223,223
4813,200,406
4814,260,159
4815,233,204
4816,413,226
4817,86,371
4818,404,298
4819,106,106
4820,292,130
4821,167,111
4822,65,134
4823,338,338
4824,19,19
4825,392,225
4826,349,254
4827,643,192
4828,125,125
4829,4,4
4830,344,867
4831,54,54
4832,201,48
4833,111,238
4834,144,369
4835,46,212
4836,6,112
4837,179,264
4838,415,391
4839,261,261
4840,254,254
4841,814,244
4842,173,328
4843,17,80
4844,383,383
4845,385,385
4846,17,264
4847,216,220
4848,341,401
4849,41,274
4850,427,272
4851,176,155
4852,48,421
4853,163,62
4854,523,208
4855,250,193
4856,303,303
4857,405,405
4858,47,283
4859,212,197
4860,76,317
4861,40,279
4862,321,321
4863,390,83
4864,421,309
4865,266,366
4866,3,3
4867,402,402
4868,197,434
4869,37,382
4870,354,410
4871,46,275
4872,36,36
4873,383,57
4874,369,241
4875,355,157
4876,7,7
4877,237,237
4878,94,406
4879,279,362
4880,128,128
4881,384,384
4882,385,84
4883,309,85
4884,138,138
4885,375,241
4886,81,326
4887,179,157
4888,423,423
4889,354,165
4890,308,308
4891,314,23
4892,47,47
4893,70,231
4894,63,63
4895,437,113
4896,297,494
4897,185,234
4898,376,376
4899,260,416
4900,102,338
4901,390,390
4902,100,344
4903,231,231
4904,382,264
4905,698,101
4906,238,378
4907,419,108
4908,297,280
4909,412,412
4910,809,416
4911,395,150
4912,95,95
4913,327,354
4914,106,106
4915,402,255
4916,316,72
4917,674,119
4918,144,144
4919,384,35
4920,212,204
4921,873,105
4922,356,90
4923,143,281
4924,50,280
4925,335,383
4926,295,63
4927,58,223
4928,372,413
4929,354,197
4930,360,360
4931,313,313
4932,568,548
4933,567,350
4934,72,192
4935,445,124
4936,668,32
4937,253,253
4938,575,430
4939,21,45
4940,83,390
4941,385,159
4942,186,433
4943,22,22
4944,381,260
4945,862,403
4946,272,333
4947,321,321
4948,37,37
4949,152,359
4950,111,26
4951,345,288
4952,278,264
4953,396,413
4954,280,280
4955,23,87
4956,267,318
4957,162,412
4958,339,221
4959,196,120
4960,225,171
4961,303,7
4962,98,282
4963,415,249
4964,202,136
4965,317,47
4966,82,210
4967,353,76
4968,196,196
4969,278,288
4970,369,99
4971,274,221
4972,422,422
4973,199,373
4974,316,316
4975,279,279
4976,404,575
4977,431,126
4978,611,25
4979,36,293
4980,102,307
4981,210,374
4982,26,26
4983,214,214
4984,209,0
4985,32,32
4986,268,404
4987,677,262
4988,178,120
4989,217,240
4990,391,391
4991,775,264
4992,122,64
4993,91,91
4994,347,161
4995,128,366
4996,79,79
4997,280,110
4998,184,65
4999,8,57
5000,379,22
5001,357,424
5002,117,328
5003,113,113
5004,181,159
5005,111,378
5006,407,407
5007,261,175
5008,347,347
5009,16,16
5010,70,70
5011,384,25
5012,14,130
5013,166,261
5014,391,391
5015,325,325
5016,209,415
5017,309,309
5018,210,367
5019,10,10
5020,567,250
5021,316,316
5022,87,228
5023,356,523
5024,199,225
5025,230,295
5026,286,271
5027,324,428
5028,277,396
5029,213,237
5030,423,190
5031,375,231
5032,388,18
5033,430,54
5034,42,327
5035,250,86
5036,54,303
5037,58,58
5038,405,405
5039,349,178
5040,26,26
5041,393,269
5042,305,143
5043,211,287
5044,413,229
5045,297,156
5046,267,75
5047,716,126
5048,4,4
5049,24,5
5050,328,696
5051,344,221
5052,222,260
5053,425,371
5054,240,55
5055,175,175
5056,302,125
5057,200,291
5058,125,519
5059,73,75
5060,391,286
5061,137,181
5062,178,119
5063,286,431
5064,362,362
5065,329,277
5066,793,10
5067,403,382
5068,309,253
5069,22,287
5070,41,202
5071,211,162
5072,45,45
5073,325,325
5074,22,401
5075,40,40
5076,341,328
5077,229,216
5078,48,287
5079,240,188
5080,340,340
5081,225,225
5082,80,67
5083,421,390
5084,267,384
5085,70,378
5086,121,121
5087,281,281
5088,72,42
5089,310,310
5090,421,165
5091,92,394
5092,394,161
5093,73,49
5094,396,88
5095,136,264
5096,156,280
5097,132,31
5098,411,411
5099,296,75
5100,174,275
5101,212,212
5102,220,246
5103,337,394
5104,150,347
5105,337,138
5106,46,79
5107,167,197
5108,289,347
5109,70,575
5110,261,20
5111,247,247
5112,150,22
5113,231,198
5114,425,360
5115,425,425
5116,17,17
5117,387,232
5118,320,320
5119,128,72
5120,305,93
5121,120,365
5122,26,26
5123,34,363
5124,421,138
5125,180,180
5126,31,244
5127,566,172
5128,196,238
5129,266,220
5130,278,278
5131,66,324
5132,337,143
5133,415,81
5134,220,103
5135,752,210
5136,436,436
5137,206,206
5138,297,297
5139,297,297
5140,76,106
5141,730,294
5142,279,12
5143,158,158
5144,175,838
5145,416,416
5146,300,63
5147,278,278
5148,218,332
5149,45,74
5150,259,307
5151,318,154
5152,12,88
5153,94,366
5154,366,366
5155,713,530
5156,71,71
5157,393,237
5158,287,143
5159,317,317
5160,402,128
5161,256,256
5162,36,200
5163,394,394
5164,374,210
5165,377,41
5166,422,422
5167,746,496
5168,418,418
5169,32,185
5170,213,378
5171,45,108
5172,575,308
5173,474,186
5174,43,271
5175,282,421
5176,833,214
5177,155,221
5178,69,101
5179,317,47
5180,406,349
5181,167,308
5182,407,101
5183,154,392
5184,17,17
5185,620,228
5186,330,330
5187,15,499
5188,756,353
5189,397,226
5190,34,336
5191,7,380
5192,386,261
5193,323,240
5194,59,229
5195,128,57
5196,58,282
5197,37,37
5198,305,192
5199,74,74
5200,39,138
5201,253,253
5202,82,119
5203,43,422
5204,67,10
5205,166,84
5206,182,182
5207,126,71
5208,166,138
5209,183,303
5210,41,258
5211,82,154
5212,280,280
5213,14,11
5214,268,415
5215,161,64
5216,305,370
5217,421,287
5218,163,20
5219,117,82
5220,72,72
5221,247,129
5222,152,202
5223,433,88
5224,51,189
5225,234,129
5226,334,108
5227,128,298
5228,406,437
5229,121,121
5230,246,178
5231,719,160
5232,578,578
5233,85,85
5234,8,333
5235,122,138
5236,804,244
5237,434,231
5238,200,200
5239,50,228
5240,181,15
5241,202,260
5242,156,113
5243,401,244
5244,422,422
5245,36,36
5246,7,3
5247,113,73
5248,159,240
5249,559,83
5250,392,271
5251,78,333
5252,371,159
5253,376,82
5254,272,58
5255,7,231
5256,375,199
5257,367,367
5258,305,305
5259,267,21
5260,369,369
5261,0,266
5262,59,220
5263,109,333
5264,496,90
5265,129,267
5266,55,282
5267,82,376
5268,188,94
5269,379,59
5270,527,351
5271,323,196
5272,280,202
5273,197,372
5274,434,27
5275,6,269
5276,45,47
5277,418,393
5278,404,42
5279,397,397
5280,305,324
5281,63,360
5282,793,435
5283,14,319
5284,93,74
5285,76,212
5286,63,424
5287,190,190
5288,172,426
5289,415,5
5290,337,60
5291,776,158
5292,628,245
5293,167,413
5294,253,253
5295,221,406
5296,239,35
5297,61,76
5298,833,105
5299,620,306
5300,11,375
5301,298,318
5302,744,871
5303,54,137
5304,2,169
5305,35,361
5306,128,12
5307,63,182
5308,32,41
5309,95,382
5310,195,195
5311,796,101
5312,303,303
5313,63,14
5314,27,66
5315,186,75
5316,307,307
5317,326,323
5318,406,15
5319,271,17
5320,192,380
5321,351,351
5322,306,358
5323,199,421
5324,423,194
5325,296,127
5326,66,287
5327,30,185
5328,48,73
5329,278,278
5330,368,37
5331,25,25
5332,46,351
5333,101,101
5334,55,55
5335,278,278
5336,350,184
5337,395,79
5338,0,89
5339,126,351
5340,15,15
5341,8,8
5342,313,167
5343,117,215
5344,424,292
5345,269,5
5346,272,272
5347,251,381
5348,867,382
5349,183,162
5350,192,192
5351,140,277
5352,62,92
5353,235,155
5354,239,107
5355,286,286
5356,22,424
5357,94,185
5358,71,435
5359,181,19
5360,70,85
5361,856,10
5362,75,302
5363,271,271
5364,300,300
5365,121,121
5366,131,131
5367,196,135
5368,92,8
5369,314,546
5370,137,308
5371,86,159
5372,151,0
5373,356,423
5374,390,303
5375,395,252
5376,144,365
5377,378,378
5378,170,95
5379,396,112
5380,196,196
5381,199,255
5382,290,343
5383,279,175
5384,26,306
5385,576,90
5386,681,179
5387,698,196
5388,430,430
5389,158,158
5390,259,147
5391,106,74
5392,363,363
5393,326,173
5394,355,203
5395,297,57
5396,54,435
5397,430,255
5398,136,324
5399,419,372
5400,287,66
5401,58,58
5402,371,290
5403,404,404
5404,208,59
5405,203,567
5406,45,45
5407,22,234
5408,370,22
5409,368,368
5410,313,215
5411,418,362
5412,425,425
5413,161,166
5414,681,566
5415,401,168
5416,317,317
5417,5,250
5418,278,407
5419,433,378
5420,292,373
5421,229,41
5422,247,247
5423,223,202
5424,64,395
5425,245,349
5426,53,186
5427,387,278
5428,40,40
5429,282,282
5430,208,710
5431,198,338
5432,822,551
5433,259,254
5434,103,266
5435,287,320
5436,360,360
5437,237,237
5438,292,407
5439,118,117
5440,299,150
5441,823,143
5442,584,396
5443,161,161
5444,59,267
5445,216,216
5446,387,387
5447,223,223
5448,746,227
5449,40,218
5450,9,9
5451,374,274
5452,340,340
5453,322,322
5454,295,421
5455,179,280
5456,814,298
5457,172,415
5458,306,250
5459,364,207
5460,63,205
5461,324,94
5462,380,7
5463,107,398
5464,80,80
5465,421,143
5466,175,344
5467,402,239
5468,660,265
5469,422,70
5470,221,297
5471,210,435
5472,269,138
5473,82,384
5474,331,286
5475,359,359
5476,267,353
5477,66,239
5478,326,326
5479,59,424
5480,408,408
5481,244,325
5482,324,146
5483,359,85
5484,221,221
5485,524,278
5486,73,75
5487,279,234
5488,113,35
5489,204,417
5490,284,130
5491,8,60
5492,422,86
5493,353,186
5494,225,225
5495,395,212
5496,42,392
5497,153,167
5498,387,387
5499,317,317
5500,211,322
5501,3,3
5502,221,55
5503,815,712
5504,113,48
5505,375,247
5506,37,39
5507,331,332
5508,272,211
5509,229,229
5510,782,408
5511,64,68
5512,135,393
5513,166,436
5514,371,371
5515,32,232
5516,163,163
5517,295,373
5518,384,366
5519,215,268
5520,400,152
5521,271,271
5522,195,112
5523,374,264
5524,126,71
5525,268,268
5526,234,196
5527,375,211
5528,181,11
5529,264,239
5530,52,80
5531,329,47
5532,22,63
5533,308,15
5534,24,260
5535,433,92
5536,404,404
5537,122,258
5538,95,95
5539,231,299
5540,279,40
5541,98,214
5542,319,36
5543,358,355
5544,135,239
5545,366,211
5546,152,141
5547,286,160
5548,191,319
5549,62,62
5550,814,154
5551,404,404
5552,384,366
5553,308,82
5554,144,290
5555,124,18
5556,706,90
5557,309,174
5558,325,325
5559,340,634
5560,3,24
5561,270,270
5562,18,18
5563,259,307
5564,102,48
5565,428,324
5566,121,121
5567,394,369
5568,354,405
5569,12,12
5570,26,349
5571,295,295
5572,395,160
5573,810,232
5574,736,192
5575,102,117
5576,746,377
5577,285,198
5578,300,182
5579,63,300
5580,406,438
5581,55,272
5582,6,6
5583,376,295
5584,234,254
5585,314,233
5586,402,395
5587,254,412
5588,36,139
5589,384,73
5590,128,326
5591,437,321
5592,172,414
5593,183,259
5594,413,396
5595,156,41
5596,357,169
5597,349,14
5598,179,109
5599,187,41
5600,746,378
5601,101,92
5602,99,374
5603,178,295
5604,172,344
5605,290,290
5606,351,278
5607,171,326
5608,210,223
5609,421,361
5610,321,321
5611,332,349
5612,415,418
5613,22,22
5614,384,185
5615,222,11
5616,395,225
5617,436,436
5618,412,412
5619,190,431
5620,102,102
5621,418,418
5622,20,418
5623,422,70
5624,290,214
5625,816,296
5626,91,381
5627,406,261
5628,761,647
5629,282,295
5630,26,26
5631,326,128
5632,126,351
5633,823,425
5634,412,412
5635,668,147
5636,108,26
5637,325,325
5638,40,40
5639,190,421
5640,687,211
5641,71,71
5642,58,121
5643,347,169
5644,322,216
5645,720,271
5646,392,392
5647,212,212
5648,367,367
5649,244,720
5650,376,40
5651,194,258
5652,358,24
5653,98,319
5654,34,287
5655,338,297
5656,372,372
5657,362,209
5658,400,169
5659,269,290
5660,209,1
5661,406,253
5662,274,184
5663,437,20
5664,162,349
5665,2,375
5666,319,335
5667,152,135
5668,394,26
5669,128,128
5670,353,76
5671,171,334
5672,137,137
5673,415,344
5674,373,820
5675,58,273
5676,578,109
5677,208,424
5678,205,205
5679,247,247
5680,231,165
5681,12,279
5682,79,143
5683,157,79
5684,22,359
5685,204,406
5686,349,393
5687,316,215
5688,298,298
5689,43,306
5690,200,200
5691,814,814
5692,258,421
5693,6,32
5694,215,215
5695,58,357
5696,395,283
5697,197,392
5698,89,197
5699,403,403
5700,359,319
5701,320,287
5702,240,240
5703,371,159
5704,202,83
5705,394,161
5706,587,423
5707,402,252
5708,389,225
5709,258,143
5710,205,369
5711,28,67
5712,67,265
5713,383,357
5714,438,195
5715,305,59
5716,274,377
5717,351,351
5718,388,79
5719,59,257
5720,253,181
5721,287,34
5722,41,35
5723,10,10
5724,22,145
5725,174,247
5726,55,324
5727,143,124
5728,363,363
5729,47,92
5730,405,405
5731,230,80
5732,283,119
5733,127,411
5734,360,360
5735,34,34
5736,369,37
5737,305,19
5738,250,284
5739,868,92
5740,71,434
5741,228,187
5742,307,307
5743,165,165
5744,272,336
5745,106,266
5746,165,165
5747,391,137
5748,246,246
5749,383,3
5750,33,266
5751,394,347
5752,354,64
5753,85,85
5754,137,137
5755,331,333
5756,371,371
5757,212,429
5758,106,368
5759,182,251
5760,382,159
5761,158,143
5762,67,80
5763,128,128
5764,421,282
5765,221,125
5766,156,41
5767,5,222
5768,248,222
5769,137,50
5770,344,344
5771,219,101
5772,86,86
5773,27,17
5774,72,288
5775,51,365
5776,326,94
5777,377,274
5778,148,148
5779,179,725
5780,286,138
5781,80,407
5782,247,181
5783,106,106
5784,46,338
5785,336,3
5786,309,7
5787,405,181
5788,199,3
5789,279,233
5790,280,80
5791,308,237
5792,382,190
5793,138,367
5794,326,341
5795,83,187
5796,156,78
5797,189,40
5798,278,435
5799,57,57
5800,252,135
5801,54,158
5802,363,86
5803,287,170
5804,122,122
5805,65,45
5806,425,121
5807,81,103
5808,214,732
5809,163,163
5810,103,304
5811,296,135
5812,296,296
5813,447,271
5814,316,325
5815,24,358
5816,583,749
5817,363,363
5818,531,526
5819,349,306
5820,52,52
5821,657,124
5822,105,105
5823,305,407
5824,258,202
5825,746,405
5826,228,50
5827,49,94
5828,54,203
5829,748,64
5830,258,355
5831,351,351
5832,138,231
5833,190,358
5834,46,424
5835,175,37
5836,306,306
5837,295,48
5838,158,158
5839,275,68
5840,78,389
5841,423,423
5842,365,396
5843,48,273
5844,341,73
5845,381,382
5846,78,97
5847,320,320
5848,431,54
5849,383,22
5850,295,295
5851,677,219
5852,169,135
5853,422,422
5854,361,34
5855,156,10
5856,359,359
5857,415,306
5858,214,74
5859,55,380
5860,181,237
5861,385,172
5862,358,269
5863,354,354
5864,414,306
5865,720,208
5866,335,59
5867,259,196
5868,48,319
5869,407,160
5870,137,294
5871,322,216
5872,330,330
5873,166,874
5874,645,332
5875,317,6
5876,174,363
5877,546,75
5878,5,337
5879,387,387
5880,336,336
5881,267,267
5882,121,360
5883,264,359
5884,47,438
5885,150,150
5886,24,174
5887,39,237
5888,209,393
5889,117,102
5890,256,72
5891,205,329
5892,350,350
5893,188,231
5894,252,121
5895,368,368
5896,377,297
5897,681,277
5898,410,405
5899,110,110
5900,435,421
5901,278,121
5902,95,95
5903,401,171
5904,251,68
5905,67,154
5906,416,1
5907,122,148
5908,413,368
5909,106,106
5910,384,240
5911,71,423
5912,333,361
5913,110,110
5914,29,246
5915,407,407
5916,37,388
5917,128,57
5918,163,378
5919,139,246
5920,253,380
5921,204,217
5922,114,316
5923,651,745
5924,259,362
5925,240,19
5926,172,172
5927,316,117
5928,358,306
5929,71,390
5930,347,290
5931,170,17
5932,415,284
5933,224,119
5934,435,435
5935,278,278
5936,267,298
5937,338,198
5938,83,59
5939,194,26
5940,387,387
5941,283,418
5942,383,3
5943,427,5
5944,37,286
5945,437,415
5946,370,246
5947,243,395
5948,290,179
5949,337,190
5950,385,406
5951,431,360
5952,187,5
5953,678,438
5954,73,241
5955,789,408
5956,324,383
5957,65,9
5958,4,406
5959,121,425
5960,101,101
5961,421,235
5962,67,67
5963,272,430
5964,42,326
5965,75,225
5966,60,127
5967,483,208
5968,445,398
5969,10,67
5970,87,361
5971,5,382
5972,389,389
5973,379,379
5974,571,382
5975,394,214
5976,356,121
5977,78,228
5978,371,371
5979,53,181
5980,70,159
5981,12,12
5982,190,187
5983,371,70
5984,681,205
5985,430,430
5986,324,165
5987,214,214
5988,351,356
5989,330,330
5990,425,425
5991,275,390
5992,377,212
5993,269,349
5994,101,416
5995,385,200
5996,175,245
5997,60,60
5998,95,52
5999,143,79
6000,120,116
6001,65,184
6002,405,49
6003,359,31
6004,719,192
6005,93,93
6006,410,274
6007,384,267
6008,319,98
6009,16,16
6010,182,385
6011,42,371
6012,420,282
6013,378,222
6014,258,258
6015,73,73
6016,101,101
6017,101,101
6018,261,15
6019,7,92
6020,216,397
6021,870,20
6022,150,272
6023,294,78
6024,59,59
6025,310,82
6026,617,63
6027,266,162
6028,77,361
6029,92,222
6030,282,151
6031,259,259
6032,358,45
6033,367,380
6034,585,362
6035,400,418
6036,424,225
6037,338,802
6038,204,405
6039,232,383
6040,144,261
6041,305,216
6042,73,73
6043,42,273
6044,335,430
6045,12,415
6046,684,203
6047,282,305
6048,286,286
6049,129,411
6050,289,389
6051,214,166
6052,378,204
6053,365,35
6054,66,66
6055,356,121
6056,269,179
6057,387,80
6058,87,297
6059,57,75
6060,92,111
6061,179,110
6062,240,240
6063,371,371
6064,46,172
6065,3,148
6066,416,42
6067,31,374
6068,407,211
6069,276,277
6070,567,238
6071,196,344
6072,184,65
6073,194,194
6074,167,378
6075,182,256
6076,285,91
6077,317,302
6078,95,364
6079,45,429
6080,399,277
6081,204,429
6082,446,455
6083,424,421
6084,95,422
6085,256,347
6086,60,435
6087,18,292
6088,784,232
6089,160,109
6090,272,272
6091,277,47
6092,214,10
6093,130,22
6094,390,358
6095,424,405
6096,54,116
6097,194,274
6098,696,13
6099,275,281
6100,139,40
6101,423,175
6102,382,243
6103,87,87
6104,5,240
6105,138,381
6106,354,354
6107,121,121
6108,172,124
6109,261,369
6110,99,219
6111,436,161
6112,325,325
6113,330,195
6114,105,429
6115,423,165
6116,259,312
6117,757,294
6118,294,309
6119,213,413
6120,136,79
6121,168,331
6122,201,5
6123,373,373
6124,321,321
6125,149,266
6126,357,71
6127,360,217
6128,211,59
6129,94,119
6130,775,87
6131,286,255
6132,383,354
6133,126,252
6134,194,194
6135,27,143
6136,261,214
6137,386,386
6138,232,232
6139,406,406
6140,433,233
6141,234,59
6142,324,421
6143,257,136
6144,143,192
6145,319,98
6146,11,205
6147,252,252
6148,59,287
6149,92,375
6150,70,70
6151,347,256
6152,269,163
6153,260,24
6154,747,264
6155,523,67
6156,318,318
6157,229,382
6158,36,139
6159,160,22
6160,308,210
6161,73,814
6162,37,370
6163,66,371
6164,307,61
6165,407,407
6166,279,238
6167,389,435
6168,165,165
6169,219,219
6170,88,92
6171,350,389
6172,136,136
6173,267,59
6174,375,375
6175,347,367
6176,402,402
6177,225,225
6178,292,292
6179,101,179
6180,366,326
6181,77,349
6182,140,262
6183,32,240
6184,214,214
6185,150,138
6186,8,64
6187,82,384
6188,7,358
6189,296,389
6190,197,197
6191,62,161
6192,193,391
6193,80,264
6194,186,102
6195,196,412
6196,39,204
6197,71,390
6198,76,89
6199,394,179
6200,6,88
6201,208,208
6202,192,192
6203,16,202
6204,137,137
6205,121,390
6206,333,59
6207,42,391
6208,211,211
6209,402,223
6210,157,64
6211,166,84
6212,200,182
6213,79,231
6214,305,305
6215,198,7
6216,196,155
6217,150,323
6218,197,205
6219,18,124
6220,277,65
6221,423,324
6222,23,405
6223,795,280
6224,78,278
6225,239,130
6226,204,261
6227,425,424
6228,387,387
6229,154,154
6230,9,233
6231,148,148
6232,365,365
6233,41,41
6234,62,182
6235,45,119
6236,112,76
6237,361,58
6238,268,268
6239,437,378
6240,330,47
6241,368,413
6242,39,332
6243,10,113
6244,402,121
6245,79,297
6246,73,267
6247,396,396
6248,66,17
6249,404,254
6250,381,402
6251,384,128
6252,215,215
6253,9,429
6254,259,310
6255,159,240
6256,239,95
6257,300,22
6258,310,317
6259,92,234
6260,411,133
6261,138,382
6262,117,117
6263,406,374
6264,231,421
6265,305,274
6266,422,161
6267,395,92
6268,730,187
6269,205,205
6270,262,262
6271,321,321
6272,407,287
6273,98,98
6274,71,79
6275,394,422
6276,279,297
6277,319,332
6278,148,523
6279,435,435
6280,137,121
6281,92,70
6282,278,247
6283,188,370
6284,431,360
6285,359,144
6286,496,175
6287,150,363
6288,363,59
6289,293,9
6290,12,330
6291,188,31
6292,79,126
6293,211,211
6294,303,303
6295,126,223
6296,197,197
6297,380,32
6298,435,435
6299,422,86
6300,244,119
6301,385,92
6302,563,269
6303,268,73
6304,407,395
6305,163,279
6306,68,405
6307,406,260
6308,260,55
6309,211,211
6310,87,60
6311,22,7
6312,43,70
6313,389,315
6314,203,664
6315,401,341
6316,150,161
6317,295,295
6318,37,260
6319,374,374
6320,609,83
6321,434,143
6322,272,216
6323,421,75
6324,324,424
6325,380,223
6326,308,279
6327,429,175
6328,853,72
6329,42,186
6330,413,413
6331,150,150
6332,106,106
6333,378,362
6334,16,16
6335,172,110
6336,63,300
6337,214,214
6338,37,37
6339,228,179
6340,101,101
6341,58,390
6342,165,165
6343,128,326
6344,354,240
6345,55,180
6346,272,80
6347,725,151
6348,222,235
6349,142,207
6350,267,268
6351,71,71
6352,378,166
6353,48,326
6354,266,75
6355,395,303
6356,390,320
6357,265,422
6358,283,155
6359,112,4
6360,388,297
6361,323,61
6362,460,296
6363,314,365
6364,381,216
6365,42,260
6366,290,290
6367,776,137
6368,338,156
6369,165,165
6370,7,282
6371,280,14
6372,55,236
6373,341,341
6374,91,138
6375,228,361
6376,271,202
6377,79,351
6378,294,394
6379,250,250
6380,130,64
6381,107,58
6382,76,45
6383,45,307
6384,298,0
6385,225,72
6386,2,382
6387,17,287
6388,114,98
6389,293,72
6390,382,309
6391,151,176
6392,418,415
6393,275,390
6394,752,193
6395,318,341
6396,127,35
6397,91,91
6398,311,252
6399,55,20
6400,146,203
6401,382,382
6402,231,141
6403,48,119
6404,266,149
6405,158,135
6406,150,300
6407,229,107
6408,275,71
6409,395,100
6410,266,129
6411,279,261
6412,434,363
6413,387,387
6414,286,39
6415,2,11
6416,181,64
6417,122,130
6418,381,273
6419,269,369
6420,62,20
6421,395,395
6422,67,26
6423,234,234
6424,101,101
6425,36,36
6426,416,416
6427,126,421
6428,428,158
6429,73,35
6430,279,279
6431,394,222
6432,270,270
6433,489,642
6434,214,399
6435,63,218
6436,283,186
6437,253,253
6438,384,82
6439,363,91
6440,159,388
6441,384,357
6442,267,267
6443,383,63
6444,207,207
6445,76,292
6446,135,204
6447,62,394
6448,698,30
6449,362,412
6450,775,437
6451,148,148
6452,66,363
6453,698,267
6454,273,273
6455,161,161
6456,181,181
6457,433,196
6458,65,65
6459,172,124
6460,200,45
6461,178,89
6462,53,85
6463,401,74
6464,348,126
6465,430,332
6466,137,55
6467,390,275
6468,278,97
6469,468,179
6470,67,67
6471,335,271
6472,330,321
6473,148,148
6474,41,357
6475,370,179
6476,88,380
6477,186,186
6478,182,182
6479,45,45
6480,205,317
6481,399,214
6482,257,11
6483,32,55
6484,146,296
6485,51,209
6486,140,196
6487,435,14
6488,3,3
6489,395,64
6490,146,11
6491,107,190
6492,260,290
6493,798,16
6494,366,366
6495,320,320
6496,327,327
6497,804,422
6498,411,1
6499,366,366
6500,27,27
6501,332,332
6502,371,319
6503,73,75
6504,238,222
6505,278,407
6506,430,430
6507,369,212
6508,203,306
6509,200,200
6510,167,187
6511,365,113
6512,261,12
6513,179,219
6514,407,17
6515,300,347
6516,186,254
6517,360,57
6518,250,296
6519,402,255
6520,331,145
6521,300,191
6522,167,172
6523,27,107
6524,97,436
6525,253,388
6526,377,377
6527,289,290
6528,325,325
6529,254,254
6530,347,242
6531,235,324
6532,255,295
6533,202,198
6534,59,188
6535,381,381
6536,253,382
6537,269,86
6538,738,833
6539,154,225
6540,203,87
6541,426,43
6542,795,175
6543,155,181
6544,408,87
6545,330,362
6546,208,186
6547,188,371
6548,294,137
6549,433,406
6550,290,290
6551,423,148
6552,129,129
6553,268,325
6554,290,86
6555,353,353
6556,143,17
6557,752,405
6558,425,425
6559,307,307
6560,36,315
6561,424,322
6562,158,158
6563,58,59
6564,368,391
6565,365,365
6566,16,16
6567,247,375
6568,138,424
6569,413,237
6570,267,282
6571,193,193
6572,139,139
6573,66,80
6574,629,241
6575,423,359
6576,303,43
6577,306,395
6578,70,290
6579,144,347
6580,169,71
6581,267,57
6582,218,467
6583,129,48
6584,277,396
6585,121,356
6586,344,344
6587,546,286
6588,19,240
6589,48,431
6590,230,8
6591,34,407
6592,186,186
6593,327,169
6594,193,193
6595,321,321
6596,62,65
6597,262,430
6598,70,70
6599,578,207
6600,203,129
6601,35,63
6602,397,353
6603,265,288
6604,200,200
6605,483,215
6606,383,383
6607,337,7
6608,247,247
6609,279,62
6610,371,371
6611,36,234
6612,88,329
6613,290,369
6614,97,97
6615,326,326
6616,80,67
6617,5,344
6618,338,7
6619,165,165
6620,163,269
6621,231,258
6622,344,74
6623,186,637
6624,174,281
6625,294,87
6626,215,316
6627,48,286
6628,65,406
6629,235,165
6630,150,166
6631,396,193
6632,128,128
6633,391,391
6634,287,287
6635,46,304
6636,271,45
6637,52,191
6638,143,305
6639,288,344
6640,73,368
6641,12,437
6642,546,191
6643,259,415
6644,366,151
6645,359,121
6646,23,225
6647,139,54
6648,498,408
6649,276,404
6650,217,217
6651,144,37
6652,57,337
6653,166,166
6654,86,86
6655,7,363
6656,425,425
6657,45,31
6658,396,15
6659,380,222
6660,729,548
6661,418,12
6662,8,8
6663,164,216
6664,340,340
6665,87,203
6666,425,425
6667,418,418
6668,70,93
6669,369,371
6670,308,167
6671,181,105
6672,242,204
6673,182,182
6674,326,575
6675,393,418
6676,12,353
6677,300,300
6678,303,303
6679,255,130
6680,184,12
6681,202,70
6682,130,48
6683,431,431
6684,10,273
6685,651,105
6686,32,83
6687,220,240
6688,525,377
6689,390,423
6690,363,126
6691,348,348
6692,99,182
6693,82,127
6694,310,400
6695,145,246
6696,72,63
6697,112,254
6698,334,194
6699,390,17
6700,36,47
6701,68,268
6702,63,33
6703,207,351
6704,5,382
6705,347,40
6706,248,169
6707,55,37
6708,175,411
6709,371,371
6710,237,237
6711,326,282
6712,95,17
6713,253,43
6714,801,261
6715,407,407
6716,713,784
6717,166,138
6718,19,7
6719,329,329
6720,240,149
6721,294,798
6722,233,195
6723,283,393
6724,256,437
6725,242,378
6726,272,363
6727,121,130
6728,180,384
6729,319,319
6730,126,333
6731,115,8
6732,63,383
6733,75,353
6734,311,357
6735,368,368
6736,62,370
6737,759,467
6738,79,423
6739,353,57
6740,181,23
6741,190,190
6742,401,154
6743,134,386
6744,158,253
6745,422,7
6746,180,103
6747,609,121
6748,307,397
6749,67,220
6750,63,316
6751,578,405
6752,247,247
6753,76,212
6754,124,124
6755,155,305
6756,390,333
6757,228,436
6758,212,106
6759,154,267
6760,161,138
6761,55,399
6762,161,85
6763,329,76
6764,169,402
6765,173,268
6766,331,43
6767,782,798
6768,40,40
6769,120,181
6770,200,114
6771,73,341
6772,71,148
6773,279,393
6774,246,123
6775,185,24
6776,115,396
6777,298,244
6778,523,256
6779,303,369
6780,287,272
6781,101,101
6782,383,91
6783,278,278
6784,25,274
6785,74,106
6786,386,386
6787,402,148
6788,261,261
6789,323,188
6790,368,368
6791,355,35
6792,381,381
6793,391,391
6794,25,247
6795,203,344
6796,292,292
6797,321,321
6798,24,309
6799,279,134
6800,413,237
6801,231,64
6802,362,195
6803,341,73
6804,327,327
6805,300,300
6806,252,223
6807,546,145
6808,129,102
6809,362,65
6810,278,87
6811,8,424
6812,394,43
6813,8,414
6814,402,252
6815,497,184
6816,62,53
6817,126,143
6818,25,25
6819,27,66
6820,349,349
6821,181,201
6822,504,370
6823,237,237
6824,421,231
6825,214,286
6826,355,423
6827,484,760
6828,253,253
6829,163,163
6830,269,269
6831,333,79
6832,398,150
6833,134,377
6834,240,292
6835,240,145
6836,27,322
6837,167,6
6838,92,260
6839,144,269
6840,305,363
6841,681,418
6842,246,10
6843,273,67
6844,318,318
6845,9,4
6846,308,111
6847,226,370
6848,34,66
6849,350,335
6850,9,195
6851,370,370
6852,18,18
6853,407,278
6854,240,144
6855,344,82
6856,344,129
6857,165,255
6858,80,80
6859,212,578
6860,186,186
6861,363,363
6862,347,92
6863,54,54
6864,256,182
6865,383,327
6866,130,234
6867,11,175
6868,401,401
6869,41,41
6870,170,402
6871,39,175
6872,396,433
6873,152,152
6874,436,22
6875,643,94
6876,405,274
6877,137,308
6878,231,390
6879,353,353
6880,414,226
6881,387,387
6882,305,305
6883,247,247
6884,348,348
6885,183,49
6886,73,225
6887,259,259
6888,259,101
6889,24,190
6890,373,373
6891,377,377
6892,235,235
6893,431,337
6894,61,254
6895,86,363
6896,178,246
6897,159,152
6898,163,163
6899,122,122
6900,296,296
6901,278,278
6902,407,170
6903,290,406
6904,21,178
6905,192,305
6906,143,27
6907,398,436
6908,360,36
6909,269,269
6910,299,199
6911,135,156
6912,10,152
6913,34,35
6914,271,83
6915,40,332
6916,98,117
6917,95,71
6918,319,98
6919,74,548
6920,113,628
6921,151,293
6922,373,185
6923,499,791
6924,404,404
6925,93,93
6926,359,355
6927,421,357
6928,85,135
6929,108,298
6930,332,332
6931,373,204
6932,429,404
6933,46,388
6934,143,66
6935,152,137
6936,400,77
6937,199,335
6938,20,332
6939,163,163
6940,422,382
6941,156,297
6942,97,136
6943,308,167
6944,79,46
6945,290,337
6946,757,203
6947,322,220
6948,387,387
6949,260,135
6950,66,66
6951,216,322
6952,366,391
6953,156,288
6954,101,405
6955,298,57
6956,40,40
6957,192,322
6958,249,415
6959,215,215
6960,162,163
6961,437,437
6962,36,36
6963,249,167
6964,353,351
6965,318,318
6966,390,337
6967,425,145
6968,106,106
6969,233,246
6970,3,158
6971,49,568
6972,370,370
6973,229,127
6974,71,79
6975,131,135
6976,283,225
6977,271,296
6978,373,194
6979,296,255
6980,49,165
6981,159,159
6982,194,282
6983,49,350
6984,181,181
6985,412,412
6986,326,244
6987,163,369
6988,226,226
6989,377,377
6990,32,172
6991,3,3
6992,214,214
6993,273,48
6994,253,169
6995,124,32
6996,105,105
6997,148,253
6998,208,258
6999,521,91
7000,377,377
7001,523,290
7002,94,87
7003,196,400
7004,32,278
7005,259,259
7006,70,379
7007,427,24
7008,406,406
7009,130,42
7010,322,407
7011,10,10
7012,286,255
7013,336,210
7014,332,332
7015,336,27
7016,12,12
7017,360,121
7018,277,1
7019,149,149
7020,336,272
7021,182,133
7022,430,130
7023,321,307
7024,616,140
7025,467,225
7026,358,7
7027,17,273
7028,306,306
7029,481,284
7030,375,327
7031,298,298
7032,5,264
7033,436,436
7034,223,83
7035,66,66
7036,40,215
7037,211,3
7038,734,734
7039,256,407
7040,200,182
7041,537,389
7042,424,272
7043,357,384
7044,63,335
7045,387,387
7046,279,279
7047,383,383
7048,393,12
7049,60,60
7050,430,214
7051,165,122
7052,357,17
7053,169,257
7054,257,113
7055,182,328
7056,372,394
7057,328,130
7058,215,215
7059,259,259
7060,39,60
7061,425,425
7062,190,390
7063,280,280
7064,643,216
7065,55,55
7066,195,9
7067,275,358
7068,437,378
7069,406,286
7070,224,143
7071,338,253
7072,59,143
7073,261,204
7074,49,102
7075,63,63
7076,83,228
7077,295,255
7078,404,1
7079,505,187
7080,424,322
7081,365,120
7082,167,259
7083,260,99
7084,64,46
7085,75,384
7086,677,119
7087,295,169
7088,181,181
7089,490,353
7090,138,359
7091,177,159
7092,298,197
7093,293,120
7094,271,354
7095,237,163
7096,250,345
7097,36,36
7098,732,129
7099,377,377
7100,364,32
7101,404,404
7102,629,844
7103,390,258
7104,232,27
7105,362,279
7106,261,261
7107,533,32
7108,281,320
7109,288,19
7110,214,214
7111,411,411
7112,202,54
7113,469,474
7114,24,166
7115,350,54
7116,7,222
7117,150,383
7118,50,358
7119,413,393
7120,137,54
7121,223,255
7122,337,181
7123,10,211
7124,422,422
7125,55,185
7126,435,152
7127,163,436
7128,209,51
7129,356,383
7130,26,231
7131,107,379
7132,287,58
7133,401,244
7134,192,273
7135,275,275
7136,804,154
7137,106,106
7138,379,50
7139,732,129
7140,215,215
7141,113,183
7142,188,185
7143,17,66
7144,76,412
7145,636,27
7146,296,305
7147,86,264
7148,260,269
7149,319,367
7150,161,161
7151,155,218
7152,97,288
7153,171,171
7154,260,380
7155,139,246
7156,356,252
7157,120,120
7158,235,71
7159,307,65
7160,143,434
7161,325,128
7162,292,279
7163,413,254
7164,84,65
7165,602,523
7166,295,295
7167,64,48
7168,417,171
7169,312,345
7170,384,267
7171,814,341
7172,50,78
7173,139,182
7174,383,26
7175,752,433
7176,296,75
7177,268,310
7178,319,332
7179,314,204
7180,211,211
7181,434,324
7182,64,158
7183,58,187
7184,411,435
7185,58,58
7186,628,250
7187,196,405
7188,752,183
7189,75,74
7190,75,75
7191,383,261
7192,151,151
7193,135,135
7194,467,24
7195,425,425
7196,421,390
7197,19,19
7198,31,309
7199,200,397
7200,272,2
7201,107,107
7202,235,235
7203,51,365
7204,232,232
7205,320,320
7206,158,158
7207,198,179
7208,421,58
7209,406,210
7210,404,404
7211,423,336
7212,65,65
7213,35,287
7214,176,293
7215,426,127
7216,319,178
7217,223,148
7218,384,66
7219,372,372
7220,390,390
7221,436,370
7222,314,165
7223,369,369
7224,296,266
7225,125,113
7226,169,374
7227,119,72
7228,385,430
7229,129,129
7230,121,63
7231,423,382
7232,187,253
7233,186,225
7234,804,369
7235,12,233
7236,169,54
7237,584,584
7238,226,237
7239,45,88
7240,268,268
7241,280,423
7242,319,347
7243,182,182
7244,106,6
7245,307,307
7246,369,40
7247,178,319
7248,98,191
7249,264,415
7250,195,115
7251,348,348
7252,389,389
7253,323,323
7254,199,373
7255,268,345
7256,97,151
7257,161,380
7258,367,152
7259,326,326
7260,32,32
7261,290,225
7262,260,269
7263,375,347
7264,262,354
7265,392,292
7266,306,389
7267,86,179
7268,156,43
7269,209,5
7270,173,323
7271,15,15
7272,124,124
7273,216,211
7274,194,194
7275,58,58
7276,272,272
7277,204,437
7278,288,55
7279,116,74
7280,5,5
7281,338,338
7282,33,384
7283,684,175
7284,85,175
7285,282,326
7286,598,520
7287,422,17
7288,24,258
7289,182,182
7290,207,351
7291,297,301
7292,150,85
7293,407,423
7294,32,220
7295,359,66
7296,259,259
7297,22,58
7298,64,7
7299,290,290
7300,326,326
7301,778,25
7302,159,159
7303,14,14
7304,375,385
7305,267,384
7306,223,126
7307,360,360
7308,87,259
7309,250,628
7310,98,230
7311,265,208
7312,190,361
7313,196,391
7314,232,232
7315,246,178
7316,294,338
7317,421,282
7318,204,344
7319,176,376
7320,351,425
7321,46,32
7322,415,415
7323,356,356
7324,19,229
7325,393,279
7326,50,207
7327,32,192
7328,320,320
7329,776,568
7330,422,422
7331,63,63
7332,200,430
7333,77,363
7334,195,330
7335,398,337
7336,69,241
7337,32,156
7338,244,75
7339,305,145
7340,207,467
7341,259,101
7342,385,385
7343,224,126
7344,288,306
7345,677,192
7346,231,231
7347,237,237
7348,138,255
7349,431,335
7350,278,170
7351,433,66
7352,414,474
7353,722,173
7354,266,106
7355,222,290
7356,138,152
7357,338,338
7358,279,353
7359,436,413
7360,7,337
7361,165,190
7362,434,366
7363,360,121
7364,353,412
7365,505,207
7366,449,124
7367,192,192
7368,374,49
7369,493,271
7370,238,427
7371,73,171
7372,392,181
7373,187,309
7374,194,194
7375,190,210
7376,338,338
7377,43,43
7378,62,319
7379,268,182
7380,125,273
7381,294,190
7382,350,350
7383,551,221
7384,382,37
7385,320,320
7386,423,97
7387,158,158
7388,253,253
7389,286,398
7390,793,156
7391,332,164
7392,160,179
7393,311,359
7394,433,418
7395,147,262
7396,848,192
7397,349,237
7398,95,389
7399,326,56
7400,395,354
7401,726,32
7402,298,268
7403,337,7
7404,148,148
7405,376,376
7406,204,111
7407,304,240
7408,33,66
7409,647,225
7410,214,422
7411,155,39
7412,752,302
7413,114,332
7414,51,195
7415,66,66
7416,102,102
7417,95,138
7418,385,385
7419,413,413
7420,330,330
7421,694,55
7422,92,161
7423,54,223
7424,273,203
7425,433,64
7426,36,300
7427,757,370
7428,78,280
7429,260,106
7430,698,209
7431,85,58
7432,113,113
7433,363,220
7434,159,159
7435,323,331
7436,256,151
7437,28,28
7438,17,46
7439,16,471
7440,34,424
7441,380,198
7442,724,110
7443,832,150
7444,105,192
7445,101,344
7446,143,145
7447,315,332
7448,18,40
7449,334,244
7450,273,274
7451,677,138
7452,280,351
7453,357,35
7454,187,228
7455,144,138
7456,421,187
7457,546,55
7458,204,204
7459,159,127
7460,3,3
7461,303,303
7462,4,9
7463,154,154
7464,243,15
7465,162,135
7466,406,385
7467,95,136
7468,325,244
7469,212,134
7470,375,359
7471,427,265
7472,162,162
7473,252,58
7474,83,187
7475,309,303
7476,59,66
7477,264,136
7478,349,99
7479,26,26
7480,407,34
7481,84,84
7482,20,20
7483,301,294
7484,298,152
7485,349,306
7486,793,333
7487,133,310
7488,587,212
7489,124,124
7490,214,98
7491,348,348
7492,303,303
7493,56,127
7494,190,41
7495,467,319
7496,254,254
7497,65,92
7498,424,424
7499,415,317
7500,436,436
7501,125,118
7502,76,317
7503,243,172
7504,127,394
7505,359,359
7506,82,197
7507,17,170
7508,379,272
7509,330,330
7510,165,357
7511,318,267
7512,254,112
7513,698,415
7514,267,268
7515,39,64
7516,250,250
7517,67,67
7518,349,349
7519,58,58
7520,172,530
7521,286,286
7522,363,150
7523,231,355
7524,113,377
7525,287,252
7526,325,325
7527,372,246
7528,243,226
7529,200,45
7530,362,362
7531,42,529
7532,55,82
7533,17,424
7534,64,175
7535,393,74
7536,187,34
7537,275,313
7538,163,163
7539,110,288
7540,279,279
7541,106,368
7542,205,344
7543,251,347
7544,384,231
7545,313,8
7546,297,152
7547,41,41
7548,259,259
7549,350,257
7550,202,24
7551,320,320
7552,440,389
7553,411,345
7554,172,172
7555,16,156
7556,290,380
7557,46,137
7558,227,329
7559,376,752
7560,258,258
7561,384,94
7562,150,129
7563,59,296
7564,275,390
7565,71,71
7566,331,287
7567,58,58
7568,74,244
7569,315,63
7570,165,165
7571,309,24
7572,134,229
7573,265,265
7574,190,190
7575,94,25
7576,70,238
7577,336,421
7578,239,78
7579,197,234
7580,321,321
7581,128,73
7582,75,75
7583,355,361
7584,167,92
7585,389,389
7586,100,200
7587,418,167
7588,275,374
7589,75,75
7590,328,404
7591,143,357
7592,337,337
7593,171,59
7594,174,174
7595,371,371
7596,277,12
7597,293,293
7598,154,129
7599,34,34
7600,115,166
7601,247,174
7602,72,57
7603,4,4
7604,152,433
7605,190,294
7606,311,64
7607,257,257
7608,12,154
7609,76,12
7610,61,310
7611,366,305
7612,298,128
7613,568,164
7614,185,42
7615,98,98
7616,257,257
7617,769,859
7618,196,197
7619,357,354
7620,60,388
7621,176,202
7622,210,14
7623,170,275
7624,83,2
7625,130,375
7626,74,73
7627,191,98
7628,182,182
7629,158,55
7630,152,152
7631,289,21
7632,35,361
7633,214,294
7634,191,319
7635,261,136
7636,652,652
7637,683,689
7638,652,652
7639,482,482
7640,555,862
7641,541,454
7642,779,765
7643,729,729
7644,642,626
7645,834,819
7646,779,729
7647,839,637
7648,572,787
7649,706,787
7650,768,787
7651,624,815
7652,740,444
7653,539,624
7654,794,794
7655,589,671
7656,629,454
7657,720,720
7658,815,720
7659,800,819
7660,697,441
7661,442,835
7662,533,702
7663,544,583
7664,615,756
7665,646,646
7666,638,649
7667,461,796
7668,579,579
7669,613,613
7670,730,835
7671,613,613
7672,747,439
7673,756,480
7674,866,866
7675,783,745
7676,545,589
7677,710,783
7678,656,454
7679,780,718
7680,831,831
7681,825,59
7682,296,637
7683,697,666
7684,703,703
7685,769,487
7686,476,476
7687,453,783
7688,621,767
7689,758,816
7690,738,738
7691,738,738
7692,32,738
7693,506,826
7694,47,681
7695,599,826
7696,531,127
7697,848,545
7698,763,495
7699,740,595
7700,506,535
7701,479,595
7702,453,817
7703,749,826
7704,871,595
7705,645,863
7706,817,553
7707,863,863
7708,729,729
7709,646,781
7710,620,620
7711,646,663
7712,606,294
7713,156,548
7714,872,702
7715,799,512
7716,861,670
7717,527,527
7718,738,529
7719,795,690
7720,594,872
7721,872,872
7722,713,684
7723,862,862
7724,465,465
7725,656,465
7726,639,581
7727,844,607
7728,703,805
7729,641,863
7730,595,850
7731,863,747
7732,618,618
7733,648,618
7734,553,618
7735,866,749
7736,749,749
7737,749,749
7738,841,766
7739,521,789
7740,766,766
7741,543,463
7742,458,701
7743,796,737
7744,834,834
7745,554,838
7746,451,770
7747,557,577
7748,831,671
7749,536,833
7750,751,643
7751,82,350
7752,94,643
7753,645,842
7754,658,658
7755,658,658
7756,118,696
7757,572,696
7758,602,28
7759,559,727
7760,578,725
7761,584,262
7762,552,714
7763,463,463
7764,845,802
7765,590,590
7766,590,590
7767,823,590
7768,640,640
7769,640,640
7770,460,640
7771,792,546
7772,119,21
7773,286,256
7774,702,512
7775,521,737
7776,541,541
7777,610,822
7778,593,832
7779,818,741
7780,722,623
7781,844,735
7782,579,862
7783,132,609
7784,609,565
7785,609,609
7786,545,766
7787,702,718
7788,456,806
7789,16,731
7790,615,619
7791,725,774
7792,552,863
7793,446,553
7794,633,736
7795,456,841
7796,652,544
7797,849,670
7798,458,474
7799,836,455
7800,584,548
7801,591,866
7802,866,866
7803,511,866
7804,809,105
7805,280,690
7806,730,690
7807,692,467
7808,482,482
7809,501,130
7810,735,735
7811,735,512
7812,735,466
7813,522,627
7814,517,627
7815,806,857
7816,439,702
7817,18,449
7818,569,697
7819,718,535
7820,810,868
7821,584,868
7822,359,463
7823,594,476
7824,643,719
7825,576,572
7826,479,495
7827,565,625
7828,573,457
7829,670,457
7830,477,835
7831,663,532
7832,532,532
7833,443,532
7834,444,444
7835,446,731
7836,444,444
7837,683,785
7838,170,232
7839,757,626
7840,649,627
7841,534,501
7842,490,854
7843,511,511
7844,802,511
7845,511,511
7846,621,501
7847,514,614
7848,875,842
7849,506,506
7850,588,506
7851,244,489
7852,812,563
7853,695,695
7854,666,695
7855,490,796
7856,470,709
7857,671,699
7858,808,808
7859,808,808
7860,595,458
7861,454,454
7862,861,454
7863,465,721
7864,526,533
7865,553,544
7866,584,787
7867,474,738
7868,551,634
7869,551,634
7870,572,564
7871,629,796
7872,796,579
7873,540,762
7874,482,737
7875,482,512
7876,783,670
7877,463,83
7878,553,536
7879,822,495
7880,689,689
7881,479,629
7882,568,672
7883,776,580
7884,808,778
7885,471,769
7886,703,540
7887,847,745
7888,647,517
7889,627,739
7890,740,740
7891,830,567
7892,567,567
7893,760,567
7894,599,599
7895,695,695
7896,599,599
7897,457,457
7898,541,643
7899,589,861
7900,815,830
7901,466,830
7902,645,830
7903,856,856
7904,793,203
7905,856,856
7906,792,780
7907,792,667
7908,452,691
7909,809,563
7910,729,818
7911,467,487
7912,279,438
7913,438,92
7914,65,757
7915,512,576
7916,567,528
7917,702,806
7918,621,627
7919,841,866
7920,524,724
7921,779,759
7922,569,569
7923,826,729
7924,739,802
7925,782,571
7926,447,447
7927,792,792
7928,543,792
7929,577,792
7930,654,605
7931,769,490
7932,774,674
7933,616,616
7934,405,676
7935,616,616
7936,585,330
7937,167,569
7938,317,778
7939,461,564
7940,779,706
7941,779,779
7942,712,587
7943,581,781
7944,692,725
7945,861,694
7946,667,794
7947,493,694
7948,870,694
7949,656,495
7950,694,694
7951,679,668
7952,655,689
7953,832,815
7954,579,490
7955,525,466
7956,796,796
7957,629,734
7958,822,580
7959,318,101
7960,66,97
7961,505,571
7962,494,613
7963,874,874
7964,124,874
7965,530,874
7966,97,571
7967,663,460
7968,687,672
7969,179,297
7970,488,537
7971,203,537
7972,457,794
7973,656,794
7974,577,671
7975,784,503
7976,872,689
7977,855,503
7978,641,641
7979,563,641
7980,641,740
7981,493,862
7982,657,623
7983,294,623
7984,510,747
7985,714,582
7986,619,491
7987,556,633
7988,633,633
7989,860,620
7990,801,601
7991,542,103
7992,823,823
7993,624,539
7994,652,539
7995,539,539
7996,665,617
7997,659,601
7998,842,842
7999,396,437
8000,473,473
8001,203,529
8002,533,872
8003,599,684
8004,835,731
8005,491,748
8006,640,522
8007,702,514
8008,829,867
8009,642,867
8010,690,109
8011,653,653
8012,804,653
8013,856,593
8014,522,786
8015,697,847
8016,284,847
8017,743,522
8018,509,509
8019,799,509
8020,577,461
8021,858,493
8022,596,787
8023,651,495
8024,737,799
8025,495,495
8026,766,733
8027,657,657
8028,870,487
8029,824,706
8030,571,444
8031,838,759
8032,797,530
8033,747,444
8034,851,825
8035,562,849
8036,489,825
8037,439,510
8038,867,555
8039,650,669
8040,739,447
8041,475,475
8042,475,475
8043,475,475
8044,844,591
8045,680,544
8046,712,687
8047,619,542
8048,785,839
8049,839,839
8050,468,793
8051,592,468
8052,761,468
8053,565,565
8054,480,565
8055,614,565
8056,210,520
8057,596,609
8058,565,596
8059,466,838
8060,818,838
8061,637,667
8062,817,604
8063,604,604
8064,817,604
8065,599,714
8066,594,671
8067,594,594
8068,543,690
8069,832,474
8070,494,825
8071,515,654
8072,457,452
8073,527,464
8074,757,855
8075,556,556
8076,633,556
8077,703,552
8078,552,710
8079,686,687
8080,387,532
8081,645,532
8082,32,645
8083,778,648
8084,453,411
8085,702,764
8086,443,443
8087,460,663
8088,450,443
8089,105,649
8090,844,575
8091,651,794
8092,444,707
8093,482,869
8094,747,707
8095,842,806
8096,852,690
8097,523,687
8098,581,501
8099,858,527
8100,278,597
8101,465,764
8102,788,770
8103,471,471
8104,514,484
8105,672,824
8106,713,455
8107,685,712
8108,555,685
8109,628,164
8110,595,808
8111,733,637
8112,791,487
8113,749,842
8114,749,749
8115,624,568
8116,706,719
8117,555,692
8118,480,848
8119,779,792
8120,475,475
8121,791,678
8122,778,778
8123,657,778
8124,458,473
8125,638,470
8126,503,638
8127,638,784
8128,846,805
8129,442,694
8130,763,763
8131,617,567
8132,627,865
8133,706,515
8134,561,561
8135,825,506
8136,683,561
8137,842,570
8138,511,682
8139,713,642
8140,583,818
8141,601,542
8142,599,637
8143,755,447
8144,714,588
8145,870,446
8146,822,562
8147,854,454
8148,562,562
8149,718,752
8150,691,738
8151,678,461
8152,550,858
8153,711,529
8154,718,769
8155,840,583
8156,840,840
8157,695,840
8158,500,465
8159,444,638
8160,536,479
8161,532,600
8162,508,866
8163,601,687
8164,763,809
8165,631,631
8166,478,478
8167,647,674
8168,869,688
8169,628,755
8170,351,536
8171,539,658
8172,486,496
8173,875,875
8174,489,842
8175,540,466
8176,452,452
8177,452,452
8178,474,792
8179,767,606
8180,741,498
8181,548,606
8182,647,637
8183,650,819
8184,480,857
8185,835,453
8186,292,666
8187,621,663
8188,862,627
8189,176,731
8190,609,811
8191,433,88
8192,752,752
8193,377,578
8194,771,771
8195,656,492
8196,694,699
8197,834,591
8198,650,517
8199,636,462
8200,734,796
8201,779,837
8202,840,501
8203,717,588
8204,622,758
8205,467,783
8206,548,646
8207,453,808
8208,802,446
8209,735,690
8210,598,737
8211,530,451
8212,545,600
8213,803,600
8214,587,645
8215,475,832
8216,605,689
8217,445,528
8218,504,870
8219,753,753
8220,870,870
8221,164,74
8222,366,244
8223,207,387
8224,845,783
8225,783,783
8226,783,783
8227,756,866
8228,611,731
8229,624,444
8230,814,814
8231,814,341
8232,814,814
8233,635,536
8234,95,224
8235,662,662
8236,726,544
8237,504,523
8238,597,614
8239,591,843
8240,634,16
8241,749,843
8242,849,699
8243,506,674
8244,872,592
8245,448,505
8246,674,873
8247,40,713
8248,602,494
8249,539,559
8250,853,559
8251,771,771
8252,449,771
8253,811,753
8254,653,776
8255,561,618
8256,749,659
8257,736,517
8258,645,761
8259,672,672
8260,581,581
8261,455,455
8262,597,602
8263,550,774
8264,782,825
8265,853,869
8266,614,841
8267,875,755
8268,745,750
8269,519,694
8270,867,586
8271,444,842
8272,845,834
8273,501,513
8274,508,513
8275,720,247
8276,467,501
8277,566,554
8278,706,637
8279,512,844
8280,689,844
8281,522,816
8282,674,816
8283,596,859
8284,519,683
8285,583,567
8286,724,614
8287,478,500
8288,500,500
8289,478,656
8290,440,511
8291,647,552
8292,608,534
8293,740,740
8294,739,739
8295,848,660
8296,679,730
8297,719,725
8298,305,725
8299,831,831
8300,770,780
8301,589,780
8302,445,799
8303,799,487
8304,737,689
8305,709,491
8306,706,666
8307,844,754
8308,795,782
8309,544,782
8310,666,615
8311,147,752
8312,548,264
8313,16,568
8314,666,694
8315,863,619
8316,691,649
8317,861,854
8318,337,754
8319,526,582
8320,463,852
8321,781,805
8322,175,297
8323,548,548
8324,844,109
8325,648,764
8326,644,318
8327,342,644
8328,599,827
8329,585,585
8330,870,870
8331,585,585
8332,211,449
8333,378,684
8334,546,474
8335,842,494
8336,726,494
8337,536,527
8338,535,544
8339,601,687
8340,583,450
8341,584,646
8342,673,798
8343,646,824
8344,848,485
8345,474,452
8346,795,553
8347,610,822
8348,656,709
8349,592,709
8350,808,514
8351,593,566
8352,779,580
8353,555,555
8354,724,555
8355,203,628
8356,671,718
8357,444,631
8358,683,671
8359,501,501
8360,534,728
8361,513,501
8362,703,444
8363,648,543
8364,488,456
8365,765,459
8366,109,504
8367,868,606
8368,537,167
8369,232,761
8370,758,477
8371,602,514
8372,810,706
8373,638,496
8374,484,853
8375,818,587
8376,663,704
8377,573,541
8378,503,476
8379,859,631
8380,576,635
8381,743,541
8382,713,702
8383,835,622
8384,813,622
8385,622,622
8386,863,614
8387,709,732
8388,803,545
8389,759,741
8390,540,871
8391,871,871
8392,692,692
8393,586,660
8394,848,801
8395,458,631
8396,629,629
8397,629,629
8398,671,596
8399,449,566
8400,605,495
8401,642,456
8402,682,500
8403,113,649
8404,16,558
8405,614,556
8406,578,446
8407,561,682
8408,514,682
8409,682,682
8410,8,782
8411,261,42
8412,575,752
8413,214,546
8414,577,732
8415,175,720
8416,434,752
8417,752,752
8418,777,245
8419,721,711
8420,745,721
8421,711,788
8422,657,654
8423,452,551
8424,503,678
8425,534,598
8426,743,764
8427,615,774
8428,840,686
8429,825,586
8430,465,541
8431,707,451
8432,477,862
8433,707,737
8434,553,524
8435,524,524
8436,496,824
8437,844,820
8438,655,615
8439,460,504
8440,610,516
8441,480,614
8442,842,716
8443,512,487
8444,785,572
8445,788,718
8446,453,758
8447,737,670
8448,533,832
8449,636,636
8450,555,621
8451,590,777
8452,552,619
8453,617,520
8454,488,858
8455,718,478
8456,478,478
8457,702,478
8458,833,463
8459,482,760
8460,625,635
8461,403,403
8462,523,523
8463,440,523
8464,482,632
8465,515,632
8466,451,632
8467,844,774
8468,771,770
8469,477,718
8470,694,477
8471,754,780
8472,795,849
8473,582,754
8474,519,614
8475,398,660
8476,579,849
8477,651,613
8478,703,835
8479,689,592
8480,851,851
8481,851,851
8482,768,743
8483,828,854
8484,509,657
8485,678,678
8486,831,678
8487,562,678
8488,454,721
8489,671,605
8490,573,454
8491,571,781
8492,740,519
8493,574,725
8494,575,442
8495,442,821
8496,783,442
8497,733,873
8498,527,873
8499,657,657
8500,577,573
8501,667,577
8502,124,557
8503,512,439
8504,261,572
8505,562,545
8506,489,581
8507,641,694
8508,55,647
8509,845,841
8510,747,767
8511,470,755
8512,509,477
8513,477,477
8514,477,477
8515,619,777
8516,574,542
8517,526,684
8518,591,511
8519,484,654
8520,619,815
8521,558,561
8522,619,561
8523,767,581
8524,442,821
8525,453,821
8526,821,723
8527,518,518
8528,518,518
8529,518,518
8530,871,509
8531,591,646
8532,416,377
8533,35,785
8534,394,243
8535,545,566
8536,488,730
8537,524,648
8538,491,660
8539,754,747
8540,747,747
8541,747,747
8542,596,763
8543,479,763
8544,625,611
8545,505,552
8546,636,642
8547,739,645
8548,844,486
8549,682,486
8550,627,486
8551,191,692
8552,439,681
8553,328,681
8554,511,822
8555,822,822
8556,743,822
8557,474,681
8558,681,681
8559,507,328
8560,283,507
8561,706,827
8562,569,826
8563,47,418
8564,672,681
8565,541,875
8566,564,564
8567,581,679
8568,654,679
8569,663,663
8570,853,663
8571,771,446
8572,541,676
8573,573,454
8574,841,676
8575,25,804
8576,697,697
8577,611,611
8578,605,628
8579,465,838
8580,797,676
8581,695,818
8582,809,827
8583,595,827
8584,475,497
8585,475,475
8586,585,497
8587,872,387
8588,653,653
8589,538,873
8590,741,741
8591,686,542
8592,583,714
8593,573,495
8594,702,721
8595,721,661
8596,678,462
8597,747,868
8598,802,735
8599,27,442
8600,484,723
8601,817,723
8602,614,639
8603,776,639
8604,581,838
8605,647,828
8606,828,837
8607,870,870
8608,501,559
8609,723,723
8610,597,806
8611,680,680
8612,834,680
8613,458,735
8614,699,699
8615,722,453
8616,758,377
8617,673,833
8618,763,848
8619,620,620
8620,439,482
8621,624,625
8622,707,482
8623,665,665
8624,208,665
8625,571,665
8626,864,760
8627,697,697
8628,713,697
8629,557,672
8630,463,818
8631,673,782
8632,841,824
8633,561,455
8634,455,535
8635,729,686
8636,542,590
8637,517,655
8638,544,544
8639,544,544
8640,838,588
8641,571,635
8642,588,451
8643,650,635
8644,733,657
8645,733,623
8646,657,657
8647,491,491
8648,649,525
8649,732,854
8650,788,540
8651,632,689
8652,838,540
8653,525,689
8654,609,496
8655,579,530
8656,755,611
8657,632,476
8658,476,760
8659,745,855
8660,656,855
8661,854,855
8662,723,848
8663,664,848
8664,367,415
8665,565,539
8666,554,460
8667,669,542
8668,639,784
8669,638,760
8670,689,760
8671,523,586
8672,610,822
8673,875,755
8674,655,736
8675,570,736
8676,511,712
8677,736,706
8678,595,686
8679,741,817
8680,868,681
8681,614,760
8682,702,835
8683,519,542
8684,619,765
8685,542,460
8686,795,587
8687,863,771
8688,455,455
8689,517,668
8690,491,574
8691,739,869
8692,628,605
8693,740,709
8694,695,568
8695,677,575
8696,825,467
8697,563,467
8698,714,514
8699,830,564
8700,818,756
8701,802,803
8702,463,547
8703,614,547
8704,405,578
8705,583,578
8706,677,215
8707,488,579
8708,869,567
8709,543,767
8710,643,665
8711,723,407
8712,599,665
8713,767,783
8714,707,514
8715,727,621
8716,506,496
8717,588,684
8718,598,544
8719,871,690
8720,595,506
8721,494,715
8722,579,730
8723,724,724
8724,601,687
8725,760,570
8726,853,570
8727,671,735
8728,109,826
8729,831,722
8730,845,709
8731,764,764
8732,764,764
8733,689,764
8734,649,656
8735,855,656
8736,454,670
8737,241,438
8738,556,496
8739,370,47
8740,761,468
8741,367,70
8742,467,793
8743,838,583
8744,689,525
8745,525,816
8746,680,612
8747,608,467
8748,663,857
8749,806,866
8750,736,608
8751,612,806
8752,851,515
8753,789,789
8754,792,789
8755,71,659
8756,703,659
8757,659,659
8758,841,737
8759,771,732
8760,807,465
8761,344,197
8762,101,584
8763,276,76
8764,599,819
8765,731,633
8766,756,602
8767,505,795
8768,280,840
8769,759,795
8770,730,446
8771,494,704
8772,87,646
8773,156,243
8774,775,775
8775,775,775
8776,731,826
8777,818,453
8778,818,644
8779,584,538
8780,575,784
8781,449,791
8782,529,515
8783,579,492
8784,172,858
8785,335,564
8786,842,684
8787,580,581
8788,854,472
8789,702,573
8790,573,573
8791,627,491
8792,562,854
8793,837,656
8794,749,806
8795,519,740
8796,717,612
8797,443,588
8798,305,761
8799,294,264
8800,663,717
8801,717,484
8802,355,752
8803,636,636
8804,484,765
8805,756,598
8806,735,798
8807,609,589
8808,526,699
8809,175,394
8810,267,1
8811,127,403
8812,741,549
8813,526,549
8814,522,731
8815,457,610
8816,500,470
8817,746,470
8818,697,533
8819,683,516
8820,556,614
8821,514,842
8822,744,744
8823,568,842
8824,439,474
8825,557,733
8826,870,851
8827,70,628
8828,469,469
8829,469,469
8830,847,572
8831,849,755
8832,847,832
8833,557,557
8834,292,760
8835,462,789
8836,551,203
8837,722,745
8838,521,858
8839,832,564
8840,791,493
8841,852,862
8842,472,399
8843,654,469
8844,214,820
8845,444,721
8846,631,631
8847,862,631
8848,798,795
8849,516,658
8850,632,671
8851,645,508
8852,717,508
8853,768,508
8854,542,719
8855,761,827
8856,701,839
8857,483,483
8858,574,523
8859,16,483
8860,583,583
8861,583,620
8862,834,583
8863,772,818
8864,818,818
8865,690,603
8866,617,652
8867,513,522
8868,819,720
8869,798,798
8870,491,798
8871,517,613
8872,459,834
8873,501,625
8874,706,610
8875,677,186
8876,536,660
8877,798,830
8878,605,651
8879,439,453
8880,462,651
8881,452,452
8882,461,541
8883,792,664
8884,660,813
8885,622,587
8886,509,844
8887,552,617
8888,630,692
8889,27,795
8890,866,727
8891,818,516
8892,669,516
8893,801,801
8894,463,801
8895,779,706
8896,857,857
8897,105,579
8898,857,857
8899,568,568
8900,672,633
8901,568,523
8902,553,553
8903,710,620
8904,654,579
8905,490,762
8906,854,562
8907,667,762
8908,841,798
8909,682,839
8910,714,863
8911,455,761
8912,874,580
8913,770,760
8914,489,809
8915,659,659
8916,607,803
8917,614,803
8918,844,797
8919,555,208
8920,593,591
8921,804,105
8922,729,16
8923,831,536
8924,858,693
8925,693,852
8926,673,673
8927,673,673
8928,673,673
8929,605,605
8930,605,605
8931,605,605
8932,439,845
8933,439,837
8934,484,480
8935,439,439
8936,448,747
8937,859,859
8938,479,444
8939,475,699
8940,458,458
8941,623,531
8942,854,312
8943,689,477
8944,452,512
8945,833,833
8946,462,679
8947,844,754
8948,480,586
8949,491,660
8950,175,323
8951,580,873
8952,287,853
8953,598,690
8954,758,633
8955,863,863
8956,645,617
8957,534,647
8958,573,573
8959,718,820
8960,763,735
8961,846,595
8962,119,841
8963,580,494
8964,643,730
8965,875,866
8966,816,466
8967,445,479
8968,453,611
8969,603,683
8970,8,442
8971,527,795
8972,809,474
8973,463,600
8974,579,814
8975,763,444
8976,798,203
8977,723,544
8978,529,462
8979,800,784
8980,489,489
8981,571,698
8982,438,473
8983,792,632
8984,781,781
8985,761,761
8986,553,552
8987,682,447
8988,598,450
8989,841,566
8990,521,521
8991,691,461
8992,789,557
8993,730,833
8994,329,65
8995,543,595
8996,562,562
8997,872,689
8998,825,754
8999,776,776
9000,828,451
9001,463,109
9002,588,549
9003,606,591
9004,663,663
9005,801,824
9006,683,662
9007,453,854
9008,578,540
9009,738,674
9010,742,609
9011,746,578
9012,523,564
9013,501,563
9014,794,443
9015,739,447
9016,776,844
9017,460,568
9018,629,555
9019,590,848
9020,768,718
9021,620,620
9022,593,856
9023,463,736
9024,581,815
9025,600,866
9026,764,484
9027,672,672
9028,516,692
9029,741,598
9030,592,16
9031,710,660
9032,780,439
9033,532,532
9034,854,512
9035,602,484
9036,446,593
9037,636,857
9038,709,832
9039,851,557
9040,555,493
9041,624,848
9042,605,605
9043,517,642
9044,446,695
9045,871,558
9046,471,471
9047,553,516
9048,733,440
9049,605,439
9050,780,689
9051,863,864
9052,865,523
9053,660,798
9054,561,542
9055,207,505
9056,446,486
9057,746,671
9058,445,657
9059,639,718
9060,469,527
9061,633,442
9062,702,702
9063,741,658
9064,609,850
9065,522,658
9066,488,643
9067,204,99
9068,639,480
9069,842,842
9070,639,458
9071,387,727
9072,604,863
9073,819,534
9074,496,496
9075,561,519
9076,591,758
9077,605,709
9078,95,586
9079,833,792
9080,651,651
9081,720,668
9082,833,787
9083,842,583
9084,727,463
9085,467,553
9086,552,494
9087,639,666
9088,636,749
9089,472,396
9090,707,754
9091,439,832
9092,441,441
9093,641,845
9094,835,858
9095,765,741
9096,215,680
9097,709,709
9098,439,439
9099,872,673
9100,482,521
9101,648,490
9102,613,613
9103,860,665
9104,460,517
9105,526,546
9106,850,593
9107,866,866
9108,480,756
9109,587,635
9110,680,680
9111,657,792
9112,527,446
9113,154,326
9114,456,598
9115,615,869
9116,203,446
9117,580,714
9118,466,682
9119,852,553
9120,232,669
9121,806,604
9122,642,817
9123,444,796
9124,865,865
9125,478,592
9126,544,576
9127,659,771
9128,875,514
9129,175,779
9130,858,452
9131,567,567
9132,604,652
9133,660,660
9134,868,670
9135,624,516
9136,854,721
9137,575,496
9138,424,442
9139,759,553
9140,469,469
9141,548,540
9142,723,498
9143,501,519
9144,754,660
9145,781,716
9146,443,761
9147,683,683
9148,244,599
9149,717,729
9150,449,441
9151,655,831
9152,827,719
9153,720,838
9154,832,540
9155,774,324
9156,714,764
9157,598,532
9158,720,720
9159,658,741
9160,753,444
9161,556,699
9162,831,831
9163,542,659
9164,484,513
9165,129,752
9166,569,515
9167,457,533
9168,465,465
9169,469,469
9170,691,762
9171,689,870
9172,763,763
9173,840,840
9174,431,696
9175,467,467
9176,562,515
9177,51,698
9178,288,668
9179,458,796
9180,638,784
9181,802,866
9182,703,835
9183,205,681
9184,804,496
9185,598,781
9186,482,470
9187,749,446
9188,638,565
9189,341,814
9190,573,746
9191,520,747
9192,588,730
9193,491,781
9194,673,479
9195,479,479
9196,441,496
9197,779,837
9198,483,523
9199,671,743
9200,743,743
9201,787,667
9202,466,722
9203,518,439
9204,779,779
9205,484,484
9206,595,539
9207,577,667
9208,806,463
9209,771,441
9210,674,474
9211,716,771
9212,523,403
9213,780,457
9214,541,854
9215,577,780
9216,624,838
9217,470,638
9218,262,862
9219,462,462
9220,458,465
9221,594,642
9222,82,692
9223,36,696
9224,744,842
9225,632,579
9226,684,564
9227,513,476
9228,735,610
9229,579,475
9230,497,678
9231,817,552
9232,817,817
9233,585,585
9234,389,790
9235,714,642
9236,802,466
9237,465,618
9238,855,541
9239,764,764
9240,781,777
9241,733,624
9242,723,534
9243,494,494
9244,770,479
9245,542,641
9246,671,649
9247,641,817
9248,534,501
9249,810,724
9250,522,833
9251,586,586
9252,625,874
9253,650,568
9254,652,456
9255,652,603
9256,447,622
9257,579,681
9258,745,667
9259,691,691
9260,686,553
9261,730,730
9262,639,465
9263,491,491
9264,824,645
9265,827,759
9266,487,521
9267,573,831
9268,857,818
9269,794,495
9270,766,737
9271,631,631
9272,238,414
9273,859,466
9274,862,784
9275,816,734
9276,754,706
9277,659,663
9278,856,551
9279,614,614
9280,834,695
9281,690,690
9282,720,720
9283,547,740
9284,586,586
9285,544,730
9286,501,501
9287,784,604
9288,614,588
9289,441,724
9290,603,626
9291,638,638
9292,544,759
9293,505,673
9294,873,751
9295,613,844
9296,847,445
9297,740,863
9298,292,620
9299,228,338
9300,844,844
9301,734,541
9302,687,447
9303,694,497
9304,207,578
9305,863,704
9306,811,783
9307,145,113
9308,508,639
9309,529,497
9310,733,691
9311,737,737
9312,721,573
9313,695,695
9314,579,473
9315,474,441
9316,838,627
9317,714,658
9318,660,628
9319,684,741
9320,777,636
9321,708,758
9322,630,602
9323,449,449
9324,819,819
9325,518,456
9326,737,660
9327,741,599
9328,554,666
9329,552,875
9330,456,611
9331,449,796
9332,457,476
9333,596,637
9334,619,782
9335,489,453
9336,695,513
9337,808,808
9338,722,722
9339,517,517
9340,733,870
9341,92,198
9342,73,814
9343,561,633
9344,794,721
9345,751,555
9346,450,779
9347,508,508
9348,569,569
9349,714,702
9350,602,500
9351,730,479
9352,452,874
9353,493,781
9354,857,609
9355,552,842
9356,800,629
9357,734,734
9358,493,730
9359,506,506
9360,587,856
9361,709,722
9362,602,602
9363,613,613
9364,817,866
9365,795,795
9366,806,518
9367,477,477
9368,672,476
9369,449,482
9370,588,641
9371,702,554
9372,730,848
9373,324,746
9374,5,607
9375,801,450
9376,781,619
9377,784,500
9378,496,496
9379,691,691
9380,625,796
9381,585,585
9382,512,540
9383,841,709
9384,678,525
9385,856,653
9386,763,518
9387,691,703
9388,743,649
9389,521,714
9390,582,683
9391,2,751
9392,646,441
9393,450,580
9394,592,774
9395,486,474
9396,203,584
9397,547,447
9398,755,568
9399,447,570
9400,509,476
9401,577,837
9402,439,874
9403,614,439
9404,855,718
9405,601,659
9406,640,517
9407,701,801
9408,580,798
9409,845,801
9410,815,486
9411,709,479
9412,763,759
9413,759,513
9414,488,488
9415,839,770
9416,774,570
9417,684,684
9418,804,644
9419,810,487
9420,531,846
9421,584,798
9422,781,781
9423,750,841
9424,804,782
9425,834,556
9426,825,825
9427,445,445
9428,771,443
9429,518,518
9430,220,532
9431,416,605
9432,568,568
9433,152,501
9434,665,553
9435,443,457
9436,620,602
9437,683,683
9438,274,517
9439,842,614
9440,710,627
9441,609,589
9442,599,826
9443,684,602
9444,552,552
9445,717,563
9446,567,803
9447,517,806
9448,709,495
9449,527,488
9450,670,755
9451,494,697
9452,644,725
9453,497,572
9454,764,818
9455,512,868
9456,591,749
9457,451,629
9458,799,816
9459,511,482
9460,680,849
9461,215,784
9462,558,620
9463,791,776
9464,791,791
9465,456,514
9466,730,494
9467,646,740
9468,536,445
9469,798,798
9470,846,610
9471,839,609
9472,562,493
9473,632,671
9474,743,861
9475,647,491
9476,686,553
9477,834,618
9478,451,479
9479,644,786
9480,608,669
9481,748,764
9482,602,786
9483,451,486
9484,532,532
9485,582,739
9486,442,442
9487,689,528
9488,568,467
9489,613,619
9490,801,516
9491,208,736
9492,470,788
9493,628,526
9494,203,584
9495,41,701
9496,445,833
9497,623,648
9498,659,297
9499,589,792
9500,733,557
9501,564,568
9502,721,730
9503,839,770
9504,608,480
9505,589,678
9506,489,824
9507,721,632
9508,682,450
9509,748,815
9510,308,752
9511,809,548
9512,723,810
9513,789,694
9514,501,501
9515,765,765
9516,838,463
9517,447,603
9518,411,791
9519,801,857
9520,762,737
9521,443,443
9522,857,609
9523,755,779
9524,602,764
9525,518,518
9526,458,458
9527,512,533
9528,617,617
9529,835,611
9530,815,567
9531,29,848
9532,720,535
9533,678,678
9534,656,712
9535,613,544
9536,779,595
9537,478,478
9538,579,101
9539,461,579
9540,521,521
9541,541,541
9542,468,553
9543,599,695
9544,597,516
9545,617,506
9546,469,465
9547,515,763
9548,709,709
9549,683,683
9550,458,752
9551,447,574
9552,458,714
9553,822,822
9554,872,526
9555,671,454
9556,822,572
9557,841,478
9558,544,740
9559,451,503
9560,721,783
9561,723,602
9562,691,655
9563,472,669
9564,501,440
9565,567,842
9566,567,650
9567,497,529
9568,297,873
9569,737,702
9570,517,752
9571,870,639
9572,567,672
9573,815,686
9574,521,610
9575,855,439
9576,683,613
9577,583,583
9578,687,716
9579,707,707
9580,598,663
9581,172,526
9582,678,512
9583,45,857
9584,672,776
9585,801,724
9586,6,738
9587,839,839
9588,801,543
9589,455,771
9590,494,494
9591,479,479
9592,596,596
9593,616,628
9594,541,711
9595,521,545
9596,554,764
9597,480,642
9598,613,613
9599,531,611
9600,540,871
9601,847,522
9602,638,796
9603,579,529
9604,767,609
9605,588,588
9606,546,546
9607,152,724
9608,764,764
9609,721,657
9610,645,570
9611,167,643
9612,837,833
9613,21,628
9614,768,828
9615,857,456
9616,473,576
9617,662,662
9618,597,620
9619,536,683
9620,685,613
9621,570,857
9622,562,592
9623,439,841
9624,534,463
9625,448,448
9626,862,722
9627,788,527
9628,113,589
9629,610,689
9630,781,692
9631,657,770
9632,546,803
9633,535,455
9634,733,733
9635,512,734
9636,811,774
9637,544,808
9638,645,540
9639,554,817
9640,500,514
9641,794,691
9642,697,463
9643,819,408
9644,670,650
9645,482,762
9646,660,869
9647,761,749
9648,568,686
9649,583,759
9650,802,854
9651,593,594
9652,288,825
9653,724,523
9654,541,573
9655,711,789
9656,788,649
9657,740,797
9658,604,602
9659,556,845
9660,841,562
9661,533,457
9662,864,611
9663,664,664
9664,702,594
9665,690,795
9666,594,835
9667,493,735
9668,640,782
9669,692,801
9670,764,764
9671,440,523
9672,664,664
9673,124,657
9674,457,509
9675,691,691
9676,517,686
9677,204,696
9678,858,566
9679,658,514
9680,587,729
9681,830,496
9682,716,555
9683,763,858
9684,230,637
9685,714,570
9686,764,808
9687,608,816
9688,761,547
9689,611,531
9690,769,697
9691,866,866
9692,645,482
9693,805,694
9694,564,811
9695,784,609
9696,476,503
9697,712,669
9698,334,507
9699,488,856
9700,439,855
9701,457,694
9702,555,555
9703,549,658
9704,806,446
9705,666,871
9706,317,101
9707,543,702
9708,627,491
9709,461,461
9710,854,525
9711,694,628
9712,511,489
9713,803,803
9714,494,494
9715,501,501
9716,839,610
9717,734,734
9718,844,798
9719,547,488
9720,874,592
9721,761,761
9722,647,792
9723,657,522
9724,614,614
9725,124,667
9726,647,611
9727,651,692
9728,628,175
9729,809,562
9730,702,554
9731,439,707
9732,853,850
9733,514,496
9734,459,488
9735,517,514
9736,595,840
9737,553,716
9738,373,192
9739,541,805
9740,620,804
9741,530,536
9742,650,638
9743,552,816
9744,548,548
9745,693,693
9746,389,842
9747,714,438
9748,505,754
9749,771,856
9750,642,755
9751,168,192
9752,784,545
9753,735,802
9754,858,396
9755,278,278
9756,856,583
9757,874,688
9758,581,581
9759,692,777
9760,596,629
9761,457,778
9762,525,875
9763,514,514
9764,377,751
9765,609,784
9766,518,494
9767,869,660
9768,695,725
9769,859,540
9770,735,828
9771,677,651
9772,494,761
9773,760,763
9774,755,520
9775,749,47
9776,578,56
9777,703,622
9778,660,748
9779,616,616
9780,873,468
9781,594,671
9782,530,466
9783,833,734
9784,553,553
9785,456,642
9786,449,487
9787,642,760
9788,232,810
9789,663,523
9790,526,476
9791,301,664
9792,660,660
9793,709,709
9794,126,747
9795,540,697
9796,561,561
9797,609,747
9798,831,831
9799,569,818
9800,521,801
9801,755,557
9802,740,704
9803,660,837
9804,871,664
9805,598,838
9806,641,747
9807,825,463
9808,252,463
9809,636,819
9810,460,460
9811,628,495
9812,105,651
9813,126,761
9814,806,625
9815,605,709
9816,871,583
9817,834,599
9818,447,720
9819,598,652
9820,485,477
9821,512,579
9822,498,532
9823,496,684
9824,834,834
9825,263,588
9826,841,755
9827,514,824
9828,446,839
9829,645,645
9830,656,454
9831,838,838
9832,645,511
9833,776,852
9834,776,488
9835,484,542
9836,439,551
9837,695,826
9838,536,536
9839,736,444
9840,613,620
9841,495,746
9842,514,684
9843,527,654
9844,604,540
9845,769,854
9846,454,471
9847,211,588
9848,650,455
9849,660,804
9850,491,536
9851,552,532
9852,674,455
9853,802,733
9854,674,682
9855,703,453
9856,607,607
9857,493,817
9858,495,794
9859,718,791
9860,476,799
9861,525,721
9862,595,771
9863,773,840
9864,577,822
9865,240,668
9866,516,614
9867,730,451
9868,531,525
9869,796,845
9870,492,477
9871,622,739
9872,787,787
9873,824,819
9874,689,697
9875,280,583
9876,703,509
9877,689,512
9878,40,438
9879,866,456
9880,541,685
9881,787,787
9882,709,457
9883,591,617
9884,582,803
9885,857,857
9886,617,646
9887,803,720
9888,133,133
9889,582,271
9890,724,804
9891,544,662
9892,649,787
9893,636,692
9894,781,581
9895,613,648
9896,570,842
9897,749,866
9898,518,518
9899,744,597
9900,811,761
9901,96,396
9902,529,859
9903,841,482
9904,797,858
9905,774,733
9906,671,485
9907,526,414
9908,870,439
9909,834,851
9910,457,573
9911,617,749
9912,540,818
9913,586,555
9914,456,490
9915,635,822
9916,613,552
9917,730,527
9918,818,818
9919,518,518
9920,777,601
9921,424,677
9922,320,716
9923,667,691
9924,659,659
9925,741,741
9926,483,587
9927,699,526
9928,677,677
9929,571,716
9930,799,562
9931,470,478
9932,607,607
9933,848,848
9934,586,657
9935,452,452
9936,467,729
9937,865,564
9938,465,847
9939,462,101
9940,543,539
9941,722,854
9942,794,689
9943,741,817
9944,602,500
9945,797,854
9946,641,641
9947,573,454
9948,582,535
9949,674,815
9950,694,794
9951,530,703
9952,470,470
9953,497,734
9954,678,678
9955,691,792
9956,815,539
9957,587,806
9958,532,532
9959,686,542
9960,534,590
9961,673,673
9962,109,467
9963,500,588
9964,494,536
9965,678,569
9966,187,717
9967,727,694
9968,695,695
9969,537,537
9970,653,620
9971,731,827
9972,783,628
9973,536,754
9974,600,875
9975,105,564
9976,808,695
9977,871,871
9978,690,809
9979,541,465
9980,866,613
9981,751,659
9982,508,508
9983,109,776
9984,460,460
9985,828,541
9986,873,873
9987,731,731
9988,668,667
9989,609,126
9990,511,466
9991,534,801
9992,805,608
9993,722,718
9994,759,838
9995,590,590
9996,527,552
9997,689,697
9998,525,679
9999,487,635
10000,659,842
10001,456,455
10002,666,582
10003,614,486
10004,599,611
10005,449,457
10006,587,795
10007,609,609
10008,482,839
10009,464,666
10010,244,720
10011,836,678
10012,865,815
10013,674,522
10014,672,568
10015,87,555
10016,577,694
10017,232,867
10018,452,452
10019,844,525
10020,854,799
10021,781,439
10022,652,640
10023,479,816
10024,707,783
10025,685,695
10026,473,841
10027,573,458
10028,712,555
10029,454,785
10030,756,608
10031,539,522
10032,805,451
10033,15,757
10034,808,595
10035,724,724
10036,691,691
10037,598,830
10038,656,709
10039,790,629
10040,520,484
10041,796,512
10042,490,642
10043,777,601
10044,631,844
10045,732,451
10046,629,656
10047,600,603
10048,815,815
10049,73,43
10050,727,824
10051,457,509
10052,516,570
10053,602,534
10054,784,660
10055,736,552
10056,641,447
10057,745,816
10058,667,770
10059,628,791
10060,592,755
10061,602,844
10062,730,840
10063,752,578
10064,571,570
10065,759,611
10066,416,745
10067,580,527
10068,874,628
10069,636,827
10070,586,586
10071,536,802
10072,495,495
10073,866,764
10074,342,119
10075,495,722
10076,142,746
10077,826,719
10078,826,619
10079,791,156
10080,650,714
10081,538,628
10082,686,617
10083,841,476
10084,478,796
10085,664,804
10086,671,648
10087,579,457
10088,356,467
10089,508,466
10090,658,658
10091,605,462
10092,469,667
10093,691,691
10094,674,839
10095,733,766
10096,618,455
10097,603,839
10098,523,601
10099,874,703
10100,691,573
10101,313,845
10102,687,853
10103,703,439
10104,683,874
10105,658,764
10106,398,596
10107,862,787
10108,447,687
10109,629,618
10110,796,817
10111,788,503
10112,465,521
10113,482,482
10114,798,673
10115,798,798
10116,561,561
10117,819,522
10118,691,691
10119,784,560
10120,496,523
10121,514,741
10122,493,556
10123,459,663
10124,621,621
10125,558,827
10126,422,744
10127,387,172
10128,539,597
10129,671,720
10130,796,693
10131,475,738
10132,838,838
10133,808,772
10134,580,580
10135,702,449
10136,655,582
10137,618,794
10138,628,243
10139,780,470
10140,837,591
10141,723,781
10142,183,677
10143,515,691
10144,480,740
10145,482,466
10146,669,614
10147,620,614
10148,457,577
10149,512,737
10150,653,858
10151,627,614
10152,124,792
10153,660,822
10154,261,101
10155,497,585
10156,606,509
10157,849,444
10158,610,627
10159,463,463
10160,48,73
10161,694,867
10162,489,478
10163,487,656
10164,619,561
10165,129,746
10166,479,479
10167,445,451
10168,628,551
10169,667,667
10170,837,770
10171,871,740
10172,398,489
10173,844,844
10174,785,221
10175,684,811
10176,457,697
10177,721,854
10178,577,452
10179,821,588
10180,451,657
10181,795,730
10182,723,636
10183,846,703
10184,831,832
10185,561,455
10186,764,825
10187,487,454
10188,485,605
10189,746,605
10190,591,724
10191,506,506
10192,724,744
10193,577,577
10194,846,633
10195,479,693
10196,702,721
10197,512,530
10198,776,712
10199,697,458
10200,440,633
10201,858,673
10202,514,514
10203,552,532
10204,591,674
10205,487,521
10206,720,324
10207,694,577
10208,479,734
10209,579,859
10210,665,665
10211,350,804
10212,741,512
10213,503,840
10214,439,785
10215,810,810
10216,670,799
10217,875,875
10218,457,789
10219,747,783
10220,658,518
10221,832,594
10222,722,722
10223,733,733
10224,495,495
10225,649,573
10226,841,781
10227,457,577
10228,678,785
10229,737,628
10230,484,569
10231,804,719
10232,505,713
10233,590,765
10234,819,819
10235,557,557
10236,839,855
10237,547,489
10238,656,629
10239,467,479
10240,214,755
10241,682,682
10242,735,533
10243,657,657
10244,488,856
10245,595,740
10246,712,724
10247,689,525
10248,723,591
10249,595,595
10250,588,553
10251,490,760
10252,571,491
10253,818,875
10254,719,749
10255,810,810
10256,567,524
10257,624,604
10258,484,484
10259,873,873
10260,525,545
10261,547,627
10262,443,450
10263,724,524
10264,389,448
10265,823,823
10266,467,175
10267,586,586
10268,515,643
10269,574,458
10270,671,515
10271,681,681
10272,852,693
10273,689,457
10274,505,665
10275,694,438
10276,799,841
10277,535,838
10278,42,21
10279,603,608
10280,452,406
10281,590,641
10282,763,479
10283,536,536
10284,797,703
10285,764,720
10286,856,488
10287,559,647
10288,792,733
10289,548,548
10290,691,805
10291,861,702
10292,586,586
10293,524,760
10294,500,784
10295,461,787
10296,482,834
10297,568,590
10298,684,684
10299,710,491
10300,575,484
10301,869,526
10302,569,599
10303,472,832
10304,609,720
10305,271,624
10306,30,452
10307,507,438
10308,547,866
10309,511,467
10310,519,517
10311,806,447
10312,818,818
10313,760,798
10314,572,596
10315,841,841
10316,460,460
10317,706,863
10318,482,754
10319,832,628
10320,808,808
10321,395,546
10322,512,512
10323,594,684
10324,487,525
10325,763,101
10326,737,707
10327,611,723
10328,709,709
10329,723,686
10330,524,451
10331,119,752
10332,656,445
10333,535,563
10334,551,551
10335,622,508
10336,844,591
10337,641,520
10338,637,720
10339,466,838
10340,722,477
10341,781,685
10342,497,722
10343,721,101
10344,542,692
10345,534,716
10346,553,587
10347,817,542
10348,501,443
10349,773,505
10350,714,714
10351,840,695
10352,500,596
10353,660,737
10354,525,525
10355,709,577
10356,724,712
10357,671,678
10358,806,806
10359,867,586
10360,621,842
10361,615,501
10362,485,792
10363,617,544
10364,805,872
10365,583,706
10366,717,853
10367,802,669
10368,867,190
10369,495,465
10370,562,491
10371,650,638
10372,683,875
10373,873,792
10374,555,781
10375,530,737
10376,129,21
10377,859,666
10378,722,702
10379,613,613
10380,861,861
10381,444,454
10382,681,681
10383,779,522
10384,463,875
10385,449,449
10386,796,453
10387,665,665
10388,588,588
10389,663,633
10390,368,506
10391,579,512
10392,771,591
10393,627,841
10394,506,599
10395,687,614
10396,670,769
10397,355,793
10398,794,573
10399,763,734
10400,648,852
10401,207,505
10402,669,519
10403,205,167
10404,66,669
10405,648,863
10406,723,633
10407,460,756
10408,457,478
10409,638,565
10410,623,809
10411,452,541
10412,486,724
10413,454,689
10414,298,24
10415,658,658
10416,176,146
10417,26,853
10418,208,523
10419,439,703
10420,597,582
10421,723,723
10422,73,273
10423,650,754
10424,871,479
10425,639,508
10426,505,523
10427,602,842
10428,455,455
10429,747,825
10430,495,482
10431,656,465
10432,721,469
10433,791,759
10434,664,670
10435,871,871
10436,735,690
10437,734,734
10438,706,192
10439,488,527
10440,398,755
10441,441,665
10442,572,709
10443,863,774
10444,615,849
10445,27,278
10446,620,717
10447,490,834
10448,718,509
10449,771,449
10450,676,479
10451,596,816
10452,755,547
10453,854,718
10454,294,463
10455,822,716
10456,736,611
10457,722,515
10458,692,619
10459,624,740
10460,862,854
10461,543,527
10462,454,454
10463,849,522
10464,579,584
10465,553,553
10466,208,218
10467,544,838
10468,827,655
10469,671,679
10470,105,485
10471,571,532
10472,799,694
10473,120,727
10474,656,691
10475,718,535
10476,736,403
10477,563,563
10478,446,835
10479,664,664
10480,713,872
10481,539,869
10482,451,508
10483,642,601
10484,456,611
10485,646,441
10486,870,870
10487,706,706
10488,856,673
10489,816,721
10490,714,465
10491,723,723
10492,475,520
10493,722,722
10494,754,511
10495,854,854
10496,548,682
10497,868,739
10498,583,446
10499,676,769
10500,547,856
10501,639,684
10502,506,506
10503,624,544
10504,847,689
10505,871,654
10506,663,733
10507,679,679
10508,702,702
10509,583,690
10510,640,640
10511,663,574
10512,638,741
10513,602,548
10514,584,851
10515,844,844
10516,721,721
10517,468,468
10518,735,485
10519,470,638
10520,848,848
10521,849,511
10522,540,735
10523,622,622
10524,359,468
10525,570,666
10526,805,828
10527,644,644
10528,784,784
10529,561,600
10530,546,546
10531,753,598
10532,80,748
10533,586,586
10534,724,635
10535,598,618
10536,769,572
10537,819,624
10538,799,451
10539,834,834
10540,476,478
10541,863,816
10542,454,816
10543,639,838
10544,859,791
10545,841,747
10546,791,848
10547,758,572
10548,451,854
10549,874,656
10550,458,477
10551,454,702
10552,820,840
10553,466,600
10554,396,874
10555,735,735
10556,599,759
10557,573,828
10558,740,740
10559,539,652
10560,443,468
10561,591,488
10562,500,651
10563,717,559
10564,713,761
10565,485,527
10566,820,444
10567,541,478
10568,792,851
10569,734,858
10570,628,708
10571,777,602
10572,509,505
10573,755,680
10574,690,551
10575,704,776
10576,232,553
10577,596,493
10578,607,457
10579,762,465
10580,572,671
10581,754,754
10582,691,691
10583,824,591
10584,466,625
10585,208,636
10586,847,861
10587,617,655
10588,605,579
10589,796,816
10590,482,439
10591,555,536
10592,451,787
10593,505,673
10594,737,737
10595,874,874
10596,540,754
10597,525,525
10598,486,618
10599,694,694
10600,518,850
10601,441,871
10602,658,556
10603,764,764
10604,519,833
10605,774,771
10606,562,482
10607,642,850
10608,244,341
10609,551,466
10610,653,523
10611,669,607
10612,669,663
10613,844,743
10614,17,730
10615,769,709
10616,703,514
10617,660,662
10618,702,718
10619,487,763
10620,474,874
10621,455,455
10622,646,613
10623,569,599
10624,798,480
10625,638,535
10626,857,473
10627,554,559
10628,813,813
10629,453,642
10630,490,808
10631,474,474
10632,509,579
10633,718,718
10634,677,324
10635,517,830
10636,439,439
10637,553,798
10638,764,764
10639,776,626
10640,444,671
10641,706,583
10642,855,849
10643,500,455
10644,670,694
10645,553,553
10646,753,736
10647,529,722
10648,573,465
10649,619,619
10650,718,458
10651,693,495
10652,803,518
10653,683,468
10654,562,521
10655,644,826
10656,569,456
10657,203,297
10658,653,653
10659,602,602
10660,872,592
10661,707,737
10662,736,455
10663,480,602
10664,461,522
10665,41,387
10666,844,602
10667,496,539
10668,486,460
10669,680,624
10670,873,873
10671,817,456
10672,552,650
10673,379,829
10674,478,449
10675,784,784
10676,632,861
10677,598,570
10678,541,702
10679,542,647
10680,482,855
10681,784,764
10682,455,455
10683,791,623
10684,574,663
10685,651,605
10686,569,735
10687,460,460
10688,731,856
10689,649,482
10690,740,522
10691,735,735
10692,543,512
10693,457,457
10694,603,506
10695,477,709
10696,656,862
10697,713,482
10698,874,873
10699,708,861
10700,794,618
10701,703,659
10702,601,595
10703,731,731
10704,444,638
10705,524,567
10706,551,594
10707,440,554
10708,603,603
10709,746,579
10710,730,613
10711,865,446
10712,567,567
10713,872,473
10714,573,573
10715,305,746
10716,718,718
10717,693,555
10718,706,862
10719,780,573
10720,824,648
10721,447,447
10722,642,687
10723,553,544
10724,493,558
10725,496,684
10726,694,610
10727,507,515
10728,799,780
10729,806,740
10730,611,600
10731,451,451
10732,501,591
10733,509,787
10734,866,491
10735,305,600
10736,496,755
10737,806,480
10738,447,866
10739,465,691
10740,666,541
10741,584,671
10742,525,655
10743,762,456
10744,539,847
10745,208,208
10746,465,638
10747,476,631
10748,720,668
10749,731,731
10750,570,875
10751,722,831
10752,605,799
10753,774,763
10754,647,455
10755,746,752
10756,478,702
10757,603,526
10758,745,605
10759,827,827
10760,644,826
10761,457,794
10762,534,756
10763,532,830
10764,647,626
10765,605,605
10766,648,743
10767,652,652
10768,625,607
10769,534,765
10770,473,810
10771,840,695
10772,817,612
10773,461,677
10774,802,645
10775,552,724
10776,455,751
10777,788,654
10778,614,600
10779,861,454
10780,830,552
10781,795,523
10782,855,472
10783,541,718
10784,324,752
10785,683,582
10786,861,541
10787,804,443
10788,203,16
10789,719,542
10790,469,469
10791,592,667
10792,775,527
10793,646,450
10794,792,690
10795,350,507
10796,816,747
10797,663,663
10798,443,618
10799,855,855
10800,479,822
10801,629,656
10802,792,735
10803,497,787
10804,583,583
10805,264,439
10806,682,592
10807,544,818
10808,599,860
10809,631,691
10810,702,439
10811,474,556
10812,815,447
10813,754,582
10814,427,529
10815,80,748
10816,870,845
10817,776,776
10818,604,817
10819,856,856
10820,731,783
10821,798,460
10822,818,439
10823,826,826
10824,555,548
10825,838,594
10826,523,468
10827,803,694
10828,526,779
10829,817,599
10830,743,491
10831,455,446
10832,102,328
10833,622,684
10834,796,668
10835,846,515
10836,341,814
10837,686,704
10838,280,798
10839,794,655
10840,641,641
10841,779,446
10842,615,754
10843,801,749
10844,476,855
10845,815,519
10846,95,865
10847,840,690
10848,467,207
10849,818,817
10850,648,760
10851,743,451
10852,542,669
10853,547,547
10854,406,827
10855,831,457
10856,671,832
10857,797,822
10858,686,794
10859,518,518
10860,812,812
10861,642,703
10862,578,439
10863,605,458
10864,695,505
10865,820,763
10866,466,689
10867,759,809
10868,847,553
10869,596,596
10870,824,586
10871,444,509
10872,486,760
10873,667,457
10874,659,645
10875,542,659
10876,718,454
10877,517,770
10878,669,779
10879,512,839
10880,722,722
10881,640,554
10882,695,506
10883,724,456
10884,614,556
10885,536,798
10886,21,186
10887,666,666
10888,229,636
10889,604,518
10890,547,856
10891,698,448
10892,389,520
10893,792,792
10894,536,847
10895,784,470
10896,692,716
10897,525,525
10898,495,495
10899,692,777
10900,48,720
10901,873,803
10902,835,832
10903,267,203
10904,438,21
10905,463,474
10906,711,691
10907,621,765
10908,533,476
10909,780,577
10910,596,709
10911,858,849
10912,792,536
10913,585,585
10914,712,543
10915,18,788
10916,732,525
10917,837,726
10918,837,622
10919,672,669
10920,541,737
10921,788,654
10922,645,824
10923,479,609
10924,555,603
10925,609,609
10926,756,735
10927,697,847
10928,483,773
10929,628,755
10930,712,712
10931,325,644
10932,616,438
10933,257,641
10934,743,631
10935,462,723
10936,697,764
10937,697,697
10938,495,718
10939,472,479
10940,518,516
10941,88,584
10942,787,804
10943,516,446
10944,711,584
10945,842,842
10946,747,747
10947,524,723
10948,633,633
10949,249,469
10950,462,667
10951,784,784
10952,769,493
10953,527,789
10954,105,796
10955,837,799
10956,815,815
10957,823,777
10958,659,583
10959,536,515
10960,114,624
10961,586,586
10962,764,543
10963,527,527
10964,469,469
10965,745,479
10966,835,835
10967,636,590
10968,530,841
10969,847,581
10970,583,583
10971,604,802
10972,770,689
10973,740,543
10974,522,760
10975,525,631
10976,650,806
10977,769,572
10978,586,801
10979,614,522
10980,641,588
10981,517,864
10982,792,691
10983,763,463
10984,679,679
10985,618,834
10986,690,666
10987,813,813
10988,868,672
10989,553,479
10990,855,855
10991,648,865
10992,810,643
10993,795,50
10994,601,659
10995,817,817
10996,456,633
10997,691,557
10998,594,474
10999,571,615
11000,477,699
11001,640,640
11002,416,524
11003,654,733
11004,556,603
11005,519,747
11006,609,609
11007,613,716
11008,540,557
11009,670,743
11010,722,722
11011,615,724
11012,552,817
11013,690,690
11014,479,445
11015,716,571
11016,522,522
11017,625,699
11018,747,582
11019,534,723
11020,597,804
11021,739,739
11022,617,731
11023,625,747
11024,40,565
11025,763,453
11026,737,509
11027,482,482
11028,532,580
11029,838,637
11030,512,816
11031,719,719
11032,599,859
11033,653,653
11034,463,855
11035,711,721
11036,525,525
11037,568,441
11038,572,841
11039,625,754
11040,580,489
11041,548,479
11042,828,486
11043,581,581
11044,485,828
11045,777,615
11046,823,823
11047,762,457
11048,863,846
11049,815,801
11050,553,540
11051,806,545
11052,614,468
11053,751,620
11054,574,669
11055,755,465
11056,871,871
11057,677,55
11058,797,743
11059,457,703
11060,837,763
11061,524,552
11062,540,594
11063,555,724
11064,101,699
11065,634,551
11066,641,582
11067,854,451
11068,735,466
11069,859,503
11070,578,694
11071,592,452
11072,835,527
11073,511,803
11074,637,637
11075,351,527
11076,859,625
11077,579,684
11078,595,506
11079,516,801
11080,690,646
11081,523,564
11082,369,551
11083,30,752
11084,571,571
11085,826,595
11086,686,544
11087,455,650
11088,501,501
11089,765,765
11090,760,642
11091,840,840
11092,476,476
11093,512,699
11094,709,770
11095,624,633
11096,520,672
11097,451,866
11098,721,512
11099,589,841
11100,717,663
11101,647,751
11102,605,521
11103,486,490
11104,806,456
11105,449,792
11106,770,770
11107,763,656
11108,588,531
11109,565,625
11110,857,871
11111,610,658
11112,833,794
11113,831,605
11114,516,516
11115,447,501
11116,692,765
11117,489,842
11118,500,454
11119,784,470
11120,803,854
11121,541,718
11122,868,868
11123,671,572
11124,578,599
11125,816,471
11126,831,874
11127,743,828
11128,875,733
11129,209,415
11130,548,547
11131,495,626
11132,647,608
11133,457,780
11134,512,512
11135,733,650
11136,712,603
11137,153,13
11138,456,544
11139,722,632
11140,670,709
11141,809,614
11142,818,759
11143,456,456
11144,553,846
11145,623,649
11146,605,762
11147,694,530
11148,677,655
11149,660,844
11150,602,714
11151,572,755
11152,514,753
11153,809,534
11154,446,686
11155,750,470
11156,682,709
11157,517,606
11158,819,731
11159,447,447
11160,655,509
11161,446,533
11162,833,521
11163,818,695
11164,713,815
11165,817,618
11166,571,571
11167,865,663
11168,505,619
11169,691,792
11170,544,611
11171,822,605
11172,599,695
11173,586,621
11174,574,574
11175,579,812
11176,787,840
11177,872,592
11178,584,848
11179,695,507
11180,800,702
11181,706,695
11182,525,491
11183,754,594
11184,602,866
11185,514,522
11186,490,594
11187,533,505
11188,604,802
11189,286,337
11190,718,718
11191,672,511
11192,447,447
11193,818,866
11194,679,840
11195,671,787
11196,487,529
11197,763,704
11198,542,582
11199,834,544
11200,611,520
11201,602,602
11202,64,671
11203,721,500
11204,610,839
11205,658,642
11206,569,599
11207,536,724
11208,558,653
11209,484,559
11210,650,771
11211,792,485
11212,539,614
11213,640,460
11214,441,842
11215,760,844
11216,579,503
11217,540,689
11218,797,607
11219,851,632
11220,601,850
11221,79,338
11222,458,816
11223,605,490
11224,486,443
11225,514,702
11226,491,558
11227,701,463
11228,129,787
11229,513,490
11230,579,769
11231,513,740
11232,475,661
11233,595,595
11234,601,712
11235,185,778
11236,718,531
11237,465,465
11238,667,515
11239,721,438
11240,593,687
11241,598,517
11242,165,629
11243,636,494
11244,826,772
11245,531,541
11246,466,466
11247,556,810
11248,513,513
11249,329,497
11250,501,501
11251,734,529
11252,639,695
11253,764,175
11254,755,755
11255,820,816
11256,834,569
11257,539,539
11258,458,656
11259,652,652
11260,62,604
11261,720,677
11262,841,754
11263,514,513
11264,591,673
11265,777,827
11266,468,771
11267,616,616
11268,489,614
11269,875,832
11270,749,542
11271,454,832
11272,444,478
11273,517,844
11274,770,737
11275,197,398
11276,491,658
11277,495,495
11278,516,818
11279,633,683
11280,734,734
11281,639,702
11282,794,794
11283,445,451
11284,542,619
11285,415,698
11286,557,462
11287,825,747
11288,841,482
11289,639,749
11290,690,690
11291,542,455
11292,443,459
11293,530,579
11294,511,511
11295,724,709
11296,479,479
11297,633,581
11298,521,607
11299,847,697
11300,536,463
11301,651,605
11302,454,718
11303,771,771
11304,557,634
11305,479,479
11306,828,691
11307,439,526
11308,686,468
11309,512,493
11310,292,548
11311,751,729
11312,725,601
11313,627,627
11314,659,505
11315,874,584
11316,637,689
11317,652,741
11318,819,819
11319,828,743
11320,851,694
11321,572,444
11322,718,514
11323,866,610
11324,830,600
11325,577,694
11326,709,703
11327,673,673
11328,593,488
11329,864,710
11330,562,709
11331,579,670
11332,709,739
11333,617,704
11334,552,781
11335,600,532
11336,866,506
11337,571,571
11338,461,461
11339,598,598
11340,486,468
11341,532,639
11342,818,759
11343,857,739
11344,646,646
11345,763,611
11346,566,476
11347,861,861
11348,458,770
11349,569,599
11350,614,870
11351,585,585
11352,454,454
11353,673,673
11354,852,463
11355,455,455
11356,455,446
11357,656,791
11358,533,726
11359,439,457
11360,146,461
11361,805,774
11362,731,731
11363,578,599
11364,73,578
11365,482,632
11366,702,703
11367,690,558
11368,553,771
11369,733,473
11370,775,763
11371,722,664
11372,827,749
11373,600,615
11374,709,794
11375,667,667
11376,501,501
11377,585,585
11378,709,709
11379,631,798
11380,653,653
11381,529,792
11382,875,544
11383,655,465
11384,641,850
11385,494,105
11386,642,656
11387,594,611
11388,801,442
11389,815,565
11390,817,817
11391,642,588
11392,659,601
11393,774,721
11394,688,596
11395,539,684
11396,707,707
11397,806,540
11398,614,622
11399,512,818
11400,756,740
11401,491,491
11402,571,571
11403,405,584
11404,444,445
11405,650,590
11406,443,614
11407,710,740
11408,598,488
11409,762,525
11410,836,461
11411,175,288
11412,491,491
11413,394,832
11414,704,760
11415,690,540
11416,544,795
11417,656,611
11418,843,706
11419,482,576
11420,465,465
11421,463,731
11422,595,826
11423,778,703
11424,109,383
11425,673,805
11426,602,783
11427,355,571
11428,361,731
11429,820,512
11430,544,771
11431,723,578
11432,740,518
11433,134,134
11434,569,808
11435,534,522
11436,651,770
11437,842,842
11438,517,619
11439,525,579
11440,832,446
11441,781,645
11442,514,870
11443,137,403
11444,778,778
11445,760,554
11446,619,645
11447,476,454
11448,645,600
11449,679,679
11450,476,514
11451,621,598
11452,655,869
11453,578,814
11454,70,747
11455,527,485
11456,718,831
11457,467,568
11458,613,613
11459,380,797
11460,796,648
11461,671,820
11462,671,689
11463,610,518
11464,738,738
11465,678,721
11466,686,559
11467,756,517
11468,529,439
11469,68,763
11470,517,517
11471,689,764
11472,678,605
11473,683,773
11474,709,678
11475,263,810
11476,573,616
11477,703,703
11478,704,652
11479,451,533
11480,445,596
11481,838,838
11482,647,627
11483,824,646
11484,439,780
11485,563,694
11486,584,726
11487,482,596
11488,577,678
11489,838,463
11490,506,695
11491,506,441
11492,455,690
11493,662,781
11494,692,586
11495,350,567
11496,532,761
11497,541,816
11498,817,817
11499,647,615
11500,615,610
11501,567,608
11502,226,865
11503,862,522
11504,503,689
11505,425,640
11506,566,769
11507,446,447
11508,492,835
11509,529,530
11510,723,697
11511,562,474
11512,521,511
11513,600,491
11514,449,438
11515,594,744
11516,442,838
11517,733,556
11518,665,441
11519,808,808
11520,525,729
11521,849,743
11522,825,474
11523,658,686
11524,617,806
11525,865,723
11526,735,735
11527,542,534
11528,764,764
11529,624,624
11530,658,542
11531,610,489
11532,535,847
11533,740,666
11534,822,582
11535,668,720
11536,455,455
11537,783,783
11538,514,521
11539,584,598
11540,422,793
11541,787,801
11542,849,660
11543,804,724
11544,856,838
11545,518,518
11546,690,759
11547,403,526
11548,690,598
11549,770,451
11550,586,586
11551,696,696
11552,723,723
11553,808,655
11554,739,740
11555,442,586
11556,802,783
11557,40,875
11558,833,833
11559,521,854
11560,636,781
11561,734,540
11562,500,541
11563,770,794
11564,666,710
11565,543,543
11566,588,604
11567,833,689
11568,605,737
11569,468,695
11570,580,570
11571,578,583
11572,764,760
11573,803,757
11574,678,487
11575,523,810
11576,743,509
11577,656,540
11578,564,564
11579,825,561
11580,533,818
11581,547,406
11582,788,789
11583,456,714
11584,501,501
11585,776,494
11586,512,465
11587,844,451
11588,781,594
11589,478,689
11590,672,672
11591,864,744
11592,595,515
11593,519,519
11594,632,841
11595,830,771
11596,752,668
11597,663,508
11598,454,721
11599,849,781
11600,441,771
11601,770,656
11602,479,667
11603,591,591
11604,588,684
11605,87,505
11606,375,373
11607,713,872
11608,842,842
11609,780,803
11610,678,678
11611,113,113
11612,632,812
11613,585,585
11614,831,831
11615,660,597
11616,535,494
11617,578,650
11618,718,458
11619,439,756
11620,780,780
11621,760,838
11622,482,471
11623,598,783
11624,584,536
11625,588,513
11626,584,653
11627,573,573
11628,457,670
11629,522,588
11630,600,685
11631,794,454
11632,613,613
11633,539,556
11634,80,426
11635,638,820
11636,741,618
11637,721,515
11638,849,540
11639,736,663
11640,290,677
11641,577,762
11642,637,696
11643,706,611
11644,665,523
11645,830,815
11646,443,532
11647,671,845
11648,699,734
11649,680,875
11650,618,618
11651,555,724
11652,873,873
11653,489,489
11654,614,875
11655,699,572
11656,567,622
11657,486,812
11658,309,467
11659,554,554
11660,799,495
11661,583,446
11662,111,472
11663,731,685
11664,693,693
11665,602,602
11666,815,527
11667,838,838
11668,221,621
11669,651,651
11670,540,638
11671,657,451
11672,167,551
11673,148,736
11674,831,656
11675,819,652
11676,456,603
11677,541,655
11678,506,830
11679,788,449
11680,646,706
11681,813,660
11682,838,660
11683,598,642
11684,738,666
11685,482,627
11686,757,588
11687,548,441
11688,706,706
11689,514,539
11690,519,482
11691,689,702
11692,815,648
11693,850,717
11694,605,457
11695,596,445
11696,875,516
11697,475,475
11698,590,484
11699,456,830
11700,707,743
11701,542,747
11702,674,650
11703,595,834
11704,856,16
11705,479,627
11706,599,513
11707,488,646
11708,491,660
11709,455,817
11710,274,845
11711,870,832
11712,585,585
11713,759,749
11714,487,796
11715,535,561
11716,754,658
11717,586,733
11718,542,636
11719,540,648
11720,613,533
11721,875,875
11722,552,687
11723,796,704
11724,717,655
11725,500,869
11726,460,728
11727,803,743
11728,667,536
11729,717,652
11730,716,771
11731,479,833
11732,648,794
11733,770,778
11734,531,874
11735,692,520
11736,761,468
11737,687,659
11738,711,828
11739,815,800
11740,583,717
11741,88,391
11742,494,571
11743,517,565
11744,827,595
11745,604,817
11746,484,484
11747,573,476
11748,702,444
11749,771,771
11750,824,568
11751,819,748
11752,682,516
11753,602,514
11754,874,567
11755,496,842
11756,799,649
11757,721,855
11758,480,865
11759,462,562
11760,670,743
11761,724,489
11762,692,617
11763,30,732
11764,16,777
11765,587,619
11766,661,569
11767,771,771
11768,491,815
11769,737,762
11770,268,814
11771,802,806
11772,814,874
11773,536,601
11774,565,565
11775,697,453
11776,274,597
11777,450,450
11778,539,443
11779,508,508
11780,666,642
11781,735,871
11782,654,722
11783,795,653
11784,863,552
11785,489,557
11786,811,216
11787,626,723
11788,663,663
11789,588,850
11790,526,832
11791,619,669
11792,728,614
11793,828,792
11794,670,529
11795,857,697
11796,478,476
11797,517,640
11798,614,697
11799,774,570
11800,530,562
11801,740,650
11802,271,850
11803,452,634
11804,776,534
11805,486,802
11806,439,811
11807,469,475
11808,599,643
11809,641,641
11810,587,841
11811,495,495
11812,541,737
11813,520,763
11814,687,570
11815,530,832
11816,454,540
11817,825,825
11818,833,812
11819,815,542
11820,788,682
11821,849,723
11822,549,549
11823,781,724
11824,724,724
11825,530,520
11826,465,796
11827,471,545
11828,479,553
11829,612,818
11830,842,842
11831,489,713
11832,461,579
11833,486,486
11834,740,693
11835,79,580
11836,476,539
11837,505,530
11838,771,771
11839,411,791
11840,306,752
11841,759,779
11842,667,691
11843,384,696
11844,863,604
11845,650,723
11846,817,817
11847,690,840
11848,603,514
11849,532,387
11850,633,583
11851,697,454
11852,863,863
11853,735,522
11854,730,744
11855,699,699
11856,797,616
11857,650,559
11858,535,600
11859,512,672
11860,772,714
11861,615,774
11862,557,562
11863,409,53
11864,288,172
11865,398,526
11866,460,866
11867,796,451
11868,849,684
11869,651,605
11870,814,814
11871,621,742
11872,450,505
11873,730,527
11874,709,596
11875,841,470
11876,822,447
11877,672,571
11878,517,570
11879,470,573
11880,52,781
11881,605,874
11882,599,826
11883,770,811
11884,587,678
11885,525,825
11886,739,523
11887,693,816
11888,614,614
11889,586,824
11890,770,444
11891,678,678
11892,72,483
11893,551,472
11894,765,765
11895,510,8
11896,695,595
11897,765,650
11898,752,764
11899,271,748
11900,196,698
11901,818,486
11902,639,838
11903,482,467
11904,862,816
11905,737,762
11906,860,723
11907,491,491
11908,846,567
11909,518,518
11910,655,486
11911,641,672
11912,587,447
11913,610,568
11914,443,817
11915,489,521
11916,656,458
11917,722,831
11918,486,841
11919,203,297
11920,683,683
11921,789,792
11922,818,808
11923,754,684
11924,781,620
11925,551,551
11926,751,755
11927,734,530
11928,506,506
11929,561,561
11930,816,816
11931,585,870
11932,612,817
11933,572,459
11934,563,484
11935,792,792
11936,738,654
11937,591,602
11938,686,542
11939,840,840
11940,516,516
11941,702,833
11942,735,735
11943,828,822
11944,603,806
11945,781,685
11946,653,16
11947,457,611
11948,475,475
11949,815,447
11950,571,532
11951,863,863
11952,484,602
11953,480,824
11954,484,613
11955,733,733
11956,451,607
11957,617,598
11958,650,456
11959,623,769
11960,220,821
11961,590,590
11962,467,810
11963,605,861
11964,667,667
11965,702,639
11966,489,845
11967,660,806
11968,681,657
11969,520,530
11970,720,463
11971,842,731
11972,710,501
11973,506,715
11974,408,793
11975,730,735
11976,802,491
11977,521,486
11978,874,530
11979,579,503
11980,846,846
11981,814,814
11982,570,672
11983,874,628
11984,780,465
11985,479,763
11986,687,549
11987,542,817
11988,703,439
11989,819,819
11990,458,747
11991,702,461
11992,451,463
11993,698,698
11994,754,754
11995,649,649
11996,461,763
11997,660,456
11998,687,232
11999,633,653
12000,641,850
12001,838,857
12002,826,826
12003,650,472
12004,486,764
12005,510,586
12006,791,688
12007,674,522
12008,803,802
12009,532,460
12010,321,119
12011,761,761
12012,786,569
12013,819,501
12014,569,735
12015,541,770
12016,781,781
12017,608,447
12018,532,532
12019,501,710
12020,439,478
12021,522,844
12022,851,466
12023,626,798
12024,732,758
12025,586,586
12026,736,659
12027,875,875
12028,838,695
12029,493,855
12030,447,447
12031,640,603
12032,753,444
12033,703,849
12034,75,377
12035,848,724
12036,694,493
12037,454,573
12038,501,602
12039,831,649
12040,841,439
12041,659,771
12042,760,658
12043,747,754
12044,516,553
12045,633,633
12046,641,518
12047,737,439
12048,438,872
12049,830,561
12050,211,683
12051,627,749
12052,530,530
12053,729,16
12054,229,564
12055,780,457
12056,601,601
12057,604,598
12058,792,691
12059,552,580
12060,611,697
12061,654,779
12062,671,709
12063,17,630
12064,542,482
12065,571,655
12066,855,709
12067,75,438
12068,496,524
12069,451,451
12070,834,834
12071,445,562
12072,484,759
12073,819,749
12074,137,804
12075,524,802
12076,763,763
12077,658,614
12078,539,516
12079,788,535
12080,756,756
12081,803,822
12082,794,465
12083,570,672
12084,723,723
12085,796,693
12086,150,740
12087,784,727
12088,783,801
12089,709,651
12090,467,467
12091,831,509
12092,686,724
12093,562,605
12094,723,723
12095,658,544
12096,853,517
12097,821,498
12098,654,654
12099,639,579
12100,503,478
12101,695,695
12102,702,678
12103,818,818
12104,764,576
12105,678,678
12106,463,632
12107,644,644
12108,582,747
12109,619,232
12110,677,677
12111,446,730
12112,716,822
12113,695,506
12114,749,494
12115,605,622
12116,581,564
12117,463,522
12118,844,838
12119,833,861
12120,550,579
12121,756,756
12122,522,718
12123,524,524
12124,817,591
12125,554,764
12126,861,787
12127,656,611
12128,655,796
12129,641,760
12130,679,679
12131,649,838
12132,875,875
12133,582,526
12134,817,658
12135,522,866
12136,41,571
12137,553,673
12138,290,222
12139,473,563
12140,823,823
12141,866,626
12142,793,583
12143,542,518
12144,687,776
12145,545,631
12146,732,784
12147,611,611
12148,749,645
12149,720,668
12150,467,601
12151,754,682
12152,872,718
12153,508,553
12154,425,867
12155,539,741
12156,542,641
12157,519,519
12158,652,650
12159,798,736
12160,715,628
12161,501,613
12162,613,850
12163,865,484
12164,857,857
12165,776,776
12166,232,446
12167,522,740
12168,619,869
12169,690,840
12170,514,866
12171,624,597
12172,617,692
12173,484,484
12174,563,563
12175,818,516
12176,828,452
12177,755,656
12178,650,816
12179,817,731
12180,760,639
12181,638,470
12182,850,619
12183,474,487
12184,598,864
12185,518,518
12186,641,377
12187,855,476
12188,823,823
12189,601,703
12190,505,543
12191,820,565
12192,335,819
12193,655,816
12194,704,806
12195,656,472
12196,636,636
12197,691,743
12198,544,544
12199,469,752
12200,808,808
12201,723,723
12202,613,645
12203,125,594
12204,478,718
12205,852,852
12206,562,666
12207,755,472
12208,718,718
12209,594,835
12210,784,740
12211,710,801
12212,830,443
12213,535,515
12214,192,504
12215,791,872
12216,857,690
12217,767,842
12218,561,561
12219,462,797
12220,508,461
12221,641,641
12222,540,848
12223,519,606
12224,467,467
12225,619,674
12226,626,633
12227,607,592
12228,558,615
12229,484,506
12230,809,610
12231,799,540
12232,651,495
12233,731,553
12234,625,631
12235,350,105
12236,519,754
12237,559,640
12238,861,482
12239,506,648
12240,439,841
12241,531,874
12242,683,726
12243,547,716
12244,832,442
12245,874,874
12246,605,605
12247,841,533
12248,746,458
12249,771,449
12250,577,780
12251,724,555
12252,827,749
12253,763,471
12254,659,659
12255,745,562
12256,733,733
12257,527,493
12258,572,696
12259,689,451
12260,25,292
12261,443,771
12262,454,525
12263,796,641
12264,563,603
12265,584,775
12266,766,474
12267,723,617
12268,504,567
12269,479,735
12270,834,451
12271,447,447
12272,587,706
12273,655,662
12274,608,712
12275,252,752
12276,587,753
12277,530,448
12278,603,608
12279,741,741
12280,647,764
12281,512,718
12282,672,645
12283,763,500
12284,872,872
12285,814,814
12286,542,450
12287,624,575
12288,774,839
12289,761,730
12290,518,652
12291,653,653
12292,857,857
12293,551,441
12294,736,555
12295,818,818
12296,671,494
12297,718,551
12298,579,623
12299,595,506
12300,724,682
12301,863,650
12302,589,471
12303,756,756
12304,83,247
12305,582,727
12306,554,759
12307,496,473
12308,822,863
12309,825,683
12310,470,470
12311,725,679
12312,624,624
12313,719,719
12314,731,690
12315,687,687
12316,780,743
12317,221,778
12318,117,814
12319,672,774
12320,439,798
12321,765,650
12322,844,844
12323,452,452
12324,638,762
12325,619,736
12326,868,868
12327,465,862
12328,780,667
12329,677,677
12330,501,501
12331,711,780
12332,539,599
12333,780,861
12334,358,819
12335,542,736
12336,544,544
12337,697,597
12338,567,511
12339,485,871
12340,730,704
12341,527,664
12342,814,814
12343,581,699
12344,665,733
12345,525,737
12346,408,559
12347,175,699
12348,515,848
12349,805,442
12350,476,702
12351,875,713
12352,689,667
12353,760,641
12354,586,586
12355,582,747
12356,802,802
12357,752,752
12358,698,502
12359,232,621
12360,457,771
12361,828,828
12362,610,810
12363,294,748
12364,673,673
12365,637,610
12366,866,625
12367,518,512
12368,554,637
12369,653,527
12370,384,574
12371,472,831
12372,387,771
12373,783,589
12374,634,441
12375,733,466
12376,646,712
12377,763,605
12378,459,869
12379,486,486
12380,683,683
12381,28,16
12382,512,638
12383,684,580
12384,190,717
12385,524,524
12386,536,660
12387,509,509
12388,852,522
12389,464,654
12390,509,763
12391,119,752
12392,827,456
12393,532,532
12394,849,712
12395,532,532
12396,583,827
12397,724,724
12398,849,594
12399,842,842
12400,596,495
12401,280,485
12402,506,827
12403,83,867
12404,692,542
12405,512,541
12406,658,556
12407,443,443
12408,583,583
12409,529,763
12410,586,677
12411,808,594
12412,405,666
12413,470,470
12414,605,789
12415,750,487
12416,690,690
12417,718,573
12418,794,743
12419,848,802
12420,638,812
12421,741,764
12422,763,478
12423,723,517
12424,648,512
12425,844,767
12426,591,714
12427,700,543
12428,526,671
12429,865,546
12430,656,743
12431,802,635
12432,723,516
12433,847,528
12434,491,765
12435,747,862
12436,186,519
12437,805,721
12438,501,802
12439,832,564
12440,842,842
12441,605,656
12442,292,620
12443,753,510
12444,737,451
12445,536,755
12446,555,829
12447,660,833
12448,650,553
12449,455,588
12450,689,855
12451,586,586
12452,808,588
12453,704,615
12454,381,688
12455,105,648
12456,802,667
12457,606,624
12458,641,863
12459,843,749
12460,543,543
12461,692,587
12462,516,568
12463,811,870
12464,641,804
12465,562,530
12466,531,579
12467,493,487
12468,533,476
12469,524,753
12470,638,784
12471,447,564
12472,669,663
12473,208,697
12474,522,710
12475,495,495
12476,536,813
12477,553,465
12478,614,482
12479,806,626
12480,551,551
12481,805,488
12482,714,683
12483,578,752
12484,557,622
12485,574,754
12486,487,721
12487,838,535
12488,808,556
12489,724,747
12490,518,712
12491,691,762
12492,753,517
12493,461,631
12494,809,487
12495,687,636
12496,646,771
12497,527,673
12498,832,722
12499,797,788
12500,835,639
12501,16,856
12502,573,785
12503,865,706
12504,387,852
12505,762,762
12506,471,503
12507,512,803
12508,669,524
12509,637,579
12510,482,660
12511,653,749
12512,695,441
12513,666,581
12514,735,490
12515,482,802
12516,850,850
12517,639,639
12518,495,629
12519,501,501
12520,463,451
12521,650,564
12522,541,796
12523,571,691
12524,762,667
12525,572,609
12526,857,398
12527,638,682
12528,855,854
12529,754,598
12530,628,572
12531,563,653
12532,551,551
12533,731,682
12534,467,467
12535,604,704
12536,854,454
12537,737,762
12538,717,717
12539,783,783
12540,744,826
12541,783,763
12542,526,526
12543,871,485
12544,782,756
12545,832,771
12546,536,595
12547,800,438
12548,503,851
12549,766,851
12550,1,42
12551,818,818
12552,172,203
12553,588,576
12554,453,849
12555,603,606
12556,702,512
12557,716,663
12558,692,659
12559,612,511
12560,869,747
12561,871,595
12562,659,659
12563,694,802
12564,539,544
12565,435,752
12566,756,602
12567,461,458
12568,663,663
12569,408,643
12570,856,16
12571,723,467
12572,530,577
12573,776,834
12574,16,446
12575,810,594
12576,646,646
12577,603,465
12578,665,643
12579,101,651
12580,369,706
12581,837,787
12582,691,799
12583,733,494
12584,482,822
12585,721,832
12586,685,622
12587,27,41
12588,477,477
12589,815,552
12590,541,541
12591,682,717
12592,830,647
12593,462,626
12594,706,706
12595,470,638
12596,663,659
12597,854,854
12598,443,524
12599,687,761
12600,737,554
12601,636,636
12602,709,579
12603,690,639
12604,105,308
12605,832,709
12606,475,475
12607,678,654
12608,787,515
12609,486,812
12610,709,458
12611,671,562
12612,642,639
12613,467,604
12614,824,723
12615,444,681
12616,591,856
12617,326,546
12618,694,482
12619,507,578
12620,718,472
12621,683,602
12622,655,605
12623,691,711
12624,723,723
12625,484,637
12626,582,803
12627,875,796
12628,174,559
12629,604,608
12630,663,647
12631,490,828
12632,637,824
12633,441,441
12634,527,527
12635,516,516
12636,819,819
12637,709,792
12638,838,624
12639,392,778
12640,609,854
12641,683,561
12642,852,852
12643,820,451
12644,487,832
12645,624,801
12646,456,456
12647,514,791
12648,646,857
12649,405,752
12650,455,455
12651,583,583
12652,855,709
12653,450,561
12654,691,691
12655,795,690
12656,854,629
12657,669,701
12658,455,770
12659,739,739
12660,659,857
12661,657,657
12662,638,718
12663,792,709
12664,824,600
12665,441,561
12666,857,646
12667,569,779
12668,618,463
12669,501,640
12670,649,718
12671,747,501
12672,627,849
12673,763,596
12674,482,482
12675,461,874
12676,541,794
12677,493,607
12678,789,833
12679,633,507
12680,706,818
12681,678,722
12682,812,474
12683,723,723
12684,667,667
12685,536,781
12686,691,855
12687,132,777
12688,850,456
12689,691,632
12690,659,871
12691,870,870
12692,565,486
12693,697,697
12694,569,628
12695,621,603
12696,486,815
12697,569,826
12698,837,745
12699,653,548
12700,762,482
12701,722,465
12702,513,602
12703,695,849
12704,676,763
12705,867,598
12706,719,729
12707,706,494
12708,447,822
12709,679,593
12710,679,560
12711,666,809
12712,722,458
12713,736,817
12714,536,781
12715,831,722
12716,863,604
12717,652,640
12718,763,746
12719,629,671
12720,666,575
12721,446,731
12722,870,557
12723,546,452
12724,587,420
12725,676,666
12726,683,803
12727,846,818
12728,482,802
12729,377,55
12730,512,40
12731,844,783
12732,471,854
12733,586,586
12734,872,678
12735,501,501
12736,495,495
12737,599,599
12738,454,721
12739,652,819
12740,515,694
12741,741,466
12742,812,781
12743,762,762
12744,478,631
12745,866,824
12746,629,465
12747,527,738
12748,618,779
12749,687,672
12750,562,562
12751,493,735
12752,848,848
12753,855,855
12754,534,617
12755,70,109
12756,377,804
12757,490,439
12758,529,722
12759,27,636
12760,527,527
12761,229,16
12762,678,479
12763,730,730
12764,672,724
12765,724,724
12766,724,672
12767,629,655
12768,875,875
12769,727,516
12770,651,605
12771,650,741
12772,729,613
12773,803,582
12774,606,572
12775,655,658
12776,808,808
12777,796,787
12778,452,474
12779,446,595
12780,583,731
12781,332,43
12782,789,527
12783,743,799
12784,714,714
12785,651,854
12786,646,519
12787,547,544
12788,797,745
12789,460,554
12790,581,775
12791,562,820
12792,676,500
12793,443,830
12794,875,875
12795,658,544
12796,720,637
12797,661,573
12798,324,677
12799,714,695
12800,614,514
12801,805,684
12802,702,629
12803,755,647
12804,443,443
12805,724,605
12806,522,783
12807,867,701
12808,515,771
12809,533,703
12810,708,487
12811,857,480
12812,569,837
12813,621,819
12814,693,744
12815,500,500
12816,466,457
12817,443,486
12818,834,695
12819,529,575
12820,150,261
12821,744,526
12822,192,698
12823,869,869
12824,832,624
12825,802,604
12826,834,490
12827,454,454
12828,875,855
12829,769,769
12830,784,800
12831,691,828
12832,611,515
12833,697,697
12834,624,440
12835,646,646
12836,712,624
12837,628,463
12838,682,581
12839,590,853
12840,398,355
12841,439,745
12842,536,529
12843,610,570
12844,516,516
12845,649,512
12846,517,517
12847,854,854
12848,486,846
12849,667,791
12850,561,875
12851,869,689
12852,514,484
12853,519,637
12854,649,649
12855,694,874
12856,732,671
12857,815,815
12858,673,673
12859,818,594
12860,819,524
12861,580,776
12862,823,480
12863,808,497
12864,649,495
12865,473,865
12866,192,95
12867,172,538
12868,591,764
12869,607,832
12870,449,872
12871,491,837
12872,589,671
12873,488,684
12874,559,819
12875,650,558
12876,832,633
12877,275,239
12878,798,798
12879,496,603
12880,781,600
12881,379,535
12882,556,525
12883,548,875
12884,779,759
12885,647,603
12886,875,476
12887,500,572
12888,494,491
12889,842,842
12890,587,609
12891,842,781
12892,490,473
12893,670,509
12894,803,830
12895,770,837
12896,749,736
12897,796,709
12898,527,527
12899,515,515
12900,687,532
12901,573,529
12902,781,619
12903,532,645
12904,870,721
12905,667,691
12906,561,744
12907,320,376
12908,751,636
12909,536,536
12910,576,551
12911,584,543
12912,658,723
12913,706,706
12914,625,597
12915,671,671
12916,871,693
12917,840,690
12918,858,555
12919,517,532
12920,477,859
12921,624,501
12922,509,509
12923,733,703
12924,501,501
12925,522,459
12926,597,852
12927,21,535
12928,679,604
12929,722,851
12930,844,565
12931,608,652
12932,709,709
12933,553,852
12934,602,501
12935,745,578
12936,605,605
12937,749,729
12938,703,703
12939,404,814
12940,665,665
12941,731,442
12942,515,831
12943,814,814
12944,485,485
12945,463,558
12946,633,561
12947,844,544
12948,658,490
12949,471,711
12950,516,684
12951,739,547
12952,178,668
12953,642,802
12954,660,660
12955,516,764
12956,643,82
12957,849,522
12958,541,511
12959,622,441
12960,575,620
12961,672,489
12962,730,840
12963,599,513
12964,720,624
12965,722,763
12966,673,673
12967,871,782
12968,745,745
12969,642,501
12970,753,512
12971,491,837
12972,572,842
12973,642,568
12974,532,443
12975,681,681
12976,784,783
12977,526,566
12978,709,709
12979,387,619
12980,603,603
12981,798,508
12982,512,482
12983,734,667
12984,562,844
12985,639,639
12986,557,521
12987,833,812
12988,519,875
12989,150,822
12990,842,535
12991,619,781
12992,863,600
12993,588,548
12994,570,760
12995,579,787
12996,788,452
12997,691,855
12998,681,668
12999,749,843
13000,107,548
13001,787,787
13002,566,477
13003,474,812
13004,638,509
13005,590,590
13006,321,625
13007,639,509
13008,581,581
13009,723,723
13010,652,627
13011,633,535
13012,657,805
13013,590,729
13014,614,570
13015,460,559
13016,716,739
13017,375,603
13018,655,576
13019,810,519
13020,534,847
13021,470,784
13022,589,709
13023,672,486
13024,799,511
13025,592,506
13026,780,841
13027,739,517
13028,859,760
13029,714,682
13030,735,735
13031,542,463
13032,659,516
13033,414,418
13034,785,816
13035,759,633
13036,494,731
13037,620,591
13038,722,722
13039,857,857
13040,561,441
13041,628,164
13042,819,823
13043,862,747
13044,455,455
13045,749,520
13046,471,833
13047,530,607
13048,869,594
13049,687,555
13050,478,596
13051,466,466
13052,715,595
13053,647,608
13054,513,508
13055,745,529
13056,869,556
13057,559,32
13058,752,677
13059,553,771
13060,67,292
13061,686,803
13062,578,712
13063,615,647
13064,497,497
13065,608,852
13066,650,517
13067,316,597
13068,730,730
13069,819,819
13070,754,747
13071,716,751
13072,641,641
13073,225,819
13074,572,849
13075,703,659
13076,674,665
13077,834,658
13078,445,479
13079,476,572
13080,574,444
13081,754,451
13082,595,595
13083,753,753
13084,617,617
13085,657,855
13086,471,525
13087,731,731
13088,221,596
13089,620,620
13090,709,709
13091,465,457
13092,585,585
13093,2,448
13094,667,660
13095,684,584
13096,586,692
13097,638,841
13098,625,530
13099,654,527
13100,495,735
13101,770,573
13102,770,722
13103,487,526
13104,464,722
13105,709,718
13106,639,639
13107,332,535
13108,632,509
13109,638,471
13110,694,870
13111,687,593
13112,512,495
13113,842,446
13114,486,569
13115,792,789
13116,730,446
13117,479,493
13118,628,633
13119,506,818
13120,544,871
13121,808,695
13122,497,616
13123,849,849
13124,760,602
13125,479,515
13126,573,487
13127,835,835
13128,641,641
13129,678,678
13130,555,555
13131,733,780
13132,688,734
13133,517,455
13134,697,614
13135,489,563
13136,781,622
13137,571,398
13138,568,606
13139,738,477
13140,810,658
13141,824,552
13142,509,783
13143,672,607
13144,780,780
13145,623,848
13146,809,751
13147,724,670
13148,789,457
13149,595,695
13150,678,678
13151,733,674
13152,580,784
13153,801,745
13154,818,490
13155,651,787
13156,707,707
13157,792,557
13158,458,458
13159,830,687
13160,738,738
13161,854,495
13162,611,611
13163,551,732
13164,533,671
13165,852,673
13166,867,446
13167,803,828
13168,469,469
13169,856,593
13170,638,605
13171,552,645
13172,780,667
13173,566,624
13174,770,453
13175,787,629
13176,522,597
13177,687,771
13178,847,611
13179,476,760
13180,861,639
13181,512,487
13182,690,871
13183,594,594
13184,554,581
13185,801,534
13186,663,830
13187,724,486
13188,691,803
13189,718,855
13190,505,776
13191,761,674
13192,625,631
13193,608,762
13194,669,683
13195,747,660
13196,865,818
13197,818,544
13198,755,594
13199,817,824
13200,657,657
13201,443,776
13202,493,526
13203,476,671
13204,848,824
13205,843,507
13206,441,441
13207,511,511
13208,722,670
13209,501,608
13210,584,791
13211,781,455
13212,536,660
13213,782,754
13214,651,709
13215,456,866
13216,565,764
13217,818,818
13218,808,808
13219,727,875
13220,747,511
13221,775,755
13222,753,761
13223,863,519
13224,637,720
13225,496,496
13226,550,474
13227,451,589
13228,517,580
13229,639,461
13230,674,801
13231,667,844
13232,509,444
13233,654,474
13234,508,508
13235,556,810
13236,543,761
13237,707,825
13238,345,529
13239,137,527
13240,792,788
13241,760,760
13242,761,613
13243,129,437
13244,645,542
13245,789,789
13246,461,461
13247,788,840
13248,743,836
13249,503,828
13250,660,699
13251,864,642
13252,663,765
13253,710,376
13254,529,788
13255,587,673
13256,620,724
13257,298,119
13258,787,479
13259,781,635
13260,569,642
13261,666,448
13262,512,512
13263,592,670
13264,787,787
13265,280,505
13266,722,722
13267,822,855
13268,536,854
13269,241,575
13270,733,521
13271,486,511
13272,530,530
13273,740,737
13274,871,871
13275,670,628
13276,687,583
13277,769,735
13278,689,520
13279,827,547
13280,624,603
13281,542,815
13282,531,472
13283,150,510
13284,699,699
13285,244,814
13286,512,479
13287,667,667
13288,606,542
13289,469,469
13290,778,812
13291,739,756
13292,473,531
13293,602,514
13294,713,565
13295,487,476
13296,461,452
13297,645,532
13298,866,684
13299,444,454
13300,622,682
13301,487,439
13302,249,493
13303,520,801
13304,67,523
13305,842,723
13306,824,824
13307,515,469
13308,516,516
13309,669,650
13310,552,815
13311,729,590
13312,617,826
13313,613,544
13314,551,826
13315,819,853
13316,720,643
13317,858,858
13318,699,787
13319,823,823
13320,817,817
13321,693,666
13322,531,471
13323,599,643
13324,463,489
13325,712,714
13326,418,666
13327,365,290
13328,689,453
13329,564,811
13330,815,574
13331,449,789
13332,755,566
13333,514,702
13334,542,650
13335,833,623
13336,841,579
13337,848,520
13338,619,564
13339,583,706
13340,494,532
13341,721,566
13342,713,672
13343,443,443
13344,591,712
13345,663,496
13346,755,635
13347,555,555
13348,673,673
13349,833,474
13350,822,627
13351,746,752
13352,540,805
13353,129,21
13354,534,710
13355,521,451
13356,694,722
13357,770,861
13358,693,693
13359,777,777
13360,553,591
13361,857,687
13362,823,765
13363,730,684
13364,490,490
13365,503,470
13366,841,579
13367,714,714
13368,42,420
13369,804,457
13370,695,818
13371,642,700
13372,783,639
13373,670,758
13374,478,444
13375,723,456
13376,517,806
13377,648,595
13378,620,818
13379,562,697
13380,638,444
13381,574,473
13382,557,457
13383,455,455
13384,854,449
13385,822,822
13386,870,870
13387,761,663
13388,670,746
13389,655,570
13390,443,830
13391,673,673
13392,600,587
13393,396,293
13394,707,747
13395,766,657
13396,283,437
13397,378,745
13398,751,565
13399,207,505
13400,734,734
13401,356,519
13402,576,535
13403,731,553
13404,832,689
13405,501,501
13406,682,622
13407,773,628
13408,639,463
13409,512,598
13410,444,524
13411,713,771
13412,581,772
13413,831,831
13414,856,602
13415,774,582
13416,722,874
13417,456,456
13418,541,454
13419,610,610
13420,460,563
13421,753,683
13422,802,524
13423,462,864
13424,511,610
13425,181,791
13426,683,523
13427,670,638
13428,486,815
13429,596,763
13430,702,841
13431,770,454
13432,588,559
13433,440,526
13434,66,717
13435,519,542
13436,814,814
13437,727,754
13438,730,730
13439,628,448
13440,610,518
13441,579,791
13442,671,718
13443,634,551
13444,764,568
13445,594,594
13446,529,791
13447,562,562
13448,762,822
13449,658,741
13450,525,834
13451,794,702
13452,718,861
13453,720,496
13454,604,817
13455,769,676
13456,519,645
13457,854,803
13458,766,684
13459,101,792
13460,792,789
13461,611,836
13462,856,827
13463,723,544
13464,718,678
13465,747,714
13466,477,845
13467,451,694
13468,784,470
13469,482,707
13470,641,590
13471,488,694
13472,440,663
13473,818,539
13474,717,717
13475,544,544
13476,678,791
13477,651,529
13478,571,571
13479,637,637
13480,773,533
13481,484,818
13482,707,707
13483,468,443
13484,602,602
13485,840,840
13486,856,278
13487,823,823
13488,712,824
13489,518,760
13490,597,570
13491,690,690
13492,690,509
13493,806,737
13494,447,542
13495,553,771
13496,801,869
13497,673,693
13498,817,817
13499,125,685
13500,605,605
13501,802,621
13502,653,659
13503,670,451
13504,814,718
13505,577,733
13506,679,387
13507,858,731
13508,518,518
13509,614,614
13510,652,652
13511,150,716
13512,572,563
13513,608,647
13514,496,833
13515,832,805
13516,522,542
13517,827,695
13518,720,845
13519,730,42
13520,639,837
13521,706,563
13522,577,791
13523,494,494
13524,556,614
13525,269,537
13526,516,866
13527,776,776
13528,603,842
13529,618,602
13530,832,703
13531,846,582
13532,869,611
13533,687,659
13534,519,756
13535,785,668
13536,559,559
13537,584,528
13538,784,479
13539,760,534
13540,866,866
13541,583,620
13542,827,759
13543,642,802
13544,737,763
13545,655,571
13546,137,774
13547,603,712
13548,443,443
13549,737,638
13550,244,154
13551,586,850
13552,822,763
13553,509,565
13554,583,456
13555,704,617
13556,509,615
13557,806,712
13558,467,801
13559,659,659
13560,828,799
13561,508,508
13562,706,759
13563,533,564
13564,540,796
13565,819,559
13566,398,727
13567,764,760
13568,181,474
13569,468,551
13570,380,632
13571,474,778
13572,467,467
13573,683,570
13574,461,512
13575,834,834
13576,592,453
13577,607,863
13578,695,599
13579,495,495
13580,764,764
13581,501,727
13582,42,208
13583,461,278
13584,862,509
13585,626,670
13586,792,667
13587,799,774
13588,556,466
13589,590,590
13590,544,611
13591,514,682
13592,501,501
13593,875,614
13594,863,603
13595,480,448
13596,753,467
13597,463,808
13598,457,622
13599,627,615
13600,753,517
13601,517,517
13602,691,738
13603,812,557
13604,621,669
13605,718,718
13606,591,598
13607,781,493
13608,494,659
13609,635,463
13610,591,802
13611,503,762
13612,791,780
13613,710,710
13614,740,756
13615,720,637
13616,739,710
13617,833,635
13618,454,454
13619,671,454
13620,470,621
13621,652,652
13622,609,784
13623,461,667
13624,408,706
13625,443,520
13626,845,845
13627,666,833
13628,579,702
13629,480,716
13630,294,619
13631,641,641
13632,706,442
13633,531,628
13634,706,795
13635,769,796
13636,671,796
13637,667,667
13638,473,689
13639,579,579
13640,638,835
13641,832,778
13642,837,670
13643,613,823
13644,854,439
13645,92,677
13646,730,580
13647,665,665
13648,615,570
13649,544,818
13650,613,543
13651,600,830
13652,553,620
13653,735,476
13654,842,580
13655,640,559
13656,866,603
13657,756,817
13658,622,567
13659,494,539
13660,601,779
13661,541,512
13662,445,632
13663,541,859
13664,803,557
13665,577,740
13666,756,586
13667,669,645
13668,867,564
13669,682,598
13670,743,461
13671,678,678
13672,629,831
13673,455,456
13674,760,760
13675,471,589
13676,731,580
13677,524,871
13678,102,708
13679,514,760
13680,670,449
13681,454,439
13682,751,669
13683,585,847
13684,627,739
13685,577,577
13686,447,753
13687,821,856
13688,840,770
13689,633,539
13690,752,849
13691,450,646
13692,795,620
13693,840,840
13694,478,500
13695,762,597
13696,707,784
13697,564,564
13698,663,781
13699,619,600
13700,639,503
13701,472,465
13702,494,625
13703,642,716
13704,482,500
13705,473,864
13706,859,494
13707,595,595
13708,624,741
13709,602,692
13710,441,441
13711,720,835
13712,443,539
13713,802,440
13714,580,580
13715,515,515
13716,870,594
13717,852,862
13718,676,503
13719,671,656
13720,498,498
13721,552,690
13722,833,833
13723,508,659
13724,783,806
13725,689,509
13726,651,631
13727,396,734
13728,617,781
13729,438,21
13730,382,55
13731,447,558
13732,866,764
13733,488,871
13734,827,618
13735,522,858
13736,824,652
13737,826,826
13738,815,554
13739,783,723
13740,207,742
13741,124,571
13742,529,439
13743,766,488
13744,618,441
13745,743,649
13746,735,702
13747,712,712
13748,646,761
13749,866,866
13750,697,520
13751,663,662
13752,546,546
13753,119,839
13754,678,562
13755,808,840
13756,513,741
13757,763,482
13758,441,456
13759,568,687
13760,655,801
13761,532,817
13762,731,731
13763,330,585
13764,826,826
13765,734,734
13766,545,799
13767,511,842
13768,733,810
13769,639,579
13770,792,792
13771,519,491
13772,546,546
13773,551,441
13774,798,491
13775,679,861
13776,834,544
13777,773,529
13778,733,780
13779,617,488
13780,826,619
13781,542,740
13782,532,744
13783,751,619
13784,789,852
13785,632,689
13786,765,717
13787,672,602
13788,338,764
13789,480,650
13790,704,444
13791,682,697
13792,524,733
13793,578,731
13794,533,505
13795,539,838
13796,754,451
13797,613,613
13798,516,677
13799,712,824
13800,759,672
13801,596,596
13802,540,721
13803,824,534
13804,787,564
13805,519,700
13806,854,535
13807,765,636
13808,695,543
13809,841,841
13810,750,815
13811,834,618
13812,862,852
13813,570,440
13814,849,650
13815,611,556
13816,670,629
13817,632,721
13818,677,677
13819,828,678
13820,443,443
13821,202,808
13822,837,493
13823,629,763
13824,780,451
13825,691,791
13826,518,518
13827,729,717
13828,480,712
13829,872,872
13830,624,817
13831,633,633
13832,604,604
13833,645,849
13834,539,533
13835,473,588
13836,738,738
13837,483,483
13838,521,478
13839,770,451
13840,605,667
13841,565,522
13842,592,872
13843,523,523
13844,822,667
13845,454,458
13846,347,489
13847,733,462
13848,825,797
13849,771,863
13850,744,571
13851,198,515
13852,666,666
13853,802,762
13854,817,731
13855,636,765
13856,815,793
13857,768,833
13858,566,680
13859,610,753
13860,480,446
13861,647,460
13862,582,627
13863,841,679
13864,812,463
13865,862,105
13866,232,698
13867,640,640
13868,561,633
13869,678,770
13870,627,603
13871,626,534
13872,823,719
13873,487,737
13874,745,788
13875,819,859
13876,78,565
13877,727,570
13878,687,801
13879,659,703
13880,841,632
13881,509,457
13882,455,817
13883,273,805
13884,232,599
13885,476,476
13886,729,729
13887,202,523
13888,684,486
13889,493,579
13890,534,602
13891,777,692
13892,443,842
13893,702,439
13894,719,725
13895,844,732
13896,580,494
13897,693,845
13898,863,466
13899,480,839
13900,508,508
13901,494,494
13902,834,456
13903,718,573
13904,683,486
13905,516,516
13906,532,532
13907,710,783
13908,870,733
13909,446,446
13910,649,503
13911,567,567
13912,589,589
13913,511,655
13914,561,600
13915,690,690
13916,574,720
13917,860,860
13918,737,737
13919,690,841
13920,844,669
13921,646,646
13922,566,589
13923,579,784
13924,594,594
13925,590,590
13926,800,529
13927,73,578
13928,554,467
13929,671,551
13930,690,647
13931,803,600
13932,852,553
13933,844,844
13934,316,747
13935,842,587
13936,666,573
13937,60,220
13938,804,761
13939,685,672
13940,508,704
13941,682,514
13942,85,615
13943,607,763
13944,552,714
13945,691,592
13946,774,603
13947,866,866
13948,579,466
13949,853,725
13950,644,644
13951,875,561
13952,703,762
13953,652,652
13954,519,868
13955,681,738
13956,850,542
13957,841,689
13958,554,859
13959,170,440
13960,768,791
13961,666,649
13962,593,620
13963,588,818
13964,466,769
13965,673,673
13966,663,759
13967,858,667
13968,848,848
13969,583,506
13970,525,525
13971,789,497
13972,505,650
13973,689,656
13974,39,337
13975,845,845
13976,588,441
13977,526,579
13978,854,862
13979,463,835
13980,782,712
13981,760,760
13982,723,723
13983,554,480
13984,449,702
13985,874,515
13986,441,665
13987,779,848
13988,793,798
13989,532,532
13990,842,602
13991,663,819
13992,511,511
13993,791,820
13994,78,228
13995,717,455
13996,677,535
13997,567,812
13998,714,754
13999,524,598
14000,589,589
14001,511,672
14002,789,789
14003,711,676
14004,812,458
14005,671,763
14006,643,814
14007,170,97
14008,532,465
14009,26,377
14010,497,702
14011,838,597
14012,534,824
14013,203,445
14014,694,683
14015,584,493
14016,720,514
14017,482,482
14018,739,626
14019,654,531
14020,839,626
14021,659,687
14022,347,437
14023,657,844
14024,504,810
14025,539,659
14026,673,673
14027,815,592
14028,525,731
14029,625,799
14030,623,529
14031,654,797
14032,798,781
14033,871,673
14034,441,551
14035,729,441
14036,739,782
14037,871,871
14038,736,736
14039,610,682
14040,846,678
14041,795,798
14042,591,827
14043,867,867
14044,605,605
14045,692,683
14046,717,717
14047,760,702
14048,588,723
14049,596,465
14050,519,669
14051,762,444
14052,710,688
14053,586,692
14054,666,763
14055,518,518
14056,463,724
14057,643,643
14058,731,528
14059,498,489
14060,495,870
14061,805,526
14062,789,611
14063,487,487
14064,674,674
14065,511,849
14066,524,511
14067,485,560
14068,519,754
14069,591,455
14070,595,808
14071,871,280
14072,736,443
14073,542,619
14074,690,548
14075,175,167
14076,820,562
14077,622,855
14078,461,691
14079,729,866
14080,850,659
14081,582,556
14082,439,656
14083,665,665
14084,839,720
14085,475,497
14086,787,678
14087,32,546
14088,224,243
14089,522,452
14090,699,763
14091,614,672
14092,525,451
14093,520,627
14094,781,781
14095,691,792
14096,753,747
14097,527,527
14098,695,599
14099,564,736
14100,465,671
14101,480,875
14102,544,690
14103,257,483
14104,468,665
14105,477,529
14106,644,369
14107,529,848
14108,590,590
14109,626,501
14110,10,125
14111,763,629
14112,733,733
14113,859,522
14114,594,611
14115,462,763
14116,533,846
14117,762,854
14118,514,531
14119,529,628
14120,765,590
14121,718,444
14122,599,494
14123,620,544
14124,640,554
14125,527,527
14126,740,849
14127,452,452
14128,446,848
14129,702,494
14130,833,457
14131,607,743
14132,563,488
14133,451,451
14134,754,607
14135,722,722
14136,797,649
14137,534,723
14138,522,565
14139,98,346
14140,695,506
14141,823,765
14142,599,599
14143,449,449
14144,653,795
14145,669,615
14146,451,589
14147,816,735
14148,824,653
14149,574,574
14150,857,637
14151,827,583
14152,450,776
14153,733,576
14154,682,727
14155,39,69
14156,704,704
14157,759,759
14158,828,711
14159,712,724
14160,822,530
14161,763,445
14162,780,667
14163,802,803
14164,737,691
14165,673,858
14166,487,721
14167,832,628
14168,859,840
14169,875,875
14170,454,721
14171,744,852
14172,833,833
14173,640,602
14174,594,656
14175,512,482
14176,507,826
14177,578,744
14178,455,704
14179,636,636
14180,762,454
14181,670,831
14182,465,573
14183,828,451
14184,840,840
14185,441,751
14186,683,466
14187,716,586
14188,685,781
14189,599,599
14190,474,584
14191,687,468
14192,472,628
14193,670,808
14194,484,720
14195,788,656
14196,454,454
14197,565,642
14198,449,579
14199,677,150
14200,683,863
14201,473,697
14202,670,479
14203,832,457
14204,643,599
14205,461,861
14206,445,738
14207,783,755
14208,462,665
14209,652,686
14210,476,745
14211,525,697
14212,525,689
14213,526,529
14214,840,527
14215,740,552
14216,850,796
14217,674,446
14218,684,639
14219,770,656
14220,548,548
14221,694,780
14222,560,666
14223,703,580
14224,835,835
14225,756,756
14226,567,516
14227,817,740
14228,463,86
14229,792,515
14230,841,844
14231,774,740
14232,593,593
14233,686,669
14234,571,684
14235,462,462
14236,552,590
14237,501,739
14238,306,395
14239,519,565
14240,579,579
14241,699,699
14242,536,674
14243,874,781
14244,818,508
14245,672,587
14246,527,657
14247,670,702
14248,870,870
14249,818,818
14250,596,651
14251,760,834
14252,449,661
14253,858,693
14254,664,664
14255,518,704
14256,684,484
14257,709,584
14258,741,731
14259,653,646
14260,452,474
14261,452,605
14262,837,735
14263,585,585
14264,511,516
14265,80,856
14266,737,676
14267,855,855
14268,844,447
14269,582,731
14270,614,838
14271,577,755
14272,818,818
14273,722,18
14274,830,524
14275,519,648
14276,484,467
14277,344,865
14278,783,609
14279,540,512
14280,693,595
14281,439,841
14282,739,609
14283,854,562
14284,679,791
14285,629,462
14286,833,479
14287,633,682
14288,801,801
14289,776,601
14290,667,694
14291,701,558
14292,808,741
14293,554,760
14294,455,863
14295,323,210
14296,336,578
14297,840,474
14298,562,439
14299,635,833
14300,536,791
14301,489,635
14302,653,817
14303,476,457
14304,599,599
14305,627,753
14306,796,844
14307,649,605
14308,535,647
14309,650,491
14310,577,577
14311,794,487
14312,590,650
14313,597,597
14314,256,514
14315,328,555
14316,733,733
14317,470,487
14318,842,713
14319,869,476
14320,611,835
14321,729,729
14322,818,818
14323,648,623
14324,622,811
14325,667,780
14326,801,801
14327,652,652
14328,721,562
14329,640,739
14330,658,828
14331,736,663
14332,475,497
14333,526,797
14334,760,760
14335,845,741
14336,659,587
14337,710,844
14338,626,645
14339,529,862
14340,455,455
14341,604,456
14342,871,873
14343,743,660
14344,709,874
14345,697,496
14346,799,854
14347,875,754
14348,735,735
14349,686,840
14350,672,830
14351,566,548
14352,824,824
14353,462,605
14354,695,808
14355,624,760
14356,387,665
14357,875,875
14358,461,804
14359,774,606
14360,556,614
14361,525,525
14362,818,456
14363,805,870
14364,712,848
14365,491,854
14366,656,796
14367,803,730
14368,639,458
14369,658,682
14370,828,614
14371,464,654
14372,563,756
14373,547,607
14374,292,677
14375,626,819
14376,531,438
14377,514,740
14378,540,871
14379,458,709
14380,577,475
14381,595,595
14382,830,536
14383,873,873
14384,827,827
14385,671,711
14386,677,683
14387,847,796
14388,730,802
14389,136,202
14390,813,830
14391,592,691
14392,623,718
14393,467,796
14394,685,709
14395,830,663
14396,476,721
14397,731,842
14398,497,836
14399,447,687
14400,603,536
14401,553,532
14402,857,875
14403,570,598
14404,787,461
14405,730,730
14406,774,753
14407,28,858
14408,439,465
14409,781,777
14410,702,573
14411,639,684
14412,489,808
14413,590,823
14414,447,447
14415,684,724
14416,457,702
14417,493,861
14418,620,583
14419,875,875
14420,585,585
14421,794,855
14422,593,593
14423,651,859
14424,455,455
14425,591,860
14426,872,462
14427,508,559
14428,738,464
14429,850,850
14430,687,695
14431,596,596
14432,863,686
14433,264,278
14434,585,462
14435,650,543
14436,592,445
14437,465,639
14438,641,604
14439,488,498
14440,684,622
14441,512,475
14442,737,660
14443,396,584
14444,482,839
14445,855,531
14446,653,776
14447,488,646
14448,601,601
14449,509,768
14450,730,690
14451,835,835
14452,845,787
14453,841,869
14454,672,672
14455,494,553
14456,484,660
14457,628,541
14458,721,721
14459,723,723
14460,495,788
14461,478,797
14462,852,852
14463,827,751
14464,647,466
14465,650,552
14466,613,494
14467,717,850
14468,845,763
14469,618,764
14470,87,653
14471,492,529
14472,851,577
14473,447,447
14474,815,571
14475,673,673
14476,636,821
14477,514,543
14478,621,739
14479,729,613
14480,723,723
14481,646,782
14482,749,749
14483,721,721
14484,834,834
14485,350,690
14486,747,641
14487,764,522
14488,832,802
14489,294,793
14490,488,826
14491,27,472
14492,703,822
14493,740,522
14494,789,686
14495,692,442
14496,796,439
14497,771,618
14498,628,628
14499,601,680
14500,467,677
14501,447,830
14502,486,603
14503,718,820
14504,500,478
14505,817,739
14506,555,555
14507,774,641
14508,695,595
14509,664,568
14510,690,595
14511,321,134
14512,457,831
14513,785,784
14514,491,495
14515,661,439
14516,746,465
14517,764,456
14518,802,617
14519,797,855
14520,661,721
14521,460,552
14522,605,605
14523,508,663
14524,465,656
14525,731,693
14526,580,630
14527,605,863
14528,598,741
14529,824,543
14530,556,658
14531,585,585
14532,735,595
14533,694,735
14534,559,522
14535,825,587
14536,863,740
14537,533,544
14538,512,854
14539,658,723
14540,774,480
14541,671,629
14542,717,765
14543,527,445
14544,764,614
14545,640,765
14546,686,704
14547,500,866
14548,837,638
14549,511,766
14550,812,624
14551,756,610
14552,678,577
14553,690,552
14554,717,444
14555,389,597
14556,721,573
14557,794,649
14558,500,478
14559,667,874
14560,515,721
14561,627,844
14562,605,605
14563,525,866
14564,441,665
14565,509,743
14566,504,684
14567,597,614
14568,802,802
14569,726,769
14570,782,542
14571,565,509
14572,452,874
14573,624,490
14574,760,533
14575,639,633
14576,858,651
14577,469,654
14578,753,714
14579,632,670
14580,628,628
14581,529,757
14582,697,697
14583,838,838
14584,542,553
14585,113,43
14586,762,737
14587,834,783
14588,479,834
14589,592,849
14590,588,516
14591,576,490
14592,648,637
14593,834,834
14594,440,724
14595,794,495
14596,707,667
14597,469,469
14598,837,852
14599,656,784
14600,685,685
14601,695,840
14602,464,739
14603,446,580
14604,484,599
14605,638,439
14606,456,456
14607,571,645
14608,703,828
14609,689,678
14610,517,517
14611,455,535
14612,835,642
14613,724,686
14614,732,668
14615,864,624
14616,506,467
14617,699,469
14618,841,609
14619,853,480
14620,783,755
14621,791,475
14622,125,377
14623,627,516
14624,505,545
14625,55,752
14626,449,721
14627,244,244
14628,505,459
14629,694,721
14630,852,781
14631,584,785
14632,811,875
14633,137,297
14634,765,621
14635,553,739
14636,874,690
14637,664,788
14638,769,475
14639,563,473
14640,650,636
14641,671,796
14642,703,579
14643,868,522
14644,832,495
14645,584,463
14646,344,521
14647,840,840
14648,837,837
14649,444,465
14650,469,584
14651,605,605
14652,508,673
14653,817,535
14654,439,479
14655,523,588
14656,676,451
14657,742,496
14658,724,724
14659,751,751
14660,756,866
14661,444,820
14662,639,639
14663,707,707
14664,406,703
14665,476,637
14666,545,607
14667,615,615
14668,524,816
14669,706,827
14670,796,638
14671,874,733
14672,526,788
14673,484,523
14674,683,683
14675,514,842
14676,146,720
14677,689,439
14678,847,855
14679,539,819
14680,778,872
14681,691,667
14682,602,542
14683,716,736
14684,609,609
14685,847,847
14686,514,697
14687,799,562
14688,535,561
14689,476,632
14690,476,572
14691,478,478
14692,737,854
14693,763,605
14694,801,610
14695,447,615
14696,278,873
14697,857,857
14698,606,606
14699,656,831
14700,292,532
14701,589,458
14702,864,872
14703,842,568
14704,650,604
14705,763,495
14706,825,616
14707,664,530
14708,610,849
14709,752,866
14710,366,814
14711,686,443
14712,779,743
14713,815,612
14714,466,713
14715,543,848
14716,404,293
14717,588,819
14718,43,667
14719,567,567
14720,686,542
14721,722,840
14722,669,567
14723,759,827
14724,864,818
14725,16,663
14726,522,613
14727,781,826
14728,660,579
14729,759,583
14730,695,668
14731,552,682
14732,692,751
14733,244,695
14734,702,516
14735,839,650
14736,580,278
14737,792,232
14738,873,654
14739,478,800
14740,470,487
14741,825,570
14742,824,463
14743,512,482
14744,127,498
14745,741,599
14746,47,497
14747,815,622
14748,454,562
14749,664,666
14750,724,619
14751,639,514
14752,768,874
14753,695,569
14754,533,739
14755,547,633
14756,592,605
14757,830,578
14758,798,543
14759,802,515
14760,605,678
14761,192,645
14762,498,278
14763,731,748
14764,531,757
14765,457,592
14766,856,593
14767,874,607
14768,798,553
14769,770,799
14770,175,664
14771,640,640
14772,493,609
14773,841,609
14774,658,486
14775,109,484
14776,642,857
14777,686,517
14778,823,823
14779,775,650
14780,518,556
14781,857,857
14782,466,844
14783,874,466
14784,771,468
14785,859,625
14786,637,720
14787,749,687
14788,462,532
14789,451,511
14790,476,855
14791,739,597
14792,759,568
14793,574,753
14794,803,495
14795,607,874
14796,505,873
14797,819,534
14798,596,833
14799,527,492
14800,687,687
14801,760,760
14802,801,801
14803,846,514
14804,645,645
14805,624,453
14806,391,698
14807,500,870
14808,594,594
14809,801,542
14810,446,710
14811,672,874
14812,759,704
14813,124,567
14814,473,496
14815,447,600
14816,604,692
14817,493,451
14818,580,441
14819,466,846
14820,595,840
14821,447,619
14822,562,562
14823,828,656
14824,704,522
14825,870,870
14826,740,863
14827,860,496
14828,475,475
14829,732,753
14830,696,391
14831,586,586
14832,716,659
14833,855,854
14834,477,477
14835,449,611
14836,579,579
14837,738,492
14838,553,622
14839,639,806
14840,494,544
14841,618,544
14842,631,631
14843,622,622
14844,451,732
14845,672,449
14846,555,712
14847,164,579
14848,519,650
14849,649,491
14850,463,589
14851,522,484
14852,825,714
14853,617,542
14854,713,278
14855,586,706
14856,627,642
14857,693,679
14858,860,860
14859,656,855
14860,591,845
14861,704,756
14862,494,456
14863,683,733
14864,546,679
14865,738,718
14866,545,854
14867,501,501
14868,627,627
14869,621,621
14870,789,557
14871,511,582
14872,487,648
14873,530,628
14874,532,443
14875,641,641
14876,684,496
14877,573,454
14878,552,633
14879,562,855
14880,472,479
14881,741,610
14882,684,617
14883,613,613
14884,642,486
14885,721,721
14886,571,825
14887,659,659
14888,673,488
14889,623,495
14890,822,822
14891,678,738
14892,477,479
14893,788,709
14894,835,747
14895,838,838
14896,762,822
14897,486,466
14898,723,723
14899,585,585
14900,35,696
14901,561,714
14902,704,717
14903,507,599
14904,743,451
14905,447,736
14906,734,396
14907,720,740
14908,629,629
14909,727,735
14910,566,623
14911,827,808
14912,447,447
14913,583,583
14914,605,605
14915,456,849
14916,609,742
14917,456,611
14918,835,835
14919,522,627
14920,563,563
14921,511,642
14922,734,734
14923,556,633
14924,740,509
14925,666,684
14926,827,827
14927,730,447
14928,526,674
14929,475,497
14930,456,456
14931,743,754
14932,791,576
14933,841,487
14934,486,512
14935,563,628
14936,468,468
14937,718,831
14938,559,542
14939,762,512
14940,690,722
14941,682,815
14942,847,628
14943,609,720
14944,546,780
14945,782,552
14946,450,703
14947,443,532
14948,665,665
14949,716,608
14950,678,788
14951,868,811
14952,696,696
14953,575,574
14954,827,636
14955,874,657
14956,759,810
14957,496,519
14958,614,736
14959,727,576
14960,780,667
14961,512,865
14962,770,803
14963,788,439
14964,718,678
14965,16,470
14966,539,684
14967,458,596
14968,831,763
14969,447,447
14970,567,835
14971,749,608
14972,656,458
14973,835,463
14974,822,660
14975,8,302
14976,673,863
14977,774,673
14978,840,506
14979,198,354
14980,586,446
14981,583,583
14982,444,603
14983,632,533
14984,551,659
14985,825,822
14986,635,540
14987,444,689
14988,588,523
14989,690,781
14990,819,853
14991,451,754
14992,613,480
14993,541,689
14994,590,608
14995,641,514
14996,667,699
14997,737,707
14998,846,521
14999,582,476
15000,611,703
15001,776,741
15002,760,760
15003,522,514
15004,546,755
15005,110,792
15006,809,543
15007,734,479
15008,702,721
15009,562,833
15010,636,483
15011,850,645
15012,673,673
15013,672,875
15014,870,594
15015,469,662
15016,875,518
15017,743,607
15018,710,740
15019,718,509
15020,857,500
15021,607,755
15022,738,738
15023,491,603
15024,670,638
15025,567,524
15026,522,658
15027,32,32
15028,472,755
15029,774,740
15030,865,669
15031,463,619
15032,465,526
15033,872,861
15034,737,764
15035,833,577
15036,451,477
15037,365,820
15038,629,585
15039,516,817
15040,822,582
15041,779,544
15042,523,706
15043,149,814
15044,651,651
15045,501,501
15046,457,557
15047,461,691
15048,543,782
15049,638,466
15050,137,755
15051,824,524
15052,365,785
15053,477,521
15054,468,443
15055,646,771
15056,448,448
15057,613,666
15058,564,564
15059,476,454
15060,721,783
15061,504,504
15062,361,782
15063,840,814
15064,551,477
15065,825,610
15066,719,729
15067,507,506
15068,771,443
15069,665,484
15070,799,799
15071,619,627
15072,735,493
15073,866,869
15074,533,441
15075,591,777
15076,853,559
15077,667,667
15078,819,534
15079,729,723
15080,739,716
15081,805,512
15082,468,523
15083,518,650
15084,737,737
15085,837,837
15086,602,779
15087,712,824
15088,124,546
15089,10,278
15090,859,487
15091,760,638
15092,669,552
15093,338,874
15094,406,558
15095,778,820
15096,77,169
15097,605,831
15098,691,465
15099,435,720
15100,608,544
15101,838,745
15102,633,650
15103,292,734
15104,600,781
15105,859,470
15106,673,673
15107,591,692
15108,530,702
15109,802,624
15110,751,853
15111,565,832
15112,474,441
15113,556,801
15114,855,473
15115,538,379
15116,860,599
15117,495,471
15118,590,536
15119,518,518
15120,690,596
15121,559,624
15122,551,686
15123,795,761
15124,627,652
15125,770,491
15126,489,756
15127,571,441
15128,781,647
15129,582,582
15130,592,557
15131,692,617
15132,706,601
15133,762,770
15134,611,611
15135,500,784
15136,667,831
15137,835,457
15138,608,608
15139,482,511
15140,835,727
15141,673,673
15142,445,788
15143,458,697
15144,505,544
15145,519,570
15146,337,621
15147,849,466
15148,815,501
15149,861,861
15150,557,780
15151,645,591
15152,693,729
15153,605,454
15154,801,801
15155,787,818
15156,548,674
15157,524,736
15158,583,695
15159,447,521
15160,547,875
15161,493,702
15162,868,519
15163,607,607
15164,555,777
15165,720,637
15166,736,619
15167,840,840
15168,725,557
15169,519,482
15170,760,838
15171,804,798
15172,503,872
15173,561,561
15174,543,543
15175,674,865
15176,493,479
15177,650,590
15178,658,563
15179,710,620
15180,837,491
15181,453,544
15182,862,862
15183,622,683
15184,458,637
15185,489,489
15186,526,569
15187,532,619
15188,754,488
15189,608,608
15190,766,865
15191,456,580
15192,681,818
15193,513,513
15194,557,792
15195,822,822
15196,864,739
15197,479,629
15198,441,494
15199,657,529
15200,851,579
15201,526,594
15202,439,439
15203,777,739
15204,789,858
15205,599,599
15206,553,805
15207,735,735
15208,766,557
15209,462,743
15210,733,780
15211,480,617
15212,543,543
15213,703,607
15214,697,796
15215,230,212
15216,589,755
15217,482,520
15218,738,738
15219,99,468
15220,544,575
15221,697,697
15222,780,457
15223,503,473
15224,806,540
15225,525,525
15226,842,824
15227,856,515
15228,615,571
15229,594,469
15230,459,751
15231,496,842
15232,478,787
15233,637,843
15234,720,720
15235,718,497
15236,646,620
15237,667,799
15238,672,869
15239,566,855
15240,830,532
15241,525,737
15242,800,682
15243,691,828
15244,608,650
15245,467,474
15246,740,858
15247,624,641
15248,648,655
15249,770,844
15250,443,864
15251,508,508
15252,819,819
15253,580,441
15254,735,479
15255,794,629
15256,770,445
15257,224,448
15258,857,507
15259,743,536
15260,731,480
15261,844,486
15262,741,554
15263,764,764
15264,659,653
15265,611,453
15266,533,614
15267,723,723
15268,447,447
15269,495,495
15270,711,711
15271,490,454
