ids,epoch_19,epoch_39,epoch_59,epoch_79,epoch_99
0,0,0,0,0,0
1,0,0,0,0,0
2,4,0,1,0,0
3,0,1,0,0,0
4,1,0,0,0,0
5,1,0,0,0,0
6,7,0,0,0,0
7,0,0,0,0,0
8,7,0,0,0,0
9,0,0,0,0,0
10,0,0,0,0,0
11,0,0,0,0,0
12,13,4,0,0,0
13,28,11,10,10,11
14,6,11,0,0,0
15,0,0,0,0,0
16,0,0,0,0,0
17,0,0,0,0,0
18,70,149,434,532,572
19,0,0,0,0,0
20,0,0,0,0,0
21,11,0,0,0,0
22,7,3,5,2,4
23,9,0,0,0,0
24,25,8,0,0,0
25,0,0,0,0,0
26,0,0,0,0,0
27,0,0,0,0,0
28,6,4,0,0,0
29,236,290,85,61,80
30,0,0,0,0,0
31,0,4,2,1,0
32,0,0,0,0,0
33,14,0,0,0,0
34,2,0,0,0,0
35,1,1,0,0,0
36,0,0,0,0,0
37,7,1,0,0,0
38,2,0,0,0,0
39,34,0,0,0,0
40,93,0,0,0,0
41,6,0,0,0,0
42,0,0,0,0,0
43,0,0,0,0,0
44,1,0,0,0,0
45,1,1,0,0,0
46,0,0,0,0,0
47,0,0,0,0,0
48,4,0,0,0,0
49,5,1,1,0,0
50,63,40,44,23,25
51,5,2,0,0,0
52,10,0,0,0,0
53,59,0,0,1,1
54,0,0,0,0,0
55,0,0,0,0,0
56,0,0,0,0,0
57,413,164,112,70,65
58,108,26,12,12,13
59,0,0,0,0,0
60,0,0,0,0,0
61,3,1,1,1,1
62,0,0,0,0,0
63,8,0,0,0,0
64,27,3,0,0,0
65,0,0,0,0,0
66,0,0,0,0,0
67,2,0,0,0,0
68,0,0,0,0,0
69,0,0,0,0,0
70,1,0,0,0,0
71,0,0,0,0,0
72,24,4,1,1,1
73,0,0,0,0,0
74,0,0,0,0,0
75,14,10,4,1,1
76,0,1,0,2,2
77,0,0,0,0,0
78,0,0,0,0,0
79,26,1,0,0,0
80,2,0,0,0,0
81,0,0,0,0,0
82,0,0,0,0,0
83,0,0,0,0,0
84,21,15,3,4,5
85,21,2,0,0,0
86,69,3,1,1,0
87,0,1,1,0,0
88,0,0,0,0,0
89,1,0,0,0,0
90,2,0,0,0,0
91,0,0,0,0,0
92,0,0,0,0,0
93,0,1,1,0,0
94,61,21,9,5,4
95,8,0,0,0,0
96,0,0,0,0,0
97,9,2,1,0,0
98,0,0,0,0,0
99,0,0,0,0,0
100,1,0,0,0,0
101,0,0,0,0,0
102,0,0,0,0,0
103,9,0,0,0,0
104,0,0,0,0,0
105,0,0,0,0,0
106,6,0,0,0,0
107,6,0,0,0,0
108,4,1,0,0,0
109,2,0,0,0,0
110,111,0,0,0,0
111,1,0,0,0,0
112,0,0,0,0,0
113,7,0,0,0,0
114,0,0,0,0,0
115,0,0,0,0,0
116,0,0,0,0,0
117,48,15,8,1,1
118,0,0,0,0,0
119,0,0,0,0,0
120,23,1,1,1,1
121,7,0,0,0,0
122,0,0,0,0,0
123,6,0,0,0,0
124,0,0,0,0,0
125,0,0,0,0,0
126,0,0,0,0,0
127,0,0,0,0,0
128,0,0,0,0,0
129,10,0,0,0,0
130,3,0,0,0,0
131,0,0,0,0,0
132,110,174,667,675,680
133,45,20,9,5,3
134,0,0,0,0,0
135,0,0,0,1,2
136,26,16,15,24,35
137,1,2,1,1,1
138,0,0,0,0,0
139,0,0,0,0,0
140,1,0,0,0,0
141,0,0,0,0,0
142,17,6,1,2,1
143,60,0,0,0,0
144,0,0,0,0,0
145,0,0,0,0,0
146,0,0,0,0,0
147,1,0,0,0,0
148,0,0,0,0,0
149,382,97,113,144,138
150,311,865,854,850,849
151,6,1,0,0,0
152,28,53,53,32,27
153,13,1,0,0,0
154,0,0,0,0,0
155,0,0,0,0,0
156,7,0,0,0,0
157,0,0,0,0,0
158,3,0,0,0,0
159,0,0,0,0,0
160,0,0,0,0,0
161,0,0,0,0,0
162,0,0,0,0,0
163,1,0,0,0,0
164,0,0,0,0,0
165,308,0,0,0,0
166,0,0,0,0,0
167,39,4,1,1,1
168,32,0,0,0,0
169,0,0,0,0,0
170,1,0,0,0,0
171,55,179,339,218,233
172,3,0,0,0,0
173,0,0,0,0,0
174,0,0,0,0,0
175,2,6,16,5,4
176,2,44,8,3,2
177,0,0,0,0,0
178,0,0,0,0,0
179,0,0,0,0,0
180,0,0,0,0,0
181,0,0,0,0,0
182,15,0,1,0,0
183,24,5,6,7,5
184,0,0,0,0,0
185,0,0,0,0,0
186,0,0,0,0,0
187,1,4,0,0,0
188,8,0,0,0,0
189,0,0,0,0,0
190,0,0,0,0,0
191,18,0,0,0,0
192,0,0,0,0,0
193,8,0,0,0,0
194,14,0,0,1,0
195,3,0,0,0,0
196,1,0,0,0,0
197,1,0,0,0,0
198,1,0,0,0,0
199,0,0,0,0,0
200,62,37,6,0,1
201,0,0,0,0,0
202,0,0,0,0,0
203,0,0,0,0,0
204,1,0,0,0,0
205,0,0,0,0,0
206,1,0,0,0,0
207,0,0,0,0,0
208,14,16,5,4,3
209,0,0,0,0,0
210,0,0,0,0,0
211,0,0,0,0,0
212,0,0,0,0,0
213,22,1,0,0,0
214,0,0,0,0,0
215,0,0,0,0,0
216,3,1,0,0,0
217,2,0,0,0,0
218,1,0,0,0,0
219,1,0,0,0,0
220,0,0,0,0,0
221,2,0,0,0,0
222,0,0,0,0,0
223,29,4,3,5,4
224,45,13,16,13,22
225,0,0,0,0,0
226,0,0,0,0,0
227,18,0,0,1,0
228,0,0,0,0,0
229,0,0,0,0,0
230,0,0,0,0,0
231,0,0,0,0,0
232,0,0,0,0,0
233,0,0,0,0,0
234,13,0,0,0,0
235,0,1,1,1,1
236,0,0,0,0,0
237,0,0,0,0,0
238,5,0,0,0,0
239,0,0,0,0,0
240,0,0,0,0,0
241,0,0,0,0,0
242,0,0,0,0,0
243,19,2,2,2,4
244,26,2,0,0,0
245,0,0,0,0,0
246,14,0,0,0,0
247,3,0,0,0,0
248,0,0,0,0,0
249,0,0,0,0,0
250,43,40,45,41,54
251,0,0,0,0,0
252,217,2,0,0,0
253,0,0,0,0,0
254,15,0,0,0,0
255,82,1,0,0,0
256,20,1,0,1,1
257,7,2,1,0,0
258,0,0,0,0,0
259,0,0,0,0,0
260,0,0,0,0,0
261,1,0,0,0,0
262,21,0,0,0,0
263,0,0,0,0,0
264,0,0,0,0,0
265,0,0,0,0,0
266,0,0,0,0,0
267,4,0,0,0,0
268,1,0,0,0,0
269,1,0,0,0,0
270,1,0,0,0,0
271,5,0,0,0,0
272,9,0,0,0,0
273,3,0,0,0,0
274,1,0,0,0,0
275,2,0,0,0,0
276,0,0,0,0,0
277,6,1,0,0,0
278,6,4,3,8,9
279,0,0,0,0,0
280,0,0,0,0,0
281,2,0,0,0,0
282,105,3,4,0,0
283,20,0,0,0,0
284,17,3,1,1,3
285,0,0,0,0,0
286,0,0,0,0,0
287,0,0,0,0,0
288,41,11,22,16,15
289,0,0,0,0,0
290,0,0,0,0,0
291,0,0,0,0,0
292,2,0,0,0,0
293,0,0,0,0,0
294,0,0,0,0,0
295,1,0,0,0,0
296,29,19,2,0,2
297,5,1,0,0,0
298,0,0,0,0,0
299,50,3,1,0,0
300,1,1,0,0,0
301,2,0,0,0,0
302,1,0,0,0,0
303,2,0,0,0,0
304,0,1,0,0,0
305,0,0,0,0,0
306,0,0,0,0,0
307,0,0,0,0,0
308,0,0,0,0,0
309,0,0,0,0,0
310,0,0,0,0,0
311,0,0,0,0,0
312,0,4,0,0,1
313,0,0,0,0,0
314,0,0,0,0,0
315,0,0,0,0,0
316,0,0,0,0,0
317,3,1,0,1,0
318,0,0,0,0,0
319,0,0,0,0,0
320,2,3,0,0,0
321,0,0,0,0,0
322,1,2,1,1,1
323,0,0,0,0,0
324,20,18,3,4,4
325,50,8,0,0,0
326,13,8,1,0,0
327,28,4,1,1,1
328,44,38,5,4,4
329,11,7,2,2,2
330,1,0,0,0,0
331,0,0,0,0,0
332,0,0,0,0,0
333,1,0,0,0,0
334,0,0,0,0,0
335,14,2,1,0,0
336,0,0,0,0,0
337,1,0,0,0,0
338,2,3,1,1,1
339,98,0,0,0,0
340,116,0,1,0,0
341,72,0,0,0,0
342,0,0,0,0,0
343,3,0,0,0,0
344,0,0,0,0,0
345,5,0,1,1,1
346,0,0,0,0,0
347,0,0,0,0,0
348,0,0,0,0,0
349,12,1,0,0,0
350,11,0,0,0,0
351,1,0,0,0,0
352,0,0,0,0,0
353,0,0,0,0,0
354,15,1,1,1,1
355,112,185,588,603,637
356,0,2,0,0,0
357,52,0,0,0,0
358,29,109,54,72,70
359,66,19,29,21,22
360,4,0,0,0,0
361,0,0,0,0,0
362,0,0,0,0,0
363,0,0,0,0,0
364,13,3,0,0,0
365,0,0,0,0,0
366,216,145,162,136,161
367,0,0,0,0,0
368,22,67,423,505,574
369,128,87,11,20,17
370,9,41,16,12,14
371,80,36,16,10,11
372,0,0,0,0,0
373,0,0,0,0,0
374,0,0,0,0,0
375,0,0,0,0,0
376,0,0,0,0,0
377,143,309,100,362,354
378,49,0,0,0,0
379,9,2,1,1,1
380,0,0,0,0,0
381,0,0,0,0,0
382,0,0,0,0,0
383,0,0,0,0,0
384,0,0,0,0,0
385,19,0,0,0,0
386,5,0,0,0,0
387,0,0,0,0,0
388,6,1,1,1,0
389,0,0,0,0,0
390,0,0,0,0,0
391,0,0,0,0,0
392,0,0,0,0,0
393,0,0,0,0,0
394,1,0,0,0,0
395,11,0,0,0,0
396,0,0,0,0,0
397,1,0,0,0,0
398,0,0,0,0,0
399,5,4,0,0,0
400,0,0,0,0,0
401,0,0,0,0,0
402,16,5,0,0,0
403,24,1,0,0,0
404,0,0,0,0,0
405,3,5,1,0,0
406,16,0,0,0,0
407,2,0,0,0,0
408,0,2,7,12,14
409,0,0,0,0,0
410,0,0,0,0,0
411,2,0,0,0,0
412,1,0,0,0,0
413,0,0,0,0,0
414,1,0,0,0,0
415,2,6,3,4,3
416,0,0,0,0,0
417,0,0,0,0,0
418,0,0,0,0,0
419,0,0,0,0,0
420,2,0,0,0,0
421,0,0,0,0,0
422,0,0,0,0,0
423,99,31,4,3,3
424,11,2,0,0,0
425,7,0,0,0,0
426,0,0,0,0,0
427,0,0,0,0,0
428,0,0,0,0,0
429,0,0,0,0,0
430,32,0,0,0,0
431,9,0,0,0,0
432,1,0,0,0,0
433,15,8,2,1,1
434,0,0,0,0,0
435,0,0,0,0,0
436,0,0,0,0,0
437,8,3,0,0,0
438,1,0,0,0,0
439,3,14,11,8,7
440,1,0,1,0,0
441,0,0,0,0,0
442,0,0,0,0,0
443,1,0,0,0,0
444,0,0,0,0,0
445,0,0,0,0,0
446,0,0,0,0,0
447,0,0,0,0,0
448,0,0,0,0,0
449,0,0,0,0,0
450,0,0,0,0,0
451,0,0,2,3,4
452,0,0,0,0,0
453,0,0,0,0,0
454,0,0,0,0,0
455,0,0,0,0,0
456,77,37,8,12,14
457,0,0,0,0,0
458,16,0,0,0,0
459,4,3,3,4,4
460,0,0,0,0,0
461,0,0,0,0,0
462,0,0,0,0,0
463,1,0,0,0,0
464,0,0,0,0,0
465,0,0,0,0,0
466,16,0,0,0,0
467,69,6,42,28,22
468,0,0,0,0,0
469,0,0,0,0,0
470,1,0,0,0,0
471,0,0,0,0,0
472,303,53,7,13,7
473,6,0,0,0,0
474,0,0,0,0,0
475,3,0,0,0,0
476,0,0,0,0,0
477,8,0,0,0,0
478,0,0,0,0,0
479,0,0,0,0,0
480,14,90,23,6,6
481,8,3,0,0,0
482,0,1,0,0,0
483,0,0,0,0,0
484,0,0,0,0,0
485,0,0,0,0,0
486,0,0,0,0,0
487,0,0,0,0,0
488,0,0,0,0,0
489,2,0,0,0,0
490,0,0,0,0,0
491,2,0,0,0,0
492,0,0,0,0,0
493,77,56,0,1,1
494,0,0,0,0,0
495,3,0,0,0,0
496,0,1,1,1,1
497,0,0,0,0,0
498,0,0,0,0,0
499,0,0,0,0,0
500,0,0,0,0,0
501,0,0,0,0,0
502,0,0,0,0,0
503,0,0,0,0,0
504,23,3,4,4,4
505,0,0,0,0,0
506,0,0,0,0,0
507,0,2,2,1,1
508,0,0,0,0,0
509,19,1,0,0,0
510,4,0,0,0,0
511,0,0,0,0,0
512,0,0,0,0,0
513,0,0,0,0,0
514,1,0,0,0,0
515,0,0,0,0,0
516,0,0,0,0,0
517,0,0,0,0,0
518,4,0,0,0,0
519,34,16,22,14,11
520,0,0,0,0,0
521,0,0,0,0,0
522,4,3,2,2,2
523,1,0,0,0,0
524,0,0,0,0,0
525,19,12,1,0,0
526,0,1,1,1,1
527,0,0,0,0,0
528,6,0,0,0,0
529,0,0,0,0,0
530,0,0,0,0,0
531,0,0,0,0,0
532,61,0,0,0,0
533,21,8,8,4,3
534,5,8,3,7,9
535,0,0,0,0,0
536,9,7,0,0,0
537,4,24,20,12,8
538,2,0,0,0,0
539,7,0,0,0,0
540,0,0,0,0,0
541,1,0,0,0,0
542,2,6,1,0,0
543,14,4,1,0,0
544,0,0,0,0,0
545,0,0,0,0,0
546,0,0,0,0,0
547,175,9,7,2,3
548,0,0,0,0,0
549,6,0,0,0,0
550,2,0,0,0,0
551,6,0,0,0,0
552,0,0,0,0,0
553,6,5,3,4,4
554,7,0,1,1,1
555,0,0,0,0,0
556,0,0,0,0,0
557,0,0,0,0,0
558,11,1,1,0,0
559,0,0,0,0,0
560,0,0,0,0,0
561,5,0,0,0,0
562,1,0,0,0,0
563,0,0,0,0,0
564,4,0,0,0,0
565,10,3,0,0,0
566,0,0,0,0,0
567,0,0,0,0,0
568,151,2,0,0,0
569,0,0,0,0,0
570,17,3,0,0,0
571,1,0,0,0,0
572,57,10,17,5,5
573,0,0,0,0,0
574,0,0,0,0,0
575,0,0,0,0,0
576,0,0,0,0,0
577,0,0,0,0,0
578,1,0,0,0,0
579,32,1,0,0,0
580,42,10,11,9,6
581,1,0,0,0,0
582,3,0,0,0,0
583,9,0,0,0,0
584,3,0,0,0,0
585,237,557,720,687,711
586,0,0,0,0,0
587,0,0,0,0,0
588,0,0,0,0,0
589,8,0,0,0,0
590,0,0,0,0,0
591,0,0,0,0,0
592,14,1,1,1,1
593,0,0,0,0,0
594,19,3,1,0,0
595,3,5,4,0,0
596,0,0,0,0,0
597,0,0,0,0,0
598,0,0,0,0,0
599,11,0,0,0,0
600,0,0,0,0,0
601,0,0,0,0,0
602,0,0,0,0,0
603,1,0,0,0,0
604,1,0,0,0,0
605,1,0,0,0,0
606,0,0,0,0,0
607,0,0,0,0,0
608,0,0,0,0,0
609,0,0,0,1,0
610,0,0,0,0,0
611,0,0,0,0,0
612,0,0,0,0,0
613,0,0,0,0,0
614,9,1,0,0,0
615,0,0,0,0,0
616,0,0,0,0,0
617,1,1,0,0,0
618,0,0,0,0,0
619,3,0,0,0,0
620,0,0,0,0,0
621,0,0,0,0,0
622,0,0,0,0,0
623,2,0,0,0,0
624,0,0,0,0,0
625,73,87,41,21,26
626,2,0,0,0,0
627,0,0,0,0,0
628,0,0,0,0,0
629,0,0,0,0,0
630,67,1,0,0,0
631,78,104,31,37,41
632,74,1,0,0,0
633,0,1,2,2,2
634,4,0,0,0,0
635,0,1,0,0,0
636,1,0,0,0,0
637,0,0,0,0,0
638,0,0,0,0,0
639,2,0,0,0,0
640,0,0,0,0,0
641,0,0,0,0,0
642,4,6,5,3,2
643,11,9,3,0,0
644,0,0,0,0,0
645,7,0,0,0,0
646,2,0,0,0,0
647,1,0,0,0,0
648,9,0,0,0,0
649,0,0,0,0,0
650,1,0,0,0,0
651,0,0,0,0,0
652,0,0,0,0,0
653,0,0,0,0,0
654,91,353,229,194,202
655,95,387,162,153,168
656,649,626,761,825,838
657,0,0,0,0,0
658,0,0,0,0,0
659,0,0,0,0,0
660,0,0,0,0,0
661,0,0,0,0,0
662,0,0,0,0,0
663,0,0,0,0,0
664,0,0,0,0,0
665,0,0,0,0,0
666,4,1,0,0,0
667,17,5,6,1,1
668,14,3,0,0,0
669,1,0,0,0,0
670,2,1,3,2,2
671,0,0,0,0,0
672,0,0,0,0,0
673,3,1,0,0,0
674,0,0,0,0,0
675,0,0,0,0,0
676,1,0,0,0,0
677,0,0,0,0,0
678,0,0,0,0,0
679,94,13,2,4,3
680,10,3,1,0,0
681,0,0,0,0,0
682,0,0,0,0,0
683,5,0,0,0,0
684,6,0,0,0,0
685,0,0,0,0,0
686,0,0,0,0,0
687,37,0,0,0,0
688,9,2,0,0,0
689,18,26,5,4,3
690,0,0,0,0,0
691,2,0,0,0,0
692,8,0,0,0,0
693,1,0,0,0,0
694,57,1,0,0,0
695,0,0,0,0,0
696,1,0,0,0,0
697,0,0,0,0,0
698,0,0,0,0,0
699,1,0,0,0,0
700,0,0,0,0,0
701,0,0,0,0,0
702,0,0,0,0,0
703,0,0,0,0,0
704,0,0,0,0,0
705,0,0,0,0,0
706,0,0,0,0,0
707,14,0,0,0,0
708,0,0,0,0,0
709,1,0,0,0,0
710,12,0,0,0,0
711,0,0,0,0,0
712,22,0,0,0,0
713,0,0,0,0,0
714,2,0,0,0,0
715,0,0,0,0,0
716,0,0,0,0,0
717,8,1,0,0,0
718,0,0,0,0,0
719,0,0,0,0,0
720,0,0,0,0,0
721,0,0,0,0,0
722,2,0,0,0,0
723,4,0,0,0,0
724,21,2,0,0,0
725,0,0,0,0,0
726,48,31,16,12,12
727,0,0,0,0,0
728,2,0,0,0,0
729,2,0,0,0,0
730,0,0,0,0,0
731,1,0,0,0,0
732,5,0,0,0,0
733,20,0,0,0,0
734,13,25,23,13,11
735,0,0,0,0,1
736,9,0,0,0,0
737,9,0,0,0,0
738,0,0,0,0,0
739,0,0,0,0,0
740,0,0,0,0,0
741,0,0,0,0,0
742,0,0,0,0,0
743,0,0,0,0,0
744,0,0,0,0,0
745,4,0,0,0,0
746,0,0,0,0,0
747,0,0,0,0,0
748,0,0,0,0,0
749,0,0,0,0,0
750,21,11,5,1,3
751,21,0,0,0,0
752,5,1,1,0,0
753,3,0,0,0,0
754,1,0,0,0,0
755,3,0,0,0,0
756,0,0,0,0,0
757,0,0,0,0,0
758,14,0,0,0,0
759,1,0,0,0,0
760,7,0,0,0,0
761,0,1,0,0,0
762,0,0,0,0,0
763,0,0,0,0,0
764,8,0,0,0,0
765,0,0,0,0,0
766,0,0,0,0,0
767,0,0,0,0,0
768,0,0,0,0,0
769,0,0,0,0,0
770,0,0,0,0,0
771,1,0,0,0,0
772,30,1,4,2,4
773,0,0,0,0,0
774,0,0,0,0,0
775,79,4,0,0,0
776,0,0,0,0,0
777,0,0,0,0,0
778,32,0,0,0,0
779,5,21,70,141,193
780,1,2,1,0,0
781,67,4,2,1,0
782,1,0,0,0,0
783,0,0,0,0,0
784,0,0,0,0,0
785,15,39,4,1,3
786,0,0,0,0,0
787,3,1,0,0,0
788,3,1,0,0,0
789,3,1,1,1,0
790,0,0,0,0,0
791,0,0,0,0,0
792,1,0,0,0,0
793,0,0,0,0,0
794,24,0,0,0,0
795,0,0,0,0,0
796,1,0,0,0,0
797,1,2,3,1,1
798,0,0,0,0,0
799,0,5,0,0,0
800,0,0,0,0,0
801,1,0,0,0,0
802,6,4,0,0,0
803,0,0,0,0,0
804,0,0,0,0,0
805,0,0,0,0,0
806,0,0,0,0,0
807,5,0,0,0,0
808,5,0,0,0,0
809,3,0,0,0,0
810,0,0,0,0,0
811,1,1,0,0,0
812,1,0,0,0,0
813,0,0,0,0,0
814,0,0,0,0,0
815,19,1,0,0,0
816,0,0,0,0,0
817,0,0,0,0,0
818,0,0,0,0,0
819,0,0,0,0,0
820,0,0,0,0,0
821,1,0,0,0,0
822,33,0,0,0,0
823,22,0,0,0,0
824,0,0,0,0,0
825,0,0,0,0,0
826,1,0,0,0,0
827,1,0,0,0,0
828,0,0,0,0,0
829,25,0,1,2,1
830,0,0,0,0,0
831,12,0,0,0,0
832,0,0,0,0,0
833,2,0,0,0,0
834,140,14,1,1,0
835,64,51,57,76,78
836,41,21,2,0,0
837,0,0,0,0,0
838,0,0,0,0,0
839,0,0,0,0,0
840,0,0,1,0,0
841,0,0,0,0,0
842,0,1,1,1,1
843,1,0,0,0,0
844,0,0,0,0,0
845,3,1,0,0,0
846,0,0,0,0,0
847,5,0,0,0,0
848,0,0,0,0,0
849,0,0,0,0,0
850,0,0,0,0,0
851,0,0,0,0,0
852,0,0,0,0,0
853,0,0,0,0,0
854,1,0,0,0,0
855,6,0,0,0,0
856,0,2,2,1,1
857,1,1,0,0,0
858,0,0,0,0,0
859,6,0,0,0,0
860,0,0,0,0,0
861,30,0,0,0,0
862,0,0,0,0,0
863,0,5,0,0,0
864,7,0,0,0,0
865,3,2,0,0,0
866,81,1,0,0,0
867,0,0,0,0,0
868,99,80,20,25,29
869,0,0,0,0,0
870,1,0,0,0,0
871,0,0,0,0,0
872,0,0,0,0,0
873,0,0,0,0,0
874,2,1,0,0,0
875,5,10,10,10,9
876,56,2,1,0,0
877,8,1,0,0,0
878,1,3,0,0,0
879,1,0,0,0,0
880,4,0,0,0,0
881,1,0,0,0,0
882,0,0,0,0,0
883,0,0,0,0,0
884,0,0,0,0,0
885,374,157,209,155,185
886,198,159,58,56,61
887,382,157,92,88,90
888,3,0,0,0,0
889,25,2,1,1,1
890,1,0,0,0,0
891,2,0,0,0,0
892,0,0,0,0,0
893,0,0,0,0,0
894,0,0,0,0,0
895,6,0,0,0,0
896,0,0,0,0,0
897,3,0,0,0,0
898,2,0,0,0,0
899,1,0,0,0,0
900,1,0,0,0,0
901,0,0,0,0,0
902,0,0,0,0,0
903,0,0,0,0,0
904,5,0,0,0,0
905,0,0,0,0,0
906,0,0,0,0,0
907,1,0,0,0,0
908,1,0,0,0,0
909,0,1,1,0,0
910,15,0,0,0,0
911,9,0,0,0,0
912,1,0,0,0,0
913,45,0,0,0,0
914,1,0,0,0,0
915,3,1,0,0,0
916,0,2,0,0,0
917,4,1,0,0,0
918,1,0,1,1,1
919,0,0,0,0,0
920,3,1,1,1,1
921,0,0,0,0,0
922,0,0,0,0,0
923,0,0,0,0,0
924,4,0,3,2,3
925,0,0,0,0,0
926,0,0,0,0,0
927,1,0,0,0,0
928,47,148,300,264,245
929,1,0,0,0,0
930,18,0,0,0,0
931,17,0,0,0,0
932,46,48,2,3,4
933,4,1,0,0,0
934,0,0,0,0,0
935,1,1,1,0,0
936,95,18,25,14,15
937,6,0,0,0,0
938,6,0,0,0,0
939,0,0,0,0,0
940,360,30,4,6,6
941,0,0,0,0,0
942,3,0,0,0,0
943,4,0,0,0,0
944,4,0,0,0,0
945,54,28,3,0,1
946,1,0,0,0,0
947,2,0,0,0,0
948,5,4,0,0,0
949,6,15,2,0,1
950,2,4,1,1,1
951,0,0,0,0,0
952,0,0,0,0,0
953,0,0,0,0,0
954,2,0,0,0,0
955,1,1,0,0,0
956,0,1,0,0,0
957,0,0,0,0,0
958,0,0,0,0,0
959,0,0,0,0,0
960,0,1,1,0,0
961,0,0,0,0,0
962,39,4,5,2,2
963,0,0,0,0,0
964,13,0,0,0,0
965,0,0,0,0,0
966,0,0,0,0,0
967,0,0,0,0,0
968,73,9,16,27,23
969,0,0,0,0,0
970,1,0,0,0,0
971,3,0,0,0,0
972,0,0,0,0,0
973,0,0,0,0,0
974,0,0,0,0,0
975,5,0,0,0,0
976,10,0,0,0,0
977,8,0,0,0,0
978,0,0,0,0,0
979,0,0,0,0,0
980,0,0,0,0,0
981,3,0,0,0,0
982,3,0,0,0,0
983,1,0,0,0,0
984,0,0,0,0,0
985,0,0,0,0,0
986,18,4,1,0,0
987,0,0,0,0,0
988,0,0,0,0,0
989,0,0,0,0,0
990,1,4,3,0,0
991,152,41,4,5,3
992,0,0,0,0,0
993,24,13,4,0,0
994,5,0,0,0,0
995,4,0,0,0,0
996,0,0,0,0,0
997,102,297,176,91,70
998,1,0,0,0,0
999,175,550,797,837,839
1000,218,256,40,32,26
1001,236,243,38,19,12
1002,9,1,1,1,1
1003,4,2,0,0,0
1004,326,111,55,21,19
1005,9,2,3,3,3
1006,122,414,262,171,164
1007,90,58,18,28,20
1008,0,0,0,0,0
1009,0,0,0,0,0
1010,2,0,0,0,0
1011,28,3,0,0,0
1012,5,0,0,0,0
1013,2,0,0,0,0
1014,0,0,0,0,0
1015,0,0,0,0,0
1016,0,0,0,0,0
1017,26,11,18,12,11
1018,21,6,13,10,10
1019,38,32,32,49,46
1020,0,0,0,0,0
1021,0,0,0,0,0
1022,5,0,0,0,0
1023,17,1,0,0,0
1024,38,0,0,0,0
1025,5,0,0,0,0
1026,0,0,0,0,0
1027,30,0,0,0,1
1028,19,4,4,2,2
1029,0,0,0,0,0
1030,0,0,0,0,0
1031,0,0,0,0,0
1032,0,0,0,0,0
1033,0,0,0,0,0
1034,0,0,0,0,0
1035,0,0,0,0,0
1036,0,0,0,0,0
1037,0,0,0,0,0
1038,0,0,0,0,0
1039,125,7,2,1,1
1040,0,0,0,0,0
1041,17,8,4,0,0
1042,4,2,0,0,0
1043,7,0,0,0,0
1044,0,0,0,0,0
1045,0,0,0,0,0
1046,2,0,0,0,0
1047,9,0,0,0,0
1048,82,6,1,0,0
1049,2,0,1,1,1
1050,0,0,0,0,0
1051,0,0,0,0,0
1052,0,0,0,0,0
1053,187,75,42,15,19
1054,0,0,0,0,0
1055,0,0,0,0,0
1056,0,0,0,0,0
1057,0,0,0,0,0
1058,0,0,0,0,0
1059,0,0,0,0,0
1060,0,20,10,13,13
1061,0,0,0,0,0
1062,0,0,0,0,0
1063,0,0,0,0,0
1064,0,0,0,0,0
1065,253,200,126,87,108
1066,10,0,0,0,0
1067,118,17,13,9,8
1068,10,0,0,0,0
1069,0,0,0,0,0
1070,4,0,0,0,0
1071,0,0,0,0,0
1072,0,0,0,0,0
1073,1,0,0,0,0
1074,0,0,0,0,0
1075,0,0,0,0,0
1076,2,0,0,0,0
1077,9,0,0,0,0
1078,2,2,0,0,0
1079,0,1,0,0,0
1080,2,0,0,0,0
1081,0,0,0,0,0
1082,0,0,0,0,0
1083,0,0,0,0,0
1084,1,0,0,0,0
1085,39,55,9,3,5
1086,1,0,0,0,0
1087,0,0,0,0,0
1088,0,0,0,0,0
1089,0,0,0,0,0
1090,0,0,0,0,0
1091,0,0,0,0,0
1092,0,0,0,0,0
1093,0,0,0,0,0
1094,0,0,0,0,0
1095,0,0,0,0,0
1096,1,0,0,0,0
1097,0,0,0,0,0
1098,14,0,0,0,0
1099,0,0,0,0,0
1100,152,108,130,239,232
1101,8,0,0,0,0
1102,1,0,0,0,0
1103,1,0,0,0,0
1104,0,0,0,0,0
1105,1,0,0,0,0
1106,0,0,0,0,0
1107,4,2,1,1,1
1108,1,0,0,0,0
1109,2,3,4,2,1
1110,4,0,0,0,0
1111,77,0,0,0,0
1112,56,53,13,9,8
1113,0,0,0,0,0
1114,16,0,0,0,0
1115,7,0,0,0,0
1116,0,0,0,0,0
1117,3,0,0,0,0
1118,0,0,0,0,0
1119,0,0,0,0,0
1120,0,0,0,0,0
1121,1,0,0,0,0
1122,0,0,0,0,0
1123,0,0,0,0,0
1124,0,0,0,0,0
1125,0,0,0,0,0
1126,1,0,0,0,0
1127,42,1,0,0,0
1128,123,11,4,2,2
1129,47,11,0,0,0
1130,0,0,0,0,0
1131,4,0,0,0,0
1132,2,0,0,0,0
1133,0,0,0,0,0
1134,2,0,0,0,0
1135,7,0,0,0,0
1136,0,0,0,0,0
1137,0,0,0,0,0
1138,0,0,0,0,0
1139,0,0,0,0,0
1140,0,0,0,0,0
1141,0,0,0,0,0
1142,2,0,0,0,0
1143,0,1,0,0,0
1144,20,0,0,0,0
1145,3,0,0,0,0
1146,26,0,0,0,0
1147,33,0,0,0,0
1148,246,2,1,0,0
1149,7,0,1,2,2
1150,6,0,0,0,0
1151,1,0,0,0,0
1152,0,0,0,0,0
1153,6,0,0,0,0
1154,0,0,0,0,0
1155,6,0,0,0,0
1156,147,477,442,395,454
1157,0,0,0,0,0
1158,25,10,2,2,0
1159,5,23,0,0,0
1160,9,10,5,0,0
1161,22,0,0,0,0
1162,2,0,0,0,0
1163,6,0,0,0,0
1164,4,0,0,0,0
1165,3,0,0,0,0
1166,0,0,0,0,0
1167,0,0,0,0,0
1168,0,0,0,0,0
1169,202,38,34,16,15
1170,23,4,1,0,0
1171,109,216,137,110,97
1172,1,4,1,0,0
1173,34,0,0,0,0
1174,19,0,0,0,0
1175,7,0,0,0,0
1176,0,0,0,0,0
1177,3,0,0,0,0
1178,0,0,0,0,0
1179,13,0,0,0,0
1180,0,0,0,0,0
1181,0,0,0,0,0
1182,0,0,0,0,0
1183,0,0,0,0,0
1184,0,0,0,0,0
1185,0,0,0,0,0
1186,16,3,0,0,0
1187,3,0,0,0,0
1188,0,0,0,0,0
1189,0,0,0,0,0
1190,0,0,0,0,0
1191,1,0,0,0,0
1192,31,9,35,14,17
1193,101,2,3,3,3
1194,15,0,0,0,0
1195,2,5,0,0,0
1196,1,0,0,0,0
1197,0,0,0,0,0
1198,0,0,0,0,0
1199,0,0,0,0,0
1200,11,5,3,2,2
1201,16,0,0,0,0
1202,2,0,0,0,0
1203,0,0,0,0,0
1204,0,0,0,0,0
1205,3,0,0,0,0
1206,0,0,0,0,0
1207,0,0,0,0,0
1208,0,0,0,0,0
1209,0,0,0,0,0
1210,0,0,0,0,0
1211,0,0,0,0,0
1212,0,0,0,0,0
1213,1,0,0,0,0
1214,0,0,0,0,0
1215,0,0,0,0,0
1216,1,0,0,0,0
1217,9,1,0,0,0
1218,0,0,0,0,0
1219,1,0,0,0,0
1220,1,0,0,0,0
1221,4,1,0,0,0
1222,2,1,0,0,0
1223,0,0,0,0,0
1224,0,0,0,0,0
1225,4,1,13,2,2
1226,8,0,4,3,4
1227,0,0,0,0,0
1228,1,0,0,0,0
1229,0,0,0,0,0
1230,0,0,0,0,0
1231,0,0,0,0,0
1232,0,0,0,0,0
1233,0,0,0,0,0
1234,0,0,0,0,0
1235,0,0,0,0,0
1236,10,0,0,0,0
1237,0,0,0,0,0
1238,0,0,0,0,0
1239,16,0,0,0,0
1240,113,217,233,306,305
1241,5,0,0,0,0
1242,42,0,0,0,0
1243,5,0,0,0,0
1244,262,119,73,34,29
1245,248,553,406,571,539
1246,162,110,45,36,32
1247,102,35,12,13,15
1248,0,0,0,0,0
1249,1,0,0,0,0
1250,68,159,144,80,63
1251,7,1,0,1,1
1252,10,0,0,0,0
1253,0,0,0,0,0
1254,26,0,0,1,1
1255,369,43,33,39,41
1256,22,2,2,1,1
1257,1,0,0,0,0
1258,31,7,0,0,0
1259,56,14,10,11,9
1260,16,0,0,0,0
1261,23,0,0,0,0
1262,21,0,0,0,0
1263,0,0,0,0,0
1264,0,0,0,0,0
1265,0,0,0,0,0
1266,35,2,2,2,2
1267,0,0,0,0,0
1268,1,1,0,0,0
1269,0,0,0,0,0
1270,23,45,5,4,5
1271,2,0,0,0,0
1272,10,5,3,3,3
1273,4,8,9,6,6
1274,3,3,1,1,1
1275,26,0,0,0,0
1276,5,0,0,0,0
1277,0,0,0,0,0
1278,0,0,0,0,0
1279,2,0,0,0,0
1280,2,0,0,0,0
1281,326,108,10,4,1
1282,115,87,8,8,6
1283,447,152,51,47,38
1284,2,0,0,0,0
1285,3,1,0,0,0
1286,0,0,0,0,0
1287,2,2,0,0,0
1288,48,39,70,70,80
1289,8,0,0,0,0
1290,0,0,0,0,0
1291,0,0,0,0,0
1292,0,0,0,0,0
1293,0,2,6,2,3
1294,1,0,0,0,0
1295,12,2,4,2,3
1296,0,0,0,0,0
1297,2,2,0,0,0
1298,0,1,0,0,0
1299,16,0,0,0,0
1300,0,0,0,0,0
1301,0,0,0,0,0
1302,0,0,0,0,0
1303,0,0,0,0,0
1304,1,0,0,0,0
1305,2,0,0,0,0
1306,0,0,0,0,0
1307,0,0,0,0,0
1308,0,0,0,0,0
1309,17,7,0,0,0
1310,1,0,0,0,0
1311,0,0,0,0,0
1312,0,0,0,0,0
1313,0,0,0,0,0
1314,2,0,0,0,0
1315,1,0,0,0,0
1316,8,1,1,0,0
1317,0,0,0,0,0
1318,0,0,0,0,0
1319,0,0,0,0,0
1320,76,1,1,1,1
1321,0,0,0,0,0
1322,0,0,0,0,0
1323,1,0,0,0,0
1324,0,0,0,0,0
1325,1,0,0,0,0
1326,14,0,0,0,0
1327,0,0,0,0,0
1328,0,0,0,0,0
1329,4,0,0,0,0
1330,33,0,0,0,0
1331,0,0,0,0,0
1332,0,0,0,0,0
1333,15,0,0,0,0
1334,1,0,0,0,0
1335,2,5,0,0,0
1336,3,0,0,0,0
1337,2,0,0,0,0
1338,305,107,57,42,40
1339,0,0,0,0,0
1340,30,0,0,0,0
1341,1,0,0,0,0
1342,0,0,0,0,0
1343,18,6,11,7,6
1344,15,0,0,0,0
1345,0,0,0,0,0
1346,0,0,0,0,0
1347,58,33,21,10,10
1348,1,0,0,0,0
1349,6,0,0,0,0
1350,0,0,0,0,0
1351,9,0,0,0,0
1352,0,0,0,0,0
1353,0,0,0,0,0
1354,0,0,0,0,0
1355,1,0,0,0,0
1356,21,0,0,0,0
1357,1,0,0,0,0
1358,0,0,0,0,0
1359,0,0,0,0,0
1360,0,0,0,0,0
1361,1,0,0,0,0
1362,0,0,0,0,0
1363,11,0,0,0,0
1364,1,8,0,0,0
1365,2,0,0,0,0
1366,0,0,0,0,0
1367,1,0,1,1,1
1368,0,0,0,0,0
1369,1,0,0,0,0
1370,4,30,33,10,10
1371,0,0,0,0,0
1372,1,0,0,0,0
1373,0,0,0,0,0
1374,0,0,0,0,0
1375,0,0,0,0,0
1376,15,0,0,0,0
1377,0,0,0,0,0
1378,0,0,0,0,0
1379,0,0,0,0,0
1380,0,0,0,0,0
1381,1,0,0,0,0
1382,0,0,0,0,0
1383,0,0,0,0,0
1384,0,0,0,0,0
1385,2,0,0,0,0
1386,0,0,0,0,0
1387,0,0,0,0,0
1388,0,0,0,0,0
1389,46,87,14,26,40
1390,0,0,0,0,0
1391,0,0,0,0,0
1392,153,5,3,0,0
1393,1,0,0,0,0
1394,31,4,1,0,0
1395,0,0,0,0,0
1396,3,0,0,0,0
1397,2,0,0,0,0
1398,0,0,0,0,0
1399,0,0,0,0,0
1400,1,0,0,0,0
1401,5,5,0,0,0
1402,3,0,0,0,0
1403,3,0,0,0,0
1404,6,0,0,0,0
1405,0,0,0,0,0
1406,3,0,0,0,0
1407,0,0,0,0,0
1408,3,0,0,0,0
1409,0,0,0,0,0
1410,0,0,0,0,0
1411,0,0,0,0,0
1412,15,0,0,0,0
1413,12,1,1,1,1
1414,0,0,0,0,0
1415,1,0,0,0,0
1416,8,0,0,0,0
1417,0,0,0,0,0
1418,0,0,0,0,0
1419,0,0,0,0,0
1420,0,0,0,0,0
1421,0,0,0,0,0
1422,0,0,0,0,0
1423,0,0,0,0,0
1424,0,0,0,0,0
1425,0,0,0,0,0
1426,1,0,0,0,0
1427,1,0,0,0,0
1428,0,0,0,0,0
1429,0,0,0,0,0
1430,1,0,0,0,0
1431,0,0,0,0,0
1432,0,0,0,0,0
1433,0,0,0,0,0
1434,1,0,0,0,0
1435,1,0,0,0,0
1436,0,0,0,0,0
1437,1,0,0,0,0
1438,0,0,0,0,0
1439,0,0,0,0,0
1440,0,0,0,0,0
1441,0,0,0,0,0
1442,0,0,0,0,0
1443,0,0,0,0,0
1444,0,0,0,0,0
1445,14,0,1,1,1
1446,6,0,0,0,0
1447,0,0,0,0,0
1448,0,0,0,0,0
1449,7,5,1,1,1
1450,0,0,0,0,0
1451,436,39,5,0,0
1452,9,0,0,0,0
1453,2,0,0,0,0
1454,1,0,0,0,0
1455,5,0,0,0,0
1456,0,0,0,0,0
1457,1,0,0,0,0
1458,0,0,0,0,0
1459,1,0,0,0,0
1460,0,0,0,0,0
1461,1,0,0,0,0
1462,0,0,0,0,0
1463,27,0,0,0,0
1464,0,0,0,0,0
1465,4,3,0,0,0
1466,3,0,0,0,0
1467,0,0,0,0,0
1468,4,0,0,0,0
1469,0,0,0,0,0
1470,2,0,0,0,0
1471,0,0,0,0,0
1472,9,13,28,23,21
1473,0,0,0,0,0
1474,7,21,53,24,17
1475,37,5,0,0,0
1476,2,0,0,0,0
1477,1,0,0,0,0
1478,1,0,0,0,0
1479,5,1,0,0,0
1480,0,0,0,0,0
1481,0,0,0,0,0
1482,0,0,0,0,0
1483,182,90,31,12,13
1484,0,0,0,0,0
1485,2,0,0,0,0
1486,3,0,0,0,0
1487,1,0,0,0,0
1488,0,0,0,0,0
1489,9,0,0,0,0
1490,0,0,0,0,0
1491,111,19,6,3,3
1492,0,0,0,0,0
1493,0,0,0,0,0
1494,8,0,0,0,0
1495,1,2,1,1,1
1496,0,0,0,0,0
1497,2,0,0,0,0
1498,0,0,0,0,0
1499,0,0,0,0,0
1500,0,0,0,0,0
1501,195,44,41,35,31
1502,0,0,0,0,0
1503,0,0,0,0,0
1504,2,2,1,0,1
1505,133,24,4,1,1
1506,10,0,0,0,0
1507,1,0,0,0,0
1508,0,0,0,0,0
1509,0,0,0,0,0
1510,4,2,2,1,2
1511,1,0,0,0,0
1512,0,0,0,0,0
1513,24,12,1,1,2
1514,0,0,0,0,0
1515,0,0,0,0,0
1516,12,6,1,0,0
1517,0,0,0,0,0
1518,0,0,0,0,0
1519,1,0,0,0,0
1520,2,1,0,0,0
1521,0,0,0,0,0
1522,0,0,0,0,0
1523,0,0,0,0,0
1524,0,0,0,0,0
1525,0,0,0,0,0
1526,0,0,0,0,0
1527,0,0,0,0,0
1528,8,4,1,1,0
1529,14,0,0,0,0
1530,0,0,0,0,0
1531,0,0,0,0,0
1532,1,0,0,0,0
1533,177,64,17,9,10
1534,0,0,0,0,0
1535,0,0,0,0,0
1536,5,0,0,0,0
1537,0,0,0,0,0
1538,2,0,0,0,0
1539,16,2,0,0,0
1540,0,0,0,0,0
1541,0,0,0,0,0
1542,2,3,0,0,0
1543,0,0,0,0,0
1544,0,0,0,0,0
1545,0,0,0,0,0
1546,7,1,1,1,1
1547,143,249,322,320,300
1548,0,0,0,0,0
1549,0,3,0,0,0
1550,4,0,0,0,0
1551,0,0,0,0,0
1552,0,0,0,0,0
1553,0,0,0,0,0
1554,0,0,0,0,0
1555,0,0,0,0,0
1556,0,0,0,0,0
1557,0,0,0,0,0
1558,0,0,0,0,0
1559,0,0,0,0,0
1560,4,0,0,0,0
1561,0,0,0,0,0
1562,50,5,0,0,0
1563,3,3,2,3,4
1564,0,0,0,0,0
1565,188,0,0,0,0
1566,1,0,0,0,0
1567,20,4,2,1,3
1568,3,0,0,0,0
1569,0,0,0,0,0
1570,0,0,0,0,0
1571,0,0,0,0,0
1572,9,1,1,1,1
1573,0,0,0,0,0
1574,0,0,0,0,0
1575,0,5,0,0,0
1576,0,0,0,0,0
1577,17,0,0,0,0
1578,0,0,0,0,0
1579,0,0,0,0,0
1580,2,0,0,0,0
1581,170,1,2,1,1
1582,6,12,5,0,0
1583,5,10,5,1,2
1584,3,1,1,1,1
1585,2,1,0,0,0
1586,53,0,0,0,0
1587,0,0,0,0,0
1588,2,3,0,0,1
1589,0,1,0,0,0
1590,0,0,0,0,0
1591,1,5,3,1,1
1592,3,0,0,0,0
1593,1,0,0,0,0
1594,0,0,0,0,0
1595,13,9,1,0,0
1596,0,0,0,0,0
1597,0,0,0,0,0
1598,1,0,0,0,0
1599,31,219,29,15,20
1600,0,0,0,0,0
1601,0,0,0,0,0
1602,0,0,0,0,0
1603,0,1,0,0,0
1604,5,3,0,0,0
1605,0,0,0,0,0
1606,0,0,0,0,0
1607,0,0,0,0,0
1608,1,0,0,0,0
1609,89,1,2,1,1
1610,11,0,0,0,0
1611,1,0,0,0,0
1612,4,0,0,0,0
1613,0,0,0,0,0
1614,4,0,0,0,0
1615,0,0,0,0,0
1616,0,0,0,0,0
1617,0,0,0,0,0
1618,0,0,0,0,0
1619,0,0,0,0,0
1620,8,0,1,0,0
1621,0,0,0,0,0
1622,0,0,0,0,0
1623,0,0,0,0,0
1624,0,0,0,0,0
1625,0,0,0,0,0
1626,1,0,0,0,0
1627,0,0,0,0,0
1628,0,0,0,0,0
1629,0,0,0,0,0
1630,5,1,1,1,1
1631,0,0,0,0,0
1632,0,0,0,0,0
1633,0,0,0,0,0
1634,0,0,0,0,0
1635,0,1,0,0,0
1636,0,0,0,0,0
1637,0,0,0,0,0
1638,0,0,0,0,0
1639,144,7,7,13,13
1640,0,0,0,0,0
1641,0,0,0,0,0
1642,0,0,0,0,0
1643,0,0,0,0,0
1644,0,0,0,0,0
1645,1,0,0,0,0
1646,0,0,0,0,0
1647,47,17,4,4,4
1648,0,0,0,0,0
1649,0,0,0,0,0
1650,2,0,0,0,0
1651,0,0,0,0,0
1652,7,1,0,0,0
1653,0,0,0,0,0
1654,0,0,0,0,0
1655,2,0,0,0,0
1656,9,9,1,0,0
1657,6,0,0,0,0
1658,0,0,0,0,0
1659,11,32,7,3,2
1660,0,0,0,0,0
1661,2,0,0,0,0
1662,26,9,1,0,0
1663,0,0,0,0,0
1664,0,0,0,0,0
1665,9,0,0,0,0
1666,8,0,0,0,0
1667,1,0,0,0,0
1668,5,1,0,0,0
1669,0,0,0,0,0
1670,0,0,0,0,0
1671,0,0,0,0,0
1672,0,0,0,0,0
1673,0,0,0,0,0
1674,0,0,0,0,0
1675,0,0,0,0,0
1676,0,0,0,0,0
1677,19,0,0,0,0
1678,34,2,6,7,7
1679,0,0,0,0,0
1680,0,0,0,0,0
1681,0,0,0,0,0
1682,6,1,0,0,0
1683,0,0,0,0,0
1684,0,0,0,0,0
1685,0,0,0,0,0
1686,0,0,0,0,0
1687,0,0,0,0,0
1688,12,6,0,0,0
1689,0,0,0,0,0
1690,0,0,0,0,0
1691,0,0,0,0,0
1692,1,0,0,0,0
1693,0,0,0,0,0
1694,0,0,0,0,0
1695,6,0,0,0,0
1696,37,1,0,0,0
1697,0,0,0,0,0
1698,0,0,0,0,0
1699,1,0,0,0,0
1700,4,0,0,0,0
1701,22,8,13,5,4
1702,36,1,1,1,1
1703,0,0,0,0,0
1704,0,0,0,0,0
1705,0,0,0,0,0
1706,0,0,0,0,0
1707,1,1,0,0,0
1708,0,0,0,0,0
1709,164,78,58,16,15
1710,0,0,0,0,0
1711,1,0,0,0,0
1712,0,0,0,0,0
1713,4,0,0,0,0
1714,2,0,0,0,0
1715,0,0,0,0,0
1716,3,0,0,0,0
1717,8,7,0,0,0
1718,0,0,0,0,0
1719,41,6,0,0,0
1720,16,3,0,0,0
1721,51,15,1,0,0
1722,0,1,1,0,0
1723,0,0,0,0,0
1724,0,0,0,0,0
1725,14,1,1,2,1
1726,0,0,0,0,0
1727,12,0,0,0,0
1728,0,0,0,0,0
1729,2,1,1,1,1
1730,0,0,0,0,0
1731,0,0,0,0,0
1732,0,0,0,0,0
1733,0,0,0,0,0
1734,0,0,0,0,0
1735,0,0,0,0,0
1736,33,113,10,13,17
1737,0,0,0,0,0
1738,3,0,0,0,0
1739,4,0,0,0,0
1740,0,2,0,0,0
1741,0,0,0,0,0
1742,12,0,0,0,0
1743,13,0,0,0,0
1744,0,0,0,0,0
1745,4,0,1,0,0
1746,0,0,0,0,0
1747,1,0,0,0,0
1748,0,0,0,0,0
1749,0,0,0,0,0
1750,0,0,0,0,0
1751,17,6,0,2,0
1752,1,0,0,0,0
1753,3,0,0,0,0
1754,0,0,0,0,0
1755,0,0,0,0,0
1756,0,0,0,0,0
1757,2,0,0,0,0
1758,0,0,0,0,0
1759,11,0,0,0,0
1760,0,0,0,0,0
1761,0,0,0,0,0
1762,0,0,0,0,0
1763,0,0,0,0,0
1764,0,0,0,0,0
1765,1,0,0,0,0
1766,2,0,0,0,0
1767,3,0,0,0,0
1768,9,5,24,27,31
1769,0,0,0,0,0
1770,7,0,0,0,0
1771,0,0,0,0,0
1772,0,0,0,0,0
1773,9,6,1,0,0
1774,7,0,0,0,0
1775,7,0,0,0,0
1776,0,0,0,0,0
1777,1,0,0,0,0
1778,26,1,1,0,0
1779,0,0,0,0,0
1780,7,0,0,0,0
1781,0,0,0,0,0
1782,1,0,0,0,0
1783,0,0,0,0,0
1784,47,18,13,5,3
1785,0,0,0,0,0
1786,1,0,0,0,0
1787,0,0,0,0,0
1788,2,1,0,0,0
1789,15,0,0,0,0
1790,3,4,2,0,0
1791,39,9,7,7,7
1792,10,3,0,0,0
1793,6,64,15,8,5
1794,0,0,0,0,0
1795,1,1,1,1,1
1796,0,0,0,0,0
1797,10,0,0,0,0
1798,3,0,0,0,0
1799,0,0,0,0,0
1800,18,0,0,0,0
1801,4,0,0,0,0
1802,1,0,0,0,0
1803,4,0,0,0,0
1804,2,0,0,0,0
1805,0,0,0,0,0
1806,4,5,3,3,3
1807,17,0,0,1,1
1808,1,1,1,1,1
1809,8,0,0,0,0
1810,82,12,1,1,1
1811,0,0,0,0,0
1812,0,0,0,0,0
1813,5,0,0,0,0
1814,0,0,0,0,0
1815,1,0,0,0,0
1816,0,0,0,0,0
1817,0,0,0,0,0
1818,0,0,0,0,0
1819,0,0,0,0,0
1820,0,0,0,0,0
1821,0,0,1,1,1
1822,0,0,0,0,0
1823,1,0,0,0,0
1824,92,28,8,5,5
1825,0,0,0,0,0
1826,0,0,0,0,0
1827,0,0,0,0,0
1828,0,0,0,0,0
1829,0,0,0,0,0
1830,1,0,0,0,0
1831,0,0,0,0,0
1832,0,0,0,0,0
1833,1,0,0,0,0
1834,1,0,0,0,0
1835,0,0,0,0,0
1836,6,0,0,0,0
1837,0,0,0,0,0
1838,0,0,0,0,0
1839,1,0,0,0,0
1840,3,2,1,1,1
1841,0,0,0,0,0
1842,58,23,15,6,3
1843,4,0,0,0,0
1844,1,0,0,0,0
1845,4,5,0,0,0
1846,0,0,0,0,0
1847,32,2,2,1,0
1848,0,0,0,0,0
1849,0,0,0,0,0
1850,3,2,6,5,4
1851,0,0,0,0,0
1852,0,0,0,0,0
1853,14,4,0,0,0
1854,33,1,0,0,0
1855,1,0,0,0,0
1856,1,0,0,1,0
1857,0,0,0,0,0
1858,6,0,0,0,0
1859,0,0,0,0,0
1860,0,0,0,0,0
1861,0,1,0,0,0
1862,0,0,0,0,0
1863,26,0,0,0,0
1864,0,0,0,0,0
1865,0,0,0,0,0
1866,0,0,0,0,0
1867,6,1,0,0,0
1868,0,0,0,0,0
1869,38,0,0,0,0
1870,0,3,1,0,0
1871,9,0,0,0,0
1872,1,0,1,0,1
1873,20,1,0,0,0
1874,0,0,0,0,0
1875,1,0,0,0,0
1876,3,0,0,0,0
1877,0,0,0,0,0
1878,0,0,0,0,0
1879,10,3,8,1,1
1880,0,0,0,0,0
1881,0,0,0,0,0
1882,7,0,0,0,0
1883,0,0,0,0,0
1884,1,0,0,0,0
1885,6,23,9,13,8
1886,3,3,1,0,0
1887,0,0,0,0,0
1888,0,0,0,0,0
1889,3,0,0,0,0
1890,0,0,0,0,0
1891,0,0,0,0,0
1892,1,0,0,0,0
1893,0,0,0,0,0
1894,1,0,0,0,0
1895,0,0,0,0,0
1896,0,0,0,0,0
1897,0,0,0,0,0
1898,1,0,0,0,0
1899,0,0,0,0,0
1900,3,1,0,0,0
1901,0,0,0,0,0
1902,0,0,0,0,0
1903,2,42,7,2,3
1904,1,1,1,0,0
1905,0,0,0,0,0
1906,0,0,0,0,0
1907,0,0,0,0,0
1908,0,0,0,0,0
1909,1,0,0,0,0
1910,14,0,0,0,0
1911,0,0,0,0,0
1912,0,0,0,0,0
1913,0,0,0,0,0
1914,0,0,0,0,0
1915,2,0,0,0,0
1916,1,0,0,0,0
1917,0,0,0,0,0
1918,0,0,0,0,0
1919,12,2,0,0,0
1920,1,0,0,0,0
1921,0,0,0,0,0
1922,0,0,0,0,0
1923,0,0,0,0,0
1924,72,2,0,0,0
1925,6,0,2,0,0
1926,0,0,0,0,0
1927,0,0,0,0,0
1928,1,0,0,0,0
1929,1,0,0,0,1
1930,21,0,0,0,0
1931,0,0,0,0,0
1932,0,0,0,0,0
1933,0,0,0,0,0
1934,0,0,0,0,0
1935,0,0,0,0,0
1936,0,0,0,0,0
1937,15,0,0,0,0
1938,11,1,3,2,2
1939,1,0,0,0,0
1940,2,0,0,0,0
1941,0,0,0,0,0
1942,0,0,0,0,0
1943,0,0,0,0,0
1944,20,2,2,4,3
1945,13,6,1,2,2
1946,0,0,0,0,0
1947,0,0,0,0,0
1948,2,0,0,0,0
1949,3,2,0,0,0
1950,0,0,0,0,0
1951,3,0,0,0,0
1952,0,0,0,0,0
1953,2,0,0,0,0
1954,0,0,0,0,0
1955,1,0,0,0,0
1956,20,26,2,1,1
1957,4,0,0,0,0
1958,0,0,0,0,0
1959,1,0,0,0,0
1960,3,0,0,0,0
1961,24,0,0,0,0
1962,0,0,0,0,0
1963,0,0,0,0,0
1964,1,0,0,0,0
1965,1,0,0,0,0
1966,14,2,1,0,0
1967,4,1,0,0,0
1968,3,0,0,0,0
1969,0,0,0,0,0
1970,0,0,0,0,0
1971,0,0,0,0,0
1972,0,0,0,0,0
1973,0,0,0,0,0
1974,0,0,0,0,0
1975,0,0,0,0,0
1976,2,0,0,0,0
1977,0,0,0,0,0
1978,1,0,0,0,0
1979,3,0,2,1,0
1980,0,0,0,0,0
1981,19,0,0,0,0
1982,0,0,0,0,0
1983,0,0,0,0,0
1984,0,1,0,0,0
1985,0,0,0,0,0
1986,0,0,0,0,0
1987,1,0,0,0,0
1988,0,0,0,0,0
1989,2,0,0,0,0
1990,0,0,0,0,0
1991,0,0,0,0,0
1992,0,0,0,0,0
1993,0,0,0,0,0
1994,0,0,0,0,0
1995,0,0,0,0,0
1996,0,0,0,0,0
1997,0,0,0,0,0
1998,0,0,0,0,0
1999,0,0,0,0,0
2000,0,0,0,0,0
2001,36,63,41,40,37
2002,55,2,0,0,0
2003,0,0,0,0,0
2004,0,0,0,0,0
2005,0,0,0,0,0
2006,0,0,0,0,0
2007,0,0,0,0,0
2008,0,0,0,0,0
2009,11,1,1,1,1
2010,0,0,0,0,0
2011,0,0,0,0,0
2012,0,0,0,0,0
2013,1,0,0,0,0
2014,0,0,0,0,0
2015,380,7,6,4,4
2016,184,94,16,4,2
2017,0,0,0,0,0
2018,0,0,0,0,0
2019,0,0,0,0,0
2020,0,0,0,0,0
2021,0,0,0,0,0
2022,0,0,0,0,0
2023,4,0,0,0,0
2024,0,0,0,0,0
2025,4,0,1,1,1
2026,6,1,0,0,0
2027,0,0,0,0,0
2028,6,14,3,1,1
2029,31,0,0,0,0
2030,0,0,0,0,0
2031,1,0,0,0,0
2032,0,2,2,2,2
2033,0,0,0,0,0
2034,0,1,0,0,0
2035,0,0,0,0,0
2036,22,0,0,0,0
2037,1,0,0,0,0
2038,0,0,0,0,0
2039,0,0,0,0,0
2040,64,1,0,1,0
2041,0,0,0,0,0
2042,0,0,0,0,0
2043,8,0,0,0,0
2044,0,0,0,0,0
2045,0,0,0,0,0
2046,2,0,0,0,0
2047,8,34,25,17,16
2048,1,1,0,0,0
2049,0,0,0,0,0
2050,21,0,0,0,0
2051,0,0,0,0,0
2052,9,2,1,1,1
2053,6,0,0,0,0
2054,7,9,1,1,1
2055,0,0,0,0,0
2056,0,0,0,0,0
2057,21,0,0,0,0
2058,0,0,0,0,0
2059,0,0,0,0,0
2060,0,0,0,0,0
2061,0,0,0,0,0
2062,0,0,0,0,0
2063,0,0,0,0,0
2064,0,0,0,0,0
2065,0,0,0,0,0
2066,0,0,0,0,0
2067,1,0,0,0,0
2068,0,0,0,0,0
2069,1,0,0,0,0
2070,0,0,0,0,0
2071,0,0,0,0,0
2072,0,0,0,0,0
2073,21,1,0,0,0
2074,0,0,0,0,0
2075,53,3,1,0,0
2076,0,0,0,0,0
2077,0,0,0,0,0
2078,0,0,0,0,0
2079,0,0,0,0,0
2080,0,0,0,0,0
2081,0,0,0,0,0
2082,3,10,1,0,0
2083,0,0,0,0,0
2084,1,0,0,0,0
2085,1,0,0,0,0
2086,10,1,0,0,0
2087,1,0,0,0,0
2088,0,0,0,0,0
2089,33,0,0,0,0
2090,0,0,0,0,0
2091,9,0,0,0,0
2092,0,0,0,0,0
2093,0,0,0,0,0
2094,0,0,0,0,0
2095,3,0,0,0,0
2096,4,0,0,0,0
2097,4,0,0,0,0
2098,2,0,0,0,0
2099,11,1,0,0,0
2100,0,0,0,0,0
2101,1,0,0,0,0
2102,66,65,12,9,9
2103,1,1,0,0,0
2104,14,0,0,0,0
2105,25,0,0,0,0
2106,0,0,0,0,0
2107,0,0,0,0,0
2108,0,0,0,0,0
2109,30,95,209,433,500
2110,9,0,0,0,0
2111,1,0,0,0,0
2112,4,0,0,0,0
2113,0,0,0,0,0
2114,0,0,0,0,0
2115,0,0,0,0,0
2116,15,0,0,0,0
2117,0,0,0,0,0
2118,0,0,0,0,0
2119,1,0,0,0,0
2120,0,0,0,0,0
2121,2,0,0,0,0
2122,3,0,0,0,0
2123,17,0,0,0,0
2124,0,0,0,0,0
2125,3,1,0,0,0
2126,35,7,1,1,0
2127,3,0,0,0,0
2128,0,0,0,0,0
2129,0,0,0,0,0
2130,4,0,0,0,0
2131,0,0,0,0,0
2132,0,0,0,0,0
2133,2,0,1,1,1
2134,0,0,0,0,0
2135,0,0,0,0,0
2136,0,0,0,0,0
2137,0,0,0,0,0
2138,0,0,0,0,0
2139,0,0,0,0,0
2140,1,0,0,0,0
2141,2,0,0,0,0
2142,0,0,0,0,0
2143,0,0,0,0,0
2144,0,0,0,0,0
2145,1,0,0,0,0
2146,0,0,0,0,0
2147,1,0,0,0,0
2148,0,0,0,0,0
2149,22,0,0,0,0
2150,0,0,0,0,0
2151,0,0,0,0,0
2152,0,0,0,0,0
2153,0,0,0,0,0
2154,0,0,0,0,0
2155,109,29,5,7,5
2156,3,0,0,0,0
2157,1,0,0,0,0
2158,0,0,0,0,0
2159,0,1,0,0,0
2160,1,0,0,0,0
2161,2,0,0,0,0
2162,38,10,2,2,4
2163,4,0,0,0,0
2164,1,0,0,0,0
2165,29,0,0,0,0
2166,20,2,0,0,0
2167,0,1,0,0,0
2168,0,0,0,0,0
2169,0,0,0,0,0
2170,0,0,0,0,0
2171,0,0,0,0,0
2172,75,23,62,47,42
2173,106,0,0,0,0
2174,0,0,0,0,0
2175,75,202,205,289,295
2176,9,1,0,0,0
2177,7,0,0,0,0
2178,6,0,0,0,0
2179,0,0,0,0,0
2180,2,1,0,0,0
2181,1,0,0,0,0
2182,150,8,4,4,4
2183,0,0,0,0,0
2184,23,0,0,0,0
2185,8,0,0,0,0
2186,23,0,0,0,0
2187,1,0,0,0,0
2188,10,1,1,1,2
2189,0,0,0,0,0
2190,0,0,0,0,0
2191,0,0,0,0,0
2192,0,0,0,0,0
2193,0,0,0,0,0
2194,0,0,0,0,0
2195,0,0,0,0,0
2196,5,0,0,0,0
2197,5,0,0,0,0
2198,0,0,0,0,0
2199,1,0,0,0,0
2200,0,0,0,0,0
2201,15,1,0,0,0
2202,0,0,0,0,0
2203,0,0,0,0,0
2204,19,0,0,0,0
2205,5,0,0,0,0
2206,95,46,26,14,15
2207,0,0,0,0,0
2208,0,0,0,0,0
2209,0,0,0,0,0
2210,0,0,0,0,0
2211,23,17,1,1,1
2212,0,0,0,0,0
2213,0,0,0,0,0
2214,0,0,0,0,0
2215,0,0,0,0,0
2216,0,0,0,0,0
2217,36,31,41,29,28
2218,0,0,0,0,0
2219,0,0,0,0,0
2220,1,0,0,0,0
2221,28,0,0,0,0
2222,0,0,0,0,0
2223,0,0,0,0,0
2224,0,0,0,0,0
2225,0,0,0,0,0
2226,0,0,0,0,0
2227,0,0,0,0,0
2228,0,0,0,0,0
2229,0,0,0,0,0
2230,0,0,0,0,0
2231,3,3,0,0,0
2232,0,0,0,0,0
2233,0,0,0,0,0
2234,0,0,0,0,0
2235,0,0,0,0,0
2236,2,1,0,0,0
2237,1,0,0,0,0
2238,0,0,0,0,0
2239,0,0,0,0,0
2240,41,9,5,1,1
2241,0,0,0,0,0
2242,0,0,0,0,0
2243,0,0,0,0,0
2244,0,0,0,0,0
2245,0,0,0,0,0
2246,0,0,0,0,0
2247,0,0,0,0,0
2248,1,0,0,0,0
2249,1,0,0,0,0
2250,14,0,0,0,0
2251,13,0,0,0,0
2252,33,3,0,0,0
2253,0,0,0,0,0
2254,0,0,0,0,0
2255,2,0,0,0,0
2256,5,0,0,0,0
2257,0,0,0,0,0
2258,1,0,0,0,0
2259,3,0,0,0,0
2260,0,0,0,0,0
2261,0,0,0,0,0
2262,0,0,0,0,0
2263,0,0,0,0,0
2264,0,0,0,0,0
2265,133,4,0,0,0
2266,33,0,6,2,2
2267,28,0,0,0,0
2268,0,0,0,0,0
2269,12,0,0,0,0
2270,0,1,1,1,1
2271,0,0,0,0,0
2272,0,0,0,0,0
2273,0,0,0,0,0
2274,2,1,1,0,0
2275,6,0,0,0,0
2276,6,0,0,0,0
2277,0,0,0,0,0
2278,2,0,0,0,0
2279,4,0,0,0,0
2280,0,0,0,0,0
2281,0,0,0,0,0
2282,0,0,0,0,0
2283,0,0,0,0,0
2284,0,0,0,0,0
2285,6,6,1,0,0
2286,1,0,0,0,0
2287,17,0,0,0,0
2288,0,0,0,0,0
2289,3,0,0,0,0
2290,32,1,0,0,0
2291,20,0,0,0,0
2292,0,0,0,0,0
2293,0,0,0,0,0
2294,1,0,0,0,0
2295,428,35,85,94,105
2296,0,1,0,0,0
2297,0,0,0,0,0
2298,0,0,0,0,0
2299,3,1,0,0,0
2300,7,0,0,0,0
2301,0,0,0,0,0
2302,16,0,0,0,0
2303,1,1,1,0,0
2304,32,20,3,5,5
2305,0,0,0,0,0
2306,1,0,0,0,0
2307,0,0,0,0,0
2308,1,0,0,0,0
2309,15,0,0,0,0
2310,0,0,0,0,0
2311,0,0,0,0,0
2312,0,0,0,0,0
2313,1,0,0,0,0
2314,116,8,8,4,5
2315,0,0,0,0,0
2316,0,0,0,0,0
2317,0,0,0,0,0
2318,0,0,0,0,0
2319,0,0,0,0,0
2320,0,0,0,0,0
2321,0,0,0,0,0
2322,1,0,0,0,0
2323,0,0,0,0,0
2324,0,0,0,0,0
2325,0,0,0,0,0
2326,3,0,0,0,0
2327,0,0,0,0,0
2328,13,198,143,110,69
2329,0,0,0,0,0
2330,1,0,0,0,0
2331,0,0,0,0,0
2332,0,0,0,0,0
2333,6,7,1,0,0
2334,0,0,0,0,0
2335,0,0,0,0,0
2336,0,0,0,0,0
2337,2,2,2,1,0
2338,31,0,0,0,0
2339,0,0,0,0,0
2340,0,0,0,0,0
2341,0,0,0,0,0
2342,46,2,0,0,0
2343,0,0,0,0,0
2344,1,4,5,6,6
2345,0,0,0,0,0
2346,13,0,0,0,0
2347,3,2,2,1,1
2348,5,1,1,1,1
2349,2,0,0,0,0
2350,0,0,0,0,0
2351,17,1,1,1,1
2352,4,0,0,0,0
2353,63,25,19,10,8
2354,4,0,0,0,0
2355,0,0,0,0,0
2356,0,0,0,0,0
2357,0,0,0,0,0
2358,0,0,0,0,0
2359,0,0,0,0,0
2360,135,185,419,641,649
2361,1,0,0,0,0
2362,2,1,0,0,0
2363,1,0,0,0,0
2364,0,0,0,0,0
2365,16,4,0,0,0
2366,3,1,0,0,0
2367,0,2,0,1,0
2368,9,7,1,1,1
2369,110,35,6,2,3
2370,0,0,0,0,0
2371,0,0,0,0,0
2372,11,0,0,0,0
2373,83,191,37,28,36
2374,0,0,0,0,0
2375,3,0,0,0,0
2376,0,0,0,0,0
2377,15,0,0,0,0
2378,5,0,0,0,0
2379,1,0,0,0,0
2380,1,0,0,0,0
2381,0,0,2,2,3
2382,0,0,0,0,0
2383,0,0,0,0,0
2384,0,0,0,0,0
2385,0,0,0,0,0
2386,3,0,0,0,0
2387,0,1,1,0,0
2388,10,0,0,0,0
2389,1,1,0,0,0
2390,0,0,0,0,0
2391,7,0,0,0,0
2392,1,0,0,0,0
2393,0,0,0,0,0
2394,10,0,0,0,0
2395,0,0,0,0,0
2396,0,0,0,0,0
2397,0,0,0,0,0
2398,0,0,0,0,0
2399,1,0,0,0,0
2400,2,0,0,0,0
2401,0,0,0,0,0
2402,1,0,0,0,0
2403,1,0,0,0,0
2404,0,0,0,0,0
2405,0,0,0,0,0
2406,2,0,0,0,0
2407,0,0,0,0,0
2408,0,0,0,0,0
2409,1,1,0,0,0
2410,0,0,0,0,0
2411,4,0,0,0,0
2412,2,0,0,0,0
2413,3,2,1,1,1
2414,4,17,6,3,4
2415,1,3,2,0,0
2416,0,0,0,0,0
2417,0,0,0,0,0
2418,0,0,0,0,0
2419,0,0,0,0,0
2420,0,0,0,0,0
2421,2,0,0,0,0
2422,2,0,0,0,0
2423,1,3,0,0,0
2424,0,0,0,0,0
2425,0,0,0,0,0
2426,0,0,0,0,0
2427,0,0,0,0,0
2428,123,1,1,2,2
2429,0,0,0,0,0
2430,0,0,0,0,0
2431,0,0,0,0,0
2432,1,0,0,0,0
2433,0,0,0,0,0
2434,0,0,0,0,0
2435,2,3,0,0,0
2436,0,0,0,0,0
2437,0,0,0,0,0
2438,5,0,0,0,0
2439,3,163,597,576,622
2440,0,0,0,0,0
2441,53,0,0,0,0
2442,0,0,0,0,0
2443,0,0,0,0,0
2444,24,0,0,0,0
2445,0,0,0,0,0
2446,0,0,0,0,0
2447,0,1,0,0,0
2448,0,0,0,0,0
2449,0,0,0,0,0
2450,36,6,0,0,0
2451,0,0,0,0,0
2452,0,0,0,0,0
2453,0,0,0,0,0
2454,6,0,0,0,0
2455,0,0,0,0,0
2456,0,0,0,0,0
2457,0,1,0,0,0
2458,0,0,0,0,0
2459,0,0,0,0,0
2460,0,0,0,0,0
2461,11,0,0,0,0
2462,0,0,0,0,0
2463,3,1,0,0,0
2464,2,0,0,0,0
2465,0,0,0,0,0
2466,0,0,0,0,0
2467,0,0,0,0,0
2468,0,0,0,0,0
2469,0,0,0,0,0
2470,0,0,0,0,0
2471,0,0,0,0,0
2472,6,0,0,0,1
2473,44,1,0,0,0
2474,0,0,0,0,0
2475,0,0,0,0,0
2476,0,0,0,0,0
2477,10,8,8,2,1
2478,2,0,0,0,0
2479,0,0,0,0,0
2480,2,0,0,0,0
2481,0,0,0,0,0
2482,3,1,0,0,0
2483,0,0,0,0,0
2484,0,0,0,0,0
2485,0,0,0,0,0
2486,2,1,0,0,0
2487,1,0,0,0,0
2488,35,3,0,0,0
2489,0,0,0,0,0
2490,10,0,0,0,0
2491,1,0,0,0,0
2492,0,0,0,0,0
2493,5,0,0,0,0
2494,0,0,0,0,0
2495,0,0,0,0,0
2496,0,0,0,0,0
2497,0,0,0,0,0
2498,0,0,0,0,0
2499,3,0,0,0,0
2500,5,0,0,0,0
2501,0,0,0,0,0
2502,0,0,0,0,0
2503,0,0,0,0,0
2504,0,0,0,0,0
2505,0,0,0,0,0
2506,11,0,0,0,0
2507,0,0,0,0,0
2508,0,0,0,0,0
2509,0,0,0,0,0
2510,20,0,0,0,0
2511,0,0,0,0,0
2512,0,0,0,0,0
2513,1,0,0,0,0
2514,0,0,0,0,0
2515,179,62,53,58,57
2516,14,1,1,0,0
2517,13,0,0,0,0
2518,0,0,0,0,0
2519,0,0,0,0,0
2520,1,0,0,0,0
2521,8,0,0,0,0
2522,0,0,0,0,0
2523,1,0,0,0,0
2524,5,0,0,0,0
2525,0,0,0,0,0
2526,1,1,0,0,0
2527,0,0,0,0,0
2528,0,0,0,0,0
2529,0,0,0,0,0
2530,0,0,0,0,0
2531,2,0,0,0,0
2532,0,0,0,0,0
2533,0,0,0,0,0
2534,38,62,56,35,32
2535,0,0,0,0,0
2536,0,0,0,0,0
2537,0,0,0,0,0
2538,0,0,0,0,0
2539,0,0,0,0,0
2540,0,0,0,0,0
2541,1,1,0,0,0
2542,7,0,0,0,0
2543,0,0,0,0,0
2544,0,0,0,0,0
2545,2,0,0,0,0
2546,3,0,0,0,0
2547,0,0,0,0,0
2548,1,0,0,0,0
2549,1,0,0,0,0
2550,13,0,0,0,0
2551,5,1,0,0,0
2552,46,5,3,3,1
2553,2,0,0,0,0
2554,0,0,0,0,0
2555,0,0,0,0,0
2556,2,0,0,0,0
2557,0,0,0,0,0
2558,3,0,0,0,0
2559,0,0,0,0,0
2560,0,0,0,0,0
2561,0,0,0,0,0
2562,82,0,0,0,0
2563,0,0,0,0,0
2564,0,0,0,0,0
2565,47,0,0,0,0
2566,2,0,0,0,0
2567,1,0,0,0,0
2568,0,0,0,0,0
2569,0,0,0,0,0
2570,1,0,0,0,0
2571,1,0,0,0,0
2572,3,0,0,0,0
2573,0,0,0,0,0
2574,0,0,0,0,0
2575,1,1,0,0,0
2576,0,0,0,0,0
2577,0,0,0,0,0
2578,1,0,0,0,0
2579,0,0,0,0,0
2580,0,0,0,0,0
2581,9,0,0,0,0
2582,3,0,0,0,0
2583,1,0,0,0,0
2584,3,0,0,0,0
2585,0,0,0,0,0
2586,3,0,0,0,0
2587,38,4,0,0,0
2588,4,2,1,2,2
2589,0,1,0,0,0
2590,2,3,1,0,0
2591,0,0,0,0,0
2592,5,2,0,0,0
2593,1,1,0,0,0
2594,1,0,0,0,0
2595,24,0,0,0,0
2596,0,0,0,0,0
2597,0,0,0,0,0
2598,0,0,0,0,0
2599,0,0,0,0,0
2600,1,0,0,0,0
2601,0,0,0,0,0
2602,5,1,0,0,0
2603,22,1,1,1,1
2604,8,2,3,0,0
2605,0,0,0,0,0
2606,2,0,0,0,0
2607,0,0,0,0,0
2608,0,0,0,0,0
2609,0,0,0,0,0
2610,14,0,0,0,0
2611,0,0,0,0,0
2612,1,0,0,0,0
2613,0,0,0,0,0
2614,1,0,0,0,0
2615,75,1,0,0,0
2616,1,0,0,0,0
2617,6,0,0,0,0
2618,0,0,0,0,0
2619,0,0,0,0,0
2620,1,0,0,0,0
2621,11,0,0,0,0
2622,28,0,0,0,0
2623,0,0,0,0,0
2624,0,0,0,0,0
2625,0,0,0,0,0
2626,0,0,0,0,0
2627,4,0,0,0,0
2628,0,0,0,0,0
2629,1,0,0,0,0
2630,0,0,0,0,0
2631,1,0,0,0,0
2632,0,0,0,0,0
2633,0,0,0,0,0
2634,6,0,0,0,0
2635,0,0,0,0,0
2636,0,0,0,0,0
2637,5,0,0,0,0
2638,15,1,0,0,0
2639,0,0,0,0,0
2640,0,0,0,0,0
2641,0,0,0,0,0
2642,2,26,17,8,11
2643,8,0,2,0,0
2644,31,0,0,0,0
2645,0,0,0,0,0
2646,0,0,0,0,0
2647,0,0,0,0,0
2648,1,0,0,0,0
2649,0,0,0,0,0
2650,3,5,1,1,1
2651,0,0,0,0,0
2652,14,11,7,5,4
2653,1,0,1,0,0
2654,169,43,4,3,1
2655,20,1,0,0,0
2656,0,0,0,0,0
2657,0,0,0,0,0
2658,1,0,0,0,0
2659,0,0,0,0,0
2660,0,0,0,0,0
2661,0,0,0,0,0
2662,3,0,0,0,0
2663,8,1,0,0,0
2664,8,9,0,0,0
2665,1,0,0,0,0
2666,0,0,0,0,0
2667,0,0,0,0,0
2668,4,0,0,0,0
2669,0,0,0,0,0
2670,0,0,0,0,0
2671,1,0,0,0,0
2672,0,0,0,0,0
2673,0,0,0,0,0
2674,0,0,0,0,0
2675,1,0,0,0,0
2676,0,0,0,0,0
2677,1,0,0,0,0
2678,0,0,0,0,0
2679,2,0,0,0,0
2680,0,0,0,0,0
2681,0,0,0,0,0
2682,0,0,0,0,0
2683,0,0,0,0,0
2684,30,119,34,14,12
2685,0,0,0,0,0
2686,13,0,0,0,0
2687,0,0,0,0,0
2688,0,0,0,0,0
2689,2,0,0,0,0
2690,3,17,3,0,0
2691,0,0,0,0,0
2692,0,0,0,0,0
2693,0,0,0,0,0
2694,0,0,0,0,0
2695,0,0,0,0,0
2696,0,0,0,0,0
2697,0,0,0,0,0
2698,2,0,0,0,0
2699,0,0,0,0,0
2700,55,4,2,1,1
2701,2,0,0,0,0
2702,5,3,2,1,1
2703,20,1,0,0,0
2704,1,0,0,0,0
2705,0,0,0,0,0
2706,0,0,0,0,0
2707,0,0,0,0,0
2708,0,0,0,0,0
2709,1,0,0,0,0
2710,1,0,0,0,0
2711,15,51,76,133,187
2712,12,1,0,0,0
2713,1,1,1,1,1
2714,0,0,0,0,0
2715,4,0,0,0,0
2716,11,0,0,0,0
2717,0,0,0,0,0
2718,0,0,0,0,0
2719,0,0,0,0,0
2720,21,1,3,2,2
2721,0,0,0,0,0
2722,2,0,0,0,0
2723,1,0,0,0,0
2724,1,0,0,0,0
2725,13,2,5,3,3
2726,0,0,0,0,0
2727,7,0,0,0,0
2728,1,0,0,0,0
2729,3,0,0,0,0
2730,0,0,0,0,0
2731,2,0,0,0,0
2732,0,0,0,0,0
2733,2,1,1,1,1
2734,0,0,0,0,0
2735,0,0,0,0,0
2736,130,4,2,1,1
2737,23,25,8,5,4
2738,3,0,1,1,0
2739,5,0,0,0,0
2740,1,0,0,0,0
2741,0,0,0,0,0
2742,3,0,0,0,0
2743,0,0,0,0,0
2744,0,0,0,0,0
2745,0,0,0,0,0
2746,0,0,0,0,0
2747,1,0,0,0,0
2748,89,3,3,2,1
2749,0,0,0,0,0
2750,2,1,1,0,1
2751,41,0,0,0,0
2752,0,0,0,0,0
2753,0,0,0,0,0
2754,0,0,0,0,0
2755,1,0,0,0,0
2756,0,0,0,0,0
2757,0,0,0,0,0
2758,0,0,0,0,0
2759,0,0,0,0,0
2760,0,0,0,0,0
2761,2,0,0,0,0
2762,13,1,0,0,0
2763,0,0,0,0,0
2764,0,0,0,0,0
2765,0,0,0,0,0
2766,0,0,0,0,0
2767,0,0,0,0,0
2768,78,55,15,7,3
2769,15,5,2,0,0
2770,0,0,0,0,0
2771,3,0,0,0,0
2772,0,0,0,0,0
2773,0,0,0,0,0
2774,0,0,0,0,0
2775,0,2,0,0,0
2776,0,0,0,0,0
2777,0,0,0,0,0
2778,2,0,0,0,0
2779,0,0,0,0,0
2780,0,0,0,0,0
2781,0,0,0,0,0
2782,1,0,0,0,0
2783,0,0,0,0,0
2784,0,0,0,0,0
2785,3,0,0,0,0
2786,34,18,5,1,1
2787,0,0,0,0,0
2788,2,0,0,0,0
2789,0,0,0,0,0
2790,33,1,1,0,0
2791,40,3,1,0,0
2792,0,0,0,0,0
2793,1,0,0,0,0
2794,5,1,0,0,0
2795,0,0,0,0,0
2796,1,0,0,0,0
2797,0,0,0,0,0
2798,0,0,0,0,0
2799,0,0,0,0,0
2800,0,0,0,0,0
2801,370,11,2,9,6
2802,33,1,0,0,0
2803,0,0,0,0,0
2804,0,1,0,0,0
2805,0,0,0,0,0
2806,69,7,1,0,0
2807,2,0,0,0,0
2808,3,0,0,0,0
2809,4,0,0,0,0
2810,0,0,0,0,0
2811,76,2,1,0,0
2812,1,0,0,0,0
2813,0,0,0,0,0
2814,0,1,1,0,0
2815,2,1,2,2,2
2816,0,0,0,0,0
2817,1,0,0,0,0
2818,1,1,0,0,0
2819,0,0,0,0,0
2820,8,0,0,0,0
2821,0,0,0,0,0
2822,1,6,4,1,1
2823,0,0,0,0,0
2824,0,0,0,0,0
2825,0,0,0,0,0
2826,2,0,0,0,0
2827,0,0,0,0,0
2828,0,0,0,0,0
2829,0,0,0,0,0
2830,0,0,0,0,0
2831,0,0,0,0,0
2832,1,0,0,0,0
2833,6,0,0,0,0
2834,0,0,0,0,0
2835,0,0,0,0,0
2836,0,0,0,0,0
2837,0,0,0,0,0
2838,1,0,0,0,0
2839,0,0,0,0,0
2840,1,0,0,0,0
2841,14,1,1,2,2
2842,0,0,0,0,0
2843,9,1,0,0,0
2844,0,0,0,0,0
2845,7,0,0,0,0
2846,20,6,0,0,0
2847,0,0,0,0,0
2848,0,0,0,0,0
2849,0,0,0,0,0
2850,0,0,0,0,0
2851,0,0,0,0,0
2852,0,0,0,0,0
2853,0,0,0,0,0
2854,8,5,1,1,1
2855,2,0,0,0,0
2856,0,0,0,0,0
2857,12,0,0,0,0
2858,0,0,0,0,0
2859,0,0,0,0,0
2860,0,0,0,0,0
2861,0,0,0,0,0
2862,0,0,0,0,0
2863,0,0,0,0,0
2864,0,0,0,0,0
2865,7,0,0,0,0
2866,4,3,1,1,1
2867,0,0,0,0,0
2868,79,50,32,31,26
2869,0,0,0,0,0
2870,0,0,0,0,0
2871,1,0,0,0,0
2872,11,0,0,0,0
2873,0,0,0,0,0
2874,0,0,0,0,0
2875,0,0,0,0,0
2876,0,0,0,0,0
2877,0,0,0,0,0
2878,0,0,0,0,0
2879,0,0,0,0,0
2880,0,0,0,0,0
2881,0,0,0,0,0
2882,0,0,0,0,0
2883,1,0,0,0,0
2884,4,0,0,0,0
2885,3,0,0,0,0
2886,0,0,0,0,0
2887,0,0,0,0,0
2888,2,0,0,0,0
2889,0,0,0,0,0
2890,0,0,0,0,0
2891,9,1,0,0,0
2892,0,0,0,0,0
2893,138,33,22,13,11
2894,0,0,0,0,0
2895,1,0,0,0,0
2896,3,0,0,0,0
2897,0,0,0,0,0
2898,0,0,0,0,0
2899,1,0,0,0,0
2900,0,0,0,0,0
2901,0,0,0,0,0
2902,0,0,0,0,0
2903,0,0,0,0,0
2904,0,0,0,0,0
2905,1,1,1,1,1
2906,143,52,67,68,75
2907,2,0,0,0,0
2908,0,0,0,0,0
2909,34,16,1,0,0
2910,0,0,0,0,0
2911,1,0,0,0,0
2912,0,0,0,0,0
2913,0,0,0,0,0
2914,0,0,0,0,0
2915,1,0,0,0,0
2916,0,0,0,0,0
2917,0,0,0,0,0
2918,1,0,0,0,0
2919,0,0,0,0,0
2920,1,0,0,0,0
2921,13,0,0,0,0
2922,15,0,0,0,0
2923,2,0,0,0,0
2924,5,0,0,1,0
2925,0,0,0,0,0
2926,0,0,0,0,0
2927,0,0,0,0,0
2928,9,8,0,0,0
2929,1,0,0,0,0
2930,8,0,0,0,0
2931,0,0,0,0,0
2932,20,0,1,1,1
2933,0,0,0,0,0
2934,0,0,0,0,0
2935,6,0,0,0,0
2936,0,0,0,0,0
2937,0,0,0,0,0
2938,2,0,0,0,0
2939,0,0,0,0,0
2940,0,0,0,0,0
2941,0,0,0,0,0
2942,0,0,0,0,0
2943,0,0,0,0,0
2944,2,0,0,0,0
2945,0,0,0,0,0
2946,35,17,0,1,0
2947,0,0,0,0,0
2948,2,0,0,0,0
2949,0,0,0,0,0
2950,0,0,0,0,0
2951,0,0,0,0,0
2952,3,0,0,0,0
2953,0,0,0,0,0
2954,1,0,0,0,0
2955,1,0,0,0,0
2956,0,0,0,0,0
2957,44,14,9,16,20
2958,0,0,0,0,0
2959,3,0,0,0,0
2960,6,2,0,0,0
2961,0,4,2,2,1
2962,11,0,0,0,0
2963,0,0,0,0,0
2964,15,4,1,1,1
2965,0,0,0,0,0
2966,3,0,0,0,0
2967,0,0,0,0,0
2968,0,0,0,0,0
2969,1,0,0,0,0
2970,0,0,0,0,0
2971,2,0,0,0,0
2972,2,2,0,0,0
2973,37,8,0,0,0
2974,0,0,0,0,0
2975,18,0,0,0,0
2976,0,0,0,0,0
2977,8,5,1,2,2
2978,2,0,0,0,0
2979,1,0,0,0,0
2980,21,5,1,0,0
2981,6,0,0,0,0
2982,0,0,0,0,0
2983,3,0,0,0,0
2984,0,0,0,0,0
2985,0,0,0,0,0
2986,0,0,0,0,0
2987,0,0,0,0,0
2988,6,5,0,0,0
2989,0,0,0,0,0
2990,0,0,0,0,0
2991,0,0,0,0,0
2992,0,0,0,0,0
2993,18,2,0,0,0
2994,0,0,0,0,0
2995,0,4,2,1,1
2996,1,0,0,0,0
2997,24,4,0,0,0
2998,5,1,1,0,0
2999,0,0,0,0,0
3000,0,0,0,0,0
3001,0,0,0,0,0
3002,0,0,0,0,0
3003,1,1,0,0,0
3004,0,0,0,0,0
3005,0,0,0,0,0
3006,0,0,0,0,0
3007,0,0,0,0,0
3008,0,0,0,0,0
3009,82,9,0,0,0
3010,0,0,0,0,0
3011,4,0,0,0,0
3012,0,0,0,0,0
3013,0,0,0,0,0
3014,0,0,0,0,0
3015,1,0,0,0,0
3016,0,0,0,0,0
3017,19,11,14,6,7
3018,3,8,0,0,0
3019,0,0,0,0,0
3020,0,0,0,0,0
3021,0,0,3,2,2
3022,0,0,0,0,0
3023,0,0,0,0,0
3024,0,0,0,0,0
3025,0,0,0,0,0
3026,3,0,0,0,0
3027,0,0,0,0,0
3028,0,0,0,0,0
3029,0,0,0,0,0
3030,1,0,0,0,0
3031,3,0,0,0,0
3032,3,0,0,0,0
3033,1,0,0,0,0
3034,0,0,0,0,0
3035,0,0,0,0,0
3036,10,14,1,1,0
3037,5,2,2,1,1
3038,3,1,1,1,0
3039,0,0,0,0,0
3040,25,0,0,0,0
3041,35,0,1,0,0
3042,4,0,0,0,0
3043,0,0,0,0,0
3044,1,0,0,0,0
3045,0,0,0,0,0
3046,2,0,0,0,0
3047,0,0,0,0,0
3048,2,0,0,0,0
3049,2,1,0,0,0
3050,1,0,0,0,0
3051,0,0,0,0,0
3052,252,60,94,101,112
3053,0,0,0,0,0
3054,0,0,0,0,0
3055,2,0,0,0,0
3056,2,0,0,0,0
3057,0,0,0,0,0
3058,6,1,0,0,0
3059,0,0,0,0,0
3060,0,0,0,0,0
3061,3,0,0,0,0
3062,0,0,0,0,0
3063,0,0,0,0,0
3064,0,0,0,0,0
3065,0,0,0,0,0
3066,0,0,0,0,0
3067,0,0,0,0,0
3068,4,1,0,0,0
3069,0,0,0,0,0
3070,0,0,0,0,0
3071,0,0,0,0,0
3072,0,0,0,0,0
3073,19,1,1,4,1
3074,0,0,0,0,0
3075,0,0,0,0,0
3076,1,0,0,0,0
3077,11,0,0,0,0
3078,0,0,0,0,0
3079,0,0,0,0,0
3080,7,3,2,1,2
3081,5,0,0,0,0
3082,1,0,0,0,0
3083,158,196,240,132,166
3084,1,0,0,0,0
3085,0,0,0,0,0
3086,0,0,0,0,0
3087,0,0,0,0,0
3088,0,0,0,0,0
3089,0,0,0,0,0
3090,0,0,0,0,0
3091,0,0,0,0,0
3092,2,0,0,0,0
3093,14,0,0,0,0
3094,0,0,0,0,0
3095,0,0,0,0,0
3096,0,0,0,0,0
3097,0,0,0,0,0
3098,5,20,4,2,1
3099,0,0,0,0,0
3100,0,0,0,0,0
3101,0,0,0,0,0
3102,2,2,0,0,0
3103,0,0,0,0,0
3104,0,0,0,0,0
3105,6,1,0,0,0
3106,0,0,0,0,0
3107,0,1,0,0,0
3108,0,0,0,0,0
3109,0,0,0,0,0
3110,0,0,0,0,0
3111,42,21,2,2,2
3112,0,0,3,2,2
3113,0,0,0,0,0
3114,11,0,0,0,0
3115,0,0,0,0,0
3116,0,0,0,0,0
3117,3,0,0,0,0
3118,260,15,2,4,4
3119,83,48,8,3,2
3120,5,1,0,0,0
3121,0,0,0,0,0
3122,5,0,0,0,0
3123,0,0,0,0,0
3124,0,0,0,0,0
3125,20,0,0,0,0
3126,0,0,0,0,0
3127,0,0,0,0,0
3128,15,0,0,0,0
3129,23,0,0,0,0
3130,0,0,0,0,0
3131,0,0,0,0,0
3132,0,0,0,0,0
3133,3,0,0,0,0
3134,0,0,0,0,0
3135,0,0,0,0,0
3136,0,0,0,0,0
3137,5,0,0,0,0
3138,1,0,0,0,0
3139,0,0,0,0,0
3140,0,0,0,0,0
3141,0,0,0,0,0
3142,0,0,0,0,0
3143,1,0,0,0,0
3144,0,0,0,0,0
3145,0,0,0,0,0
3146,0,0,0,0,0
3147,0,0,0,0,0
3148,0,0,0,0,0
3149,0,0,0,0,0
3150,0,0,0,0,0
3151,0,0,0,0,0
3152,8,10,1,0,0
3153,1,0,0,0,0
3154,0,0,0,0,0
3155,0,0,0,0,0
3156,0,0,0,0,0
3157,0,0,0,0,0
3158,3,0,0,0,0
3159,4,0,0,0,0
3160,3,0,0,0,0
3161,0,0,0,0,0
3162,0,0,0,0,0
3163,1,0,0,0,0
3164,19,0,0,0,0
3165,5,2,1,0,0
3166,0,0,0,0,0
3167,0,0,0,0,0
3168,31,40,2,4,3
3169,4,0,0,0,0
3170,6,1,1,0,0
3171,5,4,2,1,2
3172,1,0,0,0,0
3173,5,8,0,0,0
3174,0,0,0,0,0
3175,29,0,1,1,1
3176,0,0,0,0,0
3177,5,0,0,0,0
3178,0,0,0,0,0
3179,1,1,0,0,0
3180,11,12,9,6,2
3181,0,0,0,0,0
3182,0,0,0,0,0
3183,28,2,9,1,1
3184,2,0,0,0,0
3185,0,0,0,0,0
3186,0,0,0,0,0
3187,1,0,0,0,0
3188,0,0,0,0,0
3189,0,0,0,0,0
3190,7,2,1,0,0
3191,0,0,0,0,0
3192,53,84,21,9,8
3193,0,0,0,0,0
3194,2,20,8,4,1
3195,0,0,0,0,0
3196,0,0,0,0,0
3197,0,0,0,0,0
3198,0,0,0,0,0
3199,0,0,0,0,0
3200,0,0,0,0,0
3201,8,1,0,0,0
3202,5,0,0,0,0
3203,0,0,0,0,0
3204,0,0,0,0,0
3205,1,0,0,0,0
3206,0,0,0,0,0
3207,3,0,0,0,0
3208,2,0,0,0,0
3209,0,0,0,0,0
3210,3,0,0,0,0
3211,0,0,0,0,0
3212,1,1,0,0,0
3213,6,0,0,0,0
3214,0,0,0,0,0
3215,5,0,0,0,0
3216,0,0,0,0,0
3217,0,0,0,0,0
3218,0,0,0,0,0
3219,0,0,0,0,0
3220,0,0,0,0,0
3221,1,0,0,0,0
3222,6,0,0,0,0
3223,0,0,0,0,0
3224,0,0,0,0,0
3225,0,0,0,0,0
3226,57,3,1,1,1
3227,5,0,0,0,0
3228,36,42,44,55,65
3229,8,0,0,0,0
3230,0,0,0,0,0
3231,0,0,0,0,0
3232,0,0,0,0,0
3233,0,0,0,0,0
3234,0,0,0,0,0
3235,0,0,0,0,0
3236,4,0,0,0,0
3237,82,2,10,2,4
3238,1,0,0,0,0
3239,0,0,0,0,0
3240,9,3,5,2,1
3241,0,1,1,0,0
3242,0,0,0,0,0
3243,1,0,0,0,0
3244,0,0,0,0,0
3245,57,8,2,3,3
3246,0,0,0,0,0
3247,0,0,0,0,0
3248,0,0,0,0,0
3249,4,0,0,0,0
3250,0,0,0,0,0
3251,0,0,0,0,0
3252,0,0,0,0,0
3253,1,0,0,0,0
3254,18,0,0,0,0
3255,0,0,0,0,0
3256,0,0,0,0,0
3257,182,135,420,450,422
3258,2,1,0,0,0
3259,0,0,0,0,0
3260,0,0,0,0,0
3261,0,0,0,0,0
3262,5,0,0,0,0
3263,0,0,0,0,0
3264,0,0,0,0,0
3265,0,0,0,0,0
3266,0,0,0,0,0
3267,7,2,0,0,0
3268,1,0,0,0,0
3269,0,0,0,0,0
3270,8,0,0,0,0
3271,0,0,0,0,0
3272,0,0,0,0,0
3273,0,0,0,0,0
3274,0,0,0,0,0
3275,0,0,0,0,0
3276,0,0,0,0,0
3277,0,0,0,0,0
3278,0,0,0,0,0
3279,1,3,1,1,1
3280,0,0,0,0,0
3281,8,0,0,0,0
3282,0,0,0,0,0
3283,0,0,0,0,0
3284,10,8,4,2,1
3285,28,2,2,1,2
3286,1,0,0,0,0
3287,0,0,0,0,0
3288,3,1,1,0,0
3289,0,0,0,0,0
3290,0,0,0,0,0
3291,0,0,0,0,0
3292,1,0,0,0,0
3293,83,31,75,41,30
3294,1,0,0,0,0
3295,0,0,0,0,0
3296,22,3,0,0,0
3297,2,0,0,0,0
3298,0,0,0,0,0
3299,0,0,0,0,0
3300,2,0,0,0,0
3301,1,0,0,0,0
3302,5,0,0,0,0
3303,0,0,0,0,0
3304,38,0,0,0,0
3305,24,0,0,0,0
3306,0,0,0,0,0
3307,0,0,0,0,0
3308,0,0,0,0,0
3309,0,0,0,0,0
3310,0,0,0,0,0
3311,0,0,0,0,0
3312,47,109,143,133,101
3313,1,0,0,0,0
3314,0,0,0,0,0
3315,50,7,2,2,0
3316,0,0,0,0,0
3317,6,0,0,0,0
3318,114,2,0,0,0
3319,4,0,0,0,0
3320,0,0,0,0,0
3321,183,10,1,0,0
3322,0,0,0,0,0
3323,0,0,0,0,0
3324,0,0,0,0,0
3325,0,0,0,0,0
3326,2,0,0,0,0
3327,1,0,0,0,0
3328,0,0,0,0,0
3329,0,0,0,0,0
3330,0,0,0,0,0
3331,0,0,0,0,0
3332,0,0,0,0,0
3333,1,0,0,0,0
3334,0,0,0,0,0
3335,9,0,0,0,0
3336,2,1,0,0,0
3337,1,0,0,0,0
3338,0,0,0,0,0
3339,0,1,0,0,0
3340,0,0,0,0,0
3341,0,0,0,0,0
3342,3,0,0,0,0
3343,0,0,0,0,0
3344,0,0,0,0,0
3345,0,0,0,0,0
3346,0,0,0,0,0
3347,1,1,0,0,0
3348,1,1,0,0,0
3349,0,0,0,0,0
3350,46,1,1,3,3
3351,0,0,0,0,0
3352,0,0,0,0,0
3353,1,0,1,0,0
3354,2,1,1,0,0
3355,0,0,0,0,0
3356,27,122,221,247,267
3357,4,1,0,0,0
3358,0,0,0,0,0
3359,0,0,0,0,0
3360,10,0,0,0,0
3361,1,0,0,0,0
3362,2,0,0,0,0
3363,0,0,0,0,0
3364,0,0,0,0,0
3365,7,1,0,0,0
3366,1,0,0,0,0
3367,0,1,1,1,1
3368,0,0,0,0,0
3369,80,34,27,51,70
3370,0,0,0,0,0
3371,2,3,0,0,0
3372,2,0,0,0,0
3373,5,0,0,0,0
3374,63,0,0,0,0
3375,1,1,1,2,2
3376,7,0,0,0,0
3377,0,0,0,0,0
3378,0,0,0,0,0
3379,1,0,0,0,0
3380,3,0,0,0,0
3381,1,0,0,0,0
3382,0,0,0,0,0
3383,0,0,0,0,0
3384,0,0,0,0,0
3385,0,0,0,0,0
3386,1,0,0,0,0
3387,12,0,0,0,0
3388,0,0,0,0,0
3389,0,0,0,0,0
3390,0,0,0,0,0
3391,7,1,0,0,0
3392,0,0,0,0,0
3393,3,0,0,0,0
3394,50,14,9,7,5
3395,0,0,0,0,0
3396,0,0,0,0,0
3397,0,0,0,0,0
3398,4,6,2,2,1
3399,0,0,0,0,0
3400,0,0,0,0,0
3401,0,0,0,0,0
3402,1,0,0,0,0
3403,20,0,0,0,0
3404,0,0,0,0,0
3405,0,0,0,0,0
3406,0,0,0,0,0
3407,0,0,0,0,0
3408,0,0,0,0,0
3409,2,2,0,0,0
3410,0,0,0,0,0
3411,0,0,0,0,0
3412,2,0,0,0,0
3413,155,234,33,51,47
3414,1,1,1,0,0
3415,0,0,0,0,0
3416,0,0,0,0,0
3417,33,0,1,1,1
3418,0,0,0,0,0
3419,86,1,1,1,1
3420,0,0,0,0,0
3421,3,3,10,12,18
3422,8,3,2,0,0
3423,0,0,0,0,0
3424,0,0,0,0,0
3425,0,0,0,0,0
3426,37,15,49,43,34
3427,1,0,0,0,0
3428,4,1,0,0,0
3429,1,0,0,0,0
3430,2,0,0,0,0
3431,0,0,0,0,0
3432,1,2,5,5,5
3433,7,0,0,0,0
3434,0,0,0,0,0
3435,0,0,0,0,0
3436,0,0,0,0,0
3437,0,0,0,0,0
3438,1,0,0,0,0
3439,0,0,0,0,0
3440,0,0,0,0,0
3441,21,0,0,0,0
3442,1,0,0,0,0
3443,0,0,0,0,0
3444,0,0,0,0,0
3445,4,0,0,0,0
3446,0,0,0,0,0
3447,0,0,0,0,0
3448,0,0,0,0,0
3449,137,18,4,4,5
3450,2,0,0,0,0
3451,0,0,0,0,0
3452,0,0,0,0,0
3453,0,0,0,0,0
3454,0,0,0,0,0
3455,0,0,0,0,0
3456,0,0,0,0,0
3457,0,0,0,0,0
3458,1,0,0,0,0
3459,0,0,0,0,0
3460,3,0,0,0,0
3461,0,0,0,0,0
3462,24,0,0,0,0
3463,0,0,0,0,0
3464,6,0,0,0,0
3465,0,0,0,0,0
3466,0,0,0,0,0
3467,5,2,0,1,1
3468,0,0,0,0,0
3469,0,0,0,0,0
3470,0,0,0,0,0
3471,0,0,0,0,0
3472,1,0,0,0,0
3473,29,3,0,1,1
3474,6,1,1,0,0
3475,0,0,0,1,0
3476,0,0,0,0,0
3477,1,0,0,0,0
3478,3,0,0,0,0
3479,1,0,0,0,0
3480,0,0,0,0,0
3481,2,1,1,0,0
3482,0,0,0,0,0
3483,0,0,0,0,0
3484,0,0,0,0,0
3485,0,0,0,0,0
3486,0,0,0,0,0
3487,15,0,0,0,0
3488,14,1,0,0,0
3489,0,0,0,0,0
3490,0,0,0,0,0
3491,0,0,0,0,0
3492,0,0,0,0,0
3493,2,0,0,0,0
3494,12,18,2,0,0
3495,22,0,0,0,0
3496,0,0,0,0,0
3497,8,0,0,0,0
3498,3,0,0,0,0
3499,0,0,0,0,0
3500,0,0,0,0,0
3501,0,0,0,0,0
3502,150,4,0,1,1
3503,0,0,0,0,0
3504,0,0,0,0,0
3505,0,1,0,0,0
3506,1,0,0,0,0
3507,1,0,0,0,0
3508,0,0,0,0,0
3509,2,0,0,0,0
3510,0,0,0,0,0
3511,0,0,0,0,0
3512,2,0,0,0,0
3513,7,3,3,7,12
3514,30,1,0,0,0
3515,5,0,0,0,0
3516,0,0,0,0,0
3517,6,4,2,2,2
3518,0,0,0,0,0
3519,0,0,0,0,0
3520,0,0,0,0,0
3521,41,12,0,0,0
3522,5,5,0,0,0
3523,0,0,0,0,0
3524,0,0,0,0,0
3525,0,0,0,0,0
3526,1,0,0,0,0
3527,0,0,0,0,0
3528,0,0,0,0,0
3529,0,0,0,0,0
3530,0,0,0,0,0
3531,0,0,0,0,0
3532,0,0,0,0,0
3533,0,0,0,0,0
3534,0,0,0,0,0
3535,0,0,0,0,0
3536,5,0,0,0,0
3537,1,0,0,0,0
3538,1,0,0,0,0
3539,1,0,0,0,0
3540,0,0,0,0,0
3541,0,0,0,0,0
3542,0,0,0,0,0
3543,0,0,0,0,0
3544,0,0,0,0,0
3545,0,0,0,0,0
3546,0,0,0,0,0
3547,16,0,0,0,0
3548,0,0,0,0,0
3549,19,3,1,0,0
3550,0,0,0,0,0
3551,1,0,0,0,0
3552,0,0,0,0,0
3553,52,30,18,24,31
3554,11,10,4,2,1
3555,7,0,0,0,0
3556,0,0,0,0,0
3557,1,5,0,1,1
3558,15,2,0,0,0
3559,5,0,0,0,0
3560,4,0,0,0,0
3561,0,0,0,0,0
3562,0,0,0,0,0
3563,0,0,0,0,0
3564,0,0,0,0,0
3565,0,0,0,0,0
3566,2,0,0,0,0
3567,0,0,0,0,0
3568,0,0,0,0,0
3569,0,0,0,0,0
3570,0,0,0,0,0
3571,49,2,2,1,1
3572,0,0,0,0,0
3573,0,0,0,0,0
3574,13,2,0,0,0
3575,56,5,1,1,1
3576,0,0,0,0,0
3577,11,0,0,0,0
3578,1,0,0,0,0
3579,0,8,67,24,20
3580,32,0,0,0,0
3581,0,0,0,0,0
3582,0,0,0,0,0
3583,0,0,0,0,0
3584,0,0,0,0,0
3585,0,0,0,0,0
3586,42,21,5,3,3
3587,0,0,0,0,0
3588,2,0,0,0,0
3589,0,0,0,0,0
3590,1,0,0,0,0
3591,0,0,0,0,0
3592,0,0,0,0,0
3593,7,0,0,0,0
3594,13,52,45,39,45
3595,0,0,0,0,0
3596,0,0,0,0,0
3597,0,0,0,0,0
3598,0,0,0,0,0
3599,0,0,0,0,0
3600,0,0,0,0,0
3601,0,0,0,0,0
3602,1,2,1,1,0
3603,9,0,0,0,0
3604,1,0,0,0,0
3605,16,0,1,1,1
3606,0,0,0,0,0
3607,5,2,2,0,0
3608,5,0,0,0,0
3609,1,2,0,0,0
3610,4,0,0,0,0
3611,0,0,0,0,0
3612,1,0,0,0,0
3613,0,0,0,0,0
3614,2,0,0,0,0
3615,1,0,0,0,0
3616,0,0,0,0,0
3617,0,0,0,0,0
3618,19,24,39,34,36
3619,0,0,0,0,0
3620,1,0,0,0,0
3621,0,0,0,0,0
3622,0,0,0,0,0
3623,0,0,0,0,0
3624,0,0,0,0,0
3625,8,2,1,1,1
3626,1,0,0,0,0
3627,1,0,0,0,0
3628,9,5,2,0,0
3629,1,0,0,0,0
3630,3,0,0,0,0
3631,278,120,106,115,120
3632,2,0,0,0,0
3633,0,0,0,0,0
3634,0,0,0,0,0
3635,44,0,0,0,0
3636,0,1,8,5,5
3637,0,0,0,0,0
3638,0,0,0,0,0
3639,2,0,0,0,0
3640,0,0,0,0,0
3641,12,1,0,0,0
3642,0,0,0,0,0
3643,0,0,0,0,0
3644,0,0,0,0,0
3645,0,0,0,0,0
3646,3,0,0,0,0
3647,0,0,0,0,0
3648,0,0,0,0,0
3649,0,0,0,0,0
3650,2,0,0,0,0
3651,0,0,0,0,0
3652,8,3,0,0,0
3653,7,1,0,0,0
3654,0,0,0,0,0
3655,4,0,0,0,0
3656,16,0,0,0,0
3657,0,0,0,0,0
3658,0,0,0,0,0
3659,0,0,0,0,0
3660,0,0,0,0,0
3661,0,1,1,1,0
3662,0,0,0,0,0
3663,6,1,0,0,0
3664,0,0,0,0,0
3665,22,1,0,0,0
3666,0,0,0,0,0
3667,1,1,1,1,1
3668,23,0,0,0,0
3669,4,0,0,0,0
3670,0,0,0,0,0
3671,0,0,0,0,0
3672,32,0,0,0,0
3673,0,0,0,0,0
3674,1,0,0,0,0
3675,0,0,0,0,0
3676,0,0,0,0,0
3677,2,0,0,0,0
3678,0,0,0,0,0
3679,0,0,0,0,0
3680,3,0,0,0,0
3681,8,0,0,0,0
3682,0,0,1,0,0
3683,24,5,0,0,0
3684,1,0,0,0,0
3685,3,1,0,2,1
3686,0,0,0,0,0
3687,0,0,0,0,0
3688,0,1,0,0,0
3689,0,0,0,0,0
3690,0,0,0,0,0
3691,4,4,0,0,0
3692,204,445,360,367,434
3693,0,0,0,0,0
3694,0,0,0,0,0
3695,0,0,0,0,0
3696,2,1,0,0,0
3697,0,0,0,0,0
3698,0,0,1,0,0
3699,0,0,0,0,0
3700,8,2,0,0,0
3701,2,0,0,0,0
3702,2,0,0,0,0
3703,9,0,0,0,0
3704,0,0,0,0,0
3705,0,0,0,0,0
3706,12,1,0,0,0
3707,1,1,0,0,0
3708,6,0,0,0,0
3709,0,0,0,0,0
3710,0,0,0,0,0
3711,0,0,0,0,0
3712,15,0,0,0,0
3713,5,0,0,0,0
3714,0,0,0,0,0
3715,36,5,2,0,0
3716,0,4,0,0,0
3717,0,0,0,0,0
3718,3,1,0,0,0
3719,0,4,7,3,1
3720,1,0,0,0,0
3721,0,0,0,0,0
3722,0,0,0,0,0
3723,0,0,0,0,0
3724,0,0,0,0,0
3725,2,0,0,0,0
3726,1,0,0,0,0
3727,0,0,0,0,0
3728,0,0,0,0,0
3729,0,0,0,0,0
3730,63,0,0,0,0
3731,0,0,0,0,0
3732,28,2,1,0,0
3733,0,0,0,0,0
3734,2,0,0,0,0
3735,11,2,0,0,0
3736,12,0,0,0,0
3737,0,0,0,0,0
3738,0,0,0,0,0
3739,7,0,0,0,0
3740,0,0,0,0,0
3741,0,0,0,0,0
3742,0,0,0,0,0
3743,6,4,2,1,1
3744,0,0,0,0,0
3745,0,0,0,0,0
3746,0,0,0,0,0
3747,1,1,1,1,1
3748,0,0,0,0,0
3749,102,91,136,339,313
3750,0,0,0,0,0
3751,47,1,2,6,7
3752,0,0,0,0,0
3753,0,0,0,0,0
3754,1,0,0,0,0
3755,0,1,0,0,0
3756,0,0,0,0,0
3757,0,0,0,0,0
3758,0,0,0,0,0
3759,0,0,0,0,0
3760,5,0,0,0,0
3761,15,4,2,1,1
3762,0,0,0,0,0
3763,0,0,0,0,0
3764,0,0,0,0,0
3765,2,0,0,0,0
3766,0,0,0,0,0
3767,0,0,0,0,0
3768,0,0,0,0,0
3769,0,0,0,0,0
3770,43,4,0,0,0
3771,0,0,0,0,0
3772,96,348,81,85,55
3773,3,0,0,0,0
3774,73,2,2,1,0
3775,0,0,0,0,0
3776,1,1,0,0,0
3777,0,0,0,0,0
3778,156,1,0,0,0
3779,0,0,0,0,0
3780,0,0,0,0,0
3781,0,0,0,0,0
3782,0,0,0,0,0
3783,33,5,2,1,1
3784,1,0,0,0,0
3785,6,0,0,0,0
3786,0,0,0,0,0
3787,1,3,0,0,0
3788,1,0,0,0,0
3789,0,0,0,0,0
3790,9,0,0,0,0
3791,2,0,0,0,0
3792,0,0,0,0,0
3793,0,0,0,0,0
3794,2,1,0,0,0
3795,0,0,0,0,0
3796,0,0,0,0,0
3797,0,0,0,0,0
3798,0,0,0,0,0
3799,0,0,0,0,0
3800,0,0,0,0,0
3801,0,0,0,0,0
3802,0,0,0,0,0
3803,0,0,0,0,0
3804,0,0,0,0,0
3805,0,0,0,0,0
3806,6,0,0,0,0
3807,0,0,0,0,0
3808,3,0,0,0,0
3809,8,1,1,1,1
3810,0,0,0,0,0
3811,3,0,0,0,0
3812,1,0,0,0,0
3813,4,0,0,0,0
3814,0,0,0,0,0
3815,0,0,0,0,0
3816,0,0,0,0,0
3817,0,0,0,0,0
3818,0,0,0,0,0
3819,3,0,0,0,0
3820,0,0,0,0,0
3821,0,0,0,0,0
3822,223,81,19,25,36
3823,0,0,0,0,0
3824,6,0,0,0,0
3825,0,0,0,0,0
3826,115,556,827,739,789
3827,1,0,0,0,0
3828,0,0,0,0,0
3829,1,0,0,0,0
3830,7,2,0,0,0
3831,2,0,0,0,0
3832,0,0,0,0,0
3833,2,0,0,0,0
3834,3,0,0,0,0
3835,0,0,0,0,0
3836,431,403,222,168,165
3837,0,0,0,0,0
3838,8,3,0,0,0
3839,0,0,0,0,0
3840,1,0,0,0,0
3841,185,5,1,1,1
3842,1,0,0,0,0
3843,1,0,0,0,0
3844,3,0,0,0,0
3845,0,0,0,0,0
3846,0,0,0,0,0
3847,0,0,0,0,0
3848,3,0,0,0,0
3849,0,0,0,0,0
3850,80,278,221,276,248
3851,0,0,0,0,0
3852,0,0,0,0,0
3853,0,0,0,0,0
3854,1,0,0,0,0
3855,0,0,0,0,0
3856,5,55,11,5,5
3857,1,0,0,0,0
3858,125,12,14,20,16
3859,5,1,0,0,0
3860,15,1,1,0,0
3861,59,427,533,650,626
3862,1,1,0,0,0
3863,33,2,0,0,0
3864,165,26,3,3,2
3865,0,0,0,0,0
3866,0,0,0,0,0
3867,0,0,0,0,0
3868,0,0,0,0,0
3869,0,0,0,0,0
3870,0,0,0,0,0
3871,0,0,0,0,0
3872,0,0,0,0,0
3873,0,0,0,0,0
3874,10,0,0,0,0
3875,0,0,0,0,0
3876,0,0,0,0,0
3877,3,0,0,0,0
3878,0,0,0,0,0
3879,0,0,0,0,0
3880,0,0,0,0,0
3881,0,0,0,0,0
3882,0,0,0,0,0
3883,9,0,0,0,0
3884,0,2,0,0,0
3885,0,0,0,0,0
3886,0,0,0,0,0
3887,3,0,0,0,0
3888,1,1,1,1,1
3889,2,0,0,0,0
3890,0,0,0,0,0
3891,0,0,0,0,0
3892,104,20,2,4,2
3893,0,0,0,0,0
3894,13,0,0,0,0
3895,0,0,0,0,0
3896,0,0,0,0,0
3897,0,0,0,0,0
3898,1,0,0,0,0
3899,0,0,0,0,0
3900,0,0,0,0,0
3901,3,1,0,0,0
3902,0,0,0,0,0
3903,0,0,0,0,0
3904,4,0,0,0,0
3905,0,0,0,0,0
3906,0,0,0,0,0
3907,22,5,4,1,1
3908,1,0,0,0,0
3909,0,0,0,0,0
3910,0,0,0,0,0
3911,0,0,0,0,0
3912,3,0,0,0,0
3913,0,0,0,0,0
3914,2,0,0,0,0
3915,1,0,1,1,1
3916,2,0,0,0,0
3917,0,0,0,0,0
3918,4,0,0,0,0
3919,0,0,0,0,0
3920,11,0,0,0,0
3921,15,0,0,0,0
3922,4,3,1,0,0
3923,0,0,0,0,0
3924,1,0,0,0,0
3925,0,0,0,0,0
3926,6,0,0,0,0
3927,3,0,0,0,0
3928,0,0,0,0,0
3929,0,0,0,0,0
3930,4,0,0,0,0
3931,4,3,0,0,0
3932,0,0,0,0,0
3933,0,0,0,0,0
3934,0,0,0,0,0
3935,0,0,0,0,0
3936,0,0,0,0,0
3937,0,0,0,0,0
3938,0,0,0,0,0
3939,3,0,0,0,0
3940,2,0,0,0,0
3941,17,0,0,0,0
3942,25,0,0,0,0
3943,206,6,2,2,2
3944,2,0,0,0,0
3945,1,0,0,0,0
3946,0,0,0,0,0
3947,1,1,2,3,3
3948,0,0,0,0,0
3949,0,0,0,0,0
3950,2,0,0,0,0
3951,0,0,0,0,0
3952,0,0,0,0,0
3953,0,3,0,0,0
3954,25,3,0,0,0
3955,0,0,0,0,0
3956,0,0,0,0,0
3957,0,0,0,0,0
3958,13,0,1,1,1
3959,10,0,0,0,0
3960,21,3,1,1,1
3961,11,1,0,0,0
3962,3,1,0,0,0
3963,0,0,0,0,0
3964,61,0,0,0,0
3965,0,5,3,6,4
3966,5,1,0,0,0
3967,12,0,0,0,0
3968,0,0,0,0,0
3969,0,0,0,0,0
3970,0,0,0,0,0
3971,1,0,0,0,0
3972,0,0,0,0,0
3973,29,0,0,0,0
3974,0,0,0,0,0
3975,0,0,0,0,0
3976,7,2,2,2,1
3977,1,1,1,1,1
3978,1,0,0,0,0
3979,0,0,0,0,0
3980,10,0,0,0,0
3981,4,0,0,0,0
3982,1,0,0,0,0
3983,0,0,0,0,0
3984,2,0,0,0,0
3985,1,0,0,0,0
3986,0,0,0,0,0
3987,0,0,0,0,0
3988,3,0,0,0,0
3989,1,0,0,0,0
3990,0,0,0,0,0
3991,18,16,11,4,5
3992,0,0,0,0,0
3993,0,0,0,0,0
3994,0,0,0,0,0
3995,6,0,0,0,0
3996,10,12,6,0,0
3997,2,0,0,0,0
3998,4,4,1,0,0
3999,40,10,5,16,7
4000,2,0,0,0,0
4001,1,0,0,0,0
4002,0,0,0,0,0
4003,28,1,1,0,0
4004,1,0,0,0,0
4005,0,0,0,0,0
4006,27,17,25,10,7
4007,17,3,0,0,0
4008,1,0,0,0,0
4009,0,0,0,0,0
4010,0,0,0,0,0
4011,0,0,0,0,0
4012,100,116,52,37,38
4013,1,0,0,0,0
4014,15,1,0,0,0
4015,0,0,0,0,0
4016,1,0,0,0,0
4017,0,0,0,0,0
4018,8,3,7,10,9
4019,0,0,0,0,0
4020,12,0,0,0,0
4021,3,0,0,0,0
4022,0,0,0,0,0
4023,0,0,0,0,0
4024,0,0,0,0,0
4025,1,2,0,0,0
4026,0,0,0,0,0
4027,0,0,0,0,0
4028,0,0,0,0,0
4029,0,0,0,0,0
4030,0,0,0,0,0
4031,1,0,0,0,0
4032,56,53,79,72,50
4033,1,0,0,0,0
4034,0,0,0,0,0
4035,3,10,9,9,10
4036,0,0,0,0,0
4037,0,0,0,0,0
4038,0,0,0,0,0
4039,10,0,0,0,0
4040,3,0,0,1,1
4041,4,0,0,0,0
4042,8,0,0,0,0
4043,3,1,1,1,1
4044,11,0,0,0,0
4045,7,9,6,1,2
4046,0,0,0,0,0
4047,107,39,56,105,116
4048,1,0,0,0,0
4049,0,0,0,0,0
4050,0,0,0,0,0
4051,249,50,20,22,18
4052,99,1,3,2,2
4053,1,0,0,0,0
4054,2,0,0,0,0
4055,0,0,0,0,0
4056,0,0,0,0,0
4057,0,0,0,0,0
4058,0,0,0,0,0
4059,0,0,0,0,0
4060,0,0,0,0,0
4061,0,0,0,0,0
4062,0,0,0,0,0
4063,7,3,2,2,2
4064,0,0,0,0,0
4065,0,0,0,0,0
4066,0,0,0,0,0
4067,0,0,0,0,0
4068,28,0,0,0,0
4069,0,0,0,0,0
4070,0,0,0,0,0
4071,5,0,0,0,0
4072,0,0,0,0,0
4073,4,0,0,0,0
4074,0,0,0,0,0
4075,0,0,0,0,0
4076,0,0,0,0,0
4077,0,0,0,0,0
4078,0,0,0,0,0
4079,0,0,0,0,0
4080,1,0,0,0,0
4081,72,6,2,6,7
4082,2,0,0,0,0
4083,3,0,0,0,0
4084,0,0,0,0,0
4085,1,0,0,0,0
4086,0,0,0,0,0
4087,2,0,0,0,0
4088,1,0,0,0,0
4089,0,0,0,0,0
4090,4,0,0,0,0
4091,0,0,0,0,0
4092,0,0,0,0,0
4093,0,0,0,0,0
4094,1,1,0,0,0
4095,0,0,0,0,0
4096,0,0,0,0,0
4097,0,0,0,0,0
4098,2,1,0,0,0
4099,10,0,0,0,0
4100,0,0,0,0,0
4101,5,9,9,8,9
4102,0,0,0,0,0
4103,0,0,0,0,0
4104,0,0,0,0,0
4105,4,0,1,0,0
4106,1,0,0,0,0
4107,0,0,0,0,0
4108,0,0,0,0,0
4109,0,0,0,0,0
4110,1,0,0,0,0
4111,0,0,0,0,0
4112,0,0,0,0,0
4113,0,0,0,0,0
4114,13,0,0,0,0
4115,0,0,0,0,0
4116,4,14,6,2,2
4117,0,0,0,0,0
4118,8,0,0,0,0
4119,0,0,0,0,0
4120,0,0,0,0,0
4121,0,0,0,0,0
4122,5,1,0,0,0
4123,0,0,0,0,0
4124,5,2,0,0,0
4125,0,0,0,0,0
4126,0,2,1,1,1
4127,4,0,0,0,0
4128,0,0,0,0,0
4129,0,0,0,0,0
4130,1,4,1,0,0
4131,3,0,0,0,0
4132,3,4,7,3,2
4133,4,0,0,0,0
4134,2,0,0,0,0
4135,0,0,0,0,0
4136,2,0,0,0,0
4137,1,0,0,0,0
4138,0,0,0,0,0
4139,1,0,0,0,0
4140,0,0,0,0,0
4141,1,0,0,0,0
4142,0,0,0,0,0
4143,0,0,0,0,0
4144,1,0,0,0,0
4145,6,0,0,0,0
4146,14,2,0,0,0
4147,0,0,0,0,0
4148,1,0,0,0,0
4149,0,0,0,0,0
4150,0,0,0,0,0
4151,1,0,0,0,0
4152,2,0,0,0,0
4153,3,0,0,0,0
4154,8,1,1,1,1
4155,2,1,1,0,0
4156,0,0,0,0,0
4157,0,0,0,0,0
4158,0,0,0,0,0
4159,1,0,0,0,0
4160,6,0,0,0,0
4161,0,0,0,0,0
4162,0,0,0,0,0
4163,1,0,0,0,0
4164,8,0,0,0,0
4165,3,0,0,0,0
4166,0,0,0,0,0
4167,0,0,0,0,0
4168,0,0,0,0,0
4169,0,0,0,0,0
4170,0,0,0,0,0
4171,0,0,0,0,0
4172,1,0,0,0,0
4173,2,0,0,0,0
4174,1,0,0,0,0
4175,0,0,0,0,0
4176,0,0,0,0,0
4177,0,0,0,0,0
4178,0,0,0,0,0
4179,0,0,0,0,0
4180,1,0,1,1,1
4181,11,0,0,0,0
4182,0,0,0,0,0
4183,0,0,0,0,0
4184,1,0,0,0,0
4185,2,0,0,0,0
4186,4,0,0,0,0
4187,0,0,0,0,0
4188,89,0,0,0,0
4189,0,0,0,0,0
4190,1,0,0,0,0
4191,0,0,0,0,0
4192,0,0,0,0,0
4193,2,0,0,0,0
4194,1,0,0,0,0
4195,18,0,0,0,0
4196,0,0,0,0,0
4197,0,0,0,0,0
4198,0,0,0,0,0
4199,0,0,0,0,0
4200,9,0,0,0,0
4201,0,0,0,0,0
4202,0,0,0,0,0
4203,119,7,0,0,0
4204,0,0,0,0,0
4205,1,0,0,0,0
4206,1,0,0,0,0
4207,0,0,0,0,0
4208,6,0,0,0,0
4209,0,0,0,0,0
4210,0,0,0,0,0
4211,0,0,0,0,0
4212,0,1,0,0,0
4213,0,0,0,0,0
4214,0,0,0,0,0
4215,10,0,0,0,0
4216,7,1,0,0,0
4217,0,0,0,0,0
4218,1,0,0,0,0
4219,150,0,0,0,0
4220,0,0,0,0,0
4221,23,1,1,1,1
4222,2,0,0,0,0
4223,0,0,0,0,0
4224,0,6,0,1,0
4225,0,0,0,0,0
4226,0,0,0,0,0
4227,0,0,0,0,0
4228,13,0,0,0,0
4229,2,0,0,0,0
4230,0,0,0,0,0
4231,0,0,0,0,0
4232,0,0,0,0,0
4233,5,1,3,2,2
4234,0,1,1,0,0
4235,0,0,0,0,0
4236,0,0,0,0,0
4237,97,85,54,44,36
4238,0,0,0,0,0
4239,0,0,0,0,0
4240,0,0,0,0,0
4241,0,0,0,0,0
4242,0,1,0,0,0
4243,3,0,0,0,0
4244,0,0,0,0,0
4245,0,1,0,0,0
4246,0,0,0,0,0
4247,0,0,0,0,0
4248,0,0,0,0,0
4249,0,0,0,0,0
4250,2,0,0,0,0
4251,0,0,0,0,0
4252,0,0,0,0,0
4253,0,0,0,0,0
4254,0,0,0,0,0
4255,2,0,0,0,0
4256,0,0,0,0,0
4257,0,1,2,2,2
4258,33,8,1,2,2
4259,0,0,0,0,0
4260,0,0,0,0,0
4261,0,0,0,0,0
4262,6,0,0,0,0
4263,0,0,0,0,0
4264,0,1,0,0,0
4265,0,0,1,0,0
4266,0,0,0,0,0
4267,0,0,0,0,0
4268,0,0,0,0,0
4269,5,0,0,0,0
4270,0,0,0,0,0
4271,0,0,0,0,0
4272,5,0,0,0,0
4273,3,0,0,0,0
4274,0,0,0,0,0
4275,0,0,0,0,0
4276,2,0,0,0,0
4277,0,0,0,0,0
4278,1,0,0,0,0
4279,0,0,0,0,0
4280,1,1,0,0,0
4281,0,0,0,0,0
4282,4,0,0,0,0
4283,0,0,0,0,0
4284,0,0,0,0,0
4285,5,0,0,0,0
4286,5,0,0,0,0
4287,0,0,0,0,0
4288,0,0,0,0,0
4289,1,0,0,0,0
4290,1,0,0,0,0
4291,94,27,2,2,2
4292,38,0,0,0,0
4293,1,0,0,0,0
4294,0,0,0,0,0
4295,0,0,0,0,0
4296,0,0,0,0,0
4297,47,1,4,2,2
4298,0,0,0,0,0
4299,0,0,0,0,0
4300,0,0,0,0,0
4301,2,0,0,0,0
4302,4,0,0,0,0
4303,0,0,0,0,0
4304,0,0,0,0,0
4305,0,0,0,0,0
4306,3,0,0,0,0
4307,0,0,0,0,0
4308,0,0,0,0,0
4309,0,0,1,0,0
4310,11,1,0,0,0
4311,0,0,0,0,0
4312,34,0,0,0,0
4313,0,0,0,0,0
4314,1,0,0,0,0
4315,0,0,0,0,0
4316,0,0,0,0,0
4317,0,0,0,0,0
4318,1,0,0,0,0
4319,0,0,0,0,0
4320,0,0,0,0,0
4321,0,0,0,0,0
4322,0,0,0,0,0
4323,0,0,0,0,0
4324,0,0,0,0,0
4325,11,0,0,0,0
4326,0,0,0,0,0
4327,0,0,0,0,0
4328,0,0,0,0,0
4329,0,0,0,0,0
4330,0,0,0,0,0
4331,0,0,0,0,0
4332,0,0,0,0,0
4333,4,0,0,0,0
4334,0,0,0,0,0
4335,0,0,0,0,0
4336,0,0,0,0,0
4337,0,0,0,0,0
4338,17,20,7,5,5
4339,4,0,0,0,0
4340,0,0,0,0,0
4341,0,0,0,0,0
4342,0,0,0,0,0
4343,0,0,0,0,0
4344,11,0,0,0,0
4345,71,4,13,5,5
4346,0,0,0,0,0
4347,0,0,0,0,0
4348,0,0,0,0,0
4349,0,0,0,0,0
4350,0,0,0,0,0
4351,6,1,0,0,0
4352,0,0,0,0,0
4353,0,0,0,0,0
4354,0,0,0,0,0
4355,91,43,2,1,1
4356,24,1,0,0,0
4357,0,0,0,0,0
4358,13,0,0,0,0
4359,0,0,0,0,0
4360,0,0,0,0,0
4361,20,2,2,0,0
4362,0,0,0,0,0
4363,131,79,45,16,17
4364,0,0,0,0,0
4365,6,0,0,0,0
4366,5,0,0,0,0
4367,0,0,0,0,0
4368,196,86,37,21,20
4369,4,0,0,0,0
4370,0,0,0,0,0
4371,0,0,0,0,0
4372,35,36,72,97,79
4373,0,0,0,0,0
4374,0,0,0,0,0
4375,8,0,0,0,0
4376,12,1,0,0,0
4377,0,0,0,0,0
4378,0,0,0,0,0
4379,0,0,0,0,0
4380,42,3,0,0,0
4381,7,0,0,0,0
4382,9,4,1,1,0
4383,1,0,0,0,0
4384,0,0,0,0,0
4385,9,0,0,0,0
4386,2,2,0,0,0
4387,0,0,0,0,0
4388,0,0,0,0,0
4389,0,0,0,0,0
4390,0,0,0,0,0
4391,1,0,0,0,0
4392,0,0,0,0,0
4393,2,0,0,0,0
4394,0,0,0,0,0
4395,0,0,0,0,0
4396,5,13,7,5,4
4397,1,0,0,0,0
4398,11,0,0,0,0
4399,13,0,0,0,0
4400,0,0,0,0,0
4401,13,0,0,0,0
4402,0,0,0,0,0
4403,1,0,0,0,0
4404,0,0,0,0,0
4405,21,0,0,0,0
4406,5,2,1,1,1
4407,6,1,0,0,0
4408,1,0,0,0,0
4409,0,0,0,0,0
4410,0,0,0,0,0
4411,42,0,0,0,0
4412,2,0,0,0,0
4413,0,0,0,0,0
4414,5,0,0,0,0
4415,0,0,0,0,0
4416,22,2,0,0,0
4417,0,0,0,0,0
4418,0,0,0,0,0
4419,2,0,0,0,0
4420,0,0,0,0,0
4421,0,0,0,0,0
4422,0,0,0,0,0
4423,0,0,0,0,0
4424,10,5,3,4,4
4425,0,0,0,0,0
4426,0,0,0,0,0
4427,8,5,2,1,1
4428,0,0,0,0,0
4429,0,0,0,0,0
4430,0,0,0,0,0
4431,0,0,0,0,0
4432,27,1,0,0,0
4433,0,0,0,0,0
4434,12,0,0,0,0
4435,0,0,0,0,0
4436,0,0,0,0,0
4437,0,0,0,0,0
4438,0,0,0,0,0
4439,0,0,0,0,0
4440,0,0,0,0,0
4441,1,0,0,0,0
4442,130,1,1,1,0
4443,1,0,0,0,0
4444,0,0,0,0,0
4445,36,8,1,1,2
4446,0,0,0,0,0
4447,1,0,0,0,0
4448,5,0,0,0,0
4449,0,0,0,0,0
4450,0,0,0,0,0
4451,0,0,0,0,0
4452,0,0,0,0,0
4453,0,0,0,0,0
4454,4,1,0,0,0
4455,0,1,0,1,0
4456,0,0,0,0,0
4457,0,0,0,0,0
4458,0,0,0,0,0
4459,0,0,0,0,0
4460,0,0,0,0,0
4461,4,0,0,0,0
4462,9,0,0,0,0
4463,0,0,0,0,0
4464,34,35,0,0,0
4465,0,1,0,0,0
4466,1,0,0,0,0
4467,0,0,0,0,0
4468,8,0,0,0,0
4469,1,0,0,0,0
4470,0,0,0,0,0
4471,13,0,0,0,0
4472,0,0,0,0,0
4473,20,2,0,0,0
4474,0,0,0,0,0
4475,3,0,0,0,0
4476,2,0,2,2,3
4477,0,0,0,0,0
4478,0,0,0,0,0
4479,0,0,0,0,0
4480,5,2,0,0,0
4481,1,0,0,0,0
4482,12,2,0,0,0
4483,100,4,0,0,1
4484,59,40,8,3,2
4485,23,0,0,0,0
4486,0,0,0,0,0
4487,0,0,0,0,0
4488,0,0,0,0,0
4489,0,0,0,0,0
4490,1,0,0,0,0
4491,1,0,0,0,0
4492,0,0,0,0,0
4493,0,0,0,0,0
4494,0,0,0,0,0
4495,0,0,0,0,0
4496,0,0,0,0,0
4497,0,0,0,0,0
4498,0,0,0,0,0
4499,3,4,2,2,4
4500,7,0,0,0,0
4501,3,1,0,1,3
4502,0,0,0,0,0
4503,0,0,0,0,0
4504,98,0,0,0,0
4505,0,0,0,0,0
4506,0,0,0,0,0
4507,0,0,0,0,0
4508,0,0,0,0,0
4509,7,0,0,0,0
4510,0,0,0,0,0
4511,0,0,0,0,0
4512,0,0,0,0,0
4513,1,1,2,2,2
4514,0,0,0,0,0
4515,0,0,0,0,0
4516,3,0,0,0,0
4517,0,0,0,0,0
4518,0,0,0,0,0
4519,49,1,0,0,0
4520,0,0,0,0,0
4521,2,0,0,0,0
4522,30,19,4,2,3
4523,2,0,0,0,0
4524,0,0,0,0,0
4525,9,0,0,0,0
4526,2,0,0,0,0
4527,62,0,0,0,0
4528,3,0,0,0,0
4529,0,0,0,0,0
4530,0,0,0,0,0
4531,7,0,0,0,0
4532,0,0,0,0,0
4533,27,8,0,0,0
4534,0,0,0,0,0
4535,0,0,0,0,0
4536,0,0,0,0,0
4537,1,0,0,0,0
4538,0,0,0,0,0
4539,10,0,0,0,0
4540,0,0,0,0,0
4541,88,1,2,2,2
4542,34,2,0,0,0
4543,229,15,18,8,8
4544,0,0,0,0,0
4545,0,0,0,0,0
4546,1,0,0,0,0
4547,207,199,174,78,56
4548,3,0,0,0,0
4549,0,0,0,0,0
4550,0,0,0,0,0
4551,0,0,0,0,0
4552,7,0,0,0,0
4553,1,0,0,0,0
4554,31,8,2,1,1
4555,0,0,0,0,0
4556,0,0,0,0,0
4557,0,0,0,0,0
4558,4,0,0,0,0
4559,679,452,430,342,365
4560,0,0,0,0,0
4561,1,0,0,0,0
4562,5,0,0,0,0
4563,0,0,0,0,0
4564,0,0,0,0,0
4565,0,0,0,0,0
4566,5,0,0,0,0
4567,8,10,25,11,10
4568,0,0,0,0,0
4569,1,0,0,0,0
4570,0,0,0,0,0
4571,5,0,0,0,0
4572,0,0,0,0,0
4573,0,0,0,0,0
4574,0,0,0,0,0
4575,0,0,0,0,0
4576,0,0,0,0,0
4577,0,0,0,0,0
4578,0,0,0,0,0
4579,0,0,0,0,0
4580,9,0,0,0,0
4581,0,0,0,0,0
4582,2,0,0,0,0
4583,0,0,0,0,0
4584,0,0,0,0,0
4585,0,0,0,0,0
4586,0,0,0,0,0
4587,0,0,0,0,0
4588,0,0,0,0,0
4589,0,0,0,0,0
4590,0,0,0,0,0
4591,3,0,0,0,0
4592,0,0,0,0,0
4593,0,0,0,0,0
4594,0,0,0,0,0
4595,0,0,0,0,0
4596,8,0,0,0,0
4597,0,0,0,0,0
4598,0,0,0,0,0
4599,3,0,0,0,0
4600,0,0,0,0,0
4601,0,0,0,0,0
4602,0,0,0,0,0
4603,44,5,0,2,2
4604,4,0,0,0,0
4605,0,0,0,0,0
4606,0,0,0,0,0
4607,0,0,0,0,0
4608,9,3,9,15,8
4609,0,0,0,0,0
4610,1,0,0,0,0
4611,0,0,0,0,0
4612,3,0,0,0,0
4613,1,0,0,0,0
4614,5,0,0,0,0
4615,0,0,0,0,0
4616,2,0,0,0,0
4617,0,0,0,0,0
4618,2,0,0,0,0
4619,0,0,0,0,0
4620,0,0,0,0,0
4621,83,8,7,4,4
4622,3,0,0,0,0
4623,0,0,0,0,0
4624,0,0,0,0,0
4625,0,0,0,0,0
4626,0,0,0,0,0
4627,12,0,0,0,0
4628,11,1,1,0,0
4629,3,1,1,1,1
4630,3,0,0,0,0
4631,22,16,33,18,21
4632,0,0,0,0,0
4633,0,0,0,0,0
4634,0,0,0,0,0
4635,0,0,0,0,0
4636,0,0,0,0,0
4637,0,0,0,0,0
4638,1,0,0,0,0
4639,0,0,0,0,0
4640,6,0,0,0,0
4641,13,0,0,0,0
4642,36,17,3,1,1
4643,0,0,0,0,0
4644,0,0,0,0,0
4645,1,0,0,0,0
4646,85,1,0,0,0
4647,72,245,435,338,327
4648,9,0,1,1,1
4649,0,0,0,0,0
4650,0,0,0,0,0
4651,0,0,0,0,0
4652,2,0,0,0,0
4653,11,1,0,0,0
4654,0,0,0,0,0
4655,0,0,0,0,0
4656,1,0,0,0,0
4657,11,1,0,0,0
4658,1,0,0,0,0
4659,1,0,0,0,0
4660,1,0,0,0,0
4661,4,0,0,0,0
4662,0,0,0,0,0
4663,0,0,0,0,0
4664,10,0,0,0,0
4665,0,0,0,0,0
4666,0,0,0,0,0
4667,1,0,0,0,0
4668,0,0,0,0,0
4669,0,0,0,0,0
4670,16,0,0,0,0
4671,0,0,0,0,0
4672,0,0,0,0,0
4673,0,0,0,0,0
4674,0,0,0,0,0
4675,6,1,3,1,1
4676,0,0,0,0,0
4677,2,0,0,1,2
4678,0,0,0,0,0
4679,0,0,0,0,0
4680,3,0,0,0,0
4681,1,0,0,0,0
4682,5,0,0,0,0
4683,1,0,0,0,0
4684,0,0,0,0,0
4685,0,0,0,0,0
4686,24,0,0,0,0
4687,0,0,0,0,0
4688,2,0,0,0,0
4689,1,2,0,0,0
4690,7,0,0,0,0
4691,11,0,0,0,0
4692,0,0,0,0,0
4693,3,3,0,0,0
4694,0,0,0,0,0
4695,0,0,0,0,0
4696,2,0,0,0,0
4697,0,0,0,0,0
4698,11,0,0,0,0
4699,2,0,0,0,0
4700,0,0,0,0,0
4701,1,1,1,1,1
4702,0,0,0,0,0
4703,0,1,0,0,0
4704,0,0,0,0,0
4705,0,1,0,0,0
4706,1,0,0,0,0
4707,0,0,0,0,0
4708,16,3,4,0,0
4709,0,0,0,0,0
4710,0,1,1,0,0
4711,159,40,31,16,17
4712,0,0,0,0,0
4713,0,0,0,0,0
4714,0,0,0,0,0
4715,0,0,0,0,0
4716,0,0,0,0,0
4717,0,0,0,0,0
4718,0,0,0,0,0
4719,0,0,0,0,0
4720,0,0,0,0,0
4721,0,0,0,0,0
4722,0,0,0,0,0
4723,12,1,0,0,0
4724,1,0,0,0,0
4725,0,0,0,0,0
4726,6,15,5,3,3
4727,1,0,0,0,0
4728,0,0,0,0,0
4729,0,0,0,0,0
4730,39,37,19,17,14
4731,1,0,0,0,0
4732,3,0,0,0,0
4733,0,0,0,0,0
4734,0,0,0,0,0
4735,9,0,1,0,0
4736,3,0,0,0,0
4737,14,0,0,0,0
4738,0,0,0,0,0
4739,30,1,1,0,0
4740,0,0,0,0,0
4741,0,0,0,0,0
4742,50,3,3,2,2
4743,9,0,0,0,0
4744,14,0,0,0,0
4745,1,0,1,0,0
4746,0,0,0,0,0
4747,0,0,0,0,0
4748,0,0,0,0,0
4749,0,13,5,2,1
4750,0,0,0,0,0
4751,0,0,0,0,0
4752,3,0,0,0,0
4753,4,2,0,0,0
4754,0,0,0,0,0
4755,0,0,0,0,0
4756,0,0,1,1,1
4757,0,0,0,0,0
4758,1,0,0,0,0
4759,0,0,0,0,0
4760,1,0,0,0,0
4761,20,15,6,6,5
4762,0,0,0,0,0
4763,0,0,0,0,0
4764,1,0,0,0,0
4765,124,0,0,0,0
4766,1,0,0,0,0
4767,0,0,0,0,0
4768,13,1,1,0,0
4769,0,0,0,0,0
4770,1,3,3,5,4
4771,1,1,1,0,0
4772,10,1,0,0,0
4773,24,1,0,0,0
4774,0,0,0,1,0
4775,0,0,0,0,0
4776,0,0,0,0,0
4777,0,0,0,0,0
4778,0,0,0,0,0
4779,3,0,0,0,0
4780,0,0,0,0,0
4781,0,1,0,0,0
4782,1,0,0,0,0
4783,0,0,0,0,0
4784,0,0,0,0,0
4785,7,9,0,0,0
4786,0,0,0,0,0
4787,0,0,0,0,0
4788,0,0,0,0,0
4789,1,0,0,0,0
4790,3,0,0,0,0
4791,1,0,0,0,0
4792,0,0,0,0,0
4793,0,0,0,0,0
4794,1,0,0,0,0
4795,1,9,1,4,5
4796,0,0,0,0,0
4797,0,0,0,0,0
4798,15,0,0,0,0
4799,0,0,0,0,0
4800,15,0,0,0,0
4801,0,1,0,0,0
4802,7,0,0,0,0
4803,0,0,0,0,0
4804,1,3,2,0,0
4805,11,1,1,0,0
4806,0,0,0,0,0
4807,1,0,0,0,0
4808,3,0,0,0,0
4809,0,0,0,0,0
4810,1,0,0,0,0
4811,0,0,0,0,0
4812,0,0,0,0,0
4813,27,3,0,0,0
4814,0,0,0,0,0
4815,0,0,0,0,0
4816,0,0,0,0,0
4817,0,0,0,0,0
4818,0,0,0,0,0
4819,0,0,0,0,0
4820,1,0,0,0,0
4821,0,0,0,0,0
4822,0,0,0,0,0
4823,0,0,0,0,0
4824,0,0,0,0,0
4825,13,0,0,0,0
4826,2,0,0,0,0
4827,0,4,1,0,0
4828,1,0,1,1,1
4829,0,0,0,0,0
4830,0,1,0,0,0
4831,0,0,0,0,0
4832,0,0,0,0,0
4833,0,0,0,0,0
4834,0,0,0,0,0
4835,42,3,0,0,0
4836,0,0,0,0,0
4837,0,0,0,0,0
4838,3,0,0,0,0
4839,0,0,0,0,0
4840,0,0,0,0,0
4841,1,0,1,0,0
4842,0,0,0,0,0
4843,0,0,0,0,0
4844,20,0,0,0,0
4845,0,0,0,0,0
4846,0,0,0,0,0
4847,0,0,0,0,0
4848,0,0,0,0,0
4849,0,0,0,0,0
4850,26,1,2,4,3
4851,5,2,7,8,7
4852,0,0,0,0,0
4853,1,0,0,0,0
4854,0,0,0,0,0
4855,0,0,0,0,0
4856,0,0,0,0,0
4857,0,0,0,0,0
4858,0,0,0,0,0
4859,6,9,6,1,1
4860,1,0,0,0,0
4861,2,0,0,0,0
4862,0,0,0,0,0
4863,1,0,0,0,0
4864,2,0,0,0,0
4865,11,2,0,0,0
4866,0,0,0,0,0
4867,0,0,0,0,0
4868,1,0,0,0,0
4869,29,5,0,0,0
4870,0,0,0,0,0
4871,1,0,0,0,0
4872,1,0,0,0,0
4873,1,0,0,0,0
4874,2,0,0,0,0
4875,4,0,0,0,0
4876,0,0,0,0,0
4877,0,0,0,0,0
4878,4,0,0,0,0
4879,0,0,0,0,0
4880,0,0,0,0,0
4881,0,0,0,0,0
4882,0,0,0,0,0
4883,0,0,0,0,0
4884,0,0,0,0,0
4885,1,0,0,0,0
4886,7,0,0,0,0
4887,0,0,0,0,0
4888,0,0,0,0,0
4889,0,0,0,0,0
4890,0,0,0,0,0
4891,0,1,0,0,0
4892,0,0,0,0,0
4893,0,1,0,0,0
4894,0,0,0,0,0
4895,0,0,0,0,0
4896,58,8,14,29,28
4897,1,0,0,0,0
4898,0,0,0,0,0
4899,5,0,0,0,0
4900,54,2,0,0,0
4901,0,0,0,0,0
4902,0,1,0,0,0
4903,0,0,0,0,0
4904,0,0,0,0,0
4905,0,0,0,0,0
4906,0,0,0,0,0
4907,0,0,0,0,0
4908,2,0,0,0,1
4909,0,0,0,0,0
4910,5,57,9,5,5
4911,1,0,0,0,0
4912,0,0,0,0,0
4913,0,0,0,0,0
4914,0,0,0,0,0
4915,0,0,0,0,0
4916,0,0,0,0,0
4917,0,0,0,0,0
4918,0,0,0,0,0
4919,12,1,0,0,0
4920,0,0,0,0,0
4921,24,0,0,0,0
4922,0,0,0,0,0
4923,0,0,0,0,0
4924,162,54,131,104,100
4925,11,0,0,0,0
4926,1,0,0,0,0
4927,0,0,0,0,0
4928,0,0,0,0,0
4929,0,1,0,0,0
4930,0,0,0,0,0
4931,92,3,2,2,2
4932,24,1,0,0,0
4933,1,1,5,1,1
4934,2,0,0,0,0
4935,0,0,0,0,0
4936,0,0,0,0,0
4937,0,0,0,0,0
4938,0,0,0,0,0
4939,1,0,0,0,0
4940,10,11,11,10,8
4941,0,0,0,0,0
4942,21,11,2,0,0
4943,0,0,0,0,0
4944,1,3,0,0,0
4945,1,0,0,0,0
4946,0,0,0,0,0
4947,0,0,0,0,0
4948,0,0,0,0,0
4949,0,0,0,0,0
4950,3,2,0,0,0
4951,0,3,0,0,0
4952,5,1,0,0,0
4953,2,0,0,0,0
4954,0,0,0,0,0
4955,1,0,0,0,0
4956,1,0,0,0,0
4957,1,0,0,0,0
4958,11,0,0,0,0
4959,1,0,0,0,0
4960,0,0,0,0,0
4961,0,0,0,0,0
4962,6,0,0,0,0
4963,0,0,0,0,0
4964,1,0,0,0,0
4965,3,0,0,0,0
4966,2,0,0,0,0
4967,4,0,0,0,0
4968,0,0,0,0,0
4969,7,2,3,1,1
4970,0,0,0,0,0
4971,0,0,0,0,0
4972,0,0,0,0,0
4973,0,0,0,0,0
4974,0,0,0,0,0
4975,0,0,0,0,0
4976,0,1,0,0,0
4977,0,0,0,0,0
4978,3,0,0,0,0
4979,2,5,0,0,0
4980,0,0,0,0,0
4981,191,165,61,96,86
4982,0,0,0,0,0
4983,0,0,0,0,0
4984,0,0,0,0,0
4985,1,0,0,0,0
4986,0,0,0,0,0
4987,3,0,0,0,0
4988,3,0,0,0,0
4989,1,0,0,0,0
4990,0,0,0,0,0
4991,4,9,10,5,4
4992,0,1,0,0,0
4993,0,0,0,0,0
4994,1,0,0,0,0
4995,0,0,0,0,0
4996,0,0,0,0,0
4997,0,0,0,0,0
4998,2,0,0,0,0
4999,218,16,1,0,0
5000,235,173,111,42,38
5001,4,0,0,0,0
5002,5,0,0,0,0
5003,0,0,0,0,0
5004,0,0,0,0,0
5005,0,0,0,0,0
5006,0,0,0,0,0
5007,3,0,0,0,0
5008,0,0,0,0,0
5009,0,0,0,0,0
5010,2,0,0,0,0
5011,6,54,144,156,178
5012,5,1,0,0,1
5013,0,0,0,0,0
5014,0,0,0,0,0
5015,0,0,0,0,0
5016,0,0,0,0,0
5017,0,1,0,0,0
5018,0,0,0,0,0
5019,3,0,0,1,0
5020,2,0,0,0,0
5021,0,0,0,0,0
5022,0,0,0,0,0
5023,0,0,0,0,0
5024,5,0,0,0,0
5025,0,0,0,0,0
5026,0,0,0,0,0
5027,0,0,0,0,0
5028,4,0,0,0,0
5029,0,0,0,0,0
5030,21,7,4,3,5
5031,3,0,0,0,0
5032,0,0,0,0,0
5033,0,1,0,0,0
5034,0,0,0,0,0
5035,146,65,14,3,2
5036,1,0,0,0,0
5037,0,0,0,0,0
5038,0,0,0,0,0
5039,0,0,0,0,0
5040,0,0,0,0,0
5041,0,0,0,0,0
5042,6,0,0,0,0
5043,0,0,0,0,0
5044,0,0,0,0,0
5045,0,5,2,0,0
5046,6,4,0,0,0
5047,0,0,0,0,0
5048,0,0,0,0,0
5049,25,0,1,1,0
5050,408,233,139,195,174
5051,3,0,0,0,0
5052,0,0,0,0,0
5053,0,0,0,0,0
5054,0,0,0,0,0
5055,2,0,0,0,0
5056,16,8,13,17,13
5057,0,0,0,0,0
5058,40,18,5,5,4
5059,0,0,0,0,0
5060,3,25,21,6,4
5061,1,0,0,0,0
5062,1,0,0,0,0
5063,0,0,0,0,0
5064,0,0,0,0,0
5065,0,0,0,0,0
5066,0,0,0,0,0
5067,1,0,0,0,0
5068,0,0,0,0,0
5069,0,0,0,0,0
5070,7,1,0,0,0
5071,4,0,0,0,0
5072,2,0,0,0,0
5073,0,0,0,0,0
5074,8,0,0,0,0
5075,0,0,0,0,0
5076,2,2,2,1,1
5077,0,0,0,0,0
5078,2,1,1,0,0
5079,0,0,0,0,0
5080,0,0,0,0,0
5081,0,0,0,0,0
5082,1,0,0,0,0
5083,0,0,0,0,0
5084,0,0,0,0,0
5085,0,0,0,0,0
5086,0,0,0,0,0
5087,0,0,0,0,0
5088,14,0,1,0,0
5089,1,1,0,0,0
5090,1,0,0,0,0
5091,0,0,0,0,0
5092,0,0,0,0,0
5093,6,2,1,1,1
5094,0,0,0,0,0
5095,5,0,0,0,0
5096,17,0,0,0,0
5097,6,0,0,0,0
5098,0,0,0,0,0
5099,0,0,0,0,0
5100,2,0,0,0,0
5101,0,0,0,0,0
5102,3,0,0,0,0
5103,2,4,0,0,0
5104,0,0,0,0,0
5105,7,0,0,0,0
5106,9,0,0,0,0
5107,2,10,0,0,0
5108,0,0,0,0,0
5109,0,0,0,0,0
5110,0,0,0,0,0
5111,0,0,0,0,0
5112,35,1,0,0,0
5113,0,0,0,0,0
5114,36,2,4,2,2
5115,0,0,0,0,0
5116,579,81,105,78,84
5117,3,0,0,0,0
5118,0,0,0,0,0
5119,3,2,0,1,1
5120,3,0,0,0,0
5121,0,0,0,0,0
5122,0,0,0,0,0
5123,1,0,0,0,0
5124,0,0,0,0,0
5125,0,0,0,0,0
5126,33,3,3,0,0
5127,1,0,0,0,0
5128,10,2,1,0,0
5129,2,0,0,0,0
5130,0,0,0,0,0
5131,0,0,0,0,0
5132,1,0,0,0,0
5133,0,0,0,0,0
5134,0,0,0,0,0
5135,114,17,4,2,2
5136,0,0,0,0,0
5137,0,0,0,0,0
5138,0,0,0,0,0
5139,2,0,0,0,0
5140,1,0,0,0,0
5141,5,0,0,0,0
5142,0,0,0,0,0
5143,0,0,0,0,0
5144,0,0,0,0,0
5145,0,0,0,0,0
5146,0,0,0,0,0
5147,0,0,0,0,0
5148,15,0,0,0,0
5149,1,0,1,1,1
5150,0,0,0,0,0
5151,2,0,0,0,0
5152,7,0,0,0,0
5153,0,0,0,0,0
5154,0,0,0,0,0
5155,1,0,0,0,0
5156,0,0,0,0,0
5157,0,0,0,0,0
5158,2,0,0,0,0
5159,0,0,0,0,0
5160,0,0,0,0,0
5161,0,0,0,0,0
5162,0,0,0,0,0
5163,0,0,0,0,0
5164,0,0,0,0,0
5165,95,14,10,4,4
5166,0,0,0,0,0
5167,2,0,0,0,0
5168,0,0,0,0,0
5169,0,0,0,0,0
5170,1,1,0,0,0
5171,3,0,0,0,0
5172,2,0,0,0,0
5173,191,239,349,427,408
5174,1,0,0,0,0
5175,60,8,1,1,1
5176,204,73,72,68,54
5177,76,45,66,28,26
5178,2,0,0,0,0
5179,7,0,0,0,0
5180,0,0,0,0,0
5181,31,1,0,0,0
5182,152,51,13,14,16
5183,0,0,0,0,0
5184,3,0,0,0,0
5185,0,0,0,0,0
5186,0,0,0,0,0
5187,0,0,0,0,0
5188,0,0,0,0,0
5189,3,0,0,0,0
5190,0,0,0,0,0
5191,1,0,0,0,0
5192,16,1,1,1,1
5193,48,0,1,0,0
5194,12,5,0,2,2
5195,1,0,0,0,0
5196,0,0,0,0,0
5197,0,0,0,0,0
5198,0,0,0,0,0
5199,3,2,1,1,1
5200,3,0,0,0,0
5201,0,0,0,0,0
5202,1,3,2,2,1
5203,43,13,6,1,1
5204,0,0,0,0,0
5205,0,0,0,0,0
5206,0,0,0,0,0
5207,0,0,0,0,0
5208,0,0,0,0,0
5209,0,0,0,0,0
5210,20,27,13,24,29
5211,1,1,0,0,0
5212,16,0,0,0,0
5213,13,0,0,0,0
5214,0,0,0,0,0
5215,264,553,196,253,261
5216,0,0,0,0,0
5217,44,1,2,0,0
5218,0,0,0,0,0
5219,17,2,0,0,0
5220,0,0,0,0,0
5221,0,0,0,0,0
5222,6,1,1,0,0
5223,0,0,0,0,0
5224,0,0,0,0,0
5225,0,0,0,0,0
5226,3,0,0,0,0
5227,0,0,0,0,0
5228,4,0,0,0,0
5229,0,0,0,0,0
5230,0,0,0,0,0
5231,6,0,1,0,0
5232,3,1,0,0,0
5233,0,0,0,0,0
5234,0,0,0,0,0
5235,0,0,0,0,0
5236,1,4,2,1,3
5237,3,0,0,0,0
5238,0,0,0,0,0
5239,2,0,0,0,0
5240,0,0,0,0,0
5241,11,25,4,2,2
5242,86,62,57,52,66
5243,0,0,0,0,0
5244,0,0,0,0,0
5245,0,0,0,0,0
5246,0,0,0,0,0
5247,0,0,0,0,0
5248,0,0,0,0,0
5249,0,0,0,0,0
5250,15,2,7,5,5
5251,0,0,0,0,0
5252,0,0,0,0,0
5253,1,0,0,0,0
5254,0,0,0,0,0
5255,0,0,0,0,0
5256,16,0,0,0,0
5257,8,0,0,0,0
5258,0,0,0,0,0
5259,0,0,0,0,0
5260,0,0,0,0,0
5261,0,0,0,0,0
5262,0,0,0,0,0
5263,0,0,0,0,0
5264,0,0,0,0,0
5265,0,0,0,0,0
5266,4,0,0,0,0
5267,5,0,0,0,0
5268,5,5,1,1,2
5269,69,25,4,3,3
5270,0,0,0,0,0
5271,0,0,0,0,0
5272,2,0,0,0,0
5273,5,0,0,0,0
5274,0,5,0,0,0
5275,2,0,0,0,0
5276,2,2,2,1,2
5277,0,0,0,0,0
5278,0,0,0,0,0
5279,0,0,0,0,0
5280,4,0,0,0,0
5281,4,0,0,0,0
5282,1,0,0,0,0
5283,36,0,0,0,0
5284,110,0,0,0,0
5285,0,0,0,0,0
5286,0,0,0,0,0
5287,2,0,0,0,0
5288,8,0,0,0,0
5289,4,0,0,0,0
5290,3,1,0,0,0
5291,0,0,0,0,0
5292,18,0,0,0,0
5293,0,1,0,0,0
5294,0,0,0,0,0
5295,5,2,0,0,0
5296,1,0,0,0,0
5297,0,0,0,0,0
5298,37,0,0,0,0
5299,1,1,1,1,1
5300,0,0,0,0,0
5301,0,0,0,0,0
5302,12,0,0,0,0
5303,0,0,0,0,0
5304,0,0,0,0,0
5305,0,0,0,0,0
5306,63,13,0,0,0
5307,0,0,0,0,0
5308,0,0,0,0,0
5309,7,0,0,0,0
5310,0,0,0,0,0
5311,0,3,3,1,1
5312,0,0,0,0,0
5313,1,0,0,0,0
5314,0,0,0,0,0
5315,22,3,1,0,0
5316,0,0,0,0,0
5317,0,0,0,0,0
5318,37,5,0,0,0
5319,11,0,0,0,0
5320,0,0,0,0,0
5321,0,0,0,0,0
5322,2,0,0,0,0
5323,1,2,0,1,0
5324,2,0,0,0,0
5325,12,0,1,0,0
5326,1,6,6,1,0
5327,0,0,0,0,0
5328,0,0,0,0,0
5329,0,0,0,0,0
5330,1,0,0,0,0
5331,0,0,0,0,0
5332,87,9,8,8,6
5333,0,0,0,0,0
5334,0,0,0,0,0
5335,0,0,0,0,0
5336,1,0,0,0,0
5337,0,0,0,0,0
5338,2,0,0,0,0
5339,1,0,0,0,0
5340,0,0,0,0,0
5341,0,0,0,0,0
5342,5,0,0,0,0
5343,0,0,0,0,0
5344,0,0,0,0,0
5345,1,3,0,0,0
5346,0,0,0,0,0
5347,5,7,2,1,1
5348,3,0,0,0,0
5349,11,7,12,19,30
5350,0,0,0,0,0
5351,1,0,0,0,0
5352,0,0,0,0,0
5353,0,0,0,0,0
5354,0,0,0,0,0
5355,0,0,0,0,0
5356,9,8,2,1,1
5357,5,7,6,7,6
5358,0,0,0,0,0
5359,1,0,0,0,0
5360,1,3,0,0,0
5361,1,0,0,0,0
5362,257,228,111,111,123
5363,4,0,0,1,0
5364,0,0,0,0,0
5365,0,0,0,0,0
5366,0,0,0,0,0
5367,0,0,0,0,0
5368,4,0,0,0,0
5369,4,0,0,0,0
5370,0,4,2,1,1
5371,0,0,0,0,0
5372,0,0,0,0,0
5373,0,0,0,0,0
5374,0,0,0,0,0
5375,18,2,0,0,0
5376,6,3,0,0,0
5377,0,0,0,0,0
5378,1,0,0,0,0
5379,1,0,0,0,0
5380,0,0,0,0,0
5381,112,29,4,1,2
5382,0,0,0,0,0
5383,1,0,0,0,0
5384,9,8,10,5,4
5385,5,0,0,0,0
5386,0,0,0,0,0
5387,0,0,0,0,0
5388,12,4,0,0,0
5389,0,0,0,0,0
5390,1,0,0,0,0
5391,4,0,0,0,0
5392,0,3,1,0,0
5393,7,0,0,0,0
5394,8,5,0,0,0
5395,1,4,6,4,4
5396,7,0,0,0,0
5397,0,0,0,0,0
5398,10,0,0,0,0
5399,0,0,0,0,0
5400,1,0,0,0,0
5401,0,0,0,0,0
5402,0,0,0,0,0
5403,0,0,0,0,0
5404,7,4,0,0,0
5405,1,3,0,0,0
5406,0,0,0,0,0
5407,0,0,0,0,0
5408,0,0,0,0,0
5409,0,0,0,0,0
5410,0,0,0,0,0
5411,0,0,0,0,0
5412,6,0,0,0,0
5413,0,0,0,0,0
5414,2,0,0,0,0
5415,1,0,0,0,0
5416,2,0,0,0,0
5417,5,0,0,0,0
5418,0,0,0,0,0
5419,18,0,0,0,0
5420,58,1,1,0,0
5421,1,0,0,0,0
5422,0,0,0,0,0
5423,1,0,0,0,0
5424,5,0,0,0,0
5425,0,0,0,0,0
5426,1,36,5,11,11
5427,1,0,0,0,0
5428,0,0,0,0,0
5429,0,0,0,0,0
5430,16,2,2,1,1
5431,0,0,0,0,0
5432,0,0,0,0,0
5433,3,0,0,0,0
5434,2,2,0,0,0
5435,2,0,0,0,0
5436,0,0,0,0,0
5437,0,0,0,0,0
5438,0,0,0,0,0
5439,40,1,0,0,0
5440,0,0,0,0,0
5441,18,4,0,0,0
5442,0,0,0,0,0
5443,0,0,0,0,0
5444,5,0,0,0,0
5445,0,0,0,0,0
5446,0,0,0,0,0
5447,0,0,0,0,0
5448,0,0,0,0,0
5449,1,0,0,0,0
5450,0,0,0,0,0
5451,0,0,0,0,0
5452,0,0,0,0,0
5453,0,0,0,0,0
5454,0,0,0,0,0
5455,0,0,0,0,0
5456,0,0,0,0,0
5457,103,39,20,11,15
5458,14,5,2,1,0
5459,1,0,0,0,0
5460,2,2,3,1,1
5461,0,0,0,0,0
5462,0,0,0,0,0
5463,19,0,0,0,0
5464,0,0,0,0,0
5465,1,0,0,0,0
5466,0,0,0,0,0
5467,71,22,0,0,0
5468,28,8,2,2,2
5469,47,8,9,2,2
5470,10,0,0,0,0
5471,0,1,0,0,0
5472,23,0,0,0,0
5473,0,0,0,0,0
5474,29,11,12,5,3
5475,2,0,0,0,0
5476,17,0,0,0,0
5477,2,0,0,0,0
5478,2,2,0,0,0
5479,1,0,0,0,0
5480,0,0,0,0,0
5481,0,0,0,0,0
5482,0,0,0,0,0
5483,0,0,0,0,0
5484,0,0,0,0,0
5485,42,14,8,3,3
5486,10,0,0,0,0
5487,0,0,0,0,0
5488,16,3,3,4,4
5489,0,0,0,0,1
5490,26,0,0,0,0
5491,7,0,0,0,0
5492,5,0,0,0,0
5493,4,1,0,0,0
5494,4,0,0,0,0
5495,2,2,0,0,0
5496,0,0,0,0,0
5497,43,2,0,0,0
5498,1,0,0,0,0
5499,0,0,0,0,0
5500,0,0,0,0,0
5501,0,0,0,0,0
5502,1,0,0,0,0
5503,34,16,21,23,18
5504,1,0,0,0,0
5505,0,0,0,0,0
5506,4,4,0,0,0
5507,0,0,0,0,0
5508,11,0,0,0,0
5509,0,0,0,0,0
5510,20,0,0,1,0
5511,6,2,0,0,0
5512,276,38,29,29,25
5513,9,0,0,0,0
5514,0,0,0,0,0
5515,0,0,0,0,0
5516,0,0,0,0,0
5517,31,1,1,1,1
5518,0,0,0,0,0
5519,0,0,0,0,0
5520,0,0,0,0,0
5521,3,1,0,0,0
5522,0,0,0,0,0
5523,6,0,0,0,0
5524,0,0,0,0,0
5525,0,0,0,0,0
5526,0,0,0,0,0
5527,23,18,1,0,0
5528,36,18,10,5,6
5529,41,203,118,95,110
5530,0,0,0,0,0
5531,0,0,0,0,0
5532,0,0,0,0,0
5533,0,0,0,0,0
5534,155,47,19,16,16
5535,11,0,0,0,0
5536,0,0,0,0,0
5537,0,0,0,0,0
5538,0,0,0,0,0
5539,0,0,0,0,0
5540,0,0,0,0,0
5541,0,0,0,0,0
5542,0,0,0,0,0
5543,79,2,7,6,5
5544,7,1,1,1,1
5545,0,0,0,0,0
5546,0,0,0,0,0
5547,0,0,0,0,0
5548,0,0,0,0,0
5549,11,0,0,0,0
5550,10,0,0,0,0
5551,0,0,0,0,0
5552,0,0,0,0,0
5553,121,11,4,4,3
5554,0,0,0,0,0
5555,1,0,0,0,0
5556,0,0,0,0,0
5557,6,0,0,0,0
5558,0,0,0,0,0
5559,1,0,0,0,0
5560,2,0,0,0,0
5561,0,0,0,0,0
5562,0,0,0,0,0
5563,5,0,0,0,0
5564,0,0,0,0,0
5565,3,1,0,0,0
5566,1,0,0,0,0
5567,16,0,0,0,0
5568,5,0,0,0,0
5569,1,0,0,0,0
5570,44,5,0,0,1
5571,1,0,0,0,0
5572,0,0,0,0,0
5573,79,475,268,261,273
5574,1,0,0,0,0
5575,0,0,0,0,0
5576,0,0,0,0,0
5577,9,2,0,0,0
5578,0,0,0,0,0
5579,0,0,0,0,0
5580,2,0,0,0,0
5581,0,0,0,0,0
5582,1,0,0,0,0
5583,10,1,1,1,1
5584,7,0,0,0,0
5585,1,0,0,0,0
5586,4,0,0,0,0
5587,3,0,0,0,0
5588,0,0,0,0,0
5589,9,0,0,0,0
5590,2,0,0,0,0
5591,20,20,5,1,1
5592,0,0,0,0,0
5593,1,2,0,0,0
5594,0,0,0,0,0
5595,2,0,0,0,0
5596,0,0,0,0,0
5597,20,0,0,0,0
5598,19,6,2,2,1
5599,0,0,0,0,0
5600,2,0,0,0,0
5601,43,3,1,1,1
5602,1,0,0,0,0
5603,6,0,0,0,0
5604,0,0,0,0,0
5605,0,0,0,0,0
5606,0,0,0,0,0
5607,1,0,0,0,0
5608,0,0,0,0,0
5609,0,0,0,0,0
5610,0,0,0,0,0
5611,6,3,0,0,0
5612,1,0,0,0,0
5613,0,0,0,0,0
5614,3,0,1,0,0
5615,0,0,0,0,0
5616,10,0,0,0,0
5617,0,0,0,0,0
5618,0,0,0,0,0
5619,0,0,0,0,0
5620,0,0,0,0,0
5621,0,0,0,0,0
5622,4,0,0,0,0
5623,0,0,0,0,0
5624,0,0,0,0,0
5625,30,2,0,0,0
5626,0,0,0,0,0
5627,2,0,0,0,0
5628,0,1,0,0,0
5629,6,1,0,0,0
5630,0,0,0,0,0
5631,0,0,0,0,0
5632,29,0,0,0,0
5633,0,0,0,0,0
5634,0,0,0,0,0
5635,13,0,0,0,0
5636,0,0,0,0,0
5637,0,0,0,0,0
5638,0,0,0,0,0
5639,0,0,0,0,0
5640,0,0,0,0,0
5641,2,0,0,0,0
5642,0,0,0,0,0
5643,1,0,0,0,0
5644,0,0,0,0,0
5645,47,4,4,2,2
5646,0,0,0,0,0
5647,0,0,0,0,0
5648,0,0,0,0,0
5649,2,0,0,0,0
5650,4,0,0,0,0
5651,0,0,0,0,0
5652,8,0,0,0,0
5653,0,0,0,0,0
5654,5,0,0,0,0
5655,1,0,0,0,0
5656,0,0,0,0,0
5657,2,0,0,0,0
5658,267,52,19,11,12
5659,0,0,0,0,0
5660,0,0,0,0,0
5661,2,1,0,0,1
5662,6,6,9,5,6
5663,1,0,0,0,0
5664,0,0,0,0,0
5665,1,0,0,0,0
5666,1,0,0,0,0
5667,0,0,0,0,0
5668,0,0,0,0,0
5669,0,0,0,0,0
5670,7,3,0,0,0
5671,0,0,0,0,0
5672,2,1,1,1,1
5673,0,0,0,0,0
5674,0,0,0,0,0
5675,0,0,0,0,0
5676,0,0,0,0,0
5677,5,2,0,0,0
5678,0,0,0,0,0
5679,0,0,0,0,0
5680,15,0,0,0,0
5681,7,0,0,0,0
5682,10,0,0,0,0
5683,33,11,1,1,1
5684,21,10,0,0,0
5685,0,0,0,0,0
5686,1,0,0,0,0
5687,0,0,0,0,0
5688,0,0,0,0,0
5689,1,0,0,0,0
5690,6,29,11,4,3
5691,7,0,0,0,0
5692,31,0,0,0,0
5693,0,0,0,0,0
5694,0,0,0,0,0
5695,7,0,0,0,0
5696,6,6,4,2,2
5697,0,0,0,0,0
5698,1,0,1,1,1
5699,0,0,0,0,0
5700,9,0,0,0,0
5701,0,0,0,0,0
5702,1,0,0,0,0
5703,0,0,0,0,0
5704,2,0,0,0,0
5705,0,0,0,0,0
5706,31,4,1,1,1
5707,0,0,0,0,0
5708,0,0,0,0,0
5709,64,2,5,5,5
5710,0,0,0,0,0
5711,2,0,0,0,0
5712,1,2,1,0,0
5713,6,3,0,0,0
5714,59,1,1,1,2
5715,3,0,0,0,0
5716,0,2,1,1,1
5717,3,0,0,0,0
5718,5,0,0,0,0
5719,0,0,0,0,0
5720,0,0,0,0,0
5721,2,0,0,0,0
5722,1,0,0,0,0
5723,1,0,0,0,0
5724,1,0,0,0,0
5725,0,0,0,0,0
5726,8,2,0,0,0
5727,4,1,0,0,0
5728,3,0,0,0,0
5729,0,0,0,0,0
5730,0,0,0,0,0
5731,2,0,0,0,0
5732,0,0,0,0,0
5733,77,14,9,6,3
5734,5,1,0,0,0
5735,0,0,0,0,0
5736,12,0,0,0,0
5737,0,0,0,0,0
5738,0,0,0,0,0
5739,1,0,0,0,0
5740,2,1,0,0,0
5741,3,0,0,0,0
5742,0,0,0,0,0
5743,0,0,0,0,0
5744,0,0,0,0,0
5745,0,0,0,0,0
5746,6,2,0,0,0
5747,0,0,0,0,0
5748,0,0,0,0,0
5749,0,0,0,0,0
5750,0,0,0,0,0
5751,0,0,0,0,0
5752,0,0,0,0,0
5753,0,0,0,0,0
5754,2,0,0,0,0
5755,0,0,0,0,0
5756,0,0,0,0,0
5757,0,0,0,0,0
5758,0,0,0,0,0
5759,58,1,0,0,0
5760,0,0,0,0,0
5761,2,0,0,0,0
5762,5,0,0,0,0
5763,1,0,0,0,0
5764,0,0,0,0,0
5765,1,0,0,0,0
5766,0,0,0,0,0
5767,0,0,0,0,0
5768,0,0,0,0,0
5769,55,47,47,91,75
5770,1,0,0,0,0
5771,16,1,0,0,0
5772,0,0,0,0,0
5773,3,4,1,1,1
5774,0,0,0,0,0
5775,7,0,0,0,0
5776,0,0,0,0,0
5777,3,0,0,0,0
5778,0,0,0,0,0
5779,24,12,7,2,4
5780,3,0,0,0,0
5781,2,0,1,0,0
5782,1,0,0,0,0
5783,0,0,0,0,0
5784,3,0,0,0,0
5785,0,0,0,0,0
5786,0,0,0,0,0
5787,0,0,0,0,0
5788,0,0,0,0,0
5789,0,0,0,0,0
5790,62,20,2,1,0
5791,1,0,0,0,0
5792,0,0,0,0,0
5793,0,0,0,0,0
5794,1,0,0,0,0
5795,1,0,0,0,0
5796,70,1,0,0,0
5797,0,0,0,0,0
5798,0,0,0,0,0
5799,1,0,0,0,0
5800,0,0,0,0,0
5801,17,0,0,0,0
5802,1,0,0,0,0
5803,0,0,0,0,0
5804,0,0,0,0,0
5805,0,0,0,0,0
5806,0,0,0,0,0
5807,0,0,0,0,0
5808,86,12,0,0,0
5809,0,0,0,0,0
5810,2,0,0,0,0
5811,0,0,0,0,0
5812,0,0,0,0,0
5813,2,4,0,0,0
5814,0,0,0,0,0
5815,1,0,0,0,0
5816,1,0,0,0,0
5817,6,0,0,0,0
5818,22,0,0,0,0
5819,15,0,0,0,0
5820,0,0,0,0,0
5821,0,0,0,0,0
5822,1,0,0,0,0
5823,0,0,0,0,0
5824,8,2,2,2,2
5825,3,0,0,0,0
5826,94,2,4,1,2
5827,0,0,0,0,0
5828,11,38,26,22,21
5829,13,2,0,0,0
5830,0,0,0,0,0
5831,0,0,0,0,0
5832,0,0,0,0,0
5833,17,0,0,1,1
5834,0,0,0,0,0
5835,0,0,0,0,0
5836,0,0,0,0,0
5837,0,0,0,0,0
5838,0,0,0,0,0
5839,0,0,0,0,0
5840,0,0,0,0,0
5841,0,0,0,0,0
5842,50,12,7,5,4
5843,0,0,0,0,0
5844,2,3,0,0,0
5845,1,2,2,0,0
5846,0,0,0,0,0
5847,0,0,0,0,0
5848,0,0,0,0,0
5849,0,0,0,0,0
5850,0,0,0,0,0
5851,8,0,0,0,0
5852,1,0,0,0,0
5853,0,0,0,0,0
5854,1,0,0,0,0
5855,5,0,0,0,0
5856,0,0,0,0,0
5857,12,0,0,0,0
5858,13,0,0,0,0
5859,1,1,0,0,0
5860,0,0,0,0,0
5861,18,20,1,0,0
5862,7,0,0,0,0
5863,0,0,0,0,0
5864,0,0,0,0,0
5865,4,0,0,1,1
5866,0,0,0,0,0
5867,4,0,0,0,0
5868,12,0,0,0,0
5869,0,0,0,0,0
5870,13,6,2,1,1
5871,0,0,0,0,0
5872,0,0,0,0,0
5873,0,0,0,0,0
5874,0,0,0,0,0
5875,1,0,0,0,0
5876,0,0,0,0,0
5877,1,0,0,0,0
5878,1,0,0,0,0
5879,0,0,0,0,0
5880,0,0,0,0,0
5881,0,0,0,0,0
5882,0,0,0,0,0
5883,6,5,3,3,2
5884,0,2,0,0,0
5885,0,0,0,0,0
5886,2,1,0,0,0
5887,0,0,0,0,0
5888,0,0,0,0,0
5889,0,0,0,0,0
5890,123,41,23,34,36
5891,2,0,0,0,0
5892,0,0,0,0,0
5893,6,0,0,0,0
5894,0,0,0,0,0
5895,0,0,0,0,0
5896,0,0,0,0,0
5897,1,1,1,0,1
5898,0,0,0,0,0
5899,0,0,0,0,0
5900,36,2,1,1,1
5901,0,0,0,0,0
5902,0,0,0,0,0
5903,0,0,0,0,0
5904,0,0,0,0,0
5905,174,39,7,3,1
5906,0,0,0,0,0
5907,0,0,0,0,0
5908,0,0,0,0,0
5909,0,0,0,0,0
5910,0,0,0,0,0
5911,5,0,0,0,0
5912,0,0,0,0,0
5913,4,0,0,0,0
5914,3,0,0,0,0
5915,2,0,0,0,0
5916,15,2,0,0,0
5917,13,4,0,0,0
5918,7,0,0,0,0
5919,0,0,0,0,0
5920,1,0,0,0,0
5921,0,0,0,0,0
5922,0,0,0,0,0
5923,52,1,0,0,0
5924,2,0,0,0,0
5925,0,0,0,0,0
5926,18,13,1,1,1
5927,0,0,0,0,0
5928,0,0,0,0,0
5929,4,0,0,0,0
5930,0,0,0,0,0
5931,1,0,0,0,0
5932,0,0,0,0,0
5933,0,0,0,0,0
5934,44,4,1,0,0
5935,0,0,0,0,0
5936,0,0,0,0,0
5937,0,0,0,0,0
5938,43,9,0,0,0
5939,6,0,0,0,0
5940,0,0,0,0,0
5941,23,0,0,0,0
5942,1,0,0,0,0
5943,0,0,0,0,0
5944,4,2,0,0,0
5945,4,0,0,0,0
5946,0,0,0,0,0
5947,5,1,0,0,0
5948,0,0,0,0,0
5949,0,0,0,0,0
5950,0,0,0,0,0
5951,0,0,0,0,0
5952,0,0,0,0,0
5953,1,0,0,0,0
5954,2,0,0,0,0
5955,0,0,0,0,0
5956,4,3,2,1,1
5957,0,1,0,0,0
5958,5,0,0,0,0
5959,0,0,0,0,0
5960,0,0,0,0,0
5961,0,0,0,0,0
5962,0,0,0,0,0
5963,79,1,0,0,0
5964,0,0,0,0,0
5965,0,0,0,0,0
5966,4,3,3,2,1
5967,0,0,0,0,0
5968,0,0,0,0,0
5969,0,0,0,0,0
5970,25,5,3,4,4
5971,7,28,7,3,3
5972,0,0,0,0,0
5973,0,0,0,0,0
5974,87,2,0,0,0
5975,0,0,0,0,0
5976,0,0,0,0,0
5977,1,5,1,1,1
5978,0,0,0,0,0
5979,27,3,2,0,1
5980,0,0,0,0,0
5981,0,0,0,0,0
5982,0,0,0,0,0
5983,0,0,0,0,0
5984,0,0,0,0,0
5985,0,0,0,0,0
5986,10,0,0,0,0
5987,0,0,0,0,0
5988,0,0,0,0,0
5989,0,0,0,0,0
5990,0,0,0,0,0
5991,0,0,0,0,0
5992,0,0,0,0,0
5993,0,0,0,0,0
5994,5,6,0,0,0
5995,1,0,0,0,0
5996,29,1,0,0,0
5997,0,0,0,0,0
5998,8,0,0,0,0
5999,1,0,0,0,0
6000,2,0,0,0,0
6001,0,0,0,0,0
6002,1,3,1,0,0
6003,2,0,0,0,0
6004,0,0,0,0,0
6005,0,0,0,0,0
6006,4,0,0,0,0
6007,0,0,0,0,0
6008,2,0,0,0,0
6009,0,0,0,0,0
6010,0,0,0,0,0
6011,0,0,0,0,0
6012,2,1,0,0,0
6013,1,0,0,0,0
6014,0,0,0,0,0
6015,25,13,5,1,1
6016,0,0,0,0,0
6017,0,0,0,0,0
6018,187,1,0,0,0
6019,0,0,0,0,0
6020,0,0,0,0,0
6021,0,0,0,0,0
6022,91,150,241,103,126
6023,52,2,1,0,0
6024,2,0,0,0,0
6025,7,0,0,0,0
6026,6,1,0,0,0
6027,0,0,0,0,0
6028,0,0,0,0,0
6029,0,0,0,0,0
6030,14,0,0,0,0
6031,0,0,0,0,0
6032,1,0,0,0,0
6033,0,0,0,0,0
6034,0,0,0,0,0
6035,0,0,0,0,0
6036,29,0,0,0,0
6037,28,4,0,0,0
6038,0,0,0,0,0
6039,0,0,0,0,0
6040,7,5,0,0,0
6041,0,0,0,0,0
6042,0,0,0,0,0
6043,0,0,0,0,0
6044,2,0,0,0,0
6045,0,0,0,0,0
6046,0,9,9,16,15
6047,0,0,0,0,0
6048,36,8,1,0,0
6049,100,24,2,0,0
6050,1,1,0,0,0
6051,0,0,0,0,0
6052,0,0,0,0,0
6053,20,6,3,1,1
6054,0,0,0,0,0
6055,0,0,0,0,0
6056,0,2,0,0,0
6057,0,0,0,0,0
6058,11,10,5,0,2
6059,8,0,0,0,0
6060,1,0,0,0,0
6061,0,0,0,0,0
6062,5,0,0,0,0
6063,0,0,0,0,0
6064,17,0,0,0,0
6065,0,0,0,0,0
6066,1,4,6,11,13
6067,1,0,0,0,0
6068,0,1,0,0,0
6069,2,1,0,0,0
6070,1,0,0,0,0
6071,0,0,0,0,0
6072,0,0,0,0,0
6073,0,0,0,0,0
6074,0,0,0,0,0
6075,0,0,0,0,0
6076,3,1,0,0,0
6077,0,0,0,0,0
6078,32,0,0,0,0
6079,0,1,0,0,0
6080,6,1,0,0,0
6081,4,0,0,0,0
6082,2,0,0,0,0
6083,0,0,0,0,0
6084,0,0,0,0,0
6085,0,0,0,0,0
6086,1,0,0,0,0
6087,2,0,0,0,0
6088,1,0,0,0,0
6089,6,0,0,0,0
6090,0,0,0,0,0
6091,0,0,0,0,0
6092,0,0,0,0,0
6093,0,0,0,0,0
6094,0,0,0,0,0
6095,156,62,3,1,1
6096,2,0,0,0,0
6097,13,0,0,0,0
6098,0,1,0,0,0
6099,0,0,0,0,0
6100,0,0,0,0,0
6101,11,8,3,0,0
6102,24,0,0,0,0
6103,0,0,0,0,0
6104,0,1,0,0,0
6105,7,0,0,0,0
6106,0,0,0,0,0
6107,1,0,1,1,1
6108,0,0,0,0,0
6109,0,0,0,0,0
6110,26,0,0,0,0
6111,34,0,0,0,0
6112,0,0,0,0,0
6113,0,0,0,0,0
6114,0,0,0,0,0
6115,12,0,0,0,0
6116,0,0,0,0,0
6117,3,0,0,0,0
6118,1,0,0,0,0
6119,0,0,0,0,0
6120,3,0,0,0,0
6121,1,0,0,0,0
6122,4,0,0,0,0
6123,0,0,0,0,0
6124,0,0,0,0,0
6125,0,0,0,0,0
6126,0,0,0,0,0
6127,150,8,29,1,2
6128,0,0,0,0,0
6129,4,0,0,0,0
6130,19,4,0,0,0
6131,3,0,0,0,0
6132,0,0,0,0,0
6133,1,0,0,0,0
6134,0,0,0,0,0
6135,5,0,0,0,0
6136,1,0,0,0,0
6137,1,0,0,0,0
6138,0,0,0,0,0
6139,0,0,0,0,0
6140,0,0,0,0,0
6141,31,0,0,0,0
6142,2,0,0,0,0
6143,10,0,0,0,0
6144,23,0,0,0,0
6145,0,0,0,0,0
6146,7,0,0,0,0
6147,0,0,0,0,0
6148,2,0,0,0,0
6149,2,8,1,1,1
6150,0,0,0,0,0
6151,0,0,0,0,0
6152,0,0,0,0,0
6153,27,3,12,3,2
6154,3,0,0,0,0
6155,2,0,0,0,0
6156,0,0,0,0,0
6157,8,12,0,1,0
6158,0,0,0,0,0
6159,0,0,0,0,0
6160,17,0,0,0,0
6161,0,0,0,0,0
6162,3,0,0,0,0
6163,0,0,0,0,0
6164,0,0,0,0,0
6165,0,0,0,0,0
6166,10,0,0,0,0
6167,2,0,0,0,0
6168,0,0,0,0,0
6169,14,1,0,0,0
6170,0,0,0,0,0
6171,0,0,0,0,0
6172,0,0,0,0,0
6173,3,0,0,0,0
6174,2,0,0,0,0
6175,1,0,0,0,0
6176,0,0,0,0,0
6177,0,0,0,0,0
6178,0,0,0,0,0
6179,0,0,0,0,0
6180,5,0,0,0,0
6181,0,0,0,0,0
6182,0,0,0,0,0
6183,0,0,0,0,0
6184,0,0,0,0,0
6185,5,9,0,0,0
6186,0,0,0,0,0
6187,0,0,0,0,0
6188,18,1,0,0,0
6189,0,0,0,0,0
6190,0,0,0,0,0
6191,0,0,0,0,0
6192,1,0,0,0,0
6193,0,0,0,0,0
6194,0,0,0,0,0
6195,0,0,0,0,0
6196,0,0,0,0,0
6197,1,0,0,0,0
6198,8,0,0,0,0
6199,0,0,0,0,0
6200,1,0,0,0,0
6201,0,0,0,0,0
6202,0,0,0,0,0
6203,22,15,6,2,4
6204,7,4,3,3,3
6205,0,0,0,0,0
6206,4,0,0,0,0
6207,21,39,14,8,9
6208,0,0,0,0,0
6209,0,0,0,0,0
6210,0,0,0,0,0
6211,1,0,0,0,0
6212,0,0,0,0,0
6213,41,6,7,5,3
6214,0,0,0,0,0
6215,0,0,0,0,0
6216,1,0,0,0,0
6217,3,0,0,0,0
6218,0,0,0,0,0
6219,0,0,0,0,0
6220,0,0,0,0,0
6221,1,0,0,0,0
6222,0,0,0,0,0
6223,0,0,0,0,0
6224,0,0,0,0,0
6225,68,0,0,0,0
6226,0,0,0,0,0
6227,0,0,0,0,0
6228,0,0,0,0,0
6229,7,0,0,0,0
6230,0,0,0,0,0
6231,0,0,0,0,0
6232,3,0,0,0,0
6233,0,0,0,0,0
6234,128,56,6,0,1
6235,0,0,0,0,0
6236,2,0,0,0,0
6237,17,49,2,1,1
6238,0,0,0,0,0
6239,1,0,0,0,0
6240,0,0,0,0,0
6241,0,0,0,0,0
6242,5,0,0,0,0
6243,32,19,7,3,3
6244,0,0,0,0,0
6245,0,1,1,1,1
6246,0,0,0,0,0
6247,0,0,0,0,0
6248,1,0,0,0,0
6249,1,0,0,0,0
6250,1,0,0,0,0
6251,6,15,3,5,4
6252,0,0,0,0,0
6253,139,176,67,81,70
6254,0,0,0,0,0
6255,113,0,0,0,0
6256,0,0,0,0,0
6257,2,0,0,0,0
6258,1,0,0,0,0
6259,0,0,0,0,0
6260,0,0,0,0,0
6261,0,1,0,0,0
6262,0,0,0,0,0
6263,0,1,0,0,0
6264,5,8,15,7,6
6265,0,0,0,0,0
6266,0,0,0,0,0
6267,5,0,0,0,0
6268,1,0,0,0,0
6269,0,0,0,0,0
6270,0,0,0,0,0
6271,0,0,0,0,0
6272,2,0,0,0,0
6273,0,0,0,0,0
6274,3,0,0,0,0
6275,2,0,0,0,0
6276,1,4,3,0,0
6277,2,0,0,0,0
6278,7,0,0,0,0
6279,1,0,0,0,0
6280,85,44,8,5,5
6281,0,0,0,0,0
6282,0,0,0,0,0
6283,1,2,1,1,1
6284,0,0,0,0,0
6285,0,0,0,0,0
6286,0,0,0,0,0
6287,10,0,0,0,0
6288,1,0,0,0,0
6289,0,0,0,0,0
6290,0,0,0,0,0
6291,3,0,0,0,0
6292,1,0,0,0,0
6293,0,0,0,0,0
6294,0,0,0,0,0
6295,0,0,0,0,0
6296,0,0,0,0,0
6297,0,0,0,0,0
6298,0,0,0,0,0
6299,0,0,0,0,0
6300,1,0,0,0,0
6301,2,0,0,0,0
6302,4,0,0,0,0
6303,0,0,0,0,0
6304,2,0,0,0,0
6305,0,0,0,0,0
6306,0,0,0,0,0
6307,0,1,0,0,0
6308,6,1,0,0,0
6309,1,1,1,1,1
6310,0,0,0,0,0
6311,1,1,0,0,0
6312,0,0,0,0,0
6313,0,0,0,0,0
6314,0,0,0,0,0
6315,0,0,0,0,0
6316,0,0,0,0,0
6317,0,0,0,0,0
6318,0,0,0,0,0
6319,0,0,0,0,0
6320,0,0,0,0,0
6321,8,0,0,0,0
6322,0,0,0,0,0
6323,0,0,0,0,0
6324,6,0,0,0,0
6325,0,0,0,0,0
6326,68,109,29,23,24
6327,0,0,0,0,0
6328,0,0,0,0,0
6329,0,0,0,0,0
6330,0,0,0,0,0
6331,43,8,3,1,1
6332,0,0,0,0,0
6333,0,0,0,0,0
6334,0,0,0,0,0
6335,0,0,0,0,0
6336,1,0,0,0,0
6337,0,0,0,0,0
6338,0,0,0,0,0
6339,4,0,0,0,0
6340,0,0,0,0,0
6341,0,2,0,0,0
6342,0,0,0,0,0
6343,1,0,0,0,0
6344,49,9,0,0,0
6345,23,0,0,1,0
6346,14,2,0,0,0
6347,0,0,0,0,0
6348,1,0,0,0,0
6349,0,0,0,0,0
6350,0,0,0,0,0
6351,0,0,0,0,0
6352,0,0,0,0,0
6353,0,0,0,0,0
6354,0,0,0,0,0
6355,3,2,2,2,1
6356,0,0,0,0,0
6357,9,9,5,1,1
6358,1,0,0,0,0
6359,15,0,0,0,0
6360,0,0,0,0,0
6361,15,0,0,0,0
6362,34,10,2,0,0
6363,0,0,0,0,0
6364,2,0,0,0,0
6365,14,0,0,0,0
6366,1,0,0,0,0
6367,15,2,1,1,1
6368,1,0,0,0,0
6369,0,0,0,0,0
6370,5,4,3,2,2
6371,3,0,0,0,0
6372,47,12,0,0,0
6373,0,0,0,0,0
6374,0,0,0,0,0
6375,3,0,0,0,0
6376,0,0,0,0,0
6377,1,0,0,0,0
6378,5,0,0,0,0
6379,0,0,0,0,0
6380,3,0,0,0,0
6381,16,0,0,0,0
6382,0,0,0,0,0
6383,1,0,0,0,0
6384,1,0,0,0,0
6385,0,0,0,0,0
6386,1,0,0,0,0
6387,1,0,0,0,0
6388,0,0,0,0,0
6389,0,6,3,2,2
6390,14,3,0,0,0
6391,0,0,0,0,0
6392,0,0,0,0,0
6393,8,0,0,0,0
6394,11,1,0,0,0
6395,0,0,0,0,0
6396,3,0,0,0,0
6397,0,0,0,0,0
6398,0,0,0,0,0
6399,0,0,0,0,0
6400,2,1,0,1,1
6401,0,0,0,0,0
6402,4,0,0,0,0
6403,1,0,0,0,0
6404,0,0,0,0,0
6405,46,12,5,3,3
6406,130,1,0,0,0
6407,0,0,0,0,0
6408,0,0,0,0,0
6409,5,18,2,1,0
6410,20,2,1,0,0
6411,0,0,0,0,0
6412,5,0,0,0,0
6413,0,0,0,0,0
6414,0,0,0,0,0
6415,0,0,0,0,0
6416,0,0,0,0,0
6417,0,0,0,0,0
6418,6,0,0,0,0
6419,1,1,0,0,0
6420,7,0,0,0,0
6421,32,0,0,0,0
6422,0,0,0,0,0
6423,0,0,0,0,0
6424,0,0,0,0,0
6425,0,0,0,0,0
6426,25,2,4,5,5
6427,1,6,2,0,0
6428,12,0,0,0,0
6429,0,0,0,0,0
6430,0,0,0,0,0
6431,1,0,0,0,0
6432,0,0,0,0,0
6433,8,0,0,0,0
6434,2,0,0,0,0
6435,10,5,0,0,0
6436,23,0,0,0,0
6437,0,0,0,0,0
6438,0,0,0,0,0
6439,0,0,0,0,0
6440,5,2,0,0,0
6441,0,0,0,0,0
6442,0,0,0,0,0
6443,3,0,0,0,0
6444,1,0,0,0,0
6445,3,0,0,0,0
6446,11,0,0,0,0
6447,46,1,0,0,0
6448,0,0,0,0,0
6449,0,0,0,0,0
6450,0,0,0,0,0
6451,0,0,0,0,0
6452,7,1,0,0,0
6453,0,0,0,0,0
6454,101,51,12,9,8
6455,0,0,0,0,0
6456,0,0,0,0,0
6457,0,0,0,0,0
6458,0,1,1,0,0
6459,0,0,0,0,0
6460,0,0,0,0,0
6461,5,0,0,0,0
6462,0,0,0,0,0
6463,0,0,0,0,0
6464,0,0,0,0,0
6465,18,0,0,0,0
6466,36,5,5,10,9
6467,0,0,0,0,0
6468,1,0,0,0,0
6469,37,1,0,0,0
6470,0,0,0,0,0
6471,12,6,1,0,0
6472,0,0,0,0,0
6473,0,0,0,0,0
6474,0,0,1,2,2
6475,1,0,0,0,0
6476,29,0,0,0,0
6477,0,0,0,0,0
6478,0,0,0,0,0
6479,0,0,0,0,0
6480,6,2,0,0,0
6481,0,0,0,0,0
6482,0,0,0,0,0
6483,1,0,0,1,2
6484,0,1,0,0,0
6485,0,0,0,0,0
6486,10,0,0,0,0
6487,0,0,0,0,0
6488,0,0,0,0,0
6489,0,0,0,0,0
6490,53,1,0,0,0
6491,2,0,0,0,0
6492,1,1,0,0,0
6493,3,0,0,0,0
6494,0,0,0,0,0
6495,0,0,0,0,0
6496,0,0,0,0,0
6497,0,1,0,0,0
6498,0,0,0,0,0
6499,0,0,0,0,0
6500,3,0,0,0,0
6501,0,0,0,0,0
6502,0,0,0,0,0
6503,1,0,0,0,0
6504,0,0,0,0,0
6505,0,0,0,0,0
6506,0,0,0,0,0
6507,0,0,0,0,0
6508,6,13,1,1,1
6509,1,0,0,0,0
6510,4,31,27,30,20
6511,0,0,0,0,0
6512,0,0,0,0,0
6513,133,1,0,0,0
6514,0,0,0,0,0
6515,0,0,0,0,0
6516,1,0,0,0,0
6517,1,0,0,0,0
6518,12,0,0,0,0
6519,0,0,0,0,0
6520,1,0,0,0,0
6521,10,0,0,0,0
6522,0,0,0,0,0
6523,1,0,0,0,0
6524,8,0,0,0,0
6525,0,1,0,0,0
6526,0,0,0,0,0
6527,1,0,0,0,0
6528,0,0,0,0,0
6529,0,0,0,0,0
6530,3,0,1,1,1
6531,3,2,1,0,0
6532,0,0,0,0,0
6533,142,215,78,47,44
6534,0,0,0,0,0
6535,4,2,1,0,0
6536,0,0,0,0,0
6537,0,0,0,0,0
6538,2,0,0,0,0
6539,1,0,0,0,0
6540,0,0,0,0,0
6541,4,0,0,0,0
6542,61,2,0,0,0
6543,0,0,0,0,0
6544,2,0,0,0,0
6545,0,0,0,0,0
6546,2,4,3,0,0
6547,0,0,0,0,0
6548,15,1,1,0,0
6549,7,4,0,0,0
6550,0,0,0,0,0
6551,14,8,4,4,4
6552,0,0,0,0,0
6553,1,0,0,0,0
6554,1,0,0,0,0
6555,0,0,0,0,0
6556,3,0,0,0,0
6557,0,0,0,0,0
6558,0,0,0,0,0
6559,0,0,0,0,0
6560,46,4,11,7,8
6561,0,1,0,0,0
6562,0,0,0,0,0
6563,1,6,0,0,0
6564,0,0,0,0,0
6565,0,0,0,0,0
6566,1,0,0,0,0
6567,0,0,0,0,0
6568,10,3,9,8,9
6569,15,0,0,0,0
6570,0,0,0,0,0
6571,0,0,0,0,0
6572,0,0,0,0,0
6573,0,0,0,0,0
6574,0,0,0,0,0
6575,3,0,0,0,0
6576,5,1,0,0,0
6577,0,0,0,0,0
6578,0,0,0,0,0
6579,0,0,0,0,0
6580,0,0,0,0,0
6581,0,0,0,0,0
6582,1,1,0,0,0
6583,19,18,11,9,5
6584,0,0,0,0,0
6585,0,0,0,0,1
6586,0,0,0,0,0
6587,0,0,0,0,0
6588,3,0,0,0,0
6589,11,0,0,0,0
6590,23,0,0,0,0
6591,0,0,0,0,0
6592,0,0,0,0,0
6593,22,0,0,0,0
6594,0,0,0,0,0
6595,0,0,0,0,0
6596,0,0,0,0,0
6597,4,0,0,0,0
6598,0,0,0,0,0
6599,0,0,0,0,0
6600,1,3,0,0,0
6601,1,0,0,0,0
6602,1,0,0,0,0
6603,6,0,0,0,0
6604,0,0,0,0,0
6605,0,0,0,0,0
6606,0,0,0,0,0
6607,0,0,0,0,0
6608,0,0,0,0,0
6609,0,0,0,0,0
6610,0,0,0,0,0
6611,0,0,0,0,0
6612,1,0,1,1,1
6613,0,0,0,0,0
6614,1,0,0,0,0
6615,4,1,5,1,0
6616,0,0,0,0,0
6617,3,0,0,0,0
6618,0,0,0,0,0
6619,0,0,0,0,0
6620,0,0,0,0,0
6621,1,0,0,0,0
6622,0,1,0,0,0
6623,4,1,1,0,0
6624,0,0,0,0,0
6625,1,3,0,0,0
6626,0,0,0,0,0
6627,6,0,0,0,0
6628,0,0,0,0,0
6629,0,0,0,0,0
6630,0,0,0,0,0
6631,0,0,0,0,0
6632,0,0,0,0,0
6633,0,0,0,0,0
6634,4,0,0,0,0
6635,0,1,0,0,0
6636,58,7,0,0,0
6637,0,0,0,0,0
6638,0,0,0,0,0
6639,24,0,0,0,0
6640,39,5,3,1,0
6641,1,0,0,0,0
6642,0,0,0,0,0
6643,0,0,0,0,0
6644,0,0,0,0,0
6645,0,0,0,0,0
6646,1,0,0,0,0
6647,17,0,0,0,0
6648,86,10,0,0,0
6649,0,0,0,0,0
6650,15,7,14,14,17
6651,0,0,0,0,0
6652,3,22,15,9,7
6653,0,0,0,0,0
6654,3,0,0,0,0
6655,22,3,0,0,0
6656,0,0,0,0,0
6657,15,6,4,1,1
6658,32,24,35,41,35
6659,0,0,0,0,0
6660,7,0,0,0,0
6661,0,0,0,0,0
6662,0,0,0,0,0
6663,8,0,0,0,0
6664,2,0,0,0,0
6665,76,34,8,14,13
6666,0,0,0,0,0
6667,0,0,0,0,0
6668,3,0,0,0,0
6669,0,0,0,0,0
6670,4,0,0,0,0
6671,146,0,0,0,0
6672,27,4,2,1,0
6673,0,0,0,0,0
6674,18,10,1,2,1
6675,0,0,0,0,0
6676,0,0,0,0,0
6677,0,0,0,0,0
6678,0,0,0,0,0
6679,0,0,0,0,0
6680,0,0,0,0,0
6681,3,0,0,0,0
6682,22,0,0,0,0
6683,0,0,0,0,0
6684,49,2,2,2,2
6685,0,0,0,0,0
6686,0,0,0,0,0
6687,1,0,0,0,0
6688,0,0,0,0,0
6689,0,0,0,0,0
6690,2,0,0,0,0
6691,0,0,0,0,0
6692,0,0,0,0,0
6693,4,4,6,11,13
6694,5,1,0,0,0
6695,33,6,0,0,0
6696,0,0,0,0,0
6697,8,2,0,0,0
6698,0,0,0,0,0
6699,0,7,5,4,4
6700,6,2,0,0,0
6701,8,1,0,0,0
6702,94,23,20,18,19
6703,0,0,0,0,0
6704,2,0,0,0,0
6705,13,17,18,16,16
6706,0,0,0,0,0
6707,2,0,0,0,0
6708,1,0,1,3,2
6709,0,0,0,0,0
6710,0,0,0,0,0
6711,1,0,0,0,0
6712,0,0,0,0,0
6713,0,0,0,0,0
6714,60,1,0,0,0
6715,0,0,0,0,0
6716,0,0,0,0,0
6717,0,0,0,0,0
6718,0,0,0,0,0
6719,0,0,0,0,0
6720,7,0,0,0,0
6721,3,3,3,4,3
6722,4,0,0,0,0
6723,172,20,8,3,3
6724,46,0,0,0,0
6725,0,0,0,0,0
6726,5,0,0,0,0
6727,8,0,0,0,0
6728,15,5,2,2,1
6729,1,0,0,0,0
6730,0,0,0,0,0
6731,0,0,0,0,0
6732,0,0,0,0,0
6733,165,41,20,14,12
6734,1,0,0,0,0
6735,1,0,0,0,0
6736,0,0,0,0,0
6737,0,0,0,0,0
6738,24,73,8,3,2
6739,7,3,3,1,1
6740,4,1,0,0,0
6741,0,0,0,0,0
6742,1,0,0,0,0
6743,4,0,0,0,0
6744,0,0,0,0,0
6745,7,3,0,0,0
6746,0,0,0,0,0
6747,0,0,0,0,0
6748,0,0,0,0,0
6749,0,0,0,0,0
6750,0,0,0,0,0
6751,2,1,0,0,0
6752,0,0,0,0,0
6753,1,0,0,0,0
6754,0,0,0,0,0
6755,0,0,0,0,0
6756,0,0,0,0,0
6757,5,0,0,0,0
6758,1,0,0,0,0
6759,1,0,0,0,0
6760,12,0,0,0,0
6761,0,0,0,0,0
6762,1,0,0,0,0
6763,8,0,0,0,0
6764,1,0,0,0,0
6765,0,0,0,0,0
6766,4,0,0,0,0
6767,0,4,0,0,0
6768,0,0,0,0,0
6769,0,0,0,0,0
6770,1,0,0,0,0
6771,1,0,0,0,0
6772,1,0,0,0,0
6773,11,0,0,0,0
6774,0,0,0,0,0
6775,3,0,0,0,0
6776,0,0,0,0,0
6777,1,0,0,0,0
6778,0,0,0,0,0
6779,0,0,0,0,0
6780,0,0,0,0,0
6781,0,0,0,0,0
6782,0,0,0,0,0
6783,0,0,0,0,0
6784,2,3,2,1,1
6785,0,0,0,0,0
6786,0,0,0,0,0
6787,2,0,0,0,0
6788,1,0,0,0,0
6789,5,7,8,4,3
6790,0,0,0,0,0
6791,2,0,0,0,0
6792,19,0,0,0,0
6793,0,0,0,0,0
6794,1,0,0,0,0
6795,7,0,0,0,0
6796,0,0,0,0,0
6797,0,0,0,0,0
6798,49,2,0,0,0
6799,0,0,0,0,0
6800,0,2,1,0,0
6801,0,0,0,0,0
6802,0,0,0,0,0
6803,1,1,1,1,1
6804,0,0,0,0,0
6805,1,0,0,0,0
6806,8,3,0,0,0
6807,2,0,0,0,0
6808,0,0,0,0,0
6809,1,0,0,0,0
6810,1,0,0,0,0
6811,4,2,0,0,0
6812,0,0,0,0,0
6813,16,3,9,10,9
6814,0,0,0,0,0
6815,3,0,0,0,0
6816,0,0,0,0,0
6817,3,0,0,0,0
6818,0,0,0,0,0
6819,0,0,0,0,0
6820,8,5,8,6,4
6821,0,0,0,0,0
6822,67,0,0,0,0
6823,0,0,0,0,0
6824,1,0,0,0,0
6825,0,0,0,0,0
6826,3,0,0,0,0
6827,101,26,3,2,1
6828,25,1,0,0,0
6829,0,0,0,0,0
6830,0,0,0,0,0
6831,0,0,0,0,0
6832,1,0,0,0,0
6833,0,0,0,0,0
6834,0,0,0,0,0
6835,40,0,0,0,0
6836,0,0,0,0,0
6837,0,0,0,0,0
6838,0,0,0,0,0
6839,0,0,0,0,0
6840,0,0,0,0,0
6841,8,0,0,0,0
6842,0,0,0,0,0
6843,0,0,0,0,0
6844,0,0,0,0,0
6845,0,0,0,0,0
6846,1,0,0,0,0
6847,0,0,0,0,0
6848,14,1,0,0,0
6849,0,0,0,0,0
6850,9,0,0,0,0
6851,0,0,0,0,0
6852,0,0,0,0,0
6853,1,0,0,0,0
6854,5,1,1,1,1
6855,29,0,0,0,0
6856,0,0,0,0,0
6857,0,0,0,0,0
6858,1,0,0,0,0
6859,0,0,0,0,0
6860,0,0,0,0,0
6861,24,3,2,2,2
6862,71,13,4,4,3
6863,0,0,0,0,0
6864,0,0,0,0,0
6865,0,0,0,0,0
6866,0,0,0,0,0
6867,0,1,1,0,0
6868,2,1,0,0,1
6869,0,0,0,0,0
6870,1,0,0,0,0
6871,77,75,41,12,12
6872,69,36,2,1,1
6873,0,0,0,0,0
6874,0,0,0,0,0
6875,3,0,0,0,0
6876,1,0,0,0,0
6877,412,83,61,51,51
6878,8,3,2,2,2
6879,0,0,0,0,0
6880,0,0,0,0,0
6881,0,0,0,0,0
6882,0,0,0,0,0
6883,0,0,0,0,0
6884,0,0,0,0,0
6885,3,7,9,8,6
6886,0,1,0,0,0
6887,0,0,0,0,0
6888,17,1,0,0,1
6889,1,0,0,0,0
6890,0,0,0,0,0
6891,0,0,0,0,0
6892,0,0,0,0,0
6893,0,0,0,0,0
6894,9,0,0,0,0
6895,1,0,0,0,0
6896,0,0,0,0,0
6897,0,0,0,0,0
6898,0,0,0,0,0
6899,16,0,0,0,0
6900,0,0,0,0,0
6901,0,0,0,0,0
6902,7,0,0,0,0
6903,0,0,0,0,0
6904,2,0,0,0,0
6905,0,0,0,0,0
6906,3,0,0,0,0
6907,0,0,0,0,0
6908,6,2,0,0,0
6909,0,0,0,0,0
6910,1,0,0,0,0
6911,11,0,1,0,0
6912,0,0,0,0,0
6913,11,0,0,0,0
6914,1,0,0,0,0
6915,0,0,0,0,0
6916,0,0,0,0,0
6917,0,1,0,0,0
6918,0,0,0,0,0
6919,0,2,0,0,0
6920,0,0,0,0,0
6921,2,0,0,0,0
6922,0,0,0,0,0
6923,0,3,0,0,0
6924,0,0,0,0,0
6925,0,0,0,0,0
6926,1,2,0,0,0
6927,0,0,0,0,0
6928,1,0,0,0,0
6929,0,0,0,0,0
6930,0,0,0,0,0
6931,3,10,33,14,16
6932,0,0,0,0,0
6933,39,1,1,0,1
6934,0,0,0,0,0
6935,0,0,0,0,0
6936,27,3,0,0,0
6937,8,0,0,0,0
6938,0,0,0,0,0
6939,0,0,0,0,0
6940,2,0,0,0,0
6941,0,0,0,0,0
6942,0,0,0,0,0
6943,0,0,0,0,0
6944,0,0,0,0,0
6945,4,0,0,0,0
6946,12,2,3,0,1
6947,0,0,0,0,0
6948,1,0,0,0,0
6949,13,0,0,0,0
6950,0,0,0,0,0
6951,0,0,0,0,0
6952,307,209,28,13,7
6953,1,0,0,0,0
6954,0,0,0,0,0
6955,0,0,0,0,0
6956,0,0,0,0,0
6957,0,0,0,0,0
6958,0,0,0,0,0
6959,0,0,0,0,0
6960,0,0,0,0,0
6961,0,0,0,0,0
6962,13,2,0,0,0
6963,0,0,0,0,0
6964,0,0,0,0,0
6965,0,0,0,0,0
6966,6,0,0,0,0
6967,16,1,1,0,0
6968,0,0,0,0,0
6969,0,0,0,0,0
6970,36,0,0,0,0
6971,0,0,0,0,1
6972,0,0,0,0,0
6973,111,59,56,26,24
6974,0,0,0,0,0
6975,0,0,0,0,0
6976,0,0,0,0,0
6977,1,0,0,0,0
6978,0,0,0,0,0
6979,1,0,0,0,0
6980,8,4,2,0,0
6981,0,0,0,0,0
6982,0,0,0,0,0
6983,0,0,0,0,0
6984,0,0,0,0,0
6985,0,0,0,0,0
6986,1,0,1,1,1
6987,2,0,0,0,0
6988,0,0,0,0,0
6989,0,0,0,0,0
6990,0,0,0,0,0
6991,26,10,14,4,3
6992,0,0,0,0,0
6993,1,0,0,0,0
6994,6,1,0,0,0
6995,0,0,0,0,0
6996,0,0,0,0,0
6997,0,0,0,0,0
6998,35,0,0,0,0
6999,19,0,0,0,0
7000,0,0,0,0,0
7001,0,0,0,0,0
7002,5,0,0,0,0
7003,0,0,0,0,0
7004,15,5,2,2,2
7005,0,0,0,0,0
7006,3,1,1,0,0
7007,34,1,3,4,3
7008,0,0,0,0,0
7009,1,30,33,23,19
7010,1,0,0,0,0
7011,0,0,0,0,0
7012,36,1,1,0,0
7013,0,0,0,0,0
7014,0,0,0,0,0
7015,5,0,0,0,0
7016,0,0,0,0,0
7017,2,0,0,0,0
7018,1,0,0,0,0
7019,0,0,0,0,0
7020,0,0,0,0,0
7021,1,0,0,0,0
7022,52,12,12,4,7
7023,0,0,0,0,0
7024,1,0,0,0,0
7025,7,0,0,0,0
7026,0,1,0,0,0
7027,67,24,53,16,21
7028,0,0,0,0,0
7029,3,0,0,0,0
7030,5,0,0,0,0
7031,0,0,0,0,0
7032,13,1,1,1,1
7033,0,0,0,0,0
7034,2,0,0,0,0
7035,0,0,0,0,0
7036,0,0,0,0,0
7037,0,0,0,0,0
7038,43,110,120,74,56
7039,27,6,0,0,0
7040,0,0,0,0,0
7041,2,1,0,0,0
7042,0,0,0,0,0
7043,0,0,0,0,0
7044,0,0,0,0,0
7045,2,0,0,0,0
7046,0,0,0,0,0
7047,0,0,0,0,0
7048,3,0,0,0,0
7049,0,0,0,0,0
7050,0,0,0,0,0
7051,3,0,0,0,0
7052,1,0,0,0,0
7053,0,0,0,0,0
7054,0,0,0,0,0
7055,5,0,0,0,0
7056,87,33,50,53,35
7057,64,0,0,0,0
7058,0,0,0,0,0
7059,0,0,0,0,0
7060,251,111,156,148,177
7061,0,0,0,0,0
7062,5,0,0,0,0
7063,283,140,178,120,114
7064,0,0,0,0,0
7065,0,0,0,0,0
7066,5,0,1,0,0
7067,1,0,0,0,0
7068,1,0,0,0,0
7069,0,0,0,0,0
7070,13,2,0,0,0
7071,0,0,0,0,0
7072,6,1,0,0,0
7073,17,14,5,0,0
7074,0,0,0,0,0
7075,0,0,0,0,0
7076,0,0,0,0,0
7077,6,1,0,0,0
7078,1,20,4,8,7
7079,1,1,0,0,0
7080,0,0,0,0,0
7081,0,0,0,0,0
7082,4,0,0,0,0
7083,3,2,2,1,1
7084,2,0,0,0,0
7085,2,0,0,0,0
7086,6,0,0,0,0
7087,0,0,0,0,0
7088,0,0,0,0,0
7089,61,17,42,42,36
7090,0,0,0,0,0
7091,0,0,0,0,0
7092,3,0,0,0,0
7093,1,0,0,0,0
7094,1,0,0,0,0
7095,0,0,0,0,0
7096,22,0,0,0,0
7097,0,0,0,0,0
7098,2,0,0,0,0
7099,1,1,0,0,0
7100,9,1,0,0,0
7101,1,0,0,0,0
7102,52,77,6,3,3
7103,12,0,0,0,0
7104,3,1,2,0,0
7105,0,0,0,0,0
7106,0,0,0,0,0
7107,0,4,1,1,0
7108,2,0,0,0,0
7109,1,0,0,0,0
7110,0,0,0,0,0
7111,0,0,0,0,0
7112,0,0,0,0,0
7113,608,559,203,243,278
7114,39,0,0,0,0
7115,1,0,0,0,0
7116,3,0,0,0,0
7117,6,0,0,0,0
7118,1,0,1,0,0
7119,1,0,0,0,0
7120,2,2,0,0,0
7121,0,0,0,0,0
7122,0,0,0,0,0
7123,0,0,0,0,0
7124,0,0,0,0,0
7125,0,1,1,0,0
7126,26,0,0,0,0
7127,0,0,0,0,0
7128,0,0,0,0,0
7129,0,0,0,0,0
7130,2,1,0,0,0
7131,0,0,0,1,0
7132,1,0,0,0,0
7133,1,0,0,0,0
7134,8,0,0,0,0
7135,0,0,0,0,0
7136,29,28,58,48,50
7137,1,0,0,0,0
7138,21,6,4,3,1
7139,0,0,0,0,0
7140,0,0,0,0,0
7141,11,8,1,1,1
7142,0,0,0,0,0
7143,4,0,0,1,1
7144,0,0,0,0,0
7145,0,0,0,0,0
7146,5,0,0,0,0
7147,0,0,0,0,0
7148,1,0,0,0,0
7149,0,0,0,0,0
7150,0,0,0,0,0
7151,0,0,0,0,0
7152,0,0,0,0,0
7153,4,0,0,0,0
7154,5,0,0,0,0
7155,0,0,0,0,0
7156,4,1,0,0,0
7157,0,0,0,0,0
7158,0,0,0,0,0
7159,0,0,0,0,0
7160,1,0,0,0,0
7161,0,0,0,0,0
7162,0,0,0,0,0
7163,0,0,0,0,0
7164,0,0,0,0,0
7165,0,0,0,0,0
7166,0,0,0,0,0
7167,1,0,0,0,0
7168,0,0,0,0,0
7169,0,0,0,0,0
7170,0,0,0,0,0
7171,0,0,0,0,0
7172,0,0,0,0,0
7173,1,0,0,0,0
7174,0,0,0,0,0
7175,0,0,0,0,0
7176,0,0,0,0,0
7177,0,0,0,0,0
7178,0,0,0,0,0
7179,88,0,0,0,0
7180,0,0,0,0,0
7181,0,2,0,0,0
7182,4,0,0,0,0
7183,0,0,0,0,0
7184,0,1,3,3,3
7185,1,0,0,0,0
7186,0,0,0,0,0
7187,1,0,0,0,0
7188,3,1,1,1,1
7189,4,1,1,1,1
7190,0,0,0,0,0
7191,1,31,4,2,2
7192,0,0,0,0,0
7193,0,0,0,0,0
7194,42,42,37,42,42
7195,0,0,0,0,0
7196,12,0,0,0,0
7197,1,0,0,0,0
7198,3,0,0,0,0
7199,2,1,0,0,0
7200,4,0,0,0,0
7201,0,0,0,0,0
7202,0,0,0,0,0
7203,7,0,0,0,0
7204,54,1,0,0,0
7205,0,0,0,0,0
7206,0,0,0,0,0
7207,1,0,0,0,0
7208,0,0,0,0,0
7209,13,0,0,0,0
7210,0,0,0,0,0
7211,0,0,0,0,0
7212,0,0,0,0,0
7213,7,0,0,0,0
7214,1,2,0,0,0
7215,11,15,14,11,11
7216,0,0,0,0,0
7217,0,0,0,0,0
7218,0,0,0,0,0
7219,0,0,0,0,0
7220,2,0,0,0,0
7221,2,0,0,0,0
7222,4,4,0,0,0
7223,0,0,0,0,0
7224,2,0,0,0,0
7225,20,4,7,3,2
7226,3,0,0,0,0
7227,47,90,8,3,3
7228,2,0,0,0,0
7229,44,7,6,1,4
7230,10,0,0,0,0
7231,20,0,0,1,0
7232,80,12,11,10,8
7233,0,0,0,0,0
7234,3,0,0,0,0
7235,0,0,0,0,0
7236,0,0,0,0,0
7237,8,3,1,0,0
7238,3,0,0,0,0
7239,0,0,0,0,0
7240,4,1,0,0,0
7241,8,0,0,0,0
7242,7,3,0,0,0
7243,0,0,0,0,0
7244,10,1,0,0,0
7245,0,0,0,0,0
7246,21,1,0,0,0
7247,3,1,0,0,0
7248,6,1,0,0,0
7249,22,0,0,0,0
7250,0,0,0,0,0
7251,1,0,0,0,0
7252,0,0,0,0,0
7253,1,0,0,0,0
7254,26,13,29,13,12
7255,0,0,0,0,0
7256,3,0,0,0,0
7257,10,5,1,4,4
7258,12,3,0,0,0
7259,2,0,0,0,0
7260,0,0,0,0,0
7261,0,0,0,0,0
7262,0,0,0,0,0
7263,1,0,0,0,0
7264,3,0,0,0,0
7265,2,0,0,0,0
7266,0,0,0,0,0
7267,0,0,0,0,0
7268,9,0,0,0,0
7269,9,1,1,0,0
7270,32,1,0,0,0
7271,0,0,0,0,0
7272,0,0,0,0,0
7273,6,5,0,0,0
7274,0,0,0,0,0
7275,0,0,0,0,0
7276,0,0,0,0,0
7277,0,0,0,0,0
7278,0,0,0,0,0
7279,3,0,0,0,0
7280,0,0,0,0,0
7281,0,0,0,0,0
7282,21,0,0,0,0
7283,1,1,0,0,0
7284,0,0,0,0,0
7285,173,35,13,21,20
7286,5,0,0,0,0
7287,10,0,0,0,0
7288,0,0,0,0,0
7289,0,0,0,0,0
7290,0,0,0,0,0
7291,1,0,0,0,0
7292,0,0,0,0,0
7293,1,0,0,0,0
7294,0,0,0,0,0
7295,3,2,2,1,1
7296,0,0,0,0,0
7297,0,0,0,0,0
7298,0,0,0,0,0
7299,0,0,0,0,0
7300,6,0,0,0,0
7301,0,0,0,0,0
7302,0,0,0,0,0
7303,0,0,0,0,0
7304,0,0,0,0,0
7305,1,0,0,0,0
7306,0,0,0,0,0
7307,0,0,0,0,0
7308,20,0,0,0,0
7309,5,73,34,22,19
7310,3,1,0,0,0
7311,6,0,0,0,0
7312,5,0,0,0,0
7313,0,0,0,0,0
7314,0,0,0,0,0
7315,4,0,0,0,0
7316,5,0,0,0,0
7317,0,0,0,0,0
7318,1,0,0,0,0
7319,0,0,0,0,0
7320,10,0,0,0,0
7321,0,0,0,0,0
7322,4,0,0,0,0
7323,0,0,0,0,0
7324,0,0,0,0,0
7325,0,0,0,0,0
7326,0,0,0,0,0
7327,1,0,0,0,0
7328,0,0,0,0,0
7329,17,0,0,0,0
7330,18,7,3,1,2
7331,0,0,0,0,0
7332,0,0,0,0,0
7333,0,0,0,0,0
7334,0,0,0,0,0
7335,0,0,0,0,0
7336,6,0,0,0,0
7337,0,0,0,0,0
7338,0,0,0,0,0
7339,0,0,0,0,0
7340,42,31,23,11,14
7341,0,0,0,0,0
7342,0,0,0,0,0
7343,6,4,0,0,0
7344,0,0,0,0,0
7345,116,30,66,27,25
7346,0,0,0,0,0
7347,0,0,0,0,0
7348,4,0,0,0,0
7349,48,0,0,0,0
7350,5,0,0,0,0
7351,259,180,94,45,48
7352,37,7,0,0,0
7353,13,1,0,0,0
7354,0,0,0,0,0
7355,5,0,2,2,2
7356,4,1,0,0,0
7357,0,0,0,0,0
7358,27,3,0,0,0
7359,0,0,0,0,0
7360,0,0,0,0,0
7361,0,0,0,0,0
7362,0,0,0,0,0
7363,3,3,1,1,1
7364,0,0,0,0,0
7365,0,0,0,0,0
7366,0,0,0,0,0
7367,4,0,0,0,0
7368,0,0,0,0,0
7369,3,4,7,1,1
7370,14,0,0,0,0
7371,0,0,0,0,0
7372,0,0,0,0,0
7373,1,0,0,0,0
7374,0,0,0,0,0
7375,10,0,0,0,0
7376,0,0,0,0,0
7377,0,0,0,0,0
7378,12,0,0,0,0
7379,0,0,0,0,0
7380,5,0,0,0,0
7381,0,0,0,0,0
7382,0,0,0,0,0
7383,1,0,0,0,0
7384,0,0,0,0,0
7385,0,0,0,0,0
7386,0,0,0,0,0
7387,0,0,0,0,0
7388,0,0,0,0,0
7389,1,0,0,0,0
7390,14,47,26,20,20
7391,0,0,0,0,0
7392,0,0,0,0,0
7393,4,0,0,0,0
7394,1,0,0,0,0
7395,1,0,0,0,0
7396,0,0,0,0,0
7397,1,0,0,0,0
7398,4,0,0,0,0
7399,54,30,13,7,5
7400,0,0,0,0,0
7401,34,14,14,15,17
7402,0,0,0,0,0
7403,0,0,0,0,0
7404,0,0,0,0,0
7405,1,0,0,0,0
7406,1,0,0,0,0
7407,0,0,0,0,0
7408,1,0,0,0,0
7409,3,0,0,0,0
7410,11,0,0,0,0
7411,6,0,0,0,0
7412,144,3,0,0,0
7413,0,0,0,0,0
7414,26,17,4,2,2
7415,0,0,0,0,0
7416,0,0,0,0,0
7417,0,0,0,0,0
7418,0,0,0,0,0
7419,0,0,0,0,0
7420,0,0,0,0,0
7421,2,0,0,0,0
7422,174,17,31,13,15
7423,4,2,0,0,0
7424,135,2,0,0,0
7425,152,17,37,12,13
7426,0,0,0,0,0
7427,1,0,0,0,0
7428,0,0,0,0,0
7429,2,0,0,0,0
7430,0,0,0,0,0
7431,0,0,0,0,0
7432,0,1,0,0,0
7433,0,0,0,0,0
7434,1,0,0,0,0
7435,21,0,0,0,0
7436,0,0,0,0,0
7437,0,0,0,0,0
7438,32,0,0,0,0
7439,19,2,0,1,0
7440,3,0,0,0,0
7441,1,0,0,0,0
7442,2,12,0,0,0
7443,28,38,17,12,13
7444,88,16,6,17,18
7445,7,1,1,1,1
7446,0,0,0,0,0
7447,37,2,1,0,0
7448,1,0,0,0,0
7449,2,0,0,0,0
7450,0,3,3,2,1
7451,13,0,1,0,0
7452,0,0,0,0,0
7453,10,0,1,0,1
7454,21,3,0,0,0
7455,74,0,0,0,0
7456,2,1,0,0,0
7457,18,0,0,0,0
7458,0,0,0,0,0
7459,0,0,0,0,0
7460,0,0,0,0,0
7461,0,0,0,0,0
7462,1,0,0,0,0
7463,0,0,0,0,0
7464,0,0,0,0,0
7465,1,2,0,0,0
7466,1,0,0,0,0
7467,0,0,0,0,0
7468,2,0,0,0,0
7469,1,1,0,0,0
7470,0,0,0,0,0
7471,0,0,0,0,0
7472,198,29,38,25,23
7473,0,0,0,0,0
7474,0,0,0,0,0
7475,0,0,0,0,0
7476,0,0,0,0,0
7477,3,0,0,0,0
7478,0,0,0,0,0
7479,0,0,0,0,0
7480,2,3,1,1,1
7481,0,0,0,0,0
7482,0,0,0,0,0
7483,0,0,0,0,0
7484,3,0,0,0,0
7485,0,0,0,0,0
7486,16,1,0,0,0
7487,3,0,0,0,0
7488,161,5,1,1,1
7489,0,0,0,0,0
7490,0,0,0,0,0
7491,0,0,0,0,0
7492,0,0,0,0,0
7493,2,0,0,0,0
7494,8,0,0,0,0
7495,1,0,0,0,0
7496,0,0,0,0,0
7497,1,0,0,0,0
7498,2,0,0,0,0
7499,2,0,0,0,0
7500,0,0,0,0,0
7501,56,100,60,45,54
7502,0,0,0,0,0
7503,0,0,0,0,0
7504,0,0,0,0,0
7505,12,8,1,3,4
7506,5,0,0,0,0
7507,0,0,0,0,0
7508,2,1,0,0,0
7509,0,0,0,0,0
7510,0,0,0,0,0
7511,0,0,0,0,0
7512,1,0,0,0,0
7513,0,0,0,0,0
7514,0,0,0,0,0
7515,0,0,0,0,0
7516,0,1,0,0,0
7517,0,0,0,0,0
7518,0,0,0,0,0
7519,0,0,0,0,0
7520,0,0,0,0,0
7521,34,0,0,0,0
7522,0,0,0,0,0
7523,0,0,0,0,0
7524,1,0,0,0,0
7525,7,1,0,0,0
7526,0,0,0,0,0
7527,0,0,0,0,0
7528,1,0,0,0,0
7529,0,0,0,0,0
7530,0,0,0,0,0
7531,6,0,0,0,0
7532,0,2,0,0,0
7533,10,2,0,0,0
7534,6,0,0,0,0
7535,9,2,1,0,0
7536,0,0,0,0,0
7537,16,0,0,0,0
7538,0,0,0,0,0
7539,11,0,0,0,0
7540,0,0,0,0,0
7541,0,0,0,0,0
7542,0,0,0,0,0
7543,0,0,0,0,0
7544,2,0,0,0,0
7545,5,0,0,0,0
7546,1,1,1,1,1
7547,0,0,0,0,0
7548,0,0,0,0,0
7549,29,13,10,6,6
7550,4,0,0,0,0
7551,0,0,0,0,0
7552,0,0,0,0,0
7553,2,0,0,0,0
7554,0,0,0,0,0
7555,1,1,0,0,0
7556,1,0,1,0,0
7557,1,0,0,0,0
7558,3,0,0,0,0
7559,3,0,0,0,0
7560,0,0,0,0,0
7561,0,0,0,0,0
7562,4,0,0,0,0
7563,2,0,0,0,0
7564,0,0,0,0,0
7565,0,0,0,0,0
7566,0,0,0,0,0
7567,17,0,0,0,0
7568,0,0,0,0,0
7569,2,1,0,0,0
7570,0,0,0,0,0
7571,0,0,0,0,0
7572,44,9,4,6,4
7573,0,0,0,0,0
7574,0,0,0,0,0
7575,0,0,0,0,0
7576,1,0,0,0,0
7577,2,0,0,0,0
7578,4,0,0,0,0
7579,2,0,0,0,0
7580,0,0,0,0,0
7581,0,0,0,0,0
7582,0,0,0,0,0
7583,0,16,2,1,1
7584,0,0,0,0,0
7585,2,2,0,0,1
7586,23,0,4,3,2
7587,2,3,0,0,0
7588,0,0,0,0,0
7589,0,0,0,0,0
7590,0,0,0,0,0
7591,6,0,0,0,0
7592,0,0,0,0,0
7593,0,0,0,0,0
7594,0,0,0,0,0
7595,0,0,0,0,0
7596,7,1,0,0,0
7597,0,0,0,0,0
7598,0,0,0,0,0
7599,0,0,0,0,0
7600,0,0,0,0,0
7601,1,0,0,0,0
7602,3,0,0,0,0
7603,0,0,0,0,0
7604,1,0,0,0,0
7605,9,0,1,1,0
7606,0,0,0,0,0
7607,0,0,0,0,0
7608,49,12,5,2,3
7609,0,0,0,0,0
7610,0,0,0,0,0
7611,0,0,0,0,0
7612,2,0,0,0,0
7613,12,5,6,3,4
7614,114,0,0,0,0
7615,0,0,0,0,0
7616,0,0,0,0,0
7617,1,1,0,0,0
7618,3,0,0,0,0
7619,2,0,0,0,0
7620,23,17,0,0,0
7621,37,0,0,0,0
7622,1,0,0,0,0
7623,1,1,0,0,0
7624,3,0,0,0,0
7625,0,0,0,0,0
7626,0,0,0,0,0
7627,1,0,0,0,0
7628,0,0,0,0,0
7629,0,0,0,0,0
7630,0,0,0,0,0
7631,7,0,1,1,1
7632,0,0,0,0,0
7633,1,2,1,2,2
7634,1,0,0,0,0
7635,14,3,1,2,1
7636,0,0,0,0,0
7637,78,60,80,42,33
7638,0,0,0,0,0
7639,8,0,0,0,0
7640,1,0,2,1,1
7641,2,0,0,0,0
7642,13,0,0,0,0
7643,0,0,0,0,0
7644,9,3,3,2,1
7645,0,0,0,0,0
7646,40,4,3,0,0
7647,75,15,8,9,12
7648,0,0,0,0,0
7649,0,0,0,0,0
7650,0,0,0,0,0
7651,2,0,0,0,0
7652,2,0,0,0,0
7653,0,0,0,0,0
7654,5,1,0,0,0
7655,2,1,0,0,0
7656,12,2,0,0,0
7657,0,0,0,0,0
7658,0,0,0,0,0
7659,0,0,0,0,0
7660,7,0,0,0,0
7661,3,1,3,3,2
7662,22,6,4,1,1
7663,7,3,1,0,0
7664,207,6,2,2,2
7665,9,13,6,4,6
7666,8,3,0,0,0
7667,1,0,0,0,0
7668,0,0,0,0,0
7669,0,0,0,0,0
7670,1,0,0,0,0
7671,0,0,0,0,0
7672,4,3,0,0,0
7673,5,0,0,0,0
7674,92,8,26,28,21
7675,0,0,0,0,0
7676,122,82,13,4,6
7677,145,69,13,8,10
7678,55,22,0,0,0
7679,0,0,0,0,0
7680,0,0,0,0,0
7681,2,1,0,0,0
7682,1,0,0,0,0
7683,8,0,0,0,0
7684,2,0,0,0,0
7685,15,1,0,0,0
7686,14,0,0,0,0
7687,3,0,0,0,0
7688,4,1,1,0,0
7689,225,37,26,34,37
7690,0,0,0,0,0
7691,1,0,0,0,0
7692,0,0,0,0,0
7693,1,0,0,0,0
7694,128,109,35,32,23
7695,0,0,0,0,0
7696,9,8,0,0,0
7697,26,38,38,25,34
7698,1,5,2,1,2
7699,0,1,0,0,0
7700,0,0,0,0,0
7701,0,0,0,0,0
7702,7,13,3,1,1
7703,3,0,5,6,6
7704,69,2,2,1,1
7705,0,0,0,0,0
7706,36,0,0,0,0
7707,1,0,0,0,0
7708,2,5,13,12,9
7709,3,0,0,0,0
7710,0,0,0,0,0
7711,21,5,0,0,0
7712,12,3,1,0,0
7713,5,14,2,2,2
7714,3,4,0,0,0
7715,22,3,0,0,0
7716,8,0,0,0,0
7717,0,0,0,0,0
7718,0,0,0,0,0
7719,1,0,0,0,0
7720,0,0,0,0,0
7721,0,0,0,0,0
7722,1,0,0,0,0
7723,4,4,2,0,0
7724,0,0,0,0,0
7725,3,0,0,0,0
7726,1,0,0,0,0
7727,3,0,0,0,0
7728,222,0,0,0,0
7729,0,0,0,0,0
7730,17,0,0,0,0
7731,5,0,0,0,0
7732,0,0,0,0,0
7733,0,0,0,0,0
7734,16,1,0,0,0
7735,0,0,1,1,1
7736,0,0,0,0,0
7737,0,0,0,0,0
7738,121,1,0,0,0
7739,58,22,34,15,17
7740,13,1,0,0,0
7741,290,551,610,667,678
7742,61,6,88,87,93
7743,33,3,52,61,75
7744,0,0,0,0,0
7745,32,16,3,0,0
7746,2,0,0,0,0
7747,6,5,0,0,0
7748,0,0,0,0,0
7749,9,22,2,2,1
7750,0,0,0,0,0
7751,397,19,5,7,9
7752,17,8,7,4,3
7753,19,0,0,0,0
7754,0,0,0,0,0
7755,0,0,0,0,0
7756,0,0,0,0,0
7757,0,0,0,0,0
7758,16,22,19,15,15
7759,23,11,1,0,0
7760,12,1,4,3,3
7761,0,1,1,1,1
7762,49,0,0,0,0
7763,0,0,0,0,0
7764,15,8,8,8,8
7765,0,0,0,0,0
7766,0,0,0,0,0
7767,0,0,0,0,0
7768,0,0,0,0,0
7769,0,0,0,0,0
7770,0,0,0,0,0
7771,0,0,0,0,0
7772,1,2,0,0,0
7773,1,0,0,0,0
7774,0,0,0,0,0
7775,0,0,0,0,0
7776,0,0,0,0,0
7777,0,0,0,0,0
7778,0,0,0,0,0
7779,2,0,0,0,0
7780,9,3,0,0,0
7781,0,0,0,0,0
7782,0,0,0,0,0
7783,0,0,0,0,0
7784,4,0,0,0,0
7785,0,0,0,0,0
7786,1,10,0,0,0
7787,64,6,11,16,12
7788,1,0,0,0,0
7789,20,7,1,1,1
7790,0,0,0,0,0
7791,3,1,2,3,2
7792,1,0,0,0,0
7793,4,1,0,0,0
7794,89,0,0,0,0
7795,33,0,0,0,0
7796,2,3,0,0,0
7797,15,1,0,0,0
7798,3,3,1,1,1
7799,2,0,0,0,0
7800,52,2,1,1,1
7801,0,0,0,0,0
7802,0,0,0,0,0
7803,3,0,0,0,0
7804,0,0,0,0,0
7805,0,0,0,0,0
7806,1,0,0,0,0
7807,3,1,2,2,1
7808,129,83,20,7,8
7809,11,3,4,2,2
7810,1,0,0,0,0
7811,0,0,0,0,0
7812,0,0,0,0,0
7813,13,0,1,0,0
7814,3,8,5,1,1
7815,3,1,0,0,0
7816,0,0,0,0,0
7817,2,0,0,0,0
7818,2,0,0,0,0
7819,9,7,3,1,1
7820,1,0,0,0,0
7821,0,0,0,0,0
7822,2,0,0,0,0
7823,86,7,2,2,2
7824,23,0,2,1,1
7825,5,3,0,0,0
7826,0,4,1,1,1
7827,21,8,8,7,8
7828,1,0,0,0,0
7829,1,0,0,0,0
7830,0,0,0,0,0
7831,0,0,0,0,0
7832,0,0,0,0,0
7833,19,0,0,0,0
7834,1,0,0,0,0
7835,1,0,0,0,0
7836,0,0,0,0,0
7837,62,57,49,66,72
7838,217,10,23,9,10
7839,20,11,27,5,6
7840,43,2,0,0,0
7841,70,1,0,1,1
7842,31,31,49,21,16
7843,0,0,0,0,0
7844,1,0,0,0,0
7845,0,0,0,0,0
7846,33,35,18,16,12
7847,242,154,149,59,75
7848,25,35,3,2,2
7849,0,0,0,0,0
7850,0,0,0,0,0
7851,8,2,0,0,0
7852,5,0,0,0,0
7853,0,0,0,0,0
7854,1,0,0,0,0
7855,15,0,0,0,0
7856,58,11,16,11,11
7857,8,0,0,0,0
7858,4,0,0,0,0
7859,0,0,0,0,0
7860,2,12,13,12,10
7861,0,0,0,0,0
7862,0,0,0,0,0
7863,3,0,0,0,0
7864,1,1,0,0,0
7865,6,0,0,0,0
7866,1,0,0,0,0
7867,0,0,0,0,0
7868,1,0,0,0,0
7869,0,0,0,0,0
7870,0,0,0,0,0
7871,61,0,0,0,0
7872,1,0,0,0,0
7873,10,0,0,0,0
7874,1,2,0,0,0
7875,40,0,0,0,0
7876,22,5,0,0,0
7877,37,3,2,1,1
7878,19,4,0,1,1
7879,10,12,5,10,9
7880,13,2,0,0,0
7881,16,0,0,0,0
7882,0,0,0,0,0
7883,9,0,0,0,0
7884,11,0,0,0,0
7885,1,0,0,0,0
7886,32,2,1,1,0
7887,3,0,0,0,0
7888,104,81,32,25,25
7889,3,6,2,3,2
7890,0,0,0,0,0
7891,0,0,0,0,0
7892,1,0,0,0,0
7893,0,0,0,0,0
7894,0,0,0,0,0
7895,0,1,1,1,0
7896,1,0,0,0,0
7897,6,0,0,0,0
7898,16,0,0,0,0
7899,0,0,0,0,0
7900,0,0,0,0,0
7901,2,0,0,0,0
7902,0,0,0,0,0
7903,1,1,0,0,0
7904,39,2,5,5,7
7905,0,0,0,0,0
7906,3,0,0,0,0
7907,0,0,0,0,0
7908,4,0,0,0,0
7909,1,0,0,0,0
7910,3,0,0,0,0
7911,87,0,5,2,3
7912,0,0,0,0,0
7913,12,1,0,0,0
7914,0,0,0,0,0
7915,103,59,23,6,3
7916,8,0,0,0,0
7917,1,1,2,0,0
7918,24,1,0,0,0
7919,13,4,4,3,3
7920,14,0,0,0,0
7921,18,5,3,4,3
7922,0,0,0,0,0
7923,7,3,4,3,3
7924,76,12,83,82,89
7925,2,2,4,3,3
7926,0,0,0,0,0
7927,0,0,0,0,0
7928,0,0,0,0,0
7929,0,0,0,0,0
7930,42,9,6,2,2
7931,0,0,0,0,0
7932,0,0,0,0,0
7933,0,0,0,0,0
7934,3,0,0,0,0
7935,0,0,0,0,0
7936,0,0,0,0,0
7937,0,0,0,0,0
7938,0,0,0,0,0
7939,32,21,18,8,8
7940,20,1,0,0,0
7941,11,0,0,0,0
7942,2,0,0,0,0
7943,0,0,0,0,0
7944,1,3,2,2,4
7945,5,0,0,0,0
7946,167,122,82,156,181
7947,3,0,0,0,0
7948,0,0,0,0,0
7949,11,4,2,0,1
7950,0,0,0,0,0
7951,183,23,8,2,2
7952,7,0,0,0,0
7953,0,0,0,0,0
7954,0,0,0,0,0
7955,26,0,0,0,0
7956,11,1,0,0,0
7957,135,28,12,10,5
7958,100,178,312,508,584
7959,258,135,160,123,151
7960,7,3,2,1,1
7961,0,0,0,0,0
7962,0,0,0,0,0
7963,0,0,0,0,0
7964,17,0,0,0,0
7965,29,0,0,0,0
7966,1,0,0,0,0
7967,7,0,0,0,0
7968,2,0,0,0,0
7969,47,0,0,0,0
7970,2,0,0,0,0
7971,3,0,0,0,0
7972,0,0,0,0,0
7973,9,0,0,0,0
7974,5,1,0,0,0
7975,14,0,0,0,0
7976,22,0,0,0,0
7977,0,0,0,0,0
7978,0,0,0,0,0
7979,2,0,0,0,0
7980,3,1,5,1,1
7981,43,1,0,0,0
7982,0,0,0,0,0
7983,0,0,0,0,0
7984,3,0,2,2,1
7985,3,0,0,0,0
7986,38,18,8,6,6
7987,0,0,0,0,0
7988,0,0,0,0,0
7989,148,33,6,3,3
7990,4,2,1,1,1
7991,22,2,1,0,0
7992,0,0,0,0,0
7993,2,0,0,0,0
7994,0,0,0,0,0
7995,0,0,0,0,0
7996,4,1,2,1,1
7997,9,0,0,0,0
7998,2,0,0,1,1
7999,1,0,0,0,0
8000,9,0,0,0,0
8001,0,0,0,0,0
8002,35,5,6,4,3
8003,0,0,0,0,0
8004,9,2,3,2,1
8005,0,0,0,0,0
8006,0,0,0,0,0
8007,0,0,0,0,0
8008,0,0,0,0,0
8009,0,0,0,0,0
8010,153,36,23,19,16
8011,0,0,0,0,0
8012,0,2,1,0,0
8013,13,15,9,4,4
8014,48,129,114,95,105
8015,1,0,0,0,0
8016,3,0,0,0,0
8017,4,1,0,0,0
8018,0,0,0,0,0
8019,0,0,0,0,0
8020,9,0,0,0,1
8021,110,10,5,5,6
8022,9,0,1,1,1
8023,0,0,0,0,0
8024,0,0,0,0,0
8025,0,0,0,0,0
8026,1,1,0,0,0
8027,119,84,116,108,94
8028,22,11,38,63,84
8029,5,1,0,0,0
8030,129,11,3,0,0
8031,23,0,0,0,0
8032,0,0,0,0,0
8033,4,0,0,0,0
8034,78,0,2,2,2
8035,47,1,0,0,0
8036,12,1,0,0,0
8037,3,0,0,0,0
8038,2,0,0,0,0
8039,60,0,0,0,0
8040,0,0,0,0,0
8041,0,0,0,0,0
8042,0,0,0,0,0
8043,0,0,0,0,0
8044,134,9,1,0,0
8045,33,14,20,30,22
8046,107,17,13,5,4
8047,8,1,0,0,0
8048,3,0,0,0,0
8049,21,8,0,0,0
8050,0,0,0,0,0
8051,0,0,0,0,0
8052,1,0,0,0,0
8053,1,0,0,0,0
8054,63,0,0,0,0
8055,0,0,0,0,0
8056,0,0,0,0,0
8057,0,2,0,0,0
8058,105,35,1,1,1
8059,2,0,0,0,0
8060,0,0,0,0,0
8061,12,4,1,1,1
8062,0,0,0,0,0
8063,0,0,0,0,0
8064,2,0,0,0,0
8065,0,0,0,0,0
8066,0,0,0,0,0
8067,0,0,0,0,0
8068,27,0,0,0,0
8069,11,45,28,17,13
8070,1,0,0,0,0
8071,0,0,0,0,0
8072,2,0,0,0,0
8073,2,1,0,0,0
8074,60,0,0,0,0
8075,2,0,0,0,0
8076,0,0,0,0,0
8077,3,0,0,0,0
8078,0,0,0,0,0
8079,0,0,0,0,0
8080,1,0,0,0,0
8081,2,0,0,0,0
8082,0,0,0,0,0
8083,8,9,5,2,2
8084,106,120,86,41,47
8085,23,5,0,0,0
8086,0,0,0,0,0
8087,0,0,0,0,0
8088,5,0,0,0,0
8089,122,57,37,34,34
8090,180,17,12,18,18
8091,173,12,50,41,38
8092,3,0,0,0,0
8093,28,1,0,0,0
8094,28,0,0,0,0
8095,7,0,0,0,1
8096,62,14,12,8,10
8097,13,28,22,22,20
8098,1,0,3,0,0
8099,234,203,150,131,133
8100,0,0,0,0,0
8101,55,108,50,25,28
8102,11,15,12,4,2
8103,0,0,0,0,0
8104,5,5,1,1,1
8105,5,22,68,43,42
8106,145,58,34,30,25
8107,5,0,0,0,0
8108,0,0,0,0,0
8109,0,0,0,0,0
8110,68,0,0,0,0
8111,93,3,0,0,0
8112,20,0,0,0,0
8113,4,3,2,1,1
8114,0,0,0,0,0
8115,0,7,11,8,12
8116,1,3,1,4,4
8117,0,0,0,0,0
8118,37,0,0,0,0
8119,126,61,17,13,10
8120,3,0,0,0,0
8121,2,0,0,0,0
8122,0,0,0,0,0
8123,0,0,0,0,0
8124,2,0,0,0,0
8125,0,0,0,0,0
8126,7,1,0,0,0
8127,8,0,1,1,1
8128,0,0,0,0,0
8129,247,96,87,31,39
8130,54,2,1,1,1
8131,0,0,0,0,0
8132,0,0,0,0,0
8133,1,0,0,0,0
8134,0,0,0,0,0
8135,28,0,0,0,0
8136,41,0,0,0,0
8137,87,144,41,34,17
8138,2,0,0,0,0
8139,3,0,0,0,0
8140,19,4,1,0,0
8141,17,4,2,0,0
8142,0,0,0,0,0
8143,2,1,0,0,0
8144,32,0,0,0,0
8145,2,0,0,0,0
8146,0,0,0,0,0
8147,0,0,0,0,0
8148,0,0,0,0,0
8149,35,11,11,14,11
8150,3,0,0,0,0
8151,0,0,0,0,0
8152,34,15,52,35,34
8153,90,6,2,3,3
8154,94,45,34,20,21
8155,0,0,0,0,0
8156,0,0,0,0,0
8157,0,0,0,0,0
8158,113,36,41,29,39
8159,3,9,6,3,4
8160,1,0,0,0,0
8161,0,0,0,0,0
8162,4,4,0,0,0
8163,1,0,0,0,0
8164,56,11,2,2,2
8165,4,0,0,0,0
8166,37,99,252,222,254
8167,9,14,1,1,1
8168,56,14,33,14,19
8169,6,7,6,7,5
8170,0,0,0,0,0
8171,7,0,0,0,0
8172,15,0,0,0,0
8173,14,0,0,0,0
8174,3,1,0,0,0
8175,0,0,0,0,0
8176,2,0,0,0,0
8177,6,2,0,0,0
8178,5,0,0,0,0
8179,14,2,4,8,5
8180,0,0,0,0,0
8181,0,1,2,0,0
8182,126,47,5,0,0
8183,28,0,0,0,0
8184,0,0,0,0,0
8185,36,0,0,0,0
8186,0,14,6,13,11
8187,35,0,4,1,1
8188,177,56,8,15,13
8189,51,149,99,136,189
8190,40,29,9,10,8
8191,12,0,0,0,0
8192,5,4,1,2,2
8193,0,0,0,0,0
8194,95,12,7,8,8
8195,5,1,3,2,2
8196,2,1,2,4,3
8197,66,0,0,0,0
8198,2,0,0,0,0
8199,1,0,0,0,0
8200,48,1,0,0,0
8201,59,48,17,19,16
8202,5,0,0,0,0
8203,3,0,0,0,0
8204,196,181,132,174,151
8205,17,1,0,0,0
8206,1,0,0,0,0
8207,80,22,19,19,15
8208,72,32,0,2,2
8209,21,10,1,1,0
8210,48,51,31,32,35
8211,4,0,3,2,2
8212,0,0,0,0,0
8213,0,0,0,0,0
8214,2,0,0,0,0
8215,5,3,1,0,0
8216,28,2,0,0,0
8217,52,27,63,67,43
8218,1,0,0,0,0
8219,1,0,0,0,0
8220,0,0,0,0,0
8221,137,108,20,13,17
8222,341,127,58,27,24
8223,202,369,114,53,40
8224,0,0,0,0,0
8225,0,0,0,0,0
8226,3,0,0,0,0
8227,25,13,20,25,18
8228,0,0,0,0,0
8229,0,1,1,1,0
8230,0,0,0,0,0
8231,0,0,0,0,0
8232,0,0,0,0,0
8233,0,0,0,0,0
8234,6,0,0,0,0
8235,0,0,0,0,0
8236,0,0,0,0,0
8237,1,0,0,0,0
8238,0,0,0,0,0
8239,0,0,0,0,0
8240,0,0,0,0,1
8241,1,1,0,1,1
8242,93,15,7,4,5
8243,116,2,4,0,0
8244,0,0,0,0,0
8245,4,1,0,0,0
8246,0,0,0,0,0
8247,0,0,0,0,0
8248,17,0,0,0,0
8249,0,0,0,0,0
8250,6,0,0,0,0
8251,0,0,0,0,0
8252,0,0,0,0,0
8253,95,46,4,0,0
8254,20,91,86,96,98
8255,5,0,0,0,0
8256,23,1,0,0,0
8257,1,0,1,2,2
8258,1,2,2,3,3
8259,2,0,0,0,0
8260,124,91,70,54,56
8261,5,0,0,0,0
8262,11,0,0,0,0
8263,0,0,0,0,0
8264,0,1,3,11,11
8265,8,1,0,0,0
8266,1,0,0,0,0
8267,23,1,1,1,1
8268,2,0,0,0,0
8269,2,0,0,0,0
8270,25,4,0,0,0
8271,4,0,0,0,0
8272,4,0,0,0,0
8273,17,0,0,0,0
8274,0,0,0,0,0
8275,9,2,3,2,2
8276,63,32,12,26,29
8277,0,0,0,0,0
8278,102,0,0,0,0
8279,6,0,4,4,4
8280,1,0,0,0,0
8281,0,0,0,0,0
8282,0,0,0,0,0
8283,0,0,0,0,0
8284,0,0,0,0,0
8285,9,0,1,0,0
8286,0,0,0,0,0
8287,10,2,0,0,0
8288,1,0,0,0,0
8289,5,3,1,0,0
8290,0,0,0,0,0
8291,11,0,0,0,0
8292,3,0,0,0,0
8293,5,4,0,0,0
8294,1,0,0,0,0
8295,13,0,0,0,0
8296,7,1,0,0,0
8297,0,0,0,0,0
8298,5,0,0,0,0
8299,27,1,0,0,0
8300,3,0,0,0,0
8301,3,0,0,0,0
8302,1,0,0,0,0
8303,0,0,0,0,0
8304,1,0,0,0,0
8305,13,0,0,0,0
8306,1,5,3,7,8
8307,11,0,0,0,0
8308,4,0,1,0,0
8309,0,0,0,0,0
8310,345,106,11,13,7
8311,463,87,10,7,6
8312,339,177,160,146,124
8313,6,2,2,0,0
8314,34,17,15,12,12
8315,29,14,33,16,7
8316,14,1,0,0,0
8317,21,0,0,0,0
8318,140,66,98,51,52
8319,36,2,3,1,2
8320,0,0,0,0,0
8321,5,13,6,3,3
8322,47,2,4,1,1
8323,161,153,138,154,135
8324,38,34,2,0,0
8325,95,80,13,15,6
8326,2,0,0,0,0
8327,0,0,0,0,0
8328,1,0,0,0,0
8329,0,0,0,0,0
8330,0,0,0,0,0
8331,0,0,0,0,0
8332,8,0,0,0,0
8333,1,0,0,0,0
8334,4,0,1,1,0
8335,3,0,0,0,0
8336,20,1,0,0,0
8337,0,0,0,0,0
8338,62,46,15,5,5
8339,11,5,0,0,0
8340,2,0,0,0,0
8341,26,1,0,0,0
8342,15,0,0,0,0
8343,11,15,4,4,4
8344,74,5,0,2,0
8345,0,0,0,0,0
8346,36,0,2,0,0
8347,12,0,0,0,0
8348,0,0,0,0,0
8349,5,0,0,0,0
8350,42,182,82,56,49
8351,27,30,23,27,24
8352,27,8,1,1,2
8353,0,0,0,0,0
8354,9,0,0,0,0
8355,28,14,3,4,5
8356,0,0,0,0,0
8357,2,1,0,0,0
8358,1,0,0,0,0
8359,0,0,0,0,0
8360,0,0,0,0,0
8361,1,2,4,3,2
8362,176,146,55,65,63
8363,1,0,0,0,0
8364,6,0,1,1,1
8365,22,0,0,0,0
8366,26,4,4,4,4
8367,33,2,0,0,0
8368,54,8,2,2,2
8369,2,0,0,0,0
8370,7,5,2,2,2
8371,325,493,430,331,336
8372,90,207,138,155,157
8373,63,240,198,161,147
8374,1,0,0,0,0
8375,16,0,0,0,0
8376,0,0,0,0,0
8377,0,0,0,0,0
8378,4,1,0,0,0
8379,3,1,0,0,0
8380,1,1,2,1,0
8381,0,0,0,0,0
8382,24,107,12,3,5
8383,0,0,0,0,0
8384,0,0,0,0,0
8385,0,0,0,0,0
8386,0,3,0,0,0
8387,0,0,0,0,0
8388,39,17,8,1,0
8389,222,51,2,1,1
8390,0,0,0,0,0
8391,0,0,0,0,0
8392,10,2,0,0,0
8393,0,0,0,0,0
8394,20,24,4,3,2
8395,3,24,9,3,2
8396,1,0,0,0,0
8397,0,0,0,0,0
8398,0,0,0,0,0
8399,0,1,1,1,1
8400,6,1,0,0,0
8401,48,1,3,1,2
8402,14,0,0,0,0
8403,12,16,23,8,7
8404,91,4,3,3,4
8405,0,0,0,0,0
8406,16,0,0,0,1
8407,0,0,0,0,0
8408,10,0,0,0,0
8409,0,0,0,0,0
8410,0,1,1,0,0
8411,0,0,0,0,0
8412,0,0,0,0,0
8413,1,0,0,0,0
8414,0,0,0,0,0
8415,14,0,0,0,0
8416,0,0,3,1,1
8417,1,0,0,0,0
8418,10,2,1,1,1
8419,0,0,0,0,0
8420,0,0,0,0,0
8421,0,0,0,0,0
8422,39,5,3,2,2
8423,51,1,0,0,0
8424,112,79,160,194,227
8425,8,0,0,0,0
8426,64,60,14,26,14
8427,49,20,5,0,1
8428,45,1,0,0,0
8429,2,0,0,0,0
8430,5,0,0,0,0
8431,18,0,1,1,1
8432,5,12,5,2,1
8433,0,0,0,0,0
8434,0,0,0,1,0
8435,0,0,0,0,0
8436,1,0,0,0,0
8437,2,0,2,0,0
8438,3,0,0,0,0
8439,3,0,0,0,0
8440,22,1,1,1,1
8441,13,3,0,0,0
8442,8,0,0,0,0
8443,0,0,0,0,0
8444,20,1,0,0,0
8445,16,1,0,0,0
8446,12,1,0,0,0
8447,0,1,0,0,0
8448,0,2,0,0,0
8449,0,0,0,0,0
8450,67,6,10,10,9
8451,6,0,0,0,0
8452,12,0,1,1,1
8453,1,1,2,2,2
8454,11,4,0,0,0
8455,6,0,0,0,0
8456,0,0,0,0,0
8457,4,0,0,0,0
8458,20,2,2,2,3
8459,13,1,0,0,0
8460,1,8,2,2,3
8461,3,8,31,11,12
8462,14,0,0,0,0
8463,0,2,2,0,0
8464,0,0,0,0,0
8465,0,0,0,0,0
8466,0,0,0,0,0
8467,61,89,41,32,39
8468,0,0,0,0,0
8469,38,18,3,3,2
8470,0,0,0,0,0
8471,0,0,0,0,2
8472,1,0,0,0,0
8473,2,0,0,0,0
8474,0,0,0,0,0
8475,48,22,30,36,36
8476,49,14,5,5,5
8477,62,149,175,114,128
8478,0,0,0,0,0
8479,16,3,0,0,0
8480,2,0,0,0,0
8481,9,0,0,0,0
8482,4,0,0,0,0
8483,18,0,0,0,0
8484,0,0,0,0,0
8485,0,0,0,0,0
8486,0,0,0,0,0
8487,1,0,0,0,0
8488,8,1,0,0,0
8489,0,0,0,0,0
8490,0,0,0,0,0
8491,32,0,1,0,0
8492,62,1,0,0,0
8493,18,0,0,0,0
8494,2,1,1,1,1
8495,0,2,1,0,0
8496,0,0,0,0,0
8497,0,0,0,0,0
8498,0,0,0,0,0
8499,20,4,0,0,0
8500,0,0,0,0,0
8501,0,0,0,0,0
8502,1,0,0,0,0
8503,107,11,7,4,4
8504,15,8,13,7,9
8505,23,39,134,160,135
8506,0,0,0,0,0
8507,2,0,0,0,0
8508,3,9,2,0,0
8509,70,4,2,2,2
8510,22,38,43,24,24
8511,53,7,4,2,3
8512,0,0,0,0,0
8513,0,0,0,0,0
8514,0,0,0,0,0
8515,42,34,7,3,2
8516,49,4,0,0,0
8517,55,22,136,100,87
8518,72,5,3,7,7
8519,11,1,0,0,0
8520,22,1,0,0,0
8521,5,2,0,0,0
8522,3,0,0,0,0
8523,66,36,53,44,52
8524,12,0,0,0,0
8525,6,0,0,0,0
8526,3,0,0,0,0
8527,0,0,0,0,0
8528,0,0,0,0,0
8529,0,0,0,0,0
8530,12,91,78,27,24
8531,15,14,17,8,6
8532,8,73,24,26,25
8533,28,53,37,74,74
8534,30,2,1,0,1
8535,0,0,1,0,0
8536,3,7,4,3,3
8537,50,40,23,18,19
8538,2,5,2,2,2
8539,0,0,0,0,0
8540,0,0,0,0,0
8541,0,0,0,0,0
8542,29,0,0,0,0
8543,0,0,0,0,0
8544,0,0,0,0,0
8545,11,0,1,1,2
8546,4,4,11,5,2
8547,0,0,0,0,0
8548,0,0,0,0,0
8549,7,1,0,0,0
8550,0,0,0,0,0
8551,27,6,13,9,15
8552,38,11,1,0,0
8553,4,0,0,0,0
8554,4,0,0,0,0
8555,0,0,0,0,0
8556,3,0,0,0,0
8557,9,0,0,0,0
8558,0,0,0,0,0
8559,4,0,0,0,0
8560,0,0,0,0,0
8561,5,0,0,0,0
8562,2,0,0,0,0
8563,53,129,394,437,361
8564,0,0,0,0,0
8565,12,0,0,0,0
8566,2,0,0,0,0
8567,0,0,0,0,0
8568,9,3,0,1,1
8569,0,0,0,0,0
8570,0,0,0,0,0
8571,5,2,0,0,0
8572,6,0,0,0,0
8573,0,0,0,0,0
8574,0,0,0,0,0
8575,603,137,34,13,10
8576,0,0,0,0,0
8577,0,0,0,0,0
8578,108,14,17,4,4
8579,157,455,473,486,536
8580,5,52,116,114,83
8581,2,6,7,3,3
8582,0,0,0,0,0
8583,0,0,0,0,0
8584,0,0,0,0,0
8585,0,0,0,0,0
8586,0,0,0,0,0
8587,23,20,7,2,2
8588,0,0,0,0,0
8589,20,0,0,0,0
8590,0,0,0,0,0
8591,3,0,0,0,0
8592,0,0,0,0,0
8593,43,0,0,0,0
8594,0,0,0,0,0
8595,2,0,0,0,0
8596,11,0,0,0,0
8597,102,12,8,10,9
8598,4,33,35,44,46
8599,1,0,0,0,0
8600,0,0,0,0,0
8601,0,0,0,0,0
8602,0,0,0,0,0
8603,13,1,0,0,0
8604,4,1,1,1,1
8605,8,0,0,0,0
8606,8,0,0,0,0
8607,1,0,0,0,0
8608,15,26,20,25,32
8609,27,0,0,0,0
8610,8,4,10,13,12
8611,0,0,0,0,0
8612,5,1,1,1,1
8613,3,0,0,0,0
8614,5,2,8,8,9
8615,5,0,0,0,0
8616,7,0,0,1,2
8617,41,192,186,230,194
8618,69,196,333,353,289
8619,660,186,391,424,426
8620,0,0,0,0,0
8621,103,3,1,1,1
8622,0,0,0,0,0
8623,0,0,0,0,0
8624,1,1,2,1,1
8625,8,0,0,0,0
8626,1,0,0,0,0
8627,0,0,0,0,0
8628,1,0,0,0,0
8629,0,0,0,0,0
8630,1,0,0,0,0
8631,48,81,56,31,39
8632,12,1,0,0,0
8633,0,0,0,0,0
8634,2,0,0,0,0
8635,2,1,0,0,0
8636,69,6,0,0,0
8637,13,0,0,0,0
8638,0,0,0,0,0
8639,0,0,0,0,0
8640,4,0,0,0,0
8641,0,0,1,0,0
8642,1,4,0,0,0
8643,2,0,0,0,0
8644,1,0,0,1,1
8645,5,5,1,1,1
8646,0,0,0,0,0
8647,0,0,0,0,0
8648,54,6,3,1,2
8649,1,0,0,0,0
8650,4,0,0,0,0
8651,14,5,0,0,0
8652,0,0,0,0,0
8653,10,0,0,0,0
8654,0,0,0,0,0
8655,0,0,0,0,0
8656,34,2,0,0,0
8657,12,3,0,0,0
8658,0,0,0,0,0
8659,1,0,0,0,0
8660,0,0,0,0,0
8661,1,0,0,0,0
8662,0,0,0,0,0
8663,0,0,0,0,0
8664,103,225,254,232,292
8665,0,0,0,0,0
8666,0,0,0,0,0
8667,5,2,0,0,0
8668,22,3,0,0,0
8669,5,1,1,0,0
8670,1,1,0,0,0
8671,201,190,108,84,94
8672,15,0,0,0,0
8673,1,0,0,0,0
8674,3,0,1,0,0
8675,0,0,0,0,0
8676,7,0,0,0,0
8677,11,82,92,71,69
8678,0,2,0,0,0
8679,4,0,0,0,0
8680,23,21,8,6,6
8681,0,0,0,0,0
8682,50,7,1,1,1
8683,1,0,0,0,0
8684,0,1,0,0,0
8685,5,0,0,0,0
8686,0,0,0,0,0
8687,7,0,0,0,0
8688,0,0,0,0,0
8689,9,0,0,0,0
8690,0,0,0,0,0
8691,1,0,0,0,0
8692,17,4,2,3,4
8693,36,30,18,8,7
8694,7,0,0,0,0
8695,31,1,0,0,0
8696,0,0,0,0,0
8697,1,0,0,0,0
8698,225,25,19,12,15
8699,31,0,0,0,0
8700,59,0,0,0,0
8701,0,0,0,0,0
8702,63,0,0,0,0
8703,0,0,0,0,0
8704,12,4,1,1,2
8705,19,1,0,0,0
8706,16,0,0,0,0
8707,238,85,43,10,11
8708,91,77,139,81,93
8709,172,96,39,17,18
8710,0,0,0,0,0
8711,0,0,0,0,0
8712,2,0,0,0,0
8713,13,0,0,0,0
8714,6,0,3,2,2
8715,40,0,0,0,0
8716,131,22,6,7,7
8717,2,0,0,0,0
8718,3,0,0,0,0
8719,3,0,0,0,0
8720,2,2,0,0,0
8721,10,0,0,0,0
8722,42,5,7,8,9
8723,0,0,0,0,0
8724,0,0,0,0,0
8725,46,20,4,4,3
8726,16,0,0,0,0
8727,5,12,3,1,1
8728,10,9,1,0,0
8729,0,0,0,0,0
8730,14,23,5,2,1
8731,0,0,0,0,0
8732,0,0,0,0,0
8733,0,0,0,0,0
8734,2,0,0,0,0
8735,9,0,0,0,0
8736,41,0,0,0,0
8737,83,0,0,0,0
8738,15,1,0,0,0
8739,10,1,0,0,0
8740,31,22,6,4,3
8741,9,2,1,0,0
8742,2,2,0,0,0
8743,200,5,8,14,13
8744,0,0,0,0,0
8745,1,0,0,0,0
8746,0,0,0,0,0
8747,176,401,607,752,738
8748,5,0,0,0,0
8749,7,11,4,2,2
8750,1,0,0,0,0
8751,4,2,3,2,1
8752,6,1,0,0,0
8753,0,0,0,0,0
8754,0,0,0,0,0
8755,8,0,0,0,0
8756,0,0,0,0,0
8757,0,0,0,0,0
8758,90,0,0,0,0
8759,31,1,1,0,0
8760,0,0,0,0,0
8761,4,16,50,56,46
8762,28,23,71,67,66
8763,40,299,174,160,145
8764,67,16,4,4,4
8765,2,0,0,0,0
8766,0,0,0,0,0
8767,2,0,0,0,0
8768,2,0,0,0,0
8769,2,0,0,0,0
8770,0,0,0,0,0
8771,5,0,0,0,0
8772,12,12,10,4,3
8773,93,4,1,1,1
8774,0,0,0,0,0
8775,0,0,0,0,0
8776,10,0,0,0,0
8777,10,10,5,3,4
8778,14,1,2,1,1
8779,30,5,0,0,0
8780,12,0,0,0,0
8781,12,0,0,0,0
8782,0,0,0,0,0
8783,5,0,0,0,0
8784,10,0,0,0,0
8785,1,0,0,0,0
8786,1,0,0,0,0
8787,15,0,2,2,2
8788,27,0,0,0,0
8789,7,1,0,0,0
8790,0,0,0,0,0
8791,0,0,0,0,0
8792,11,2,1,0,0
8793,1,0,0,0,0
8794,8,0,0,0,0
8795,5,5,4,1,1
8796,62,2,1,0,0
8797,3,0,0,0,0
8798,0,0,0,0,0
8799,155,1,1,1,1
8800,2,0,0,0,0
8801,3,0,0,0,0
8802,853,320,216,338,237
8803,2,1,0,0,0
8804,0,0,0,0,0
8805,27,1,0,0,0
8806,14,54,15,11,11
8807,0,0,0,0,0
8808,0,0,0,0,0
8809,28,2,0,0,0
8810,1,0,0,0,0
8811,32,13,1,7,4
8812,2,0,0,0,0
8813,0,1,0,0,0
8814,32,1,0,0,0
8815,0,0,0,0,0
8816,0,0,0,0,0
8817,0,1,0,0,0
8818,7,0,0,0,0
8819,1,0,0,0,0
8820,3,0,0,0,0
8821,0,0,0,0,0
8822,20,0,0,2,2
8823,0,0,1,0,0
8824,7,2,1,0,0
8825,8,0,0,0,0
8826,5,0,0,0,0
8827,62,6,5,24,16
8828,0,0,0,0,0
8829,0,0,0,0,0
8830,1,0,0,0,0
8831,1,0,0,0,0
8832,2,0,0,0,0
8833,2,0,0,0,0
8834,19,1,0,0,0
8835,5,0,0,0,0
8836,10,0,0,0,0
8837,12,0,0,0,0
8838,15,0,0,0,0
8839,2,1,1,0,0
8840,35,35,5,5,4
8841,38,48,1,0,0
8842,143,212,67,33,25
8843,125,118,50,35,28
8844,147,83,37,55,56
8845,5,0,0,0,0
8846,0,0,0,0,0
8847,0,0,0,0,0
8848,3,0,0,0,0
8849,22,0,0,0,0
8850,4,7,0,0,0
8851,4,0,0,0,0
8852,0,0,0,0,0
8853,6,0,0,0,0
8854,14,0,0,0,0
8855,0,0,0,0,0
8856,486,459,294,322,340
8857,0,0,0,0,0
8858,41,0,0,0,0
8859,49,0,0,0,0
8860,1,0,0,0,0
8861,2,0,0,0,0
8862,0,0,0,0,0
8863,0,0,0,0,0
8864,0,0,0,0,0
8865,28,7,5,5,4
8866,18,11,10,18,17
8867,0,0,0,0,0
8868,207,45,21,16,17
8869,1,0,0,0,0
8870,1,0,0,0,0
8871,28,4,3,2,2
8872,259,80,45,50,47
8873,4,8,7,2,1
8874,20,4,3,2,2
8875,9,18,18,12,13
8876,0,0,0,0,0
8877,0,1,0,0,0
8878,0,0,0,0,0
8879,4,10,1,0,0
8880,0,0,0,0,0
8881,10,2,5,6,6
8882,25,1,1,3,3
8883,9,1,1,2,2
8884,2,0,0,0,0
8885,466,311,257,196,211
8886,66,83,18,9,10
8887,5,0,0,0,0
8888,157,0,6,7,5
8889,3,0,0,0,0
8890,1,1,0,0,0
8891,0,0,0,0,0
8892,0,0,0,0,0
8893,46,13,7,6,6
8894,0,0,0,0,0
8895,149,144,63,52,61
8896,1,0,0,0,0
8897,412,21,19,7,7
8898,0,0,0,0,0
8899,0,0,0,0,0
8900,1,0,0,0,0
8901,1,0,0,0,0
8902,263,169,145,122,136
8903,267,80,95,62,55
8904,131,108,61,33,35
8905,4,0,0,0,0
8906,0,0,0,0,0
8907,0,0,0,0,0
8908,97,8,4,3,3
8909,0,0,0,0,0
8910,0,0,0,0,0
8911,27,1,0,0,0
8912,29,35,8,4,2
8913,58,2,0,0,0
8914,18,0,0,0,0
8915,6,5,1,1,1
8916,14,19,2,1,0
8917,93,0,0,0,0
8918,12,2,2,1,1
8919,37,1,1,0,0
8920,5,2,0,0,0
8921,18,0,0,0,0
8922,0,0,1,1,1
8923,1,2,0,0,0
8924,4,0,0,0,0
8925,1,0,0,0,0
8926,0,0,0,0,0
8927,0,0,0,0,0
8928,0,0,0,0,0
8929,0,0,0,0,0
8930,0,0,0,0,0
8931,0,0,0,0,0
8932,25,13,5,7,7
8933,48,2,0,0,0
8934,40,0,0,0,0
8935,0,0,0,0,0
8936,20,2,0,0,0
8937,172,76,7,5,5
8938,5,1,0,3,3
8939,2,0,0,0,0
8940,0,0,0,0,0
8941,7,0,0,0,0
8942,0,0,0,0,0
8943,47,50,20,25,16
8944,33,34,5,3,2
8945,0,0,0,0,0
8946,5,0,0,0,0
8947,4,1,1,1,1
8948,2,0,0,0,0
8949,3,0,0,0,0
8950,0,0,0,0,0
8951,0,0,0,0,0
8952,0,0,0,0,0
8953,5,0,0,0,0
8954,1,17,24,16,18
8955,0,0,0,0,0
8956,25,0,0,0,0
8957,148,36,2,2,1
8958,0,0,0,0,0
8959,1,0,0,0,0
8960,0,0,0,0,0
8961,6,1,0,0,0
8962,44,8,30,26,24
8963,2,2,0,0,0
8964,0,0,0,0,0
8965,1,0,0,0,0
8966,1,1,0,0,0
8967,0,0,0,0,0
8968,0,0,0,0,0
8969,4,0,0,0,0
8970,0,0,0,0,0
8971,0,0,0,0,0
8972,19,19,8,0,0
8973,1,0,0,0,0
8974,0,0,0,0,0
8975,2,2,1,0,0
8976,1,2,4,4,5
8977,0,0,0,0,0
8978,0,0,0,0,0
8979,185,9,0,0,0
8980,0,0,0,0,0
8981,5,3,1,1,0
8982,81,28,16,3,2
8983,1,0,0,0,0
8984,0,0,0,0,0
8985,0,0,0,0,0
8986,0,0,0,0,0
8987,2,0,0,0,0
8988,5,1,0,0,0
8989,62,49,83,53,36
8990,0,0,0,0,0
8991,1,0,1,1,1
8992,163,47,11,3,2
8993,0,0,0,0,0
8994,1,0,0,0,0
8995,90,10,6,21,24
8996,0,0,0,0,0
8997,18,0,0,0,0
8998,224,202,70,60,53
8999,0,0,0,0,0
9000,37,1,1,1,1
9001,10,0,2,2,2
9002,2,1,0,0,0
9003,67,8,3,3,2
9004,0,0,0,0,0
9005,121,186,143,126,127
9006,4,5,3,3,3
9007,70,4,2,3,3
9008,2,11,3,3,4
9009,2,0,0,0,0
9010,1,0,0,0,0
9011,1,0,0,0,0
9012,29,1,0,0,0
9013,32,22,1,4,2
9014,98,3,2,1,1
9015,0,4,1,1,0
9016,0,0,0,0,0
9017,93,9,0,0,0
9018,1,0,0,0,0
9019,1,0,0,0,0
9020,1,0,0,0,0
9021,162,0,0,0,0
9022,0,0,0,0,0
9023,36,1,0,0,0
9024,112,6,0,0,0
9025,1,0,1,1,1
9026,1,0,0,0,0
9027,0,0,0,0,0
9028,1,2,2,1,2
9029,0,0,0,0,0
9030,2,1,0,0,0
9031,0,0,0,0,0
9032,2,0,0,0,0
9033,0,0,0,0,0
9034,12,0,0,0,0
9035,61,0,0,0,0
9036,50,31,7,3,4
9037,4,0,0,0,0
9038,1,0,0,0,0
9039,76,204,291,361,318
9040,6,0,0,0,0
9041,18,0,0,0,0
9042,0,0,0,0,0
9043,8,0,0,0,0
9044,3,0,1,0,0
9045,75,0,0,0,0
9046,0,0,0,0,0
9047,0,0,0,0,0
9048,0,0,0,0,0
9049,0,0,0,1,1
9050,1,0,0,0,0
9051,2,0,0,0,0
9052,7,2,0,0,0
9053,0,0,0,0,0
9054,4,1,0,0,0
9055,8,0,0,0,0
9056,4,0,0,0,0
9057,1,0,0,0,0
9058,0,0,0,0,0
9059,78,1,1,0,0
9060,0,0,0,0,0
9061,1,2,2,2,2
9062,0,0,0,0,0
9063,13,0,0,0,0
9064,3,0,0,0,0
9065,5,28,4,6,6
9066,11,15,0,0,0
9067,11,0,0,0,0
9068,67,25,6,5,3
9069,0,0,0,0,0
9070,105,20,2,1,1
9071,34,12,3,3,3
9072,0,0,0,0,0
9073,103,161,99,47,42
9074,0,0,0,0,0
9075,2,0,0,0,0
9076,55,12,9,16,18
9077,0,0,0,1,2
9078,71,52,93,97,70
9079,0,0,0,0,0
9080,0,0,0,0,0
9081,0,0,0,0,0
9082,0,0,0,0,0
9083,9,0,0,0,0
9084,28,1,0,0,0
9085,101,4,7,4,4
9086,3,0,0,0,0
9087,193,102,34,10,14
9088,2,0,2,1,1
9089,1,0,0,0,0
9090,0,0,0,0,0
9091,16,4,2,2,2
9092,2,0,0,0,0
9093,0,0,0,0,0
9094,0,0,0,1,0
9095,15,0,0,0,0
9096,52,1,1,1,1
9097,0,0,0,0,0
9098,5,2,0,0,0
9099,0,0,0,0,0
9100,1,0,0,0,0
9101,3,0,0,0,0
9102,0,0,0,0,0
9103,0,0,0,0,0
9104,0,0,0,0,0
9105,0,0,0,0,0
9106,3,0,0,0,0
9107,11,0,0,0,0
9108,70,0,0,0,0
9109,2,0,0,0,0
9110,0,0,0,0,0
9111,0,0,0,0,0
9112,3,0,0,0,0
9113,3,0,0,0,0
9114,20,0,0,0,0
9115,1,0,0,0,0
9116,43,1,0,0,0
9117,0,0,0,0,0
9118,1,0,0,0,0
9119,5,3,0,0,0
9120,31,1,2,0,0
9121,2,3,15,5,5
9122,54,11,3,1,1
9123,15,6,1,1,1
9124,0,0,0,0,0
9125,0,0,0,0,0
9126,1,0,0,0,0
9127,49,11,0,0,0
9128,1,0,0,0,0
9129,7,1,1,0,0
9130,0,0,0,0,0
9131,0,0,0,0,0
9132,1,0,1,0,0
9133,0,0,0,0,0
9134,0,0,0,0,0
9135,0,1,1,1,1
9136,0,0,0,0,0
9137,1,0,0,0,0
9138,32,9,21,16,17
9139,20,0,0,0,0
9140,0,0,0,0,0
9141,66,42,16,21,22
9142,74,5,12,14,13
9143,6,0,0,0,0
9144,3,3,0,0,0
9145,9,9,15,6,6
9146,0,0,0,0,0
9147,0,0,0,0,0
9148,0,0,0,0,0
9149,3,0,0,0,0
9150,6,6,0,1,0
9151,41,10,4,4,3
9152,61,0,0,0,0
9153,1,0,0,0,0
9154,4,0,0,0,0
9155,117,60,136,162,173
9156,0,0,0,0,0
9157,6,23,1,0,0
9158,0,0,0,0,0
9159,2,0,0,0,0
9160,53,3,2,0,0
9161,5,4,0,1,0
9162,0,0,0,0,0
9163,0,0,0,0,0
9164,19,0,0,0,0
9165,1,2,0,0,0
9166,71,26,19,10,9
9167,1,0,0,0,0
9168,0,0,0,0,0
9169,0,0,0,0,0
9170,15,0,0,0,0
9171,0,0,0,0,0
9172,0,0,0,0,0
9173,0,0,0,0,0
9174,226,21,72,53,55
9175,41,0,0,0,0
9176,0,0,0,0,0
9177,0,0,0,0,0
9178,0,0,0,0,0
9179,0,0,0,0,0
9180,1,0,0,0,0
9181,11,0,0,0,0
9182,0,0,0,0,0
9183,1,0,0,0,0
9184,398,248,211,139,153
9185,45,8,1,0,0
9186,1,0,0,0,0
9187,0,0,0,0,0
9188,0,0,0,0,0
9189,0,0,0,0,0
9190,1,0,0,0,0
9191,0,0,0,0,0
9192,1,12,5,4,3
9193,0,0,0,0,0
9194,1,2,0,1,2
9195,2,5,0,0,0
9196,48,2,0,0,0
9197,1,0,0,0,0
9198,0,0,0,0,0
9199,2,1,1,0,0
9200,3,0,0,0,0
9201,7,1,7,3,4
9202,1,0,0,0,0
9203,3,0,0,0,0
9204,5,0,0,0,0
9205,0,0,0,0,0
9206,7,0,0,0,0
9207,0,0,0,0,0
9208,18,0,1,0,0
9209,4,0,0,0,0
9210,46,13,5,4,4
9211,1,0,0,0,0
9212,0,0,6,4,3
9213,3,0,0,0,0
9214,0,0,0,0,0
9215,0,0,0,0,0
9216,10,0,0,0,0
9217,1,0,0,0,0
9218,11,0,0,0,0
9219,0,0,0,0,0
9220,2,57,29,34,43
9221,22,1,0,0,0
9222,0,0,0,0,0
9223,2,0,0,0,0
9224,6,2,1,0,0
9225,11,0,0,0,0
9226,0,0,0,0,0
9227,72,56,13,2,1
9228,4,0,0,0,0
9229,1,0,0,0,0
9230,0,0,0,0,0
9231,10,3,1,1,0
9232,84,89,78,125,139
9233,0,0,0,0,0
9234,9,1,0,0,0
9235,7,1,0,0,0
9236,32,0,0,0,0
9237,12,0,0,0,0
9238,2,0,0,0,0
9239,0,0,0,0,0
9240,0,0,0,0,0
9241,20,2,0,0,0
9242,25,8,8,16,13
9243,0,0,0,0,0
9244,10,0,0,0,0
9245,12,1,0,0,0
9246,4,0,0,0,0
9247,127,34,11,12,14
9248,11,2,0,0,0
9249,0,0,0,0,0
9250,1,0,0,0,0
9251,0,0,0,0,0
9252,0,0,0,0,0
9253,1,0,0,0,0
9254,0,0,0,0,0
9255,5,0,0,0,0
9256,106,1,0,0,0
9257,31,2,1,0,0
9258,14,13,8,7,5
9259,0,0,0,0,0
9260,96,132,144,113,138
9261,2,0,1,1,0
9262,0,0,0,0,0
9263,10,1,0,0,0
9264,0,0,0,0,0
9265,0,0,0,0,0
9266,12,0,0,0,0
9267,5,0,0,0,0
9268,0,0,0,0,0
9269,7,0,0,0,0
9270,0,0,0,0,0
9271,0,0,0,0,0
9272,30,19,3,1,1
9273,21,3,0,0,0
9274,220,46,44,33,24
9275,2,0,0,0,0
9276,29,21,5,0,0
9277,0,0,0,0,0
9278,94,19,32,37,37
9279,0,0,0,0,0
9280,0,0,0,0,0
9281,0,0,0,0,0
9282,0,0,0,0,0
9283,0,7,10,11,13
9284,18,0,0,0,0
9285,11,0,0,0,0
9286,0,0,0,0,0
9287,4,22,7,1,0
9288,1,0,0,0,0
9289,3,0,0,0,0
9290,1,0,0,0,0
9291,3,0,0,0,0
9292,0,0,0,0,0
9293,5,1,0,1,1
9294,36,0,0,0,0
9295,6,0,0,0,0
9296,37,7,8,6,5
9297,0,0,0,0,0
9298,6,0,0,0,0
9299,127,52,6,0,0
9300,0,0,0,0,0
9301,16,0,0,0,0
9302,8,0,0,0,0
9303,0,0,0,0,0
9304,29,0,1,1,1
9305,7,0,0,0,0
9306,24,4,14,11,10
9307,0,0,0,0,0
9308,11,3,0,0,0
9309,0,0,0,0,0
9310,0,0,0,0,0
9311,1,0,0,0,0
9312,0,0,0,0,0
9313,0,0,0,0,0
9314,68,1,0,0,0
9315,20,1,0,0,0
9316,0,0,0,0,0
9317,4,0,0,0,0
9318,4,0,0,0,0
9319,20,0,0,0,0
9320,1,0,0,0,0
9321,0,1,0,0,0
9322,67,16,13,10,10
9323,0,0,0,0,0
9324,0,0,0,0,0
9325,9,0,0,0,0
9326,0,0,0,0,0
9327,0,0,0,0,0
9328,37,48,14,6,7
9329,0,0,0,0,0
9330,7,0,0,0,0
9331,0,0,0,0,0
9332,0,0,0,0,0
9333,2,0,0,0,0
9334,7,4,1,5,4
9335,5,3,3,1,1
9336,82,6,7,4,1
9337,1,0,0,0,0
9338,0,0,0,0,0
9339,0,0,0,0,0
9340,0,0,0,0,0
9341,50,4,0,0,0
9342,3,0,0,0,0
9343,0,0,0,0,0
9344,1,0,0,0,0
9345,2,1,2,4,4
9346,3,19,6,6,6
9347,0,0,0,0,0
9348,0,1,1,0,1
9349,2,0,0,0,0
9350,7,0,0,0,0
9351,3,2,0,0,0
9352,8,4,2,1,1
9353,1,0,0,0,0
9354,0,1,0,0,1
9355,51,0,0,0,0
9356,0,12,0,0,0
9357,0,0,0,0,0
9358,2,0,0,0,0
9359,0,0,0,0,0
9360,0,0,0,0,0
9361,0,0,0,0,0
9362,0,0,0,0,0
9363,0,0,0,0,0
9364,0,44,3,1,1
9365,0,0,0,0,0
9366,1,0,0,0,0
9367,0,0,0,0,0
9368,1,0,0,0,0
9369,8,7,1,1,1
9370,5,0,0,0,0
9371,1,1,0,0,0
9372,54,67,69,49,41
9373,2,2,1,0,0
9374,147,1,0,0,0
9375,56,6,0,0,0
9376,26,0,0,0,0
9377,8,0,0,0,0
9378,0,0,0,0,0
9379,0,0,0,0,0
9380,36,7,0,0,0
9381,0,0,0,0,0
9382,18,3,8,7,7
9383,6,1,0,1,2
9384,29,0,0,0,0
9385,2,3,0,0,0
9386,0,0,0,0,0
9387,3,0,0,0,0
9388,0,0,0,0,0
9389,2,0,0,0,0
9390,0,0,0,0,0
9391,29,5,1,0,0
9392,39,2,0,0,0
9393,0,0,0,0,0
9394,1,1,0,0,0
9395,363,47,12,9,6
9396,0,0,0,0,0
9397,0,0,0,0,0
9398,24,47,28,27,14
9399,1,1,0,0,0
9400,4,11,0,0,0
9401,57,89,4,2,1
9402,2,0,0,0,0
9403,2,0,0,0,0
9404,0,0,0,0,0
9405,0,1,0,0,0
9406,242,297,504,623,583
9407,2,0,0,0,0
9408,7,0,0,0,0
9409,1,0,1,1,1
9410,0,0,0,0,0
9411,47,0,0,0,0
9412,29,0,0,0,0
9413,1,0,0,0,0
9414,5,0,0,0,0
9415,0,0,0,0,0
9416,32,1,0,0,0
9417,12,0,0,0,0
9418,22,32,66,106,98
9419,42,10,1,0,1
9420,1,0,0,0,0
9421,0,0,0,0,0
9422,0,0,0,0,0
9423,57,2,1,1,1
9424,3,1,1,1,1
9425,127,1,0,0,0
9426,0,0,0,0,0
9427,166,22,5,3,2
9428,0,0,0,0,0
9429,0,0,0,0,0
9430,1,0,0,0,0
9431,39,6,4,2,3
9432,0,0,0,0,0
9433,1,1,0,0,0
9434,177,230,196,88,103
9435,49,31,14,24,26
9436,8,0,0,0,0
9437,0,0,0,0,0
9438,105,11,9,9,9
9439,5,6,4,1,1
9440,1,0,1,2,2
9441,5,4,1,0,0
9442,1,0,0,0,0
9443,46,0,1,2,2
9444,268,207,302,227,234
9445,40,2,1,0,0
9446,0,0,0,0,0
9447,4,0,0,0,0
9448,0,0,0,0,0
9449,12,2,0,0,0
9450,1,0,0,0,0
9451,19,1,0,0,0
9452,6,0,0,0,0
9453,12,0,1,0,0
9454,1,0,0,0,0
9455,17,0,0,0,0
9456,0,0,0,0,0
9457,6,0,0,0,0
9458,1,0,0,0,0
9459,1,0,0,0,0
9460,89,3,0,0,0
9461,27,0,0,0,0
9462,2,0,0,0,0
9463,57,1,1,1,1
9464,0,0,0,0,0
9465,1,11,5,1,0
9466,0,0,0,0,0
9467,10,11,4,1,1
9468,176,26,14,3,3
9469,0,0,0,0,0
9470,0,0,0,0,0
9471,1,0,0,0,0
9472,0,0,5,2,2
9473,46,0,0,0,0
9474,6,9,8,8,6
9475,0,0,0,0,0
9476,3,0,0,0,0
9477,0,0,0,0,0
9478,3,0,0,0,0
9479,48,25,73,74,68
9480,23,1,0,0,0
9481,27,7,7,4,9
9482,39,7,2,2,2
9483,0,0,0,0,0
9484,1,0,0,0,0
9485,4,0,0,0,0
9486,48,2,2,3,2
9487,9,41,45,25,22
9488,5,0,0,0,0
9489,0,0,0,0,0
9490,16,0,0,0,0
9491,150,44,4,1,1
9492,6,0,0,0,0
9493,19,2,0,0,0
9494,0,0,0,0,0
9495,27,0,0,0,0
9496,141,0,1,1,0
9497,24,5,6,5,4
9498,199,34,85,99,104
9499,0,0,0,0,0
9500,0,0,0,0,0
9501,0,0,0,0,0
9502,23,1,0,0,0
9503,88,37,5,5,5
9504,0,0,0,0,0
9505,0,0,0,0,0
9506,5,5,1,1,0
9507,4,0,0,0,0
9508,1,1,0,0,0
9509,10,4,0,0,0
9510,0,1,1,1,1
9511,0,0,0,0,0
9512,27,2,4,3,3
9513,0,0,0,0,0
9514,0,0,0,0,0
9515,0,0,0,0,0
9516,15,3,0,0,0
9517,35,1,1,1,1
9518,0,0,0,0,0
9519,7,1,0,0,0
9520,0,0,0,0,0
9521,0,0,0,0,0
9522,0,0,0,0,0
9523,20,39,15,3,5
9524,0,0,0,0,0
9525,12,1,0,0,0
9526,0,0,0,0,0
9527,79,83,43,59,51
9528,1,0,0,0,0
9529,2,0,0,0,0
9530,2,0,0,0,0
9531,31,15,8,10,10
9532,0,0,0,0,0
9533,0,0,0,0,0
9534,31,18,2,1,2
9535,13,1,0,0,0
9536,2,0,0,0,0
9537,2,0,0,0,0
9538,7,5,8,2,2
9539,102,14,5,3,4
9540,0,0,0,0,0
9541,0,0,0,0,0
9542,8,1,0,0,0
9543,9,2,1,0,0
9544,0,0,0,0,0
9545,1,0,0,0,0
9546,143,0,0,0,0
9547,1,0,0,0,0
9548,0,0,0,0,0
9549,0,0,0,0,0
9550,2,0,1,0,1
9551,3,0,0,0,0
9552,94,14,22,21,17
9553,0,0,0,0,0
9554,0,0,0,0,0
9555,2,1,0,0,0
9556,33,40,1,0,0
9557,3,0,0,0,0
9558,0,4,0,0,0
9559,3,0,0,0,0
9560,4,0,0,0,0
9561,1,0,0,0,0
9562,6,0,0,0,0
9563,57,59,70,41,37
9564,2,3,1,0,0
9565,9,0,0,0,0
9566,1,0,0,0,0
9567,1,0,0,0,0
9568,0,0,0,0,0
9569,0,0,0,0,0
9570,28,45,21,17,15
9571,4,1,0,0,0
9572,0,0,0,0,0
9573,6,0,0,0,0
9574,4,0,0,0,0
9575,0,0,0,0,0
9576,152,3,0,0,0
9577,0,0,0,0,0
9578,0,0,0,0,0
9579,0,0,0,0,0
9580,5,0,0,0,0
9581,5,1,7,1,1
9582,0,0,0,0,0
9583,165,43,34,33,34
9584,2,19,2,1,1
9585,6,0,0,0,0
9586,0,0,0,0,0
9587,33,0,0,0,0
9588,22,7,0,0,0
9589,0,0,0,0,0
9590,0,0,0,0,0
9591,0,0,0,0,0
9592,0,0,0,0,0
9593,41,2,1,0,0
9594,9,0,0,0,0
9595,0,1,0,0,0
9596,3,0,0,0,0
9597,43,91,63,41,33
9598,0,0,0,0,0
9599,0,0,0,0,0
9600,0,0,0,0,0
9601,0,0,0,0,0
9602,5,1,1,1,1
9603,83,4,14,14,11
9604,0,0,0,0,0
9605,0,0,0,0,0
9606,0,0,0,0,0
9607,91,28,0,0,0
9608,0,0,0,0,0
9609,0,2,2,1,1
9610,14,1,10,6,7
9611,13,0,0,1,1
9612,0,0,0,0,0
9613,20,3,1,6,4
9614,0,0,0,0,0
9615,7,1,0,0,0
9616,0,0,0,0,0
9617,50,2,0,0,0
9618,15,2,4,3,1
9619,2,0,0,0,0
9620,5,5,2,1,2
9621,4,0,0,1,1
9622,14,0,0,0,0
9623,1,0,0,0,0
9624,10,1,0,0,0
9625,0,0,0,0,0
9626,0,0,0,0,0
9627,0,0,0,0,0
9628,265,216,131,132,109
9629,62,0,0,0,0
9630,1,0,0,0,0
9631,8,1,2,0,0
9632,8,0,0,0,0
9633,1,0,0,0,0
9634,0,0,0,0,0
9635,0,0,0,0,0
9636,3,2,3,1,2
9637,0,1,1,1,1
9638,25,43,22,9,5
9639,21,2,0,0,0
9640,0,0,0,0,0
9641,3,0,0,0,0
9642,0,0,0,0,0
9643,6,1,2,1,1
9644,47,16,15,4,4
9645,1,0,0,0,0
9646,21,21,7,6,5
9647,17,0,0,0,0
9648,70,155,91,50,53
9649,12,0,0,0,0
9650,1,0,0,0,0
9651,1,0,0,0,0
9652,142,22,8,5,5
9653,0,0,0,0,0
9654,2,1,0,0,0
9655,207,440,686,708,655
9656,0,0,0,0,0
9657,11,19,8,5,7
9658,13,3,1,1,1
9659,19,2,1,1,1
9660,0,0,0,0,0
9661,2,0,0,0,0
9662,6,0,0,0,0
9663,0,0,0,0,0
9664,1,4,5,1,3
9665,0,0,0,0,0
9666,1,2,1,0,0
9667,0,0,0,0,0
9668,27,5,0,0,0
9669,75,29,8,3,3
9670,80,0,0,0,0
9671,2,0,0,0,0
9672,0,0,0,0,0
9673,2,0,0,0,0
9674,0,0,0,0,0
9675,2,1,0,0,0
9676,6,2,0,0,0
9677,0,0,0,0,0
9678,49,2,0,0,0
9679,0,0,0,0,0
9680,2,0,0,0,0
9681,30,46,31,61,62
9682,0,0,0,0,0
9683,43,48,23,14,15
9684,0,0,0,0,0
9685,12,0,0,0,0
9686,29,4,0,0,0
9687,1,0,0,0,0
9688,0,0,0,0,0
9689,0,0,0,0,0
9690,3,4,1,2,2
9691,228,190,185,134,88
9692,2,0,0,0,0
9693,41,8,0,0,0
9694,1,0,0,0,0
9695,1,0,0,0,0
9696,0,0,0,0,0
9697,19,1,1,1,1
9698,1,1,2,0,0
9699,1,0,0,0,0
9700,0,0,0,0,0
9701,0,0,0,0,0
9702,28,2,0,0,0
9703,2,0,0,0,0
9704,41,6,0,0,0
9705,1,0,0,0,0
9706,9,2,0,0,0
9707,28,16,15,7,4
9708,6,17,2,2,3
9709,0,0,0,0,0
9710,1,0,0,0,0
9711,3,1,0,0,0
9712,3,0,0,0,0
9713,0,0,0,0,0
9714,0,0,0,0,0
9715,0,0,0,0,0
9716,0,0,0,0,0
9717,0,0,0,0,0
9718,0,0,0,0,0
9719,4,3,1,1,1
9720,1,0,0,0,0
9721,10,1,0,0,0
9722,1,0,0,0,0
9723,7,0,0,0,0
9724,0,0,0,0,0
9725,1,0,0,0,0
9726,1,0,0,0,0
9727,6,0,0,0,0
9728,5,0,0,0,0
9729,62,37,3,5,6
9730,0,0,0,0,0
9731,51,0,0,0,0
9732,3,0,0,0,0
9733,2,0,0,0,0
9734,16,3,8,0,0
9735,10,0,0,0,0
9736,0,0,0,0,0
9737,1,0,0,0,0
9738,6,2,4,1,1
9739,43,32,0,0,0
9740,4,2,0,0,0
9741,12,5,0,0,0
9742,58,0,1,1,2
9743,6,0,0,0,0
9744,0,0,0,0,0
9745,0,0,0,0,0
9746,61,13,1,3,0
9747,0,0,0,0,0
9748,4,9,3,3,3
9749,1,0,0,0,0
9750,2,0,0,0,0
9751,42,3,0,0,0
9752,4,0,0,0,0
9753,55,11,15,14,5
9754,22,0,0,0,0
9755,0,0,0,0,0
9756,0,0,0,0,0
9757,6,4,1,1,1
9758,0,0,0,0,0
9759,2,0,0,0,0
9760,0,0,0,0,0
9761,0,0,0,0,0
9762,0,0,0,0,0
9763,7,7,0,0,0
9764,2,2,0,1,1
9765,3,4,4,11,17
9766,4,8,1,1,1
9767,14,0,0,0,0
9768,154,248,227,126,116
9769,16,14,5,7,7
9770,24,1,0,0,0
9771,2,0,0,0,0
9772,7,0,0,0,0
9773,10,0,0,0,0
9774,69,2,8,4,7
9775,10,7,6,5,5
9776,665,202,171,159,187
9777,0,0,0,0,0
9778,36,0,0,0,0
9779,9,0,0,0,0
9780,0,0,0,0,0
9781,112,185,75,118,111
9782,12,0,0,0,0
9783,7,3,0,0,0
9784,26,2,2,1,0
9785,2,0,0,0,0
9786,6,0,0,0,0
9787,0,0,0,0,0
9788,0,0,0,0,0
9789,0,0,0,0,0
9790,3,1,0,0,0
9791,0,0,0,0,0
9792,0,0,0,0,0
9793,0,0,0,0,0
9794,10,1,1,2,2
9795,2,3,1,0,0
9796,0,0,0,0,0
9797,4,1,0,0,0
9798,3,0,0,0,0
9799,2,0,0,0,0
9800,96,61,52,47,43
9801,7,0,0,0,0
9802,0,0,0,0,0
9803,3,0,0,0,0
9804,3,0,0,0,0
9805,19,0,0,0,0
9806,0,0,0,0,0
9807,1,0,0,0,0
9808,13,0,0,0,0
9809,21,2,5,3,3
9810,0,0,0,0,0
9811,8,0,0,0,0
9812,3,0,0,0,0
9813,0,0,0,0,0
9814,53,0,0,0,0
9815,42,10,9,4,4
9816,3,0,0,0,0
9817,0,0,0,0,0
9818,110,36,6,0,0
9819,10,1,0,0,0
9820,1,1,0,0,0
9821,0,0,0,0,0
9822,2,0,0,0,0
9823,3,0,0,0,0
9824,1,0,0,0,0
9825,0,0,0,0,0
9826,1,0,0,0,0
9827,0,0,0,0,0
9828,57,52,48,58,55
9829,0,0,0,0,0
9830,4,0,0,0,0
9831,44,4,0,0,0
9832,8,0,0,0,0
9833,0,0,0,0,0
9834,3,6,3,2,2
9835,3,2,1,1,1
9836,2,2,0,0,0
9837,0,0,0,0,0
9838,0,0,0,0,0
9839,1,0,0,0,0
9840,95,3,2,2,2
9841,0,0,0,0,0
9842,2,1,0,0,0
9843,0,0,0,0,0
9844,26,0,0,0,0
9845,32,20,4,4,4
9846,0,4,1,1,1
9847,4,0,3,0,0
9848,0,0,0,0,0
9849,6,4,1,4,6
9850,36,5,3,4,4
9851,0,0,0,0,0
9852,0,0,0,0,0
9853,36,10,1,0,2
9854,0,0,0,0,0
9855,2,0,0,0,0
9856,0,0,0,0,0
9857,219,37,11,13,15
9858,12,1,0,0,0
9859,13,0,0,0,0
9860,1,0,0,0,0
9861,1,1,1,1,1
9862,1,0,0,0,0
9863,1,5,1,1,1
9864,0,2,0,0,0
9865,0,0,0,0,0
9866,16,0,0,0,0
9867,1,0,0,0,0
9868,1,0,0,0,0
9869,22,1,0,0,0
9870,18,0,3,2,2
9871,32,7,3,1,0
9872,0,0,0,0,0
9873,1,0,0,0,0
9874,4,2,1,0,0
9875,0,0,0,0,0
9876,9,9,1,0,0
9877,11,0,0,0,0
9878,0,0,0,0,0
9879,29,10,7,6,4
9880,58,3,0,0,0
9881,0,0,0,0,0
9882,8,1,0,0,0
9883,1,0,0,0,0
9884,1,0,0,0,0
9885,0,0,0,0,0
9886,10,30,14,14,15
9887,0,0,0,0,0
9888,2,0,0,0,0
9889,88,40,9,8,14
9890,81,2,2,1,1
9891,3,0,0,0,0
9892,0,0,0,0,0
9893,14,1,1,1,1
9894,0,2,1,3,2
9895,1,0,0,0,0
9896,3,1,1,1,1
9897,6,5,0,0,0
9898,0,0,0,0,0
9899,4,0,0,0,0
9900,187,168,70,82,76
9901,34,27,17,9,11
9902,11,0,0,0,0
9903,1,0,0,0,0
9904,0,0,0,0,0
9905,2,1,0,0,0
9906,3,0,0,0,0
9907,343,63,46,73,68
9908,5,3,0,0,0
9909,5,0,0,0,0
9910,0,0,0,0,0
9911,0,0,0,0,0
9912,0,0,0,0,0
9913,0,1,0,0,0
9914,59,69,23,5,7
9915,22,3,3,1,1
9916,12,28,2,1,1
9917,1,0,0,0,0
9918,0,0,0,0,0
9919,0,0,0,0,0
9920,6,5,3,3,3
9921,4,0,0,0,0
9922,21,2,1,0,0
9923,0,0,0,0,0
9924,0,0,0,0,0
9925,13,0,0,0,0
9926,0,0,0,0,0
9927,2,22,13,12,8
9928,0,0,0,0,0
9929,50,0,0,0,0
9930,0,0,0,0,0
9931,0,0,0,0,0
9932,12,0,0,0,0
9933,0,0,0,0,0
9934,1,0,0,0,0
9935,0,0,0,0,0
9936,8,0,0,0,0
9937,45,1,0,0,0
9938,0,0,0,0,0
9939,16,10,8,7,5
9940,31,0,0,0,0
9941,0,1,0,1,1
9942,4,2,1,0,0
9943,17,4,0,0,0
9944,2,1,1,0,1
9945,3,0,1,2,1
9946,0,0,0,0,0
9947,0,0,0,0,0
9948,8,0,0,0,0
9949,0,0,0,0,0
9950,0,0,0,0,0
9951,0,0,0,0,0
9952,0,1,0,0,0
9953,0,0,0,0,0
9954,0,0,0,0,0
9955,0,0,0,0,0
9956,0,0,0,0,0
9957,15,2,1,0,0
9958,0,0,0,0,0
9959,20,1,1,0,0
9960,1,0,0,0,0
9961,0,0,0,0,0
9962,22,2,0,0,0
9963,56,5,7,1,0
9964,3,5,2,4,3
9965,0,0,0,0,0
9966,7,0,0,0,0
9967,186,103,12,6,8
9968,0,0,0,0,0
9969,8,1,1,1,1
9970,6,19,19,16,16
9971,4,1,0,0,0
9972,10,15,14,16,15
9973,0,1,0,0,0
9974,40,0,0,0,0
9975,4,6,4,4,6
9976,0,0,0,0,0
9977,0,0,0,0,0
9978,2,1,0,0,0
9979,0,0,0,0,0
9980,9,2,0,0,0
9981,2,0,0,0,0
9982,0,0,0,0,0
9983,46,20,0,0,0
9984,6,4,0,0,0
9985,0,0,0,0,0
9986,0,0,0,0,0
9987,1,0,0,0,0
9988,104,114,101,67,42
9989,0,0,0,0,0
9990,5,0,0,0,0
9991,6,0,0,0,0
9992,1,0,0,0,0
9993,4,1,0,0,0
9994,6,2,12,8,10
9995,2,1,0,0,0
9996,1,0,0,0,0
9997,9,22,4,2,2
9998,35,5,2,0,0
9999,1,0,0,0,0
10000,16,0,0,0,0
10001,36,7,0,0,0
10002,2,0,0,0,0
10003,6,0,0,0,0
10004,0,0,0,0,0
10005,1,0,0,0,0
10006,1,0,0,0,0
10007,1,0,0,0,0
10008,0,0,0,0,0
10009,15,2,0,0,0
10010,0,0,0,0,0
10011,1,0,0,0,0
10012,7,0,3,4,4
10013,7,0,0,0,0
10014,4,0,0,0,0
10015,14,42,5,4,4
10016,4,0,0,0,0
10017,0,0,0,0,0
10018,3,0,0,0,0
10019,110,30,12,4,8
10020,3,0,0,0,0
10021,32,30,36,21,21
10022,1,0,0,0,0
10023,0,3,0,0,0
10024,0,0,0,0,0
10025,5,0,0,0,0
10026,0,0,0,0,0
10027,0,1,0,0,0
10028,10,1,1,2,2
10029,0,0,0,0,0
10030,5,0,0,0,0
10031,16,2,0,0,0
10032,13,5,4,3,2
10033,203,1,0,0,0
10034,0,0,0,0,0
10035,4,0,0,0,0
10036,0,0,0,0,0
10037,1,0,0,0,0
10038,18,0,0,0,0
10039,1,0,0,0,0
10040,25,0,0,0,0
10041,19,0,0,0,0
10042,65,18,3,3,3
10043,32,12,5,4,4
10044,7,0,0,0,0
10045,11,0,0,0,0
10046,0,0,0,0,0
10047,0,0,0,0,0
10048,0,0,0,0,0
10049,315,260,120,71,61
10050,0,0,0,0,0
10051,0,0,0,0,0
10052,14,0,0,0,0
10053,6,0,3,1,1
10054,0,0,0,0,0
10055,137,13,25,21,23
10056,24,13,2,2,2
10057,18,3,0,0,1
10058,0,6,2,1,1
10059,5,0,0,0,0
10060,0,0,0,0,0
10061,8,1,0,0,0
10062,334,220,109,56,58
10063,1,5,3,3,2
10064,1,0,0,0,0
10065,0,0,0,0,0
10066,117,45,5,9,6
10067,8,0,0,0,0
10068,1,0,0,0,0
10069,2,0,0,0,0
10070,0,0,0,0,0
10071,0,0,0,0,0
10072,1,0,0,0,0
10073,0,0,0,0,0
10074,0,0,1,1,1
10075,0,0,0,0,0
10076,200,55,47,41,37
10077,0,0,0,0,0
10078,13,9,3,0,2
10079,25,2,2,2,2
10080,26,8,9,6,4
10081,3,0,0,0,0
10082,0,2,0,0,0
10083,87,18,15,16,19
10084,2,11,2,2,3
10085,2,12,19,4,5
10086,0,0,0,0,0
10087,7,3,1,1,1
10088,2,1,1,1,1
10089,2,1,0,0,0
10090,4,0,0,0,0
10091,8,3,0,0,0
10092,26,3,1,0,0
10093,0,0,0,0,0
10094,4,10,7,5,4
10095,15,2,3,0,0
10096,5,0,0,0,0
10097,8,0,0,0,0
10098,93,3,3,0,1
10099,0,0,0,0,0
10100,0,0,0,0,0
10101,2,0,0,0,0
10102,326,439,563,445,363
10103,0,0,0,0,0
10104,19,60,26,22,25
10105,0,0,0,0,0
10106,23,27,0,0,0
10107,0,0,0,0,0
10108,7,0,0,0,0
10109,85,27,6,8,7
10110,5,0,0,0,0
10111,21,1,2,1,1
10112,0,0,0,0,0
10113,0,0,0,0,0
10114,12,0,0,0,0
10115,2,5,2,2,2
10116,0,0,0,0,0
10117,0,0,0,0,0
10118,0,0,0,0,0
10119,0,0,0,0,0
10120,24,4,0,0,0
10121,5,0,0,0,0
10122,24,1,3,0,0
10123,0,0,0,0,0
10124,35,2,1,1,1
10125,3,1,0,0,0
10126,1,0,0,0,0
10127,49,0,1,1,1
10128,1,0,0,0,0
10129,28,0,0,0,0
10130,38,4,8,5,6
10131,14,8,2,2,2
10132,0,0,0,0,0
10133,0,0,0,0,0
10134,0,0,0,0,0
10135,0,0,0,0,0
10136,158,5,1,1,1
10137,0,0,0,0,0
10138,42,12,4,2,1
10139,51,3,3,2,3
10140,441,130,160,111,127
10141,36,63,53,37,31
10142,0,0,0,0,0
10143,0,0,0,0,0
10144,8,0,0,0,0
10145,35,5,2,1,1
10146,82,23,4,4,3
10147,28,0,0,0,0
10148,24,1,0,0,0
10149,2,0,0,0,0
10150,13,8,2,1,2
10151,49,1,0,0,0
10152,0,0,0,0,0
10153,223,29,25,24,24
10154,169,72,16,14,16
10155,0,0,0,0,0
10156,75,34,35,36,38
10157,6,0,0,0,0
10158,0,0,0,0,0
10159,0,0,0,0,0
10160,4,5,1,1,1
10161,0,0,0,0,0
10162,2,0,0,0,0
10163,1,1,0,0,0
10164,4,0,0,0,0
10165,1,0,0,0,0
10166,0,0,0,0,0
10167,171,257,147,130,100
10168,1,0,0,0,0
10169,0,0,0,0,0
10170,6,2,2,2,1
10171,9,1,0,0,0
10172,1,0,0,0,0
10173,2,0,1,1,2
10174,320,197,34,16,11
10175,0,0,0,0,0
10176,12,0,0,0,0
10177,0,0,0,0,0
10178,0,0,0,0,0
10179,213,48,13,11,8
10180,2,0,0,0,0
10181,2,1,0,0,0
10182,0,4,2,2,1
10183,40,4,0,0,0
10184,9,1,0,0,0
10185,0,0,0,0,0
10186,33,2,1,0,0
10187,0,0,0,0,0
10188,46,12,1,0,0
10189,0,0,0,0,0
10190,12,4,5,3,4
10191,0,0,0,0,0
10192,4,3,8,5,5
10193,0,0,0,0,0
10194,61,0,0,0,0
10195,75,60,47,45,47
10196,1,0,0,0,0
10197,509,691,706,745,761
10198,2,2,16,20,24
10199,1,0,0,0,0
10200,29,0,0,0,0
10201,0,0,0,0,0
10202,0,0,0,0,0
10203,0,0,0,0,0
10204,17,1,11,15,12
10205,106,15,14,8,6
10206,281,57,68,34,31
10207,9,0,0,0,0
10208,0,0,0,0,0
10209,34,0,0,0,0
10210,0,0,0,0,0
10211,412,143,244,296,326
10212,6,0,0,0,0
10213,27,6,10,10,6
10214,47,147,134,150,117
10215,0,0,0,0,0
10216,1,1,0,0,0
10217,0,0,0,0,0
10218,0,0,0,0,0
10219,0,2,1,2,2
10220,1,0,0,0,0
10221,2,0,0,0,0
10222,0,0,0,0,0
10223,1,0,0,0,0
10224,0,0,0,0,0
10225,3,0,0,0,0
10226,93,68,56,41,34
10227,0,0,0,0,0
10228,3,1,0,0,0
10229,0,0,0,0,0
10230,3,0,0,0,0
10231,51,50,62,50,26
10232,3,1,1,0,0
10233,0,0,0,0,0
10234,0,0,0,0,0
10235,2,0,0,0,0
10236,2,6,0,0,0
10237,0,0,0,0,0
10238,0,0,0,0,0
10239,14,0,0,0,0
10240,12,4,5,3,4
10241,2,0,0,0,0
10242,3,0,0,0,0
10243,0,0,0,0,0
10244,0,0,0,0,0
10245,1,0,0,0,0
10246,22,10,0,0,0
10247,5,0,0,0,0
10248,25,2,2,2,2
10249,0,0,0,0,0
10250,0,0,0,0,0
10251,8,1,0,0,0
10252,5,0,0,0,0
10253,0,0,0,0,0
10254,0,0,0,0,0
10255,0,0,0,0,0
10256,0,0,0,0,0
10257,38,2,0,0,0
10258,0,0,0,0,0
10259,14,1,1,0,0
10260,64,0,0,0,0
10261,15,0,0,0,0
10262,0,0,0,0,0
10263,0,0,0,0,0
10264,174,16,2,1,1
10265,0,0,0,0,0
10266,1,0,0,0,0
10267,0,0,0,0,0
10268,5,0,0,0,0
10269,25,5,0,0,1
10270,1,0,0,0,0
10271,0,0,0,0,0
10272,15,4,4,4,4
10273,18,0,0,0,0
10274,5,0,0,0,0
10275,0,0,0,0,0
10276,3,0,2,2,0
10277,0,0,0,0,0
10278,18,2,2,2,2
10279,0,0,0,0,0
10280,3,0,0,0,0
10281,0,0,0,0,0
10282,0,0,0,1,1
10283,0,0,0,0,0
10284,28,21,8,2,3
10285,1,0,0,0,0
10286,13,0,0,0,0
10287,60,21,17,8,6
10288,6,1,0,0,0
10289,3,15,15,22,27
10290,1,0,0,0,0
10291,7,0,0,0,0
10292,0,0,0,0,0
10293,188,20,12,14,18
10294,1,0,0,0,0
10295,0,0,0,0,0
10296,5,6,3,2,2
10297,1,0,0,0,0
10298,0,0,0,0,0
10299,13,1,3,7,7
10300,18,2,1,1,1
10301,28,3,1,1,1
10302,0,0,0,0,0
10303,1,0,0,0,0
10304,7,1,1,1,1
10305,0,0,0,0,0
10306,0,0,0,0,0
10307,5,1,0,0,0
10308,25,34,9,14,11
10309,3,1,0,0,0
10310,0,0,0,0,0
10311,36,17,15,8,8
10312,0,0,0,0,0
10313,4,1,0,0,0
10314,2,0,0,0,0
10315,0,0,0,0,0
10316,1,0,0,0,0
10317,6,0,0,0,0
10318,13,1,0,0,0
10319,4,0,0,0,0
10320,1,0,0,0,0
10321,0,0,0,0,0
10322,0,0,0,0,0
10323,0,0,0,0,0
10324,0,0,0,0,0
10325,8,0,0,0,0
10326,0,0,0,0,0
10327,13,0,0,0,0
10328,0,0,0,0,0
10329,13,0,0,1,0
10330,0,0,0,0,0
10331,2,0,0,0,0
10332,3,5,2,2,2
10333,16,1,0,0,0
10334,1,0,0,0,0
10335,5,2,2,1,1
10336,51,3,0,0,0
10337,206,17,5,5,4
10338,0,0,0,0,0
10339,8,0,0,0,0
10340,32,46,59,49,45
10341,1,0,0,0,0
10342,461,364,535,409,345
10343,10,3,6,2,2
10344,6,4,2,0,0
10345,0,2,0,0,0
10346,9,0,0,0,0
10347,0,0,0,0,0
10348,0,0,0,0,0
10349,5,0,0,0,0
10350,0,0,0,0,0
10351,0,0,0,0,0
10352,28,24,9,8,5
10353,0,0,0,0,0
10354,0,0,0,0,0
10355,0,0,0,0,0
10356,0,0,0,0,0
10357,2,1,0,0,0
10358,0,0,0,0,0
10359,15,54,63,60,60
10360,7,0,0,0,0
10361,0,0,0,0,0
10362,0,0,0,0,0
10363,2,9,0,0,0
10364,0,0,0,0,0
10365,0,0,0,0,0
10366,0,0,0,0,0
10367,0,0,0,0,0
10368,6,0,0,0,0
10369,15,2,1,1,1
10370,1,1,0,0,0
10371,152,0,0,0,0
10372,3,0,0,0,0
10373,5,0,0,0,0
10374,46,8,2,0,0
10375,152,0,0,0,0
10376,5,1,1,1,1
10377,1,0,0,0,0
10378,74,23,11,9,10
10379,0,0,0,0,0
10380,0,0,0,0,0
10381,7,0,0,0,0
10382,0,0,0,0,0
10383,208,241,616,633,626
10384,0,0,0,0,0
10385,0,0,0,0,0
10386,0,0,0,0,0
10387,0,0,0,0,0
10388,0,0,0,0,0
10389,0,0,0,0,0
10390,6,3,7,4,4
10391,2,0,0,0,0
10392,1,0,0,0,0
10393,141,48,112,77,65
10394,0,0,0,0,0
10395,56,0,0,0,0
10396,0,0,0,0,0
10397,0,0,0,0,0
10398,0,0,0,0,0
10399,1,0,0,0,0
10400,6,0,1,0,0
10401,10,0,0,0,0
10402,4,0,0,0,0
10403,16,1,0,0,0
10404,12,1,0,0,0
10405,44,10,9,6,8
10406,12,1,0,0,0
10407,17,1,2,2,2
10408,0,0,0,0,0
10409,0,0,0,0,0
10410,6,4,1,2,2
10411,4,19,9,4,3
10412,80,23,2,0,0
10413,44,0,0,0,0
10414,19,3,2,1,1
10415,0,0,0,0,0
10416,24,7,8,5,4
10417,41,15,15,37,36
10418,23,37,12,3,2
10419,0,0,0,0,0
10420,0,0,0,0,0
10421,0,0,0,0,0
10422,12,0,0,0,0
10423,5,0,0,0,0
10424,12,17,7,2,3
10425,0,0,0,0,0
10426,281,24,1,1,0
10427,8,1,3,0,0
10428,0,0,0,0,0
10429,70,0,0,0,0
10430,17,1,0,0,0
10431,0,0,0,0,0
10432,0,0,0,0,0
10433,29,9,0,0,0
10434,37,5,5,6,6
10435,0,0,0,0,0
10436,1,0,0,0,0
10437,0,0,0,0,0
10438,1,51,49,25,17
10439,1,0,0,0,0
10440,10,12,17,15,18
10441,0,0,0,0,0
10442,2,0,0,0,0
10443,1,0,0,0,0
10444,169,239,80,40,35
10445,261,116,10,3,2
10446,68,5,1,0,0
10447,6,0,0,0,0
10448,18,2,3,2,2
10449,0,0,0,0,0
10450,2,0,0,0,0
10451,1,0,0,0,0
10452,33,0,0,0,0
10453,4,0,0,0,0
10454,56,0,0,0,0
10455,1,1,1,1,1
10456,1,0,0,0,0
10457,2,0,0,0,0
10458,0,0,0,0,0
10459,81,3,4,1,0
10460,10,2,0,0,0
10461,8,0,0,0,0
10462,20,1,2,3,3
10463,20,1,0,0,0
10464,386,78,36,31,38
10465,4,0,0,0,0
10466,3,0,0,0,0
10467,88,4,0,0,0
10468,3,2,0,0,0
10469,20,32,29,18,12
10470,30,0,0,0,0
10471,5,0,0,0,0
10472,159,119,52,50,33
10473,14,2,1,1,1
10474,2,3,0,0,0
10475,4,1,0,0,0
10476,0,0,0,0,0
10477,0,0,0,0,0
10478,32,4,0,0,0
10479,1,0,0,0,0
10480,0,0,0,0,0
10481,31,20,36,31,40
10482,28,3,2,2,2
10483,1,0,1,2,2
10484,2,0,0,0,0
10485,1,0,0,0,0
10486,2,0,0,0,0
10487,0,0,0,0,0
10488,14,19,8,2,2
10489,2,11,14,13,13
10490,17,1,1,1,1
10491,0,0,0,0,0
10492,70,2,0,0,0
10493,0,0,0,0,0
10494,2,0,0,0,0
10495,5,0,0,0,0
10496,0,0,0,0,0
10497,2,0,0,0,0
10498,0,0,1,0,0
10499,2,0,0,0,0
10500,0,0,0,0,0
10501,5,1,4,1,2
10502,0,0,0,0,0
10503,0,0,0,0,0
10504,2,0,0,0,0
10505,0,0,0,0,0
10506,71,0,0,0,0
10507,0,0,0,0,0
10508,4,2,0,0,0
10509,22,1,0,0,0
10510,10,0,0,0,0
10511,0,0,0,0,0
10512,2,10,2,1,1
10513,2,0,2,2,1
10514,5,0,0,0,0
10515,2,0,0,0,0
10516,0,0,0,0,0
10517,51,16,4,0,0
10518,1,0,0,0,0
10519,1,0,0,0,0
10520,0,0,0,0,0
10521,0,0,0,0,0
10522,1,0,0,0,0
10523,0,0,0,0,0
10524,57,0,0,0,0
10525,1,0,0,0,0
10526,2,0,0,0,0
10527,0,0,0,0,0
10528,1,0,0,0,0
10529,9,0,0,0,0
10530,0,0,0,0,0
10531,85,3,3,3,3
10532,1,0,0,0,0
10533,0,0,0,0,0
10534,0,0,0,0,0
10535,0,0,0,0,0
10536,4,26,3,3,3
10537,7,9,4,1,0
10538,4,0,0,0,0
10539,1,0,0,0,0
10540,2,0,0,0,0
10541,2,0,0,0,0
10542,0,1,0,0,0
10543,1,0,0,0,0
10544,50,1,0,0,0
10545,0,0,0,0,0
10546,3,0,0,0,0
10547,31,3,0,0,0
10548,19,10,9,5,4
10549,34,75,3,1,1
10550,0,0,0,0,0
10551,2,0,0,0,0
10552,0,0,0,0,0
10553,0,0,0,0,0
10554,0,0,0,0,0
10555,0,0,0,0,0
10556,23,9,3,5,4
10557,0,0,0,0,0
10558,2,0,0,0,0
10559,0,0,0,0,0
10560,0,0,0,0,0
10561,0,0,0,1,2
10562,12,0,2,2,2
10563,136,7,1,1,1
10564,12,2,0,0,0
10565,0,0,0,0,0
10566,0,0,0,0,0
10567,4,0,0,0,0
10568,0,0,0,0,0
10569,6,2,0,0,0
10570,0,0,0,0,0
10571,0,0,0,0,0
10572,0,0,0,0,0
10573,2,1,0,0,0
10574,56,51,21,10,9
10575,18,0,0,0,0
10576,4,0,0,0,0
10577,1,0,0,0,0
10578,5,6,0,0,0
10579,0,0,0,0,0
10580,3,0,1,0,0
10581,0,0,0,0,0
10582,0,0,0,0,0
10583,19,0,0,0,0
10584,66,0,0,0,0
10585,136,20,33,49,60
10586,0,0,0,0,0
10587,16,1,0,0,0
10588,0,0,0,0,0
10589,6,2,0,0,0
10590,3,14,9,4,4
10591,1,0,0,0,0
10592,3,0,0,0,0
10593,35,3,0,0,0
10594,0,0,0,0,0
10595,0,0,0,0,0
10596,130,244,60,88,76
10597,0,0,0,0,0
10598,6,0,0,0,0
10599,0,0,0,0,0
10600,3,4,0,0,0
10601,2,9,5,3,3
10602,0,0,0,0,0
10603,0,0,0,0,0
10604,11,0,0,0,0
10605,2,0,0,0,0
10606,43,4,0,1,2
10607,2,3,0,0,0
10608,6,0,0,0,0
10609,27,12,2,0,0
10610,5,0,0,0,0
10611,5,12,1,1,1
10612,0,0,0,0,0
10613,53,28,13,7,8
10614,137,178,36,51,49
10615,4,0,0,0,0
10616,2,5,1,1,0
10617,1,12,1,0,0
10618,2,2,0,0,0
10619,1,0,0,0,0
10620,0,1,0,0,0
10621,0,0,0,0,0
10622,0,0,0,0,0
10623,0,0,0,0,0
10624,93,22,32,26,24
10625,0,0,0,0,0
10626,22,0,0,0,0
10627,0,0,0,0,0
10628,1,0,0,0,0
10629,2,2,5,6,4
10630,3,1,0,0,0
10631,2,0,0,0,0
10632,3,0,0,0,0
10633,31,0,0,0,0
10634,68,42,31,26,23
10635,11,59,5,2,2
10636,15,4,1,0,0
10637,6,3,0,0,0
10638,0,0,0,0,0
10639,298,204,146,109,114
10640,2,0,0,0,0
10641,0,0,0,0,0
10642,0,2,1,0,0
10643,0,0,0,0,0
10644,31,0,0,0,0
10645,0,0,0,0,0
10646,0,0,0,0,0
10647,9,2,0,0,0
10648,1,0,0,0,0
10649,35,0,5,7,6
10650,7,9,9,16,16
10651,497,538,685,654,655
10652,174,98,48,53,67
10653,0,0,0,0,0
10654,15,2,0,0,0
10655,1,0,0,0,0
10656,5,0,0,0,0
10657,14,4,15,9,8
10658,0,0,0,0,0
10659,0,0,0,0,0
10660,2,0,0,0,0
10661,0,0,0,0,0
10662,7,0,0,0,0
10663,25,5,1,0,0
10664,2,0,0,0,0
10665,0,0,0,0,0
10666,8,3,0,0,0
10667,13,0,0,0,0
10668,14,6,0,0,0
10669,20,0,0,0,0
10670,0,0,0,0,0
10671,4,2,0,0,0
10672,4,0,0,0,0
10673,5,7,1,2,2
10674,11,0,0,0,0
10675,0,0,0,0,0
10676,6,0,0,0,0
10677,4,2,0,0,0
10678,4,1,0,0,0
10679,1,1,0,0,0
10680,0,0,0,0,0
10681,7,1,0,0,0
10682,0,0,0,0,0
10683,0,1,0,0,0
10684,0,0,0,0,0
10685,8,0,0,0,0
10686,0,0,0,0,0
10687,22,0,0,0,0
10688,14,6,2,0,0
10689,5,0,0,0,0
10690,0,0,0,0,0
10691,0,0,0,0,0
10692,1,0,0,0,0
10693,0,0,0,0,0
10694,0,0,0,0,0
10695,48,2,1,0,0
10696,0,0,0,0,0
10697,5,5,0,0,0
10698,0,0,0,0,0
10699,8,1,0,0,0
10700,0,0,0,0,0
10701,1,0,0,0,0
10702,4,0,0,0,0
10703,0,0,0,0,0
10704,3,0,0,0,0
10705,0,0,0,0,0
10706,65,101,42,25,26
10707,0,0,0,0,0
10708,27,6,6,5,5
10709,21,2,10,6,5
10710,3,0,0,0,0
10711,5,0,0,0,0
10712,0,0,0,0,0
10713,2,1,0,0,0
10714,2,0,0,0,0
10715,20,0,0,0,0
10716,2,0,0,0,0
10717,0,0,0,0,0
10718,13,99,17,7,8
10719,0,0,0,0,0
10720,0,4,4,4,4
10721,0,0,0,0,0
10722,98,2,2,2,2
10723,109,30,16,11,10
10724,0,8,14,13,12
10725,90,0,1,0,0
10726,9,0,0,0,0
10727,77,1,0,0,0
10728,0,0,0,0,0
10729,1,1,0,0,0
10730,6,0,0,0,0
10731,0,0,0,0,0
10732,26,1,0,0,0
10733,0,0,0,0,0
10734,0,0,0,0,0
10735,1,0,0,0,0
10736,93,10,2,2,2
10737,38,105,144,29,46
10738,76,15,21,15,20
10739,280,53,10,0,0
10740,10,10,6,1,2
10741,14,0,0,0,0
10742,34,30,13,9,7
10743,16,0,1,0,0
10744,35,28,23,15,11
10745,3,41,19,10,10
10746,0,8,8,6,4
10747,0,0,0,0,0
10748,0,0,0,0,0
10749,0,0,0,0,0
10750,20,0,0,0,0
10751,0,0,0,0,0
10752,0,0,0,0,0
10753,75,0,0,1,0
10754,1,0,0,0,0
10755,5,1,1,0,0
10756,5,0,0,0,0
10757,0,0,0,0,0
10758,6,0,0,0,0
10759,0,0,0,0,0
10760,0,0,0,0,0
10761,0,0,0,0,0
10762,30,1,3,2,2
10763,0,0,0,0,0
10764,12,0,0,0,0
10765,0,0,0,0,0
10766,167,83,19,23,22
10767,0,0,0,0,0
10768,195,22,5,5,6
10769,1,0,0,0,0
10770,0,0,0,0,0
10771,0,0,0,0,0
10772,0,0,0,0,0
10773,2,0,0,0,0
10774,0,0,0,0,0
10775,4,0,0,0,0
10776,0,0,0,0,0
10777,0,0,0,0,0
10778,8,0,0,0,0
10779,0,0,0,0,0
10780,1,0,0,0,0
10781,17,0,0,0,0
10782,1,0,0,0,0
10783,140,4,8,7,7
10784,1,2,2,0,0
10785,3,0,0,0,0
10786,0,0,0,0,0
10787,73,23,10,3,3
10788,54,43,16,12,12
10789,9,0,0,0,0
10790,0,0,0,0,0
10791,0,0,0,0,0
10792,1,0,0,0,0
10793,3,0,0,0,0
10794,2,0,0,0,0
10795,33,8,7,8,10
10796,4,5,1,1,2
10797,0,0,0,0,0
10798,1,0,0,0,0
10799,7,0,0,0,0
10800,11,3,0,0,0
10801,0,10,5,5,4
10802,1,1,0,0,0
10803,6,1,2,1,1
10804,0,0,0,0,0
10805,0,0,0,0,0
10806,1,0,0,0,0
10807,1,0,0,0,0
10808,3,0,0,0,0
10809,1,0,0,0,0
10810,1,0,0,0,0
10811,0,0,0,0,0
10812,6,2,0,0,0
10813,0,0,0,0,0
10814,15,0,0,0,0
10815,2,7,3,2,3
10816,1,0,0,0,0
10817,1,0,0,0,0
10818,3,0,0,0,0
10819,51,2,2,2,2
10820,4,3,0,0,0
10821,2,0,0,0,0
10822,22,2,0,0,0
10823,0,0,0,0,0
10824,4,19,8,7,7
10825,0,0,0,0,0
10826,0,0,0,0,0
10827,28,0,0,0,0
10828,23,5,9,8,6
10829,2,0,0,0,0
10830,2,2,0,0,0
10831,0,0,0,0,0
10832,0,0,0,0,0
10833,4,0,0,0,0
10834,1,0,0,0,0
10835,15,4,1,1,1
10836,0,0,0,0,0
10837,0,0,0,0,0
10838,40,22,11,5,6
10839,0,0,0,0,0
10840,0,0,0,0,0
10841,28,20,4,8,11
10842,7,0,0,0,0
10843,0,0,0,0,0
10844,0,0,0,0,0
10845,0,0,0,0,0
10846,1,0,0,0,0
10847,0,0,0,0,0
10848,0,0,0,0,0
10849,0,0,0,0,0
10850,28,1,0,0,0
10851,4,0,0,0,0
10852,3,0,0,0,0
10853,4,1,0,0,0
10854,0,0,0,0,0
10855,0,0,0,0,0
10856,205,49,196,214,202
10857,0,0,0,0,0
10858,57,44,14,19,15
10859,0,0,0,0,0
10860,0,0,0,0,0
10861,10,0,0,0,0
10862,46,58,37,6,7
10863,2,0,0,0,0
10864,6,6,6,3,3
10865,11,0,0,0,0
10866,2,0,0,0,0
10867,33,0,0,0,0
10868,0,0,1,1,1
10869,0,0,0,0,0
10870,0,3,0,0,0
10871,0,0,0,0,0
10872,0,1,0,0,0
10873,12,12,18,18,11
10874,0,0,0,0,0
10875,7,0,0,0,0
10876,5,0,0,0,0
10877,38,29,7,6,5
10878,2,8,4,3,3
10879,7,1,0,0,0
10880,0,0,0,0,0
10881,0,0,0,0,0
10882,0,0,0,0,0
10883,43,15,5,1,1
10884,5,0,0,0,0
10885,0,0,0,0,0
10886,55,120,83,63,78
10887,0,0,0,0,0
10888,108,19,15,4,4
10889,1,13,7,2,2
10890,1,3,0,0,0
10891,0,0,1,1,1
10892,40,6,3,0,0
10893,0,0,0,0,0
10894,2,0,0,0,0
10895,25,1,0,0,0
10896,102,16,30,11,8
10897,0,0,0,0,0
10898,0,0,0,0,0
10899,0,0,0,0,0
10900,25,0,0,0,0
10901,0,0,0,0,0
10902,27,8,2,2,2
10903,247,20,12,9,13
10904,8,0,0,0,0
10905,4,0,0,0,0
10906,0,0,0,0,0
10907,0,0,0,0,0
10908,1,0,0,0,0
10909,2,0,0,0,0
10910,20,0,0,0,0
10911,7,0,0,0,0
10912,8,0,0,0,0
10913,0,0,0,0,0
10914,64,64,48,32,41
10915,33,4,2,2,2
10916,2,0,0,0,0
10917,21,0,0,0,0
10918,0,0,0,0,0
10919,1,0,0,0,0
10920,28,1,1,0,0
10921,14,1,0,0,0
10922,0,0,0,0,0
10923,0,0,0,0,0
10924,20,1,0,0,0
10925,0,0,0,0,0
10926,14,0,0,0,0
10927,1,0,0,0,0
10928,25,0,0,0,0
10929,7,0,0,0,0
10930,27,11,0,0,0
10931,1,0,0,0,0
10932,0,0,0,0,0
10933,25,0,0,0,0
10934,4,0,0,0,0
10935,57,53,27,24,23
10936,85,5,0,0,0
10937,0,0,0,0,0
10938,48,12,4,3,2
10939,71,10,1,3,3
10940,20,3,0,0,0
10941,1,0,0,0,0
10942,0,0,0,0,0
10943,0,0,0,0,0
10944,20,20,6,5,3
10945,0,0,0,0,0
10946,0,0,0,0,0
10947,0,0,0,0,0
10948,0,0,0,0,0
10949,0,0,0,0,0
10950,18,2,1,1,1
10951,6,0,0,0,0
10952,13,0,0,0,0
10953,2,1,1,1,1
10954,12,0,0,0,0
10955,1,0,0,0,0
10956,1,0,0,0,0
10957,2,0,0,0,0
10958,0,0,0,0,0
10959,3,0,0,0,0
10960,113,319,182,181,179
10961,7,0,0,0,0
10962,37,12,2,5,4
10963,2,0,0,0,0
10964,0,0,0,0,0
10965,3,1,3,1,0
10966,1,0,0,0,0
10967,0,0,0,0,0
10968,13,2,0,0,0
10969,2,0,0,0,0
10970,0,0,0,0,0
10971,10,0,0,0,0
10972,10,4,1,1,1
10973,4,2,1,1,1
10974,8,5,6,5,4
10975,10,1,0,0,0
10976,0,0,0,0,0
10977,0,0,0,0,0
10978,0,0,0,0,0
10979,0,0,0,0,0
10980,66,52,8,3,2
10981,16,3,2,0,0
10982,1,0,1,0,0
10983,18,3,1,1,1
10984,0,0,0,0,0
10985,0,0,0,0,0
10986,9,2,0,0,0
10987,4,1,0,0,0
10988,0,3,2,2,2
10989,37,40,18,16,17
10990,0,0,0,0,0
10991,8,62,37,4,6
10992,25,1,0,0,0
10993,5,3,0,3,3
10994,0,0,0,0,0
10995,0,0,0,0,0
10996,2,0,0,0,0
10997,2,0,0,0,0
10998,15,0,0,0,0
10999,0,0,0,0,0
11000,20,18,16,17,15
11001,0,0,0,0,0
11002,1,0,0,0,0
11003,1,11,6,2,2
11004,17,1,0,0,0
11005,0,0,0,0,0
11006,0,0,0,0,0
11007,6,0,0,0,0
11008,14,1,0,0,0
11009,5,1,0,0,0
11010,0,0,0,0,0
11011,6,0,0,0,0
11012,0,3,1,0,0
11013,0,0,0,0,0
11014,0,0,0,0,0
11015,0,0,0,0,0
11016,0,0,0,0,0
11017,1,0,0,0,0
11018,61,0,0,0,0
11019,0,0,0,0,0
11020,3,4,1,0,0
11021,0,0,0,0,0
11022,40,71,75,56,58
11023,2,3,1,1,0
11024,0,0,0,0,0
11025,0,0,0,0,0
11026,0,0,0,0,0
11027,0,0,0,0,0
11028,0,1,0,0,0
11029,7,0,0,0,0
11030,13,3,0,0,0
11031,0,0,0,0,0
11032,49,46,23,12,10
11033,2,0,0,0,0
11034,3,3,1,1,1
11035,0,0,0,0,0
11036,0,0,0,0,0
11037,0,0,0,0,0
11038,424,13,6,1,1
11039,12,0,0,0,0
11040,0,0,0,0,0
11041,0,12,11,6,4
11042,0,0,0,0,0
11043,130,1,0,0,0
11044,0,0,0,0,0
11045,19,1,0,0,0
11046,0,0,0,0,0
11047,0,0,0,0,0
11048,48,7,5,4,4
11049,0,0,0,0,0
11050,150,129,35,49,32
11051,16,0,0,0,0
11052,0,1,1,1,1
11053,19,2,2,0,0
11054,0,0,0,0,0
11055,14,58,24,11,18
11056,0,0,0,0,0
11057,13,3,0,0,0
11058,1,0,0,0,0
11059,0,0,0,0,0
11060,11,23,7,3,2
11061,4,0,0,0,0
11062,43,111,218,190,174
11063,0,0,0,0,0
11064,170,47,13,7,6
11065,8,0,0,0,0
11066,35,211,111,64,62
11067,0,0,0,0,0
11068,6,0,0,0,0
11069,0,0,0,0,0
11070,60,3,0,0,0
11071,1,0,0,0,0
11072,0,0,0,0,0
11073,0,0,0,0,0
11074,0,0,0,0,0
11075,1,0,0,0,0
11076,7,2,1,2,5
11077,0,0,0,0,0
11078,1,0,0,0,0
11079,1,0,0,0,0
11080,18,4,3,0,0
11081,19,0,0,0,0
11082,15,3,0,0,0
11083,2,3,5,4,3
11084,0,0,0,0,0
11085,0,0,0,0,0
11086,53,58,63,37,29
11087,0,0,0,0,0
11088,0,0,0,0,0
11089,0,0,0,0,0
11090,12,0,0,0,0
11091,0,0,0,0,0
11092,1,0,0,0,0
11093,2,0,0,0,0
11094,4,1,0,0,0
11095,3,0,0,0,0
11096,11,0,0,0,0
11097,5,1,10,9,6
11098,8,0,0,0,0
11099,1,0,0,0,0
11100,0,0,0,0,0
11101,6,0,0,0,0
11102,4,0,0,0,0
11103,0,0,0,0,0
11104,6,6,10,18,19
11105,0,0,0,0,0
11106,0,0,0,0,0
11107,11,17,7,3,3
11108,5,0,0,0,0
11109,1,0,0,0,0
11110,121,20,28,25,25
11111,1,0,0,0,0
11112,9,1,5,4,2
11113,0,0,0,0,0
11114,0,0,0,0,0
11115,14,0,0,0,0
11116,0,0,0,0,0
11117,1,0,0,1,0
11118,0,0,0,0,0
11119,1,0,0,0,0
11120,8,0,0,0,0
11121,18,0,0,0,0
11122,1,0,0,0,0
11123,6,1,1,0,0
11124,0,0,0,0,0
11125,21,1,1,1,1
11126,9,0,3,1,2
11127,15,0,0,0,0
11128,8,0,0,0,0
11129,2,0,0,0,0
11130,356,385,184,217,201
11131,0,0,0,0,0
11132,12,0,0,0,0
11133,0,0,0,0,0
11134,0,0,0,0,0
11135,0,0,0,0,0
11136,6,0,0,0,0
11137,154,17,7,5,4
11138,5,1,0,0,0
11139,10,0,0,0,0
11140,19,7,17,41,44
11141,19,3,4,2,2
11142,4,0,0,0,0
11143,62,0,0,0,0
11144,0,0,0,0,0
11145,2,3,6,1,1
11146,4,0,0,1,1
11147,0,0,0,0,0
11148,5,3,2,1,1
11149,0,0,0,0,0
11150,3,0,0,0,0
11151,44,3,2,1,1
11152,13,0,0,0,0
11153,39,0,0,0,0
11154,0,0,0,0,0
11155,21,9,13,9,11
11156,5,8,3,1,1
11157,100,2,3,1,2
11158,15,0,0,0,0
11159,0,0,0,0,0
11160,33,1,2,0,0
11161,0,0,0,0,0
11162,87,15,22,9,10
11163,0,0,0,0,0
11164,11,1,0,0,0
11165,1,0,0,0,0
11166,0,0,0,0,0
11167,25,2,0,0,0
11168,10,0,3,3,3
11169,1,0,0,0,0
11170,52,16,25,10,11
11171,0,0,0,0,0
11172,1,0,0,0,0
11173,0,1,1,1,0
11174,1,0,0,0,0
11175,0,1,1,0,0
11176,3,0,0,0,0
11177,0,0,0,0,0
11178,97,123,48,83,104
11179,1,0,0,0,0
11180,0,0,0,0,0
11181,0,0,0,0,0
11182,23,1,5,3,2
11183,24,13,4,0,0
11184,20,0,0,0,0
11185,1,0,0,0,0
11186,21,21,4,1,1
11187,129,3,10,6,7
11188,0,0,0,0,0
11189,410,376,124,49,37
11190,11,0,0,0,0
11191,103,184,232,213,284
11192,0,0,0,0,0
11193,2,0,0,0,0
11194,4,0,0,0,0
11195,0,0,0,0,0
11196,0,0,0,0,0
11197,49,50,49,39,40
11198,0,2,1,0,0
11199,0,0,0,0,0
11200,2,6,1,1,0
11201,0,0,0,0,0
11202,16,0,0,0,0
11203,7,0,1,0,0
11204,1,0,0,0,0
11205,0,0,0,0,0
11206,0,0,0,0,0
11207,19,0,0,1,1
11208,0,0,0,0,0
11209,10,0,0,0,0
11210,0,0,0,0,0
11211,0,0,0,0,0
11212,3,0,0,0,0
11213,2,0,0,0,0
11214,3,0,0,0,0
11215,0,0,0,0,0
11216,0,0,0,0,0
11217,24,15,2,1,1
11218,1,0,0,0,0
11219,1,0,0,0,0
11220,108,21,8,7,5
11221,1,0,0,0,0
11222,1,0,7,3,2
11223,2,1,0,0,0
11224,0,0,0,0,0
11225,32,1,1,1,1
11226,1,0,0,0,0
11227,5,0,0,0,0
11228,28,0,0,0,0
11229,0,0,0,0,0
11230,61,25,15,6,7
11231,0,0,0,0,0
11232,1,0,0,0,0
11233,0,0,0,0,0
11234,0,0,0,0,0
11235,0,0,0,0,0
11236,0,0,0,0,0
11237,9,0,0,0,0
11238,0,4,2,2,2
11239,2,0,0,0,0
11240,0,0,0,0,0
11241,30,2,0,0,0
11242,0,2,1,0,0
11243,93,50,22,27,18
11244,2,3,0,0,0
11245,0,0,0,0,0
11246,24,0,0,0,0
11247,10,0,0,0,0
11248,0,0,0,0,0
11249,0,0,0,0,0
11250,0,0,0,0,0
11251,3,0,0,0,0
11252,0,0,0,0,0
11253,18,12,0,2,2
11254,2,0,0,0,0
11255,0,0,0,0,0
11256,0,0,0,0,0
11257,0,0,0,0,0
11258,3,0,0,0,0
11259,0,0,0,0,0
11260,0,0,0,0,0
11261,0,0,0,0,0
11262,13,3,4,1,2
11263,23,13,6,2,2
11264,0,0,0,0,0
11265,7,0,0,0,0
11266,0,0,0,0,0
11267,0,0,0,0,0
11268,58,74,15,13,5
11269,172,136,33,21,13
11270,24,5,5,6,5
11271,7,0,0,0,0
11272,0,0,0,0,0
11273,12,18,13,10,10
11274,0,0,0,0,0
11275,20,1,0,0,0
11276,132,5,17,12,14
11277,0,0,0,0,0
11278,2,0,0,0,0
11279,11,0,0,0,0
11280,0,0,0,0,0
11281,10,1,1,0,0
11282,0,0,0,0,0
11283,0,0,0,0,0
11284,31,3,2,2,2
11285,0,0,0,0,0
11286,8,1,0,0,0
11287,4,3,0,0,0
11288,0,0,0,0,0
11289,42,47,58,56,64
11290,0,0,0,0,0
11291,0,0,0,0,0
11292,0,0,0,0,0
11293,15,0,0,0,0
11294,14,0,0,0,0
11295,1,0,0,0,0
11296,0,0,0,0,0
11297,14,0,0,0,0
11298,0,3,1,0,0
11299,15,0,0,0,0
11300,6,6,0,0,0
11301,0,0,0,0,0
11302,15,3,0,0,0
11303,0,0,0,0,0
11304,0,0,0,0,0
11305,0,0,0,0,0
11306,0,0,0,0,0
11307,74,22,9,2,1
11308,0,2,0,0,0
11309,0,0,0,0,0
11310,5,1,1,1,1
11311,23,3,11,7,10
11312,1,0,0,0,0
11313,0,0,0,0,0
11314,2,0,0,0,0
11315,0,0,0,0,0
11316,1,1,5,2,2
11317,0,0,0,0,0
11318,0,0,0,0,0
11319,2,0,0,0,0
11320,0,0,0,0,0
11321,0,0,0,0,0
11322,0,0,0,0,0
11323,30,0,0,0,0
11324,0,0,0,0,0
11325,0,0,0,0,0
11326,6,7,1,0,0
11327,0,0,0,0,0
11328,8,0,0,0,0
11329,0,0,0,0,0
11330,8,0,0,0,0
11331,20,3,1,2,2
11332,16,0,0,0,0
11333,39,8,1,1,1
11334,0,0,0,0,0
11335,0,0,0,0,0
11336,0,0,0,0,0
11337,0,0,0,0,0
11338,0,0,0,0,0
11339,62,0,0,0,0
11340,0,0,0,0,0
11341,3,0,0,0,0
11342,153,428,545,480,563
11343,15,2,1,0,1
11344,9,6,5,3,2
11345,9,0,0,0,0
11346,5,0,0,0,0
11347,0,0,0,0,0
11348,1,0,0,0,0
11349,0,0,0,0,0
11350,18,3,4,2,1
11351,0,0,0,0,0
11352,31,16,5,2,2
11353,1,0,0,0,0
11354,6,1,1,0,0
11355,0,0,0,0,0
11356,49,8,1,0,0
11357,6,0,0,0,0
11358,33,15,5,2,3
11359,0,0,0,0,0
11360,0,0,0,0,0
11361,1,0,0,0,0
11362,0,0,0,0,0
11363,0,0,0,0,0
11364,4,0,0,0,0
11365,0,0,0,0,0
11366,0,0,0,0,0
11367,46,6,5,10,10
11368,0,0,0,0,0
11369,5,0,0,0,0
11370,5,0,3,1,1
11371,17,0,0,0,0
11372,1,0,0,0,0
11373,3,0,0,0,0
11374,0,0,0,0,0
11375,0,0,0,0,0
11376,0,0,0,0,0
11377,0,0,0,0,0
11378,0,0,0,0,0
11379,1,3,0,1,1
11380,0,0,0,0,0
11381,0,0,0,0,0
11382,8,3,0,0,0
11383,0,0,0,0,0
11384,0,0,0,0,0
11385,175,45,18,3,4
11386,36,0,1,1,1
11387,3,1,0,0,0
11388,22,7,2,1,1
11389,0,0,0,0,0
11390,0,0,0,0,0
11391,3,0,0,0,0
11392,1,7,1,0,0
11393,0,1,1,2,1
11394,0,0,0,0,0
11395,4,1,2,0,0
11396,1,0,0,0,0
11397,78,16,2,2,2
11398,1,0,0,0,0
11399,1,1,1,0,0
11400,0,0,0,0,0
11401,0,0,0,0,0
11402,0,0,0,0,0
11403,1,0,0,0,0
11404,0,0,0,0,0
11405,0,0,0,0,0
11406,7,2,1,0,0
11407,29,17,24,18,18
11408,10,2,3,1,1
11409,0,0,0,0,0
11410,0,0,0,0,0
11411,1,0,0,0,0
11412,0,0,0,0,0
11413,0,1,0,0,0
11414,0,0,0,0,0
11415,4,4,1,0,0
11416,22,0,0,0,0
11417,1,3,0,0,0
11418,0,1,1,1,1
11419,4,0,0,0,0
11420,0,0,0,0,0
11421,11,2,0,0,0
11422,1,0,0,0,0
11423,42,0,0,0,0
11424,0,0,0,0,0
11425,3,2,0,0,0
11426,6,0,0,0,0
11427,89,48,10,3,1
11428,2,0,0,0,0
11429,2,0,0,0,0
11430,48,64,12,3,5
11431,1,0,0,0,0
11432,0,0,0,0,0
11433,4,2,2,2,2
11434,13,0,0,0,0
11435,0,0,0,0,0
11436,0,0,0,0,0
11437,0,0,0,0,0
11438,0,0,0,0,0
11439,5,5,0,0,0
11440,2,0,0,0,0
11441,0,0,0,0,0
11442,3,0,0,0,0
11443,32,46,4,1,1
11444,0,0,0,0,0
11445,0,0,1,1,1
11446,15,7,1,11,3
11447,1,0,0,0,0
11448,0,0,0,0,0
11449,0,0,0,0,0
11450,27,18,3,5,3
11451,0,0,0,0,0
11452,1,0,0,0,0
11453,0,0,0,0,0
11454,277,58,24,14,19
11455,4,0,0,0,0
11456,0,0,0,0,0
11457,0,0,0,0,0
11458,0,0,0,0,0
11459,27,2,1,0,0
11460,0,0,0,0,0
11461,16,7,2,1,1
11462,0,0,0,0,0
11463,0,0,0,0,0
11464,2,0,0,0,0
11465,90,92,10,3,3
11466,0,0,0,0,0
11467,65,190,385,559,517
11468,0,18,3,4,1
11469,1,36,19,16,16
11470,0,0,0,0,0
11471,0,0,0,0,0
11472,0,0,0,0,0
11473,13,4,2,2,2
11474,7,1,0,0,0
11475,0,0,0,0,0
11476,5,1,0,0,0
11477,51,8,2,3,1
11478,2,0,0,0,0
11479,1,0,0,0,0
11480,0,0,0,0,0
11481,0,0,0,0,0
11482,2,3,0,0,0
11483,0,0,0,0,0
11484,0,0,0,0,0
11485,85,4,5,1,1
11486,0,0,0,0,0
11487,81,3,7,4,4
11488,2,0,0,0,0
11489,18,10,0,0,0
11490,0,0,0,0,0
11491,0,1,0,0,0
11492,1,0,0,0,0
11493,16,1,0,0,0
11494,22,0,0,0,0
11495,2,0,0,0,0
11496,4,4,0,0,0
11497,0,0,0,0,0
11498,0,0,0,0,0
11499,0,0,0,0,0
11500,7,1,0,0,0
11501,23,0,0,0,0
11502,1,0,0,0,0
11503,86,1,0,0,0
11504,5,0,0,0,0
11505,0,0,0,0,0
11506,2,0,0,0,0
11507,14,8,17,11,12
11508,110,2,1,0,0
11509,1,0,1,1,1
11510,34,4,1,0,0
11511,0,0,0,0,0
11512,4,0,0,0,0
11513,0,1,11,2,2
11514,8,0,0,0,0
11515,6,3,3,2,3
11516,26,0,0,0,0
11517,21,5,0,0,1
11518,0,0,0,0,0
11519,1,0,0,0,0
11520,100,2,0,0,0
11521,1,0,0,0,0
11522,0,0,0,0,0
11523,4,0,0,0,0
11524,41,5,9,13,11
11525,0,0,0,0,0
11526,0,0,0,0,0
11527,6,0,4,2,2
11528,0,0,0,0,0
11529,12,8,6,1,2
11530,14,0,0,0,0
11531,1,0,0,0,0
11532,3,19,1,0,0
11533,74,58,31,30,26
11534,23,0,0,0,0
11535,0,0,0,0,0
11536,0,0,0,0,0
11537,4,0,0,0,0
11538,3,2,1,1,1
11539,56,12,6,1,2
11540,2,0,0,0,0
11541,51,7,2,2,5
11542,10,5,1,0,0
11543,87,39,5,1,1
11544,12,1,1,1,1
11545,0,0,0,0,0
11546,144,11,5,2,2
11547,22,7,0,0,0
11548,5,2,1,0,0
11549,1,0,0,0,0
11550,0,0,0,0,0
11551,0,0,0,0,0
11552,0,0,0,0,0
11553,0,0,0,0,0
11554,13,3,1,1,1
11555,221,32,19,12,13
11556,0,0,0,0,0
11557,2,0,0,0,0
11558,0,0,0,0,0
11559,62,39,8,5,5
11560,2,7,7,1,1
11561,315,456,505,429,396
11562,0,0,0,0,0
11563,0,1,0,0,0
11564,0,0,0,0,0
11565,0,0,0,0,0
11566,2,0,0,0,0
11567,2,1,1,0,1
11568,39,1,0,0,0
11569,3,0,0,0,0
11570,2,0,0,0,0
11571,31,0,0,0,0
11572,2,0,0,0,0
11573,28,33,10,10,12
11574,0,1,0,0,0
11575,25,45,13,8,6
11576,0,0,0,0,0
11577,66,51,3,3,2
11578,0,0,0,0,0
11579,81,0,1,0,0
11580,21,0,0,0,0
11581,25,0,0,0,0
11582,0,0,0,0,0
11583,97,2,1,0,0
11584,0,0,0,0,0
11585,5,0,0,0,0
11586,0,0,0,0,0
11587,2,0,0,0,0
11588,4,8,1,0,0
11589,22,10,13,15,16
11590,2,0,0,0,0
11591,5,0,0,0,0
11592,1,0,0,0,0
11593,3,0,0,0,0
11594,0,0,0,0,0
11595,3,4,2,1,0
11596,15,1,0,1,1
11597,0,0,0,0,0
11598,1,1,0,0,0
11599,5,9,19,11,9
11600,0,0,0,0,0
11601,2,0,0,0,0
11602,20,3,4,4,3
11603,1,0,0,0,0
11604,39,1,1,1,1
11605,2,0,0,0,0
11606,7,0,0,0,0
11607,0,0,0,0,0
11608,0,0,0,0,0
11609,0,0,0,0,0
11610,0,0,0,0,0
11611,7,157,48,42,38
11612,50,6,0,1,1
11613,0,0,0,0,0
11614,0,0,0,0,0
11615,1,0,0,0,0
11616,167,29,1,1,2
11617,5,2,0,0,0
11618,5,1,0,0,0
11619,62,57,59,25,21
11620,0,0,0,0,0
11621,6,0,0,0,0
11622,2,1,1,1,1
11623,13,0,0,0,0
11624,7,5,0,0,0
11625,5,0,0,0,0
11626,8,1,0,0,0
11627,0,0,0,0,0
11628,0,0,0,0,0
11629,3,1,0,0,0
11630,0,0,0,0,0
11631,6,0,0,0,0
11632,0,0,0,0,0
11633,46,5,8,2,0
11634,4,5,3,2,5
11635,3,0,0,0,0
11636,35,1,1,1,1
11637,0,0,0,0,0
11638,58,4,3,2,2
11639,0,0,0,0,0
11640,0,0,0,0,0
11641,0,0,0,0,0
11642,1,0,0,0,0
11643,8,0,0,0,0
11644,1,13,4,3,1
11645,1,0,0,0,0
11646,0,0,0,0,0
11647,10,0,0,0,0
11648,0,0,0,0,0
11649,5,15,12,2,1
11650,0,0,0,0,0
11651,28,6,1,1,2
11652,0,0,0,0,0
11653,9,0,0,0,0
11654,0,0,0,0,0
11655,1,1,2,2,2
11656,0,0,0,0,0
11657,0,0,0,0,0
11658,190,146,263,276,269
11659,1,19,23,6,4
11660,1,0,0,0,0
11661,66,11,2,2,2
11662,3,2,4,3,8
11663,128,12,7,8,8
11664,0,0,0,0,0
11665,49,137,106,196,263
11666,102,18,20,11,6
11667,0,0,0,0,0
11668,29,55,27,13,13
11669,0,0,0,0,0
11670,5,0,0,0,0
11671,10,0,0,0,0
11672,5,0,0,0,0
11673,0,0,0,0,0
11674,1,0,0,0,0
11675,0,0,0,0,0
11676,5,3,0,0,0
11677,0,0,0,0,0
11678,2,0,0,0,0
11679,19,0,0,0,0
11680,4,1,0,0,0
11681,0,0,0,0,0
11682,89,59,23,19,19
11683,66,1,1,0,0
11684,76,0,0,0,0
11685,0,1,1,2,2
11686,0,0,1,0,0
11687,23,0,0,0,0
11688,0,0,0,0,0
11689,0,0,0,0,0
11690,4,0,0,0,0
11691,0,0,0,0,0
11692,65,0,0,0,0
11693,0,0,0,0,0
11694,0,0,0,0,0
11695,1,0,0,0,0
11696,5,1,0,0,0
11697,0,0,0,0,0
11698,0,0,0,0,0
11699,0,0,0,0,0
11700,10,1,0,0,0
11701,4,3,5,2,2
11702,2,0,0,0,0
11703,0,0,0,0,0
11704,0,0,0,0,1
11705,0,0,0,0,0
11706,7,2,1,0,0
11707,75,90,167,164,160
11708,0,0,0,0,0
11709,5,0,0,0,0
11710,66,22,7,3,2
11711,16,6,0,0,0
11712,0,0,0,0,0
11713,1,0,0,0,0
11714,16,96,28,27,21
11715,0,0,0,0,0
11716,0,0,0,0,0
11717,499,527,657,749,759
11718,0,0,0,2,2
11719,49,2,0,0,0
11720,35,7,2,2,2
11721,0,0,0,0,0
11722,11,0,0,0,0
11723,19,52,29,24,23
11724,51,15,35,33,46
11725,38,15,3,3,3
11726,0,1,0,0,0
11727,13,0,0,0,0
11728,0,8,1,0,0
11729,3,0,0,0,0
11730,1,0,0,0,0
11731,5,0,0,0,0
11732,0,0,0,0,0
11733,0,0,0,0,0
11734,1,0,2,1,1
11735,22,0,0,0,0
11736,0,0,0,0,0
11737,0,0,0,0,0
11738,0,0,0,0,0
11739,198,205,42,78,85
11740,3,4,1,1,1
11741,3,2,0,0,0
11742,0,0,0,0,0
11743,5,8,0,0,0
11744,1,0,0,0,0
11745,0,0,0,0,0
11746,0,0,0,1,0
11747,2,0,0,0,0
11748,0,0,0,0,0
11749,0,0,0,0,0
11750,0,0,0,0,0
11751,0,0,1,1,1
11752,0,0,0,0,0
11753,5,0,1,0,2
11754,7,2,0,0,0
11755,16,0,0,0,0
11756,3,0,0,0,0
11757,0,0,0,0,0
11758,2,5,4,0,1
11759,0,0,0,0,0
11760,4,0,0,0,0
11761,4,3,0,0,0
11762,2,0,0,0,0
11763,4,1,0,0,0
11764,2,0,0,0,0
11765,0,0,0,0,0
11766,86,119,31,32,27
11767,0,0,0,0,0
11768,37,1,1,1,1
11769,0,0,0,0,0
11770,0,0,0,0,0
11771,5,0,0,0,0
11772,5,0,0,0,0
11773,9,0,0,0,0
11774,0,0,0,0,0
11775,0,0,0,0,0
11776,0,0,0,0,0
11777,4,5,6,8,8
11778,0,0,0,0,0
11779,0,0,0,0,0
11780,5,0,0,0,0
11781,9,3,1,0,0
11782,29,0,0,0,0
11783,1,0,0,0,0
11784,2,0,0,0,0
11785,1,0,0,0,0
11786,474,278,174,183,174
11787,29,0,0,0,0
11788,57,1,1,1,1
11789,11,0,0,0,0
11790,3,0,0,0,0
11791,2,0,0,0,0
11792,2,2,1,1,1
11793,37,6,0,0,0
11794,21,0,1,0,0
11795,0,0,0,0,0
11796,2,0,0,0,0
11797,0,0,0,0,0
11798,0,0,0,0,0
11799,7,0,0,0,0
11800,0,0,0,0,0
11801,0,0,0,0,0
11802,0,0,0,0,0
11803,4,0,0,0,0
11804,3,0,0,0,0
11805,0,0,0,0,0
11806,0,0,0,0,0
11807,3,1,1,1,1
11808,0,0,0,0,0
11809,0,0,0,0,0
11810,60,1,0,0,0
11811,0,0,0,0,0
11812,1,0,0,0,0
11813,2,0,0,0,0
11814,5,11,6,3,3
11815,7,1,0,0,0
11816,4,5,3,2,2
11817,0,0,0,0,0
11818,4,3,4,1,1
11819,20,1,0,0,0
11820,66,25,28,25,32
11821,0,0,0,0,0
11822,3,0,0,0,0
11823,11,0,0,0,0
11824,0,0,0,0,0
11825,2,3,2,2,3
11826,12,0,0,0,0
11827,30,0,0,0,1
11828,81,12,2,0,0
11829,13,0,0,0,0
11830,0,0,0,0,0
11831,0,0,0,0,0
11832,0,0,0,0,0
11833,0,0,0,0,0
11834,8,7,6,4,4
11835,10,0,0,0,0
11836,0,0,0,0,0
11837,2,4,13,11,11
11838,0,0,0,0,0
11839,0,0,0,0,0
11840,1,0,0,0,0
11841,0,0,0,0,0
11842,3,0,0,0,0
11843,1,3,0,0,0
11844,17,4,8,3,5
11845,0,0,0,0,0
11846,0,0,0,0,0
11847,0,0,0,0,0
11848,16,0,0,0,0
11849,42,26,0,0,0
11850,109,21,4,3,1
11851,10,8,5,3,2
11852,3,0,0,0,0
11853,0,0,0,0,0
11854,24,0,0,0,0
11855,0,0,0,0,0
11856,11,0,0,0,0
11857,1,0,0,0,0
11858,0,0,0,0,0
11859,25,2,0,0,0
11860,2,0,0,1,1
11861,11,10,13,6,5
11862,9,0,0,0,0
11863,14,0,0,0,0
11864,23,79,38,35,39
11865,56,0,0,0,0
11866,9,0,0,0,0
11867,2,0,0,0,0
11868,0,2,0,0,0
11869,0,0,0,0,0
11870,0,0,0,0,0
11871,11,9,3,3,3
11872,4,3,0,0,0
11873,4,0,0,0,0
11874,4,0,0,0,0
11875,6,2,1,1,1
11876,0,0,0,0,0
11877,1,0,0,0,0
11878,0,0,0,0,0
11879,0,0,0,0,0
11880,0,0,0,0,0
11881,2,1,0,0,0
11882,0,0,0,0,0
11883,5,2,0,0,0
11884,0,0,0,0,0
11885,2,0,0,0,0
11886,0,0,0,0,0
11887,3,0,0,0,0
11888,2,0,0,0,0
11889,18,0,0,0,0
11890,34,0,0,0,0
11891,0,0,0,0,0
11892,12,1,1,0,0
11893,110,2,0,0,0
11894,0,0,0,0,0
11895,2,0,0,0,0
11896,0,0,0,0,0
11897,1,0,0,0,0
11898,19,6,0,0,0
11899,18,0,0,0,0
11900,2,0,0,0,0
11901,0,1,0,0,0
11902,0,0,0,0,0
11903,0,0,0,0,0
11904,52,64,38,39,29
11905,0,0,0,0,0
11906,0,1,0,0,0
11907,0,0,0,0,0
11908,0,0,0,0,0
11909,0,0,0,0,0
11910,12,2,0,0,0
11911,1,0,0,0,0
11912,31,6,8,1,2
11913,0,0,0,0,0
11914,12,0,0,0,0
11915,3,0,0,0,0
11916,10,0,1,1,1
11917,0,0,0,0,0
11918,0,0,0,0,0
11919,6,0,0,0,0
11920,0,0,0,0,0
11921,0,0,0,0,0
11922,0,0,0,0,0
11923,2,8,9,8,7
11924,43,1,0,0,0
11925,0,0,0,0,0
11926,9,1,0,0,0
11927,49,2,1,1,1
11928,0,0,0,0,0
11929,0,0,0,0,0
11930,0,0,0,0,0
11931,0,0,0,0,0
11932,0,0,0,0,0
11933,88,0,0,0,0
11934,98,0,0,0,0
11935,0,0,0,0,0
11936,0,0,0,0,0
11937,2,3,0,0,0
11938,0,0,0,0,0
11939,0,0,0,0,0
11940,0,0,0,0,0
11941,0,0,0,0,0
11942,0,0,0,0,0
11943,3,1,2,0,0
11944,2,0,0,0,0
11945,2,0,2,2,2
11946,6,0,0,0,0
11947,33,2,2,0,0
11948,0,0,0,0,0
11949,8,4,0,0,0
11950,0,0,0,0,0
11951,0,0,0,0,0
11952,0,0,0,0,0
11953,5,7,4,5,4
11954,0,0,0,0,0
11955,0,0,0,0,0
11956,7,0,0,0,0
11957,21,1,1,0,0
11958,8,0,0,0,0
11959,0,0,0,0,0
11960,14,0,0,0,0
11961,0,0,0,0,0
11962,0,0,0,0,0
11963,0,0,0,0,0
11964,0,0,0,0,0
11965,3,0,0,0,0
11966,4,0,0,0,0
11967,287,177,49,41,39
11968,1,0,0,0,0
11969,1,0,0,0,0
11970,1,0,0,0,0
11971,21,2,0,0,0
11972,0,0,0,0,0
11973,1,0,0,0,0
11974,6,0,0,0,0
11975,0,0,0,0,0
11976,0,0,0,0,0
11977,0,0,0,0,0
11978,0,1,0,2,2
11979,0,0,0,0,0
11980,1,0,0,0,0
11981,1,0,0,0,0
11982,0,0,0,0,0
11983,0,0,2,0,1
11984,0,0,0,0,0
11985,2,2,0,0,0
11986,4,0,0,0,0
11987,1,0,0,0,0
11988,0,0,0,0,0
11989,0,0,0,0,0
11990,13,2,5,2,4
11991,6,0,0,0,0
11992,27,0,0,0,0
11993,0,0,0,0,0
11994,0,0,0,0,0
11995,0,0,0,0,0
11996,2,4,0,0,0
11997,0,0,0,0,0
11998,0,0,0,0,0
11999,32,12,1,2,1
12000,145,295,214,209,223
12001,16,0,0,0,0
12002,0,0,0,0,0
12003,1,2,1,1,1
12004,1,1,0,0,0
12005,0,0,0,0,0
12006,1,0,0,0,0
12007,64,85,147,253,273
12008,0,0,0,0,0
12009,1,0,0,0,0
12010,58,2,1,3,1
12011,0,0,0,0,0
12012,70,30,14,5,5
12013,18,0,0,0,0
12014,0,0,0,0,0
12015,8,4,5,5,5
12016,0,0,0,0,0
12017,58,16,8,7,7
12018,0,0,0,0,0
12019,1,0,0,0,0
12020,0,1,0,0,0
12021,1,0,1,0,0
12022,2,0,0,0,0
12023,0,0,0,0,0
12024,30,13,3,1,2
12025,0,0,0,0,0
12026,9,0,0,0,0
12027,0,0,0,0,0
12028,4,0,0,0,0
12029,0,0,0,0,0
12030,0,0,0,0,0
12031,1,0,0,0,0
12032,0,0,0,0,0
12033,20,5,1,1,0
12034,5,2,1,2,3
12035,4,0,0,0,0
12036,4,2,1,1,1
12037,0,0,0,0,0
12038,0,0,0,0,0
12039,1,0,0,0,0
12040,3,0,0,0,0
12041,15,1,0,0,0
12042,0,0,0,0,0
12043,4,0,0,0,0
12044,4,0,0,0,0
12045,0,0,0,0,0
12046,27,26,12,7,6
12047,0,0,0,0,0
12048,1,0,0,0,0
12049,0,0,0,0,0
12050,3,0,0,0,0
12051,2,0,0,0,0
12052,0,0,0,0,0
12053,0,0,0,0,0
12054,7,0,0,0,0
12055,0,0,0,0,0
12056,7,1,0,0,0
12057,12,11,7,5,6
12058,6,0,0,0,0
12059,8,0,0,0,0
12060,9,0,0,0,0
12061,3,7,6,5,6
12062,106,55,6,0,0
12063,75,11,4,1,2
12064,26,4,0,0,0
12065,0,0,0,0,0
12066,0,0,0,0,0
12067,95,0,1,0,0
12068,9,0,0,0,0
12069,0,0,0,0,0
12070,1,0,0,0,0
12071,0,0,0,0,0
12072,33,24,10,7,9
12073,22,2,0,0,0
12074,5,0,1,0,0
12075,5,0,0,0,0
12076,0,0,0,0,0
12077,117,18,6,6,8
12078,74,1,0,0,0
12079,45,7,7,3,4
12080,0,0,0,0,0
12081,5,0,0,0,0
12082,0,0,0,0,0
12083,5,0,0,0,0
12084,0,0,0,0,0
12085,54,1,3,1,2
12086,11,11,1,0,0
12087,83,31,32,32,14
12088,30,26,4,3,2
12089,0,0,0,0,0
12090,0,0,0,0,0
12091,2,2,0,0,0
12092,15,30,31,38,43
12093,1,0,0,0,0
12094,0,0,0,0,0
12095,12,0,0,0,0
12096,38,12,6,1,0
12097,0,0,0,0,0
12098,17,0,1,1,1
12099,263,90,28,32,23
12100,3,0,0,0,0
12101,0,0,0,0,0
12102,0,0,0,0,0
12103,0,0,0,0,0
12104,0,0,0,0,0
12105,0,0,0,0,0
12106,0,0,0,0,0
12107,0,0,0,0,0
12108,0,0,0,0,0
12109,1,0,1,1,2
12110,0,0,0,0,0
12111,1,1,0,0,0
12112,12,0,0,0,0
12113,0,0,0,0,0
12114,2,1,0,1,1
12115,20,5,4,2,2
12116,10,4,0,0,0
12117,0,0,0,0,0
12118,51,0,5,0,0
12119,5,5,5,4,4
12120,3,2,0,0,0
12121,0,0,0,0,0
12122,0,0,0,0,0
12123,0,0,0,0,0
12124,3,0,0,0,0
12125,2,0,0,0,0
12126,195,2,0,1,2
12127,0,0,0,0,0
12128,1,0,0,0,0
12129,0,0,0,0,0
12130,0,0,0,0,0
12131,0,0,0,0,0
12132,0,0,0,0,0
12133,7,2,1,0,0
12134,45,10,0,0,0
12135,3,0,0,0,0
12136,1,0,0,0,0
12137,0,0,0,0,0
12138,6,0,0,0,0
12139,8,8,4,4,4
12140,0,0,0,0,0
12141,5,0,0,0,0
12142,65,1,0,0,0
12143,0,0,0,0,0
12144,215,35,85,73,78
12145,39,6,0,0,0
12146,0,0,0,0,0
12147,0,0,0,0,0
12148,4,0,0,0,0
12149,9,0,0,0,0
12150,127,140,151,94,94
12151,1,0,0,0,0
12152,2,0,0,0,0
12153,1,0,0,0,0
12154,1,0,0,0,0
12155,0,0,0,0,0
12156,4,2,0,0,0
12157,2,1,1,3,3
12158,0,0,0,0,0
12159,18,0,0,0,0
12160,16,16,7,4,4
12161,0,0,0,0,0
12162,0,0,0,0,0
12163,2,3,6,4,5
12164,0,0,0,0,0
12165,0,0,0,0,0
12166,151,54,6,2,0
12167,2,0,0,0,0
12168,103,38,82,101,98
12169,0,0,0,0,0
12170,1,0,1,0,0
12171,1,0,0,0,0
12172,0,0,0,0,0
12173,0,0,0,0,0
12174,0,0,0,0,0
12175,15,33,13,4,4
12176,2,0,0,0,0
12177,14,2,2,0,0
12178,23,14,7,4,2
12179,186,11,3,0,0
12180,35,5,3,2,2
12181,0,0,0,0,0
12182,19,0,0,0,0
12183,16,0,0,0,0
12184,2,0,0,0,0
12185,0,0,0,0,0
12186,4,4,1,1,0
12187,1,0,0,0,0
12188,0,0,0,0,0
12189,104,64,4,3,3
12190,8,1,2,0,0
12191,0,0,0,0,0
12192,2,1,0,0,0
12193,34,50,45,61,59
12194,7,3,0,0,0
12195,6,4,9,9,7
12196,1,0,0,0,0
12197,16,0,0,0,0
12198,1,0,0,0,0
12199,29,42,61,53,42
12200,0,0,0,0,0
12201,0,0,0,0,0
12202,23,3,1,0,0
12203,1,3,0,0,0
12204,0,0,0,0,0
12205,0,0,0,0,0
12206,1,0,0,0,0
12207,17,3,1,0,0
12208,0,0,0,0,0
12209,22,0,0,0,0
12210,76,26,0,2,1
12211,29,0,4,1,1
12212,9,15,10,2,0
12213,1,0,0,0,0
12214,0,0,0,0,0
12215,0,0,0,0,0
12216,6,0,0,0,0
12217,1,2,1,1,1
12218,0,0,0,0,0
12219,0,1,0,0,0
12220,14,0,0,0,0
12221,0,0,0,0,0
12222,4,0,0,0,0
12223,3,2,1,1,1
12224,2,0,0,0,0
12225,162,2,0,0,0
12226,5,3,1,0,1
12227,1,0,0,0,0
12228,45,1,0,0,0
12229,13,46,31,24,18
12230,21,0,0,0,0
12231,310,33,17,11,8
12232,2,0,0,0,0
12233,24,3,12,3,0
12234,5,1,0,0,0
12235,2,1,0,0,0
12236,113,215,249,437,469
12237,1,0,0,0,0
12238,3,0,2,4,3
12239,0,0,0,0,0
12240,4,0,0,0,0
12241,2,0,0,0,0
12242,0,0,0,0,0
12243,2,3,0,1,1
12244,9,5,5,3,3
12245,0,0,0,0,0
12246,4,0,0,0,0
12247,2,17,1,0,0
12248,5,0,0,0,0
12249,0,0,0,0,0
12250,8,1,1,0,0
12251,82,5,3,4,6
12252,74,115,44,37,35
12253,2,0,0,0,0
12254,0,0,0,0,0
12255,19,1,0,0,0
12256,0,0,0,0,0
12257,2,0,0,0,0
12258,2,2,0,0,0
12259,0,0,0,0,0
12260,1,0,0,0,0
12261,5,0,0,0,0
12262,0,0,0,0,0
12263,3,1,0,0,0
12264,35,8,27,24,22
12265,1,0,1,0,0
12266,0,0,0,0,0
12267,0,0,0,0,0
12268,34,1,0,1,1
12269,0,1,0,0,0
12270,0,0,0,0,0
12271,0,0,0,0,0
12272,0,1,2,2,3
12273,3,0,0,0,0
12274,198,103,15,15,16
12275,0,2,0,0,0
12276,29,4,0,0,0
12277,0,0,0,0,0
12278,0,0,0,0,0
12279,0,0,0,0,0
12280,24,16,0,1,1
12281,0,1,0,0,0
12282,0,0,0,0,0
12283,3,1,3,4,5
12284,0,0,0,0,0
12285,0,0,0,0,0
12286,1,1,0,0,0
12287,0,0,0,0,0
12288,3,4,0,0,0
12289,12,3,1,0,0
12290,12,1,0,0,0
12291,0,0,0,0,0
12292,0,0,0,0,0
12293,2,0,0,0,0
12294,53,22,19,6,4
12295,0,0,0,0,0
12296,0,0,0,0,0
12297,166,71,8,0,0
12298,13,1,0,0,0
12299,17,1,0,0,0
12300,38,5,18,15,13
12301,3,21,5,5,4
12302,20,9,4,0,0
12303,1,0,0,0,0
12304,0,0,0,0,0
12305,9,0,0,0,0
12306,31,0,0,0,0
12307,3,0,0,0,0
12308,5,23,14,7,6
12309,0,0,0,0,0
12310,1,1,1,1,1
12311,3,0,0,0,0
12312,0,1,0,0,0
12313,0,0,0,0,0
12314,0,0,0,0,0
12315,0,0,0,0,0
12316,0,0,0,0,0
12317,79,23,13,9,10
12318,0,0,0,0,0
12319,0,0,0,0,0
12320,24,6,13,8,7
12321,1,0,0,0,0
12322,0,0,0,0,0
12323,0,0,0,0,0
12324,4,0,0,0,0
12325,10,0,0,0,0
12326,0,0,0,0,0
12327,10,5,4,2,2
12328,6,2,0,0,0
12329,0,0,0,0,0
12330,0,0,0,0,0
12331,0,1,0,0,0
12332,0,0,0,0,0
12333,2,0,0,0,0
12334,2,0,0,0,0
12335,44,5,1,1,1
12336,0,0,0,0,0
12337,6,0,0,0,0
12338,3,0,0,0,0
12339,0,0,0,0,0
12340,0,0,0,0,0
12341,1,0,0,0,0
12342,0,0,0,0,0
12343,292,200,274,283,282
12344,15,0,0,0,0
12345,38,40,10,10,11
12346,19,15,3,3,3
12347,0,1,1,0,0
12348,3,13,2,2,2
12349,0,0,0,0,0
12350,0,0,0,0,0
12351,0,0,0,0,0
12352,0,0,0,0,0
12353,251,417,262,278,295
12354,0,0,0,0,0
12355,90,21,17,13,13
12356,4,2,2,1,1
12357,2,0,0,0,0
12358,10,17,31,44,35
12359,1,3,1,0,0
12360,5,0,0,0,0
12361,9,0,0,0,0
12362,0,0,0,0,0
12363,0,0,0,0,0
12364,0,0,0,0,0
12365,54,46,6,6,5
12366,192,173,167,152,165
12367,3,0,0,0,0
12368,0,0,0,0,0
12369,0,0,0,0,0
12370,2,0,0,0,0
12371,0,4,0,0,0
12372,33,0,0,0,0
12373,44,0,2,8,6
12374,40,0,0,0,0
12375,2,0,0,0,0
12376,25,81,41,31,22
12377,6,2,0,0,0
12378,5,0,0,0,0
12379,0,0,0,0,0
12380,0,0,0,0,0
12381,5,1,1,1,1
12382,0,0,0,0,0
12383,1,0,2,1,1
12384,10,0,0,0,0
12385,0,0,0,0,0
12386,0,0,0,0,0
12387,0,0,0,0,0
12388,17,2,0,1,0
12389,0,1,0,1,1
12390,32,18,17,22,20
12391,8,2,1,1,1
12392,20,0,0,0,0
12393,0,0,0,0,0
12394,5,0,0,0,0
12395,0,0,0,0,0
12396,16,3,1,0,0
12397,0,0,0,0,0
12398,2,0,0,0,0
12399,11,0,0,0,0
12400,10,2,1,1,1
12401,0,0,0,0,0
12402,0,0,0,0,0
12403,4,0,0,0,0
12404,3,2,0,0,0
12405,21,1,0,0,0
12406,35,0,0,1,1
12407,0,0,0,0,0
12408,1,0,0,0,0
12409,7,0,0,0,0
12410,0,0,0,0,0
12411,0,1,0,0,0
12412,1,0,0,0,0
12413,0,0,0,0,0
12414,1,1,1,0,1
12415,21,2,4,2,2
12416,0,0,0,0,0
12417,48,0,0,1,1
12418,0,0,0,0,0
12419,10,9,12,12,12
12420,0,0,0,0,0
12421,3,0,0,0,0
12422,1,0,0,0,0
12423,0,0,0,0,0
12424,53,1,1,2,0
12425,7,0,0,0,0
12426,6,0,0,0,0
12427,0,0,0,0,0
12428,1,1,0,1,0
12429,1,0,0,0,0
12430,13,10,4,4,3
12431,0,0,0,0,0
12432,4,1,0,0,0
12433,0,0,0,0,0
12434,367,736,569,498,510
12435,0,8,0,0,0
12436,50,37,37,28,30
12437,0,0,0,0,0
12438,1,3,1,1,1
12439,1,1,0,0,0
12440,25,0,1,1,1
12441,49,6,1,3,0
12442,7,1,0,0,0
12443,234,533,488,322,335
12444,118,47,23,32,31
12445,14,0,0,0,0
12446,0,1,1,2,2
12447,148,14,6,2,2
12448,2,3,4,2,2
12449,2,1,0,0,0
12450,0,0,0,0,0
12451,0,0,0,0,0
12452,3,0,0,0,0
12453,6,0,0,0,0
12454,11,7,0,0,0
12455,30,11,8,6,6
12456,3,0,0,1,0
12457,51,4,1,1,1
12458,63,29,2,1,1
12459,12,1,2,2,2
12460,4,0,0,0,0
12461,0,3,2,2,2
12462,4,0,0,0,0
12463,13,1,0,0,0
12464,0,0,0,0,0
12465,0,0,0,0,0
12466,25,1,0,0,0
12467,8,0,0,0,0
12468,0,0,0,0,0
12469,2,0,0,0,0
12470,0,1,0,0,0
12471,3,4,2,1,1
12472,0,0,0,0,0
12473,13,1,2,2,1
12474,0,0,0,0,0
12475,0,0,0,0,0
12476,73,2,9,4,6
12477,0,0,0,0,0
12478,1,0,0,0,0
12479,6,1,4,3,1
12480,0,0,0,0,0
12481,15,4,0,0,0
12482,0,0,0,0,0
12483,2,1,1,1,1
12484,9,0,0,0,0
12485,5,1,1,1,1
12486,2,0,0,0,0
12487,0,0,0,0,0
12488,0,0,0,0,0
12489,0,1,0,0,0
12490,3,0,0,0,0
12491,1,0,0,0,0
12492,10,0,0,0,0
12493,3,0,0,0,0
12494,1,4,1,0,0
12495,158,14,17,16,18
12496,12,0,0,0,0
12497,39,69,22,43,48
12498,5,0,0,0,0
12499,15,0,0,0,0
12500,18,15,1,0,0
12501,3,2,0,0,0
12502,6,0,0,0,0
12503,45,8,4,3,3
12504,0,0,0,0,0
12505,0,0,0,0,0
12506,1,0,0,0,0
12507,9,3,0,0,0
12508,0,0,0,0,0
12509,1,1,0,0,0
12510,13,0,0,0,0
12511,0,1,1,1,2
12512,1,0,0,0,0
12513,29,11,45,76,74
12514,0,0,0,0,0
12515,16,0,1,1,0
12516,0,0,0,0,0
12517,4,1,0,0,0
12518,0,0,0,0,0
12519,70,6,4,3,2
12520,0,0,0,0,0
12521,0,0,0,0,0
12522,5,1,0,0,0
12523,1,0,0,0,0
12524,3,0,0,0,0
12525,2,6,4,3,4
12526,89,4,4,2,0
12527,83,63,10,8,4
12528,2,6,2,2,2
12529,0,0,0,0,0
12530,14,2,1,1,1
12531,21,5,0,0,0
12532,7,0,0,0,0
12533,39,6,1,0,0
12534,0,0,0,0,0
12535,1,0,0,0,0
12536,26,1,0,0,0
12537,1,0,0,0,0
12538,0,0,0,0,0
12539,5,0,0,0,0
12540,2,0,0,0,0
12541,3,0,0,0,0
12542,0,2,4,3,4
12543,2,0,0,0,0
12544,0,1,1,1,1
12545,2,1,1,1,0
12546,7,0,0,0,0
12547,133,123,65,32,41
12548,2,0,0,0,0
12549,26,23,22,36,35
12550,194,142,115,131,126
12551,0,0,0,0,0
12552,38,3,3,4,6
12553,0,0,0,0,0
12554,2,0,0,0,1
12555,23,9,4,3,4
12556,6,0,0,0,0
12557,40,1,0,0,0
12558,8,0,0,0,0
12559,2,0,0,0,0
12560,1,0,0,0,0
12561,0,0,0,0,0
12562,0,0,0,0,0
12563,3,0,1,1,0
12564,7,0,0,0,0
12565,122,39,27,22,22
12566,2,0,0,0,0
12567,1,0,0,0,0
12568,1,0,0,0,0
12569,2,0,0,0,0
12570,1,0,0,0,0
12571,3,1,0,0,0
12572,0,2,0,0,0
12573,7,7,5,7,6
12574,3,0,2,1,2
12575,0,0,0,0,0
12576,5,0,0,0,0
12577,13,12,10,8,6
12578,2,0,0,0,0
12579,0,0,0,0,0
12580,35,6,3,0,0
12581,0,0,0,0,0
12582,7,11,3,3,3
12583,14,16,5,2,2
12584,57,0,0,0,0
12585,1,0,0,0,0
12586,0,0,0,0,0
12587,0,0,0,0,0
12588,0,0,0,0,0
12589,16,17,7,3,2
12590,0,0,0,0,0
12591,0,0,0,0,0
12592,0,0,0,0,0
12593,3,0,0,0,0
12594,0,0,0,0,0
12595,0,1,2,0,0
12596,0,1,0,0,0
12597,0,0,0,0,0
12598,0,0,0,0,0
12599,0,0,0,0,0
12600,26,12,8,3,3
12601,0,1,0,0,0
12602,0,3,3,3,4
12603,0,0,0,0,0
12604,12,1,2,1,1
12605,2,26,2,1,2
12606,0,0,0,0,0
12607,3,0,0,0,0
12608,10,0,0,0,0
12609,29,64,38,19,17
12610,15,0,0,0,0
12611,0,0,0,0,0
12612,15,0,0,0,0
12613,31,4,1,1,1
12614,0,0,0,0,0
12615,9,1,1,1,0
12616,2,0,1,1,1
12617,5,1,0,0,0
12618,2,0,0,0,0
12619,32,68,7,2,2
12620,0,0,0,0,0
12621,42,0,0,0,0
12622,0,0,0,0,0
12623,0,0,0,0,0
12624,0,0,0,0,0
12625,11,19,23,5,4
12626,0,0,0,0,0
12627,11,4,5,3,4
12628,107,13,3,0,0
12629,1,0,0,0,0
12630,0,0,0,0,0
12631,0,0,0,0,0
12632,8,1,0,0,0
12633,0,0,0,0,0
12634,0,0,0,0,0
12635,5,2,1,1,1
12636,2,0,0,0,0
12637,2,1,1,0,0
12638,0,0,0,0,0
12639,0,0,0,0,0
12640,0,0,0,0,0
12641,1,0,0,0,0
12642,0,0,0,0,0
12643,56,4,2,1,1
12644,23,2,2,0,0
12645,16,37,7,4,4
12646,0,0,0,0,0
12647,13,1,0,0,0
12648,6,3,1,0,1
12649,2,0,0,0,0
12650,0,0,0,0,0
12651,0,0,0,0,0
12652,2,0,0,0,0
12653,3,0,0,0,0
12654,0,0,0,0,0
12655,1,0,0,0,0
12656,20,6,0,0,0
12657,3,0,0,0,0
12658,8,6,2,0,0
12659,0,0,0,0,0
12660,0,0,0,0,0
12661,0,0,0,0,0
12662,3,0,0,0,0
12663,1,1,0,0,0
12664,6,0,0,0,0
12665,0,0,0,0,0
12666,5,3,0,1,1
12667,0,0,0,0,0
12668,252,55,199,157,189
12669,3,0,0,0,0
12670,2,0,0,0,0
12671,1,0,0,0,0
12672,0,0,0,0,0
12673,0,0,0,0,0
12674,5,0,0,0,0
12675,0,0,0,0,0
12676,0,0,0,0,0
12677,35,1,1,1,1
12678,28,6,7,2,2
12679,41,23,2,1,1
12680,0,0,0,0,0
12681,1,0,0,0,0
12682,0,0,0,0,0
12683,1,0,0,0,0
12684,0,0,0,0,0
12685,2,8,6,5,6
12686,0,0,0,0,0
12687,548,127,72,36,32
12688,4,0,0,0,0
12689,1,0,0,0,0
12690,22,5,0,0,0
12691,0,0,0,0,0
12692,7,0,0,0,0
12693,5,1,0,0,0
12694,6,0,0,0,0
12695,21,2,0,0,1
12696,0,0,0,0,0
12697,1,0,0,0,0
12698,1,0,0,0,0
12699,0,2,4,2,2
12700,0,0,0,0,0
12701,0,0,0,0,0
12702,20,0,0,0,0
12703,0,0,0,0,0
12704,0,0,0,0,0
12705,0,0,0,0,0
12706,1,0,0,0,0
12707,0,0,0,0,0
12708,4,0,0,0,0
12709,0,0,0,0,0
12710,67,13,14,18,17
12711,105,16,71,88,80
12712,51,21,4,7,7
12713,290,220,233,303,322
12714,75,12,24,12,17
12715,0,0,0,0,0
12716,20,0,0,0,0
12717,1,0,0,0,0
12718,1,0,0,0,0
12719,2,1,0,0,0
12720,3,1,0,1,0
12721,9,9,3,2,2
12722,0,0,0,0,0
12723,42,0,0,0,0
12724,160,9,1,2,2
12725,2,0,0,0,0
12726,23,3,2,0,0
12727,0,0,0,0,0
12728,15,1,0,0,0
12729,44,4,6,1,0
12730,5,0,0,0,0
12731,5,0,0,0,0
12732,7,1,0,0,0
12733,10,0,0,0,0
12734,0,0,0,0,0
12735,0,0,0,0,0
12736,0,0,0,0,0
12737,0,0,0,0,0
12738,0,0,0,0,0
12739,13,1,0,0,0
12740,63,6,3,4,3
12741,7,2,0,0,0
12742,0,0,0,0,0
12743,0,0,0,0,0
12744,2,8,15,11,12
12745,4,2,0,0,0
12746,1,0,0,0,0
12747,1,0,0,0,0
12748,0,0,0,0,0
12749,0,0,0,0,0
12750,0,0,0,0,0
12751,2,0,2,0,0
12752,118,77,113,55,55
12753,0,0,0,0,0
12754,1,0,0,0,0
12755,0,0,1,3,3
12756,22,10,7,6,4
12757,4,1,2,1,1
12758,1,0,0,0,0
12759,1,0,0,0,0
12760,0,0,0,0,0
12761,89,36,13,17,12
12762,152,82,42,33,29
12763,0,0,0,0,0
12764,4,0,0,0,0
12765,1,0,0,0,0
12766,10,0,0,0,0
12767,14,3,1,0,0
12768,0,0,0,0,0
12769,4,0,0,1,1
12770,34,14,4,4,4
12771,0,0,0,0,0
12772,11,10,1,1,0
12773,0,0,0,0,0
12774,1,0,0,0,0
12775,0,0,0,0,0
12776,0,0,0,0,0
12777,2,0,0,0,0
12778,0,0,0,0,0
12779,6,0,0,0,0
12780,2,0,0,0,0
12781,2,0,0,0,0
12782,0,0,0,0,0
12783,2,0,0,0,0
12784,11,0,0,0,0
12785,0,0,0,0,0
12786,95,4,10,10,9
12787,1,0,0,0,0
12788,0,0,0,0,0
12789,1,0,1,1,1
12790,51,4,4,11,7
12791,4,0,0,0,0
12792,0,0,0,0,0
12793,0,0,0,0,0
12794,0,0,0,0,0
12795,0,0,0,0,0
12796,0,0,0,0,0
12797,0,0,0,0,0
12798,0,0,0,0,0
12799,0,0,0,0,0
12800,0,1,0,0,0
12801,8,7,3,1,1
12802,17,0,0,0,0
12803,0,0,0,0,0
12804,0,0,0,0,0
12805,3,0,0,0,0
12806,1,0,0,0,0
12807,6,3,0,0,0
12808,2,0,0,0,0
12809,1,0,0,0,0
12810,2,0,0,0,0
12811,2,0,0,0,0
12812,0,0,0,0,0
12813,23,4,5,3,3
12814,258,75,58,48,40
12815,1,1,0,0,0
12816,2,1,0,0,0
12817,10,1,0,0,0
12818,2,0,0,0,0
12819,0,1,0,0,0
12820,14,3,6,6,4
12821,21,71,40,32,36
12822,132,3,0,0,0
12823,8,0,0,0,0
12824,42,1,0,0,1
12825,0,0,0,0,0
12826,0,1,0,0,0
12827,3,0,0,0,0
12828,0,0,0,0,0
12829,0,0,0,0,0
12830,1,0,0,0,0
12831,0,0,0,0,0
12832,1,0,0,0,0
12833,0,0,0,0,0
12834,2,0,0,0,0
12835,147,51,17,4,3
12836,2,6,3,1,1
12837,75,27,53,31,29
12838,2,1,4,3,2
12839,10,0,0,0,0
12840,90,22,9,8,7
12841,26,1,0,0,0
12842,29,1,0,0,0
12843,40,0,0,0,0
12844,19,21,6,2,2
12845,0,0,0,0,0
12846,0,0,0,0,0
12847,0,0,0,0,0
12848,1,0,0,0,0
12849,16,0,0,0,0
12850,1,0,1,0,0
12851,0,5,1,1,1
12852,15,4,1,1,1
12853,0,0,0,0,0
12854,0,0,0,0,0
12855,12,0,1,0,0
12856,13,0,0,0,0
12857,2,0,0,0,0
12858,15,13,40,33,37
12859,0,0,0,0,0
12860,6,0,0,0,0
12861,7,0,0,0,0
12862,0,2,0,0,0
12863,4,1,1,1,1
12864,21,8,7,7,5
12865,8,0,0,0,0
12866,15,1,1,1,1
12867,2,10,7,7,7
12868,3,0,0,0,0
12869,0,0,0,0,0
12870,0,0,0,0,0
12871,0,0,0,0,0
12872,0,0,0,0,0
12873,7,1,1,2,3
12874,1,0,0,0,0
12875,0,0,0,0,0
12876,16,8,6,3,3
12877,0,0,0,0,0
12878,13,6,3,3,2
12879,9,0,0,0,0
12880,0,0,0,0,0
12881,19,2,0,0,0
12882,4,1,1,1,1
12883,27,0,0,0,0
12884,0,0,0,0,0
12885,0,0,0,0,0
12886,1,0,0,0,0
12887,0,0,0,0,0
12888,0,0,0,0,0
12889,0,0,0,0,0
12890,0,0,0,0,0
12891,0,3,5,7,7
12892,4,1,1,0,0
12893,0,0,0,0,0
12894,0,0,0,0,0
12895,3,0,0,0,0
12896,4,5,0,0,0
12897,1,0,0,0,0
12898,0,0,0,0,0
12899,0,0,0,0,0
12900,0,0,0,0,0
12901,1,0,0,0,0
12902,0,0,0,0,0
12903,11,1,0,0,0
12904,0,0,0,0,0
12905,0,0,0,0,0
12906,33,0,0,0,0
12907,1,0,1,0,0
12908,3,0,0,0,0
12909,80,0,0,0,0
12910,103,0,0,0,0
12911,2,0,0,0,0
12912,5,0,0,0,0
12913,0,0,0,0,0
12914,27,1,0,0,0
12915,0,0,0,0,0
12916,7,3,0,0,0
12917,4,0,0,0,0
12918,1,0,0,0,0
12919,3,0,0,0,0
12920,4,1,0,0,0
12921,32,11,2,0,0
12922,0,0,0,0,0
12923,2,0,0,0,0
12924,0,0,0,0,0
12925,10,6,4,0,0
12926,3,4,4,4,4
12927,6,1,1,1,1
12928,0,0,0,0,0
12929,14,1,0,0,0
12930,4,0,0,0,0
12931,31,21,3,0,0
12932,0,0,0,0,0
12933,0,0,0,0,0
12934,0,0,0,0,0
12935,0,1,2,1,1
12936,0,0,0,0,0
12937,86,9,6,4,5
12938,47,0,0,0,0
12939,0,0,0,0,0
12940,0,0,0,0,0
12941,25,54,42,70,56
12942,0,0,0,0,0
12943,0,1,0,0,0
12944,2,0,0,0,0
12945,30,12,2,2,1
12946,0,0,0,0,0
12947,9,2,0,0,0
12948,1,0,0,0,0
12949,14,6,6,7,8
12950,24,0,0,0,0
12951,1,0,0,0,0
12952,0,0,0,0,0
12953,126,4,0,0,0
12954,0,0,0,0,0
12955,0,0,0,0,0
12956,0,0,0,0,0
12957,2,0,0,0,0
12958,3,0,1,1,1
12959,28,0,0,0,0
12960,71,42,18,7,9
12961,14,27,12,9,12
12962,59,0,0,0,0
12963,12,5,1,2,3
12964,4,1,0,0,0
12965,0,0,1,0,0
12966,0,0,0,0,0
12967,0,0,0,0,0
12968,50,6,7,11,7
12969,0,0,0,0,0
12970,2,0,0,0,0
12971,0,0,0,0,0
12972,27,5,0,0,0
12973,33,3,2,4,4
12974,0,0,0,0,0
12975,0,0,0,0,0
12976,0,0,0,0,0
12977,14,3,6,8,9
12978,0,0,0,0,0
12979,66,34,29,18,16
12980,0,0,0,0,0
12981,6,1,0,0,0
12982,2,0,0,0,0
12983,2,1,7,3,3
12984,2,0,0,0,0
12985,0,0,0,0,0
12986,75,17,4,4,4
12987,0,0,0,0,0
12988,1,0,0,0,0
12989,36,2,1,1,1
12990,9,0,0,0,0
12991,14,0,1,0,0
12992,20,7,0,1,0
12993,7,2,0,0,0
12994,18,0,0,0,0
12995,0,0,0,0,0
12996,0,0,0,0,0
12997,1,0,0,0,0
12998,33,9,4,1,1
12999,1,0,0,0,0
13000,130,58,81,58,48
13001,0,0,0,0,0
13002,0,2,0,0,0
13003,0,0,0,0,0
13004,3,1,0,0,0
13005,0,0,0,0,0
13006,0,0,0,0,0
13007,5,6,7,2,2
13008,0,0,0,0,0
13009,0,0,0,0,0
13010,9,0,0,0,0
13011,9,0,0,0,0
13012,1,0,0,0,0
13013,0,0,0,0,0
13014,0,3,1,0,0
13015,2,0,0,0,0
13016,4,0,0,0,0
13017,117,26,19,23,26
13018,0,0,0,0,0
13019,0,0,0,0,0
13020,1,2,2,2,2
13021,5,0,0,0,0
13022,16,26,6,3,3
13023,0,0,0,0,0
13024,0,0,0,0,0
13025,0,0,0,0,0
13026,48,0,0,0,0
13027,0,0,0,0,0
13028,16,0,2,1,1
13029,1,0,0,0,0
13030,0,0,0,0,0
13031,2,1,1,1,1
13032,36,1,0,0,0
13033,162,232,383,336,454
13034,0,0,0,0,0
13035,9,0,0,0,0
13036,0,0,0,0,0
13037,0,4,1,2,2
13038,0,0,0,0,0
13039,0,0,0,0,0
13040,9,2,1,0,1
13041,0,0,0,0,0
13042,6,0,0,0,0
13043,0,0,0,0,0
13044,1,0,0,0,0
13045,13,2,0,0,0
13046,102,31,10,7,6
13047,0,0,0,0,0
13048,47,5,0,0,0
13049,6,0,0,0,0
13050,46,20,1,1,1
13051,0,0,0,0,0
13052,0,0,0,0,0
13053,0,0,0,0,0
13054,0,0,0,0,0
13055,0,14,2,4,2
13056,0,0,0,0,0
13057,2,1,0,0,0
13058,0,0,0,0,0
13059,1,0,0,0,0
13060,3,3,0,0,0
13061,0,0,0,0,0
13062,0,2,0,0,0
13063,10,2,1,1,0
13064,0,0,0,0,0
13065,13,3,1,1,1
13066,25,0,0,0,0
13067,0,0,0,0,0
13068,0,0,0,0,0
13069,0,0,0,0,0
13070,7,2,0,0,0
13071,28,2,0,0,0
13072,0,0,0,0,0
13073,3,0,0,0,0
13074,11,0,0,0,0
13075,9,0,0,0,0
13076,0,0,0,0,0
13077,0,0,0,0,0
13078,3,0,0,0,0
13079,6,0,0,0,0
13080,0,0,0,0,0
13081,11,0,0,0,0
13082,1,0,0,0,0
13083,0,0,0,0,0
13084,0,0,0,0,0
13085,0,0,0,0,0
13086,0,0,0,0,0
13087,0,0,0,0,0
13088,0,0,0,0,0
13089,0,0,0,0,0
13090,0,0,0,0,0
13091,16,0,0,0,0
13092,0,0,0,0,0
13093,2,0,0,0,0
13094,0,0,0,0,0
13095,102,1,3,2,2
13096,2,2,5,2,2
13097,0,0,0,0,0
13098,5,31,25,30,22
13099,0,0,0,0,0
13100,1,0,0,0,0
13101,0,0,0,0,0
13102,0,0,0,0,0
13103,32,0,0,0,0
13104,0,0,0,0,0
13105,0,0,0,0,0
13106,3,0,0,0,0
13107,16,0,0,0,0
13108,0,0,0,0,0
13109,10,1,0,0,0
13110,0,0,0,0,0
13111,1,0,1,3,2
13112,8,0,0,0,0
13113,9,70,9,3,3
13114,8,0,0,0,0
13115,0,0,0,0,0
13116,0,2,1,0,0
13117,0,0,0,1,0
13118,0,1,0,0,1
13119,1,0,0,0,0
13120,0,0,0,0,0
13121,0,0,0,0,0
13122,0,0,0,0,0
13123,31,3,0,0,0
13124,0,0,0,0,0
13125,0,0,0,0,0
13126,33,6,4,3,4
13127,0,0,0,0,0
13128,0,0,0,0,0
13129,3,0,0,0,0
13130,0,0,0,0,0
13131,12,0,0,0,0
13132,3,0,0,0,0
13133,33,4,0,0,0
13134,5,5,0,0,0
13135,1,0,0,0,0
13136,1,0,1,1,0
13137,19,0,0,0,0
13138,14,0,0,0,0
13139,1,0,0,0,0
13140,0,1,0,0,0
13141,52,19,13,9,9
13142,1,0,0,0,0
13143,6,0,0,0,0
13144,1,0,0,0,0
13145,10,9,11,7,5
13146,7,8,6,1,1
13147,25,3,2,0,0
13148,2,0,0,0,0
13149,1,0,0,0,0
13150,0,0,0,0,0
13151,1,1,0,0,0
13152,183,0,0,0,0
13153,34,11,7,11,10
13154,14,0,1,0,1
13155,0,0,0,0,0
13156,0,0,0,0,0
13157,6,0,0,0,0
13158,0,0,0,0,0
13159,17,0,0,0,0
13160,0,0,0,0,0
13161,0,0,0,0,0
13162,0,0,0,0,0
13163,2,0,0,0,0
13164,2,0,0,0,0
13165,0,0,0,0,0
13166,2,0,0,0,0
13167,18,0,0,0,0
13168,0,0,0,0,0
13169,2,0,0,0,0
13170,8,0,0,0,0
13171,9,0,0,0,0
13172,45,2,2,0,0
13173,34,6,1,0,0
13174,27,12,2,1,2
13175,2,0,1,2,2
13176,0,0,0,0,0
13177,0,0,0,0,0
13178,1,1,0,0,0
13179,6,0,0,0,0
13180,0,1,1,0,0
13181,26,0,0,0,0
13182,0,0,0,0,0
13183,7,2,0,0,0
13184,1,0,0,0,0
13185,1,0,0,0,0
13186,8,1,0,0,0
13187,1,1,0,0,0
13188,0,0,0,0,0
13189,3,0,0,0,0
13190,0,0,0,0,0
13191,3,0,0,0,0
13192,38,7,0,0,0
13193,1,0,1,0,0
13194,29,0,0,0,0
13195,95,4,0,0,0
13196,1,0,0,0,0
13197,0,0,0,0,0
13198,106,1,1,1,1
13199,0,0,0,0,0
13200,0,0,0,0,0
13201,209,81,84,83,80
13202,47,5,2,0,1
13203,0,0,0,0,0
13204,12,13,1,0,0
13205,39,0,0,0,0
13206,0,0,0,0,0
13207,0,0,0,0,0
13208,28,0,0,0,0
13209,4,0,0,0,0
13210,0,0,0,0,0
13211,0,0,0,0,0
13212,0,0,0,0,0
13213,66,8,6,2,1
13214,0,0,0,0,0
13215,32,1,0,0,0
13216,32,218,38,29,21
13217,24,0,0,0,0
13218,0,0,0,0,0
13219,2,2,1,0,0
13220,0,3,0,0,0
13221,2,0,0,0,0
13222,17,1,0,0,0
13223,0,0,0,0,0
13224,18,0,0,0,0
13225,0,0,0,0,0
13226,12,0,0,0,0
13227,0,0,0,0,0
13228,12,1,0,0,0
13229,0,1,0,0,0
13230,1,0,0,0,0
13231,8,0,0,0,0
13232,0,0,0,0,0
13233,2,0,0,0,0
13234,0,0,0,0,0
13235,0,0,0,0,0
13236,10,0,0,0,0
13237,29,1,0,0,0
13238,26,19,5,0,0
13239,0,10,0,0,0
13240,5,0,0,0,0
13241,0,0,0,0,0
13242,3,0,0,0,0
13243,32,1,0,0,0
13244,118,270,432,377,337
13245,13,2,0,0,0
13246,0,0,0,0,0
13247,0,0,0,0,0
13248,145,36,81,87,81
13249,0,0,0,0,0
13250,6,9,8,11,10
13251,1,0,0,0,0
13252,9,19,13,8,8
13253,1,0,0,0,0
13254,2,0,0,0,0
13255,12,3,0,0,0
13256,1,0,0,0,0
13257,1,0,0,0,0
13258,0,8,1,1,0
13259,68,126,31,31,27
13260,61,11,0,0,0
13261,16,10,5,6,7
13262,1,0,0,0,0
13263,34,70,10,3,3
13264,0,0,0,0,0
13265,3,0,0,0,0
13266,0,0,0,0,0
13267,0,0,0,0,0
13268,2,0,0,0,0
13269,151,40,23,16,17
13270,0,0,0,0,0
13271,0,0,0,0,0
13272,0,0,0,0,0
13273,28,4,2,1,1
13274,0,0,0,0,0
13275,6,16,0,1,0
13276,3,0,0,1,1
13277,16,14,2,1,0
13278,32,104,146,111,126
13279,49,23,12,21,23
13280,4,0,0,0,0
13281,17,4,2,2,2
13282,4,0,0,0,0
13283,0,0,0,0,0
13284,0,0,0,0,0
13285,0,0,0,0,0
13286,31,8,2,1,1
13287,0,0,0,0,0
13288,3,0,0,0,0
13289,0,0,0,0,0
13290,26,78,121,45,46
13291,13,13,3,1,0
13292,22,26,29,39,53
13293,3,0,0,0,0
13294,0,0,0,0,0
13295,1,0,0,0,0
13296,94,65,10,0,1
13297,5,0,0,0,0
13298,54,0,0,0,0
13299,0,0,0,0,0
13300,1,0,0,0,0
13301,37,2,1,0,0
13302,3,2,1,2,2
13303,14,0,0,0,0
13304,1,0,0,0,0
13305,10,8,1,0,0
13306,5,0,0,0,0
13307,0,0,0,0,0
13308,0,0,0,0,0
13309,1,0,0,0,0
13310,1,4,0,0,0
13311,0,0,0,0,0
13312,4,0,0,0,0
13313,2,0,0,0,0
13314,0,0,0,0,0
13315,5,0,0,0,0
13316,0,1,1,1,1
13317,2,5,0,1,1
13318,0,0,0,0,0
13319,0,0,0,0,0
13320,0,0,0,0,0
13321,101,36,23,17,13
13322,34,3,0,0,0
13323,1,1,0,0,0
13324,71,1,0,1,0
13325,14,0,1,0,0
13326,0,1,0,0,0
13327,79,0,0,0,0
13328,14,0,1,1,0
13329,0,0,0,0,0
13330,249,631,553,657,654
13331,14,0,0,0,0
13332,0,0,0,0,0
13333,3,0,0,0,0
13334,3,1,1,1,1
13335,7,4,2,0,0
13336,0,0,0,0,0
13337,1,0,0,0,0
13338,4,0,0,0,0
13339,0,0,0,0,0
13340,11,0,0,0,0
13341,11,0,4,0,0
13342,5,0,0,0,0
13343,0,0,0,0,0
13344,1,0,0,0,0
13345,1,0,0,0,0
13346,0,6,0,0,0
13347,67,31,30,13,14
13348,0,0,0,0,0
13349,0,0,0,0,0
13350,0,0,0,0,0
13351,2,0,0,0,0
13352,53,13,3,0,0
13353,12,1,0,0,0
13354,1,1,0,0,0
13355,1,0,0,0,0
13356,0,0,0,0,0
13357,12,37,10,3,2
13358,0,0,0,0,0
13359,0,0,0,0,0
13360,279,86,64,18,19
13361,36,8,0,0,0
13362,31,15,8,3,3
13363,3,1,0,0,0
13364,1,0,0,0,0
13365,12,4,3,0,0
13366,140,32,15,12,15
13367,0,0,0,0,0
13368,140,16,7,5,5
13369,4,0,0,0,0
13370,0,0,0,0,0
13371,30,1,2,1,2
13372,102,3,5,7,7
13373,0,4,1,0,0
13374,0,0,0,0,0
13375,0,0,0,0,0
13376,6,7,0,0,0
13377,105,96,128,127,126
13378,0,0,0,0,0
13379,31,0,4,2,2
13380,6,4,2,2,2
13381,49,0,0,0,0
13382,63,4,2,0,0
13383,0,0,0,0,0
13384,13,2,2,2,2
13385,0,0,0,0,0
13386,0,0,0,0,0
13387,0,2,0,0,0
13388,4,0,0,0,0
13389,0,0,0,0,0
13390,0,0,0,0,0
13391,0,0,0,0,0
13392,3,0,0,0,0
13393,94,0,0,0,0
13394,0,0,0,0,0
13395,2,0,0,0,0
13396,1,0,0,0,0
13397,52,17,7,6,5
13398,0,0,0,0,0
13399,0,0,0,0,0
13400,0,0,0,0,0
13401,0,0,0,0,0
13402,0,0,0,0,0
13403,1,0,0,0,0
13404,7,0,0,1,0
13405,0,0,0,0,0
13406,95,5,0,0,0
13407,23,27,17,6,6
13408,20,1,0,0,0
13409,1,0,0,0,0
13410,10,7,4,0,0
13411,0,0,0,0,0
13412,30,7,6,1,0
13413,0,0,0,0,0
13414,44,78,21,7,7
13415,19,5,1,2,2
13416,3,1,3,0,0
13417,4,0,0,0,0
13418,0,0,0,0,0
13419,0,0,0,0,0
13420,27,0,0,0,0
13421,0,0,0,0,0
13422,1,0,0,0,0
13423,1,0,0,0,0
13424,0,9,2,1,1
13425,15,1,0,1,2
13426,3,0,0,0,0
13427,3,0,0,0,0
13428,1,0,0,0,0
13429,0,0,2,1,2
13430,0,0,0,0,0
13431,8,0,0,0,0
13432,6,0,0,0,0
13433,91,7,5,4,4
13434,10,0,0,0,0
13435,11,3,0,0,0
13436,0,0,0,0,0
13437,11,3,2,1,2
13438,1,0,0,0,0
13439,3,0,0,0,0
13440,55,0,0,0,0
13441,3,0,0,0,0
13442,0,0,0,0,0
13443,17,0,0,0,0
13444,0,0,0,0,0
13445,0,0,0,0,0
13446,0,0,0,0,0
13447,0,0,0,0,0
13448,1,0,0,0,0
13449,5,2,0,0,0
13450,1,0,0,0,0
13451,0,0,0,0,0
13452,0,0,0,0,0
13453,56,0,0,0,0
13454,23,0,0,0,0
13455,0,0,0,0,0
13456,0,0,0,0,0
13457,91,4,5,2,1
13458,4,0,0,0,0
13459,0,0,0,0,0
13460,1,0,0,0,0
13461,124,26,3,1,0
13462,341,51,134,88,82
13463,12,0,0,0,0
13464,0,0,0,0,0
13465,41,8,10,11,9
13466,42,1,0,0,0
13467,11,21,5,0,0
13468,0,0,0,0,0
13469,0,1,0,0,0
13470,1,0,0,0,0
13471,29,9,3,1,1
13472,1,0,0,0,0
13473,0,0,0,0,0
13474,0,0,0,0,0
13475,0,0,0,0,0
13476,0,0,0,0,0
13477,24,47,61,33,44
13478,0,0,0,0,0
13479,0,0,0,0,0
13480,0,0,0,0,0
13481,68,32,39,66,77
13482,0,0,0,0,0
13483,0,0,0,0,0
13484,0,5,2,0,0
13485,0,0,0,0,0
13486,16,2,0,0,0
13487,0,0,0,0,0
13488,8,3,3,0,0
13489,18,1,0,0,0
13490,153,123,70,47,37
13491,0,0,0,0,0
13492,11,0,0,0,0
13493,3,2,0,0,0
13494,66,6,1,0,0
13495,0,0,0,0,0
13496,11,1,0,0,0
13497,1,1,0,0,0
13498,0,0,0,0,0
13499,71,39,79,71,65
13500,0,0,0,0,0
13501,7,0,0,0,0
13502,2,0,0,0,0
13503,0,0,0,0,0
13504,0,0,1,1,1
13505,0,0,0,0,0
13506,5,0,0,0,0
13507,0,0,0,0,0
13508,0,0,0,0,0
13509,78,6,3,1,1
13510,0,0,0,0,0
13511,0,0,0,0,0
13512,26,7,5,12,13
13513,1,0,0,0,0
13514,0,0,0,0,0
13515,0,0,0,0,0
13516,30,7,1,0,0
13517,0,0,0,0,0
13518,3,0,1,0,0
13519,14,12,4,1,0
13520,131,19,44,43,36
13521,0,0,0,0,0
13522,0,0,0,0,0
13523,0,0,0,0,0
13524,3,0,0,0,0
13525,1,0,0,0,0
13526,29,0,0,0,0
13527,0,0,0,0,0
13528,8,7,1,0,0
13529,12,1,0,0,0
13530,199,193,174,204,240
13531,9,7,1,1,0
13532,12,4,3,3,4
13533,0,0,0,0,0
13534,1,0,0,0,0
13535,0,0,0,0,0
13536,0,0,0,0,0
13537,8,0,0,0,0
13538,2,9,0,0,0
13539,0,0,0,0,0
13540,0,0,0,0,0
13541,0,0,0,0,0
13542,4,0,0,0,0
13543,10,1,0,0,0
13544,18,0,0,0,0
13545,2,0,0,0,0
13546,9,37,47,47,40
13547,147,20,56,66,66
13548,2,0,0,0,0
13549,10,0,0,0,0
13550,2,0,0,0,0
13551,13,0,0,0,0
13552,8,5,1,2,2
13553,17,0,0,0,0
13554,12,0,0,0,0
13555,0,0,0,0,0
13556,1,0,0,0,0
13557,30,2,2,3,2
13558,0,0,0,0,0
13559,0,0,0,0,0
13560,0,0,0,0,0
13561,0,0,0,0,0
13562,0,0,0,0,0
13563,3,0,0,0,0
13564,0,0,0,0,0
13565,1,0,0,0,0
13566,2,0,0,0,0
13567,0,1,0,0,0
13568,35,4,1,1,1
13569,0,0,0,0,0
13570,179,5,4,1,1
13571,9,0,0,0,0
13572,0,0,0,0,0
13573,11,0,0,0,0
13574,0,5,0,0,0
13575,0,0,0,0,0
13576,15,0,0,0,0
13577,0,0,0,0,0
13578,0,0,0,0,0
13579,0,0,0,0,0
13580,39,38,11,4,3
13581,1,0,0,0,0
13582,50,32,37,36,24
13583,75,17,5,2,2
13584,0,0,0,0,0
13585,67,24,3,1,1
13586,0,0,0,0,0
13587,93,42,14,30,34
13588,0,0,0,0,0
13589,1,0,1,1,0
13590,0,0,0,0,0
13591,0,0,0,0,0
13592,0,0,0,0,0
13593,4,0,0,0,0
13594,7,3,5,5,6
13595,3,0,0,0,0
13596,0,0,0,0,0
13597,1,5,1,0,0
13598,0,0,0,0,0
13599,46,2,0,0,0
13600,0,0,0,0,0
13601,0,0,0,0,0
13602,0,0,0,0,0
13603,2,0,0,0,0
13604,1,0,0,1,0
13605,0,0,0,0,0
13606,18,1,0,0,0
13607,0,0,0,1,1
13608,9,1,0,0,0
13609,38,119,169,132,157
13610,75,4,2,0,1
13611,41,3,3,2,1
13612,2,1,0,0,0
13613,3,0,0,0,0
13614,0,0,0,0,0
13615,3,0,0,0,0
13616,0,0,0,0,0
13617,1,0,0,0,0
13618,0,0,0,0,0
13619,1,0,0,0,0
13620,0,0,0,0,0
13621,0,0,0,0,0
13622,0,1,0,0,0
13623,6,4,1,2,2
13624,40,4,8,9,8
13625,0,0,0,0,0
13626,5,1,0,0,0
13627,0,0,1,0,0
13628,1,0,0,0,0
13629,0,4,0,0,0
13630,1,0,0,0,0
13631,0,0,0,0,0
13632,0,0,0,0,0
13633,28,36,17,17,18
13634,129,8,0,0,0
13635,3,0,0,0,0
13636,1,0,0,0,0
13637,0,0,0,0,0
13638,0,0,0,0,0
13639,0,0,0,0,0
13640,3,0,0,0,0
13641,0,0,0,0,0
13642,11,4,0,0,0
13643,30,25,33,29,29
13644,138,43,9,2,1
13645,1,0,0,0,0
13646,0,0,0,0,0
13647,0,0,0,0,0
13648,135,42,1,0,0
13649,26,0,0,0,0
13650,10,4,7,3,3
13651,2,0,0,0,0
13652,80,27,7,6,3
13653,0,0,0,0,0
13654,0,0,0,0,0
13655,0,0,0,0,0
13656,0,0,0,0,0
13657,8,0,0,0,0
13658,1,0,0,0,0
13659,0,0,0,0,0
13660,0,0,0,0,0
13661,4,0,0,0,0
13662,5,0,0,0,0
13663,1,0,0,0,0
13664,11,6,0,0,0
13665,23,1,1,0,0
13666,33,16,16,26,29
13667,2,0,0,0,0
13668,5,0,0,0,0
13669,3,2,0,0,0
13670,17,2,1,1,1
13671,0,0,0,0,0
13672,0,0,0,0,0
13673,39,10,2,1,0
13674,0,0,0,0,0
13675,1,12,6,6,4
13676,1,0,0,0,0
13677,3,1,0,0,0
13678,9,0,0,0,0
13679,2,1,1,1,1
13680,94,13,28,32,30
13681,0,0,0,0,0
13682,28,0,0,0,0
13683,0,0,0,0,0
13684,49,38,4,3,5
13685,3,0,0,0,0
13686,0,0,0,0,0
13687,0,3,0,0,0
13688,2,6,1,1,1
13689,36,1,0,0,0
13690,371,161,178,195,205
13691,0,0,0,0,0
13692,105,7,5,5,5
13693,0,0,0,0,0
13694,0,0,0,0,0
13695,0,1,1,0,0
13696,0,0,0,0,0
13697,12,2,1,1,1
13698,3,0,0,0,0
13699,9,0,0,0,0
13700,0,0,0,0,0
13701,17,6,7,2,2
13702,7,0,0,0,0
13703,0,0,0,0,0
13704,0,0,0,0,0
13705,1,0,0,0,0
13706,1,0,0,0,0
13707,0,0,0,0,0
13708,8,0,0,0,0
13709,0,0,0,0,0
13710,7,1,0,0,0
13711,13,5,0,0,0
13712,0,0,0,0,0
13713,40,5,3,3,4
13714,0,0,0,0,0
13715,0,0,0,0,0
13716,0,0,0,0,0
13717,0,0,0,0,0
13718,2,0,0,0,0
13719,30,0,0,0,0
13720,6,1,3,3,3
13721,4,0,0,0,0
13722,0,0,0,0,0
13723,0,1,0,0,0
13724,126,216,128,160,145
13725,0,0,0,0,0
13726,6,4,8,9,10
13727,0,0,0,0,0
13728,15,0,0,0,0
13729,1,0,0,0,0
13730,231,35,35,31,36
13731,0,0,0,0,0
13732,3,0,0,0,0
13733,5,0,0,0,0
13734,3,1,1,0,0
13735,51,33,12,9,7
13736,1,0,0,0,0
13737,0,0,0,0,0
13738,0,0,0,0,0
13739,83,18,5,0,0
13740,27,3,5,5,7
13741,0,0,0,0,0
13742,7,4,1,1,1
13743,28,4,3,4,4
13744,65,21,4,0,0
13745,2,0,0,0,0
13746,3,0,0,0,0
13747,0,0,0,0,0
13748,0,0,0,0,0
13749,17,0,0,0,0
13750,0,3,2,1,1
13751,3,0,0,0,0
13752,0,0,0,0,0
13753,164,25,8,5,7
13754,0,2,0,0,0
13755,2,0,0,0,0
13756,1,0,0,0,0
13757,39,9,2,0,0
13758,142,12,0,0,0
13759,0,0,0,0,0
13760,44,11,5,4,5
13761,0,1,0,0,0
13762,0,0,0,0,0
13763,0,0,0,0,0
13764,0,0,0,0,0
13765,0,0,0,0,0
13766,0,0,0,0,0
13767,4,0,0,0,0
13768,94,98,21,16,10
13769,89,4,1,1,0
13770,0,0,0,0,0
13771,49,0,0,0,0
13772,0,0,0,0,0
13773,0,0,0,0,0
13774,3,0,1,0,0
13775,9,3,9,5,6
13776,18,0,0,0,0
13777,32,48,3,1,1
13778,0,0,0,0,0
13779,3,0,0,0,0
13780,53,47,13,5,2
13781,0,0,0,0,0
13782,0,1,0,0,0
13783,1,0,0,0,0
13784,1,0,0,0,0
13785,3,0,0,0,0
13786,5,0,0,0,0
13787,75,26,58,19,18
13788,27,3,2,1,1
13789,11,0,0,0,0
13790,0,0,0,0,0
13791,2,0,1,1,0
13792,0,0,0,0,0
13793,3,0,0,0,0
13794,0,0,0,0,0
13795,68,22,11,6,8
13796,4,2,0,0,0
13797,0,0,0,0,0
13798,1,30,12,10,7
13799,0,0,0,0,0
13800,2,0,0,0,0
13801,5,2,1,0,0
13802,1,0,0,0,0
13803,2,0,0,0,0
13804,14,11,1,0,0
13805,18,1,0,0,0
13806,0,2,1,0,0
13807,7,3,1,1,1
13808,3,0,0,0,0
13809,0,0,0,0,0
13810,0,0,0,0,0
13811,0,0,0,0,0
13812,1,0,1,0,0
13813,0,0,0,0,0
13814,3,0,0,0,0
13815,0,0,0,0,0
13816,24,1,0,0,0
13817,5,1,0,0,0
13818,5,1,1,0,0
13819,0,0,0,0,0
13820,0,0,0,0,0
13821,10,7,9,8,9
13822,52,4,2,2,2
13823,0,0,0,0,0
13824,0,0,0,0,0
13825,5,0,0,0,0
13826,0,0,0,0,0
13827,1,0,0,0,0
13828,1,0,0,0,0
13829,0,0,0,0,0
13830,10,0,1,0,0
13831,0,0,0,0,0
13832,0,0,0,0,0
13833,7,4,0,0,0
13834,10,0,0,0,0
13835,0,0,0,0,0
13836,0,0,0,0,0
13837,0,0,0,0,0
13838,7,0,0,0,0
13839,17,1,0,0,0
13840,46,32,3,3,3
13841,1,0,0,0,0
13842,2,0,0,0,0
13843,68,111,102,38,27
13844,16,0,0,0,0
13845,7,2,0,0,0
13846,2,0,0,0,0
13847,9,0,0,0,0
13848,0,0,0,0,0
13849,112,0,0,0,0
13850,0,0,0,0,0
13851,61,3,0,0,0
13852,0,0,0,0,0
13853,30,6,4,2,1
13854,262,6,2,2,2
13855,0,0,0,0,0
13856,1,0,0,0,0
13857,4,0,0,0,0
13858,25,0,0,1,2
13859,69,14,0,0,0
13860,20,1,1,1,1
13861,6,0,3,1,0
13862,0,0,0,0,0
13863,5,0,0,0,0
13864,9,0,0,0,0
13865,27,31,35,22,21
13866,63,1,0,0,0
13867,2,0,0,0,0
13868,8,1,0,0,0
13869,5,0,0,0,0
13870,13,5,3,0,0
13871,3,0,0,0,0
13872,29,7,2,2,2
13873,1,0,0,0,0
13874,39,2,0,0,0
13875,0,0,0,0,0
13876,9,0,0,0,0
13877,2,0,0,0,0
13878,1,0,0,0,0
13879,1,0,0,0,0
13880,8,0,0,0,0
13881,7,0,0,0,0
13882,0,0,0,0,0
13883,60,84,24,25,22
13884,0,0,0,0,0
13885,8,0,0,0,0
13886,0,0,0,0,0
13887,0,0,0,0,0
13888,17,8,2,2,1
13889,6,0,0,0,0
13890,0,0,0,0,0
13891,1,2,5,5,3
13892,2,1,0,0,0
13893,6,1,1,1,1
13894,0,0,0,0,0
13895,0,0,0,0,0
13896,1,0,0,0,0
13897,36,8,3,0,1
13898,40,1,1,1,0
13899,3,0,0,0,0
13900,0,0,0,0,0
13901,0,0,0,0,0
13902,4,0,0,0,0
13903,0,0,0,0,0
13904,62,3,0,0,0
13905,0,0,0,0,0
13906,0,0,0,0,0
13907,30,1,0,0,0
13908,1,0,0,0,0
13909,0,0,0,0,0
13910,0,0,0,0,0
13911,0,0,0,0,0
13912,16,5,1,1,1
13913,0,0,0,0,0
13914,0,0,0,0,0
13915,1,0,0,0,0
13916,1,0,0,0,0
13917,0,0,0,0,0
13918,0,0,0,0,0
13919,15,11,6,3,3
13920,94,22,6,8,6
13921,0,0,0,0,0
13922,3,0,0,0,0
13923,2,11,1,1,1
13924,0,0,0,0,0
13925,0,0,0,0,0
13926,28,2,0,0,0
13927,5,2,0,0,0
13928,5,0,0,0,0
13929,0,3,1,0,0
13930,0,12,0,0,0
13931,0,0,0,0,0
13932,8,5,3,1,1
13933,33,10,0,0,0
13934,0,0,0,0,0
13935,0,0,0,0,0
13936,3,0,0,0,0
13937,250,0,0,0,0
13938,2,0,0,0,0
13939,7,0,0,0,0
13940,8,0,1,3,2
13941,5,0,0,0,0
13942,0,0,0,0,0
13943,9,0,0,0,0
13944,18,0,0,0,0
13945,0,0,0,0,0
13946,1,0,0,0,0
13947,0,0,0,0,0
13948,0,0,0,0,0
13949,67,24,1,1,1
13950,1,1,0,0,0
13951,0,0,0,0,0
13952,1,0,0,0,0
13953,0,0,0,0,0
13954,7,0,0,0,0
13955,0,0,0,0,0
13956,7,0,0,0,0
13957,11,1,1,2,2
13958,20,0,0,0,0
13959,1,1,0,0,0
13960,3,25,7,10,11
13961,9,0,0,0,0
13962,6,1,1,1,0
13963,0,0,0,0,0
13964,0,0,0,0,0
13965,0,0,0,0,0
13966,0,0,0,0,0
13967,1,0,0,0,0
13968,0,0,0,0,0
13969,7,0,0,0,0
13970,0,0,0,0,0
13971,0,0,0,0,0
13972,4,1,1,1,1
13973,10,0,0,0,0
13974,10,2,0,0,0
13975,29,1,1,1,1
13976,1,0,0,0,0
13977,0,2,0,1,1
13978,2,2,0,0,0
13979,4,0,0,0,0
13980,12,2,0,0,0
13981,0,0,0,0,0
13982,0,0,0,0,0
13983,11,1,0,0,0
13984,0,0,0,0,0
13985,0,0,0,0,0
13986,1,0,0,0,0
13987,28,1,1,1,1
13988,0,0,0,0,0
13989,2,0,0,0,0
13990,7,0,0,0,0
13991,10,2,0,0,0
13992,1,0,0,0,0
13993,13,13,5,6,5
13994,22,4,21,22,24
13995,3,4,2,10,10
13996,6,0,0,0,0
13997,25,2,1,1,1
13998,4,0,1,1,1
13999,5,0,0,0,0
14000,9,0,3,1,3
14001,3,0,0,0,0
14002,1,0,0,0,0
14003,2,8,7,8,6
14004,6,6,6,5,3
14005,0,0,0,0,0
14006,0,0,0,0,0
14007,18,9,1,0,0
14008,0,0,0,0,0
14009,2,0,0,0,0
14010,0,0,0,0,0
14011,14,6,2,3,3
14012,40,14,0,0,0
14013,47,4,7,5,1
14014,10,1,0,0,0
14015,30,8,19,26,25
14016,30,9,7,4,4
14017,0,0,0,0,0
14018,2,0,0,0,0
14019,13,1,3,0,0
14020,5,0,0,0,0
14021,2,0,0,0,0
14022,39,6,7,4,2
14023,49,4,2,2,1
14024,0,0,0,0,0
14025,32,5,1,1,1
14026,0,0,0,0,0
14027,3,0,0,0,0
14028,22,9,0,0,0
14029,15,7,4,1,0
14030,7,1,1,1,1
14031,0,0,0,0,0
14032,12,0,0,0,0
14033,26,0,0,0,0
14034,0,0,0,0,0
14035,20,0,0,0,0
14036,4,3,1,2,1
14037,0,0,0,0,0
14038,0,0,0,0,0
14039,50,11,6,0,0
14040,66,17,5,1,1
14041,5,0,0,0,0
14042,1,4,1,1,1
14043,1,0,0,0,0
14044,0,0,0,0,0
14045,32,29,9,19,16
14046,94,0,0,0,0
14047,0,0,0,0,0
14048,26,23,12,9,4
14049,4,0,0,0,0
14050,3,0,0,0,0
14051,0,0,0,0,0
14052,4,0,0,0,0
14053,38,11,8,6,4
14054,19,4,3,2,2
14055,1,0,1,1,1
14056,72,23,31,30,33
14057,1,0,0,0,0
14058,4,0,0,0,0
14059,7,1,0,0,0
14060,1,0,0,0,0
14061,0,0,0,0,0
14062,55,2,6,0,0
14063,0,0,0,0,0
14064,15,7,20,9,12
14065,0,0,0,0,0
14066,2,0,0,0,0
14067,12,0,0,0,0
14068,0,0,0,0,0
14069,2,1,0,0,0
14070,0,0,0,0,0
14071,19,6,2,2,2
14072,0,0,0,0,0
14073,72,42,25,10,14
14074,38,5,13,14,14
14075,5,6,1,1,0
14076,0,0,0,0,0
14077,0,0,0,0,0
14078,1,0,0,0,0
14079,16,8,1,1,1
14080,14,0,8,7,7
14081,40,0,0,0,0
14082,3,0,0,0,0
14083,0,0,0,0,0
14084,10,0,0,0,0
14085,0,0,0,0,0
14086,0,0,0,0,0
14087,0,0,0,0,0
14088,4,0,0,0,0
14089,0,0,0,0,0
14090,6,0,0,0,0
14091,0,0,0,0,0
14092,17,13,8,8,5
14093,1,0,0,0,1
14094,0,0,1,0,0
14095,0,0,0,0,0
14096,0,0,0,0,0
14097,0,0,0,0,0
14098,0,0,0,0,0
14099,7,0,0,0,0
14100,1,0,0,0,0
14101,34,8,2,1,1
14102,4,4,1,1,1
14103,38,0,0,0,0
14104,0,0,0,0,0
14105,0,0,0,0,0
14106,51,47,7,8,7
14107,0,0,0,0,0
14108,0,0,0,0,0
14109,5,1,0,0,0
14110,100,18,20,21,24
14111,1,0,0,0,0
14112,0,0,0,0,0
14113,30,6,10,3,3
14114,2,0,0,0,0
14115,16,0,2,2,3
14116,34,2,0,0,0
14117,1,0,0,0,0
14118,2,0,0,0,0
14119,3,0,0,0,0
14120,0,0,0,0,0
14121,0,0,0,0,0
14122,303,599,847,830,818
14123,3,0,0,0,0
14124,0,0,0,0,0
14125,0,0,0,0,0
14126,0,0,0,0,0
14127,0,0,0,0,0
14128,69,5,0,0,0
14129,2,0,0,0,0
14130,6,0,0,0,0
14131,28,0,0,0,0
14132,0,0,0,0,0
14133,29,3,1,1,1
14134,10,1,3,0,0
14135,0,0,0,0,0
14136,0,0,0,0,0
14137,14,0,0,0,0
14138,1,0,0,0,0
14139,4,21,19,14,7
14140,0,0,0,0,0
14141,0,0,0,0,0
14142,0,0,0,0,0
14143,0,0,0,0,0
14144,1,0,0,0,0
14145,2,0,0,0,0
14146,8,3,1,1,1
14147,84,8,6,5,3
14148,60,5,1,0,0
14149,1,1,0,0,0
14150,90,0,0,0,0
14151,12,1,0,0,0
14152,1,0,0,0,0
14153,17,8,2,2,2
14154,47,0,0,0,0
14155,2,1,0,0,0
14156,1,0,0,0,0
14157,0,0,0,0,0
14158,0,0,0,0,0
14159,9,1,2,0,0
14160,0,0,0,0,0
14161,1,0,0,0,0
14162,0,0,0,0,0
14163,0,0,0,0,0
14164,0,1,0,0,0
14165,294,307,422,366,426
14166,4,0,0,0,0
14167,0,0,0,0,0
14168,0,0,0,0,0
14169,0,0,0,0,0
14170,1,0,0,0,0
14171,0,0,0,0,0
14172,0,0,0,0,0
14173,6,0,0,0,0
14174,21,0,0,0,0
14175,2,0,0,0,0
14176,0,0,0,0,0
14177,7,40,11,10,10
14178,6,0,0,0,0
14179,1,0,0,0,0
14180,0,0,0,0,0
14181,1,0,0,0,0
14182,0,0,0,0,0
14183,2,0,0,0,0
14184,0,0,0,0,0
14185,1,0,0,0,0
14186,35,0,0,0,0
14187,0,0,1,0,0
14188,2,0,0,0,0
14189,0,0,0,0,0
14190,5,2,0,0,0
14191,17,1,0,0,0
14192,6,1,1,0,0
14193,1,0,0,0,0
14194,0,0,0,0,0
14195,9,0,3,2,1
14196,6,0,0,0,0
14197,85,47,146,126,134
14198,38,0,0,0,0
14199,14,2,1,0,0
14200,0,0,0,0,0
14201,0,0,0,0,0
14202,29,45,33,31,23
14203,2,2,0,0,0
14204,0,0,0,0,0
14205,0,0,0,0,0
14206,0,0,0,0,0
14207,14,1,8,9,9
14208,0,1,1,0,0
14209,4,2,1,0,0
14210,22,2,0,0,0
14211,22,0,0,0,0
14212,7,0,0,0,0
14213,17,0,0,0,0
14214,3,0,0,0,0
14215,0,0,0,0,0
14216,0,0,0,0,0
14217,4,1,0,0,0
14218,4,0,0,0,0
14219,31,0,0,0,0
14220,0,0,0,0,0
14221,18,1,0,0,0
14222,21,0,0,0,0
14223,11,0,0,0,0
14224,0,0,0,0,0
14225,0,0,0,0,0
14226,0,0,0,0,0
14227,6,0,0,0,0
14228,1,0,0,0,0
14229,2,0,0,0,0
14230,12,0,0,0,0
14231,0,0,0,0,0
14232,0,0,0,0,0
14233,0,0,0,0,0
14234,2,0,0,0,0
14235,0,0,0,0,0
14236,1,0,0,0,0
14237,1,0,0,0,0
14238,84,5,5,8,6
14239,26,3,2,3,2
14240,0,0,0,0,0
14241,5,1,0,0,0
14242,1,0,0,0,0
14243,7,2,0,0,0
14244,7,2,0,0,0
14245,1,0,0,0,0
14246,2,0,0,0,0
14247,0,0,0,0,0
14248,0,0,0,0,0
14249,0,0,0,0,0
14250,0,0,0,0,0
14251,2,0,0,0,0
14252,3,0,0,0,0
14253,2,0,0,0,0
14254,14,0,0,0,0
14255,18,0,0,0,0
14256,3,1,3,2,1
14257,1,0,0,0,0
14258,3,3,1,0,1
14259,0,0,0,0,0
14260,0,0,0,0,0
14261,0,0,0,0,0
14262,9,0,0,0,0
14263,0,0,0,0,0
14264,0,0,0,0,0
14265,1,0,0,0,0
14266,33,3,1,0,0
14267,0,0,0,0,0
14268,7,0,0,0,0
14269,21,7,10,7,8
14270,24,6,3,1,1
14271,55,4,5,4,4
14272,0,0,0,0,0
14273,0,0,0,0,0
14274,42,0,0,0,0
14275,3,0,0,0,0
14276,39,23,113,85,58
14277,3,0,0,0,0
14278,0,2,0,0,0
14279,0,0,0,0,0
14280,21,8,10,12,12
14281,2,0,0,0,0
14282,0,0,0,0,0
14283,0,0,0,0,0
14284,2,0,0,0,0
14285,16,43,70,86,80
14286,54,0,0,0,0
14287,10,2,2,2,1
14288,2,2,2,2,2
14289,5,0,0,0,0
14290,9,1,0,0,0
14291,0,0,0,0,0
14292,19,4,7,7,5
14293,0,0,0,0,0
14294,0,0,0,0,0
14295,341,76,23,31,37
14296,5,2,1,1,1
14297,10,0,0,0,0
14298,15,2,0,0,0
14299,1,0,0,0,0
14300,11,0,0,0,0
14301,10,6,15,10,7
14302,37,8,3,4,5
14303,0,0,0,0,0
14304,2,1,2,2,2
14305,0,0,0,0,0
14306,12,0,0,0,0
14307,0,0,0,0,0
14308,0,0,0,0,0
14309,8,0,0,0,0
14310,0,0,0,0,0
14311,28,3,2,0,1
14312,17,2,2,0,0
14313,0,0,0,0,0
14314,0,0,0,0,0
14315,5,15,3,1,0
14316,2,0,0,0,0
14317,1,0,0,0,0
14318,24,6,0,0,0
14319,1,1,0,0,0
14320,1,0,0,0,0
14321,0,0,0,0,0
14322,0,0,0,0,0
14323,12,26,19,19,14
14324,15,1,1,0,0
14325,3,0,0,0,0
14326,0,0,0,0,0
14327,0,0,0,0,0
14328,3,2,0,0,0
14329,42,1,1,1,1
14330,0,0,0,0,0
14331,0,0,0,0,0
14332,0,0,0,0,0
14333,0,0,0,0,0
14334,0,0,0,0,0
14335,0,0,0,0,0
14336,2,0,0,0,0
14337,2,0,3,3,2
14338,1,2,3,0,0
14339,4,0,0,0,0
14340,0,0,0,0,0
14341,1,0,0,0,0
14342,0,0,0,0,0
14343,8,0,0,0,0
14344,185,273,153,105,108
14345,13,2,1,2,2
14346,0,0,0,0,0
14347,2,0,0,0,0
14348,2,0,0,0,0
14349,0,0,0,0,0
14350,11,2,1,1,1
14351,6,0,0,0,0
14352,0,1,0,0,0
14353,3,0,0,0,0
14354,0,0,0,0,0
14355,0,0,0,0,0
14356,20,2,3,1,1
14357,53,30,4,2,0
14358,0,0,0,0,0
14359,182,92,76,42,38
14360,0,0,0,0,0
14361,0,0,0,0,0
14362,11,0,0,0,0
14363,2,0,0,0,0
14364,0,0,0,0,0
14365,158,459,612,559,551
14366,1,0,0,0,0
14367,22,0,0,0,0
14368,82,0,1,0,0
14369,39,48,27,9,9
14370,35,2,0,0,0
14371,0,0,0,0,0
14372,0,0,0,0,0
14373,11,0,0,0,0
14374,16,0,0,0,0
14375,9,19,21,15,8
14376,0,0,0,0,0
14377,31,5,0,0,0
14378,2,1,1,0,0
14379,0,0,0,0,0
14380,0,0,0,0,0
14381,0,0,0,0,0
14382,0,0,0,0,0
14383,0,0,0,0,0
14384,0,0,0,0,0
14385,13,21,4,1,1
14386,50,2,1,1,1
14387,1,0,0,0,0
14388,9,9,0,0,0
14389,59,32,3,1,1
14390,0,0,0,0,0
14391,0,0,0,0,0
14392,65,36,56,36,40
14393,0,0,0,0,0
14394,3,1,0,0,0
14395,0,0,0,0,0
14396,167,360,527,693,689
14397,5,4,1,1,0
14398,8,0,2,2,1
14399,6,0,0,0,0
14400,4,0,0,0,0
14401,1,0,0,0,0
14402,0,1,0,0,0
14403,78,10,6,2,3
14404,2,0,0,0,0
14405,0,0,0,0,0
14406,35,6,1,2,2
14407,96,43,25,17,15
14408,0,0,0,0,0
14409,2,4,4,3,2
14410,0,0,0,0,0
14411,8,0,0,0,0
14412,2,0,0,0,0
14413,1,0,0,0,0
14414,0,0,0,0,0
14415,107,55,38,35,30
14416,187,52,26,29,29
14417,51,2,0,0,0
14418,0,0,0,0,0
14419,0,0,0,0,0
14420,0,0,0,0,0
14421,0,0,0,0,0
14422,3,0,0,0,0
14423,13,0,0,0,0
14424,0,0,0,0,0
14425,1,0,0,0,0
14426,140,0,0,0,0
14427,33,0,0,0,0
14428,1,1,0,0,0
14429,0,0,0,0,0
14430,0,0,0,0,0
14431,0,1,0,0,0
14432,0,1,1,0,0
14433,11,0,0,0,0
14434,9,0,0,0,0
14435,24,3,0,0,0
14436,0,0,0,0,0
14437,1,0,0,0,0
14438,0,0,0,0,0
14439,50,4,11,13,14
14440,0,0,0,0,0
14441,57,2,0,0,0
14442,0,0,0,0,0
14443,0,0,0,0,0
14444,3,0,0,0,0
14445,71,1,0,0,0
14446,0,0,0,0,0
14447,11,0,2,1,1
14448,5,0,1,1,1
14449,0,0,0,0,0
14450,1,0,0,0,0
14451,0,0,0,0,0
14452,0,1,1,0,0
14453,6,3,1,1,0
14454,0,0,0,0,0
14455,2,0,0,0,0
14456,8,6,36,34,39
14457,10,0,0,0,0
14458,0,0,0,0,0
14459,0,0,0,0,0
14460,3,0,1,1,1
14461,1,0,0,0,0
14462,0,0,0,0,0
14463,49,0,0,0,0
14464,15,0,0,0,0
14465,0,0,0,0,0
14466,6,0,0,0,0
14467,0,0,0,0,0
14468,0,0,0,0,0
14469,26,31,19,7,6
14470,64,7,20,6,4
14471,18,0,0,0,0
14472,0,0,0,0,0
14473,0,0,0,0,0
14474,10,0,0,0,0
14475,0,0,0,0,0
14476,48,2,2,2,1
14477,1,3,1,0,0
14478,20,21,4,9,9
14479,1,0,0,0,0
14480,0,0,0,0,0
14481,10,0,2,0,0
14482,0,0,0,0,0
14483,1,0,0,0,0
14484,0,0,0,0,0
14485,1,1,0,0,0
14486,0,0,0,0,0
14487,6,0,0,0,0
14488,0,0,0,0,0
14489,1,0,0,0,0
14490,0,1,0,0,0
14491,13,1,0,0,0
14492,27,1,0,0,0
14493,4,0,0,0,0
14494,93,11,2,3,4
14495,464,671,433,476,437
14496,14,8,6,3,2
14497,67,18,2,0,0
14498,27,13,16,15,16
14499,37,52,63,62,57
14500,0,1,1,1,1
14501,0,0,0,0,0
14502,0,2,1,0,0
14503,11,0,0,0,0
14504,9,0,0,0,0
14505,11,0,0,0,0
14506,0,0,0,0,0
14507,10,1,1,0,0
14508,0,0,0,0,0
14509,9,0,0,0,0
14510,86,0,0,0,0
14511,9,9,13,14,9
14512,0,0,0,0,0
14513,5,0,0,0,0
14514,5,0,0,0,0
14515,0,0,0,0,0
14516,54,4,1,0,0
14517,0,0,0,0,0
14518,0,0,0,0,0
14519,0,0,0,0,0
14520,2,0,0,0,0
14521,0,0,0,0,0
14522,0,0,0,0,0
14523,0,0,0,0,0
14524,1,0,0,0,0
14525,41,33,7,0,0
14526,113,31,8,7,7
14527,1,17,20,11,12
14528,9,0,0,0,0
14529,0,0,0,0,0
14530,1,0,0,0,0
14531,0,0,0,0,0
14532,23,0,0,0,0
14533,18,5,1,0,0
14534,0,0,0,0,0
14535,1,0,0,0,0
14536,0,0,0,0,0
14537,1,0,0,0,0
14538,31,11,6,4,4
14539,1,0,0,0,0
14540,5,0,0,0,0
14541,1,0,0,0,0
14542,0,0,0,0,0
14543,3,0,0,0,0
14544,9,0,0,0,0
14545,1,0,0,0,0
14546,1,0,0,0,0
14547,4,0,0,0,0
14548,3,1,1,0,0
14549,105,126,4,2,1
14550,7,0,0,0,0
14551,5,1,0,0,0
14552,10,1,0,0,0
14553,3,0,0,0,0
14554,25,0,1,1,0
14555,30,225,95,103,102
14556,0,0,0,0,0
14557,0,0,0,0,0
14558,2,0,0,0,0
14559,1,0,0,0,0
14560,173,123,24,14,10
14561,102,209,97,94,131
14562,0,0,0,0,0
14563,1,0,0,0,0
14564,0,0,0,0,0
14565,0,0,0,0,0
14566,3,0,0,0,0
14567,0,0,0,0,0
14568,10,7,0,0,0
14569,0,0,0,0,0
14570,28,38,28,48,56
14571,3,0,0,0,0
14572,15,0,0,0,0
14573,2,0,0,0,0
14574,0,0,0,0,0
14575,0,0,0,0,0
14576,0,0,0,0,0
14577,0,0,0,0,0
14578,4,0,0,0,0
14579,3,0,0,0,0
14580,0,0,0,0,0
14581,19,29,4,1,1
14582,0,0,0,0,0
14583,86,5,7,4,4
14584,25,0,10,8,8
14585,7,3,1,1,1
14586,0,1,0,0,0
14587,4,0,0,0,0
14588,2,0,0,0,0
14589,0,0,0,0,0
14590,12,1,0,1,1
14591,2,0,0,0,0
14592,375,380,525,666,680
14593,0,0,0,0,0
14594,0,0,0,0,0
14595,0,0,0,0,0
14596,13,0,0,0,0
14597,0,0,0,0,0
14598,70,18,9,9,10
14599,40,2,1,1,1
14600,32,0,0,0,0
14601,0,0,0,0,0
14602,236,19,17,27,24
14603,0,0,0,0,0
14604,0,0,0,0,0
14605,1,0,0,0,0
14606,0,0,0,0,0
14607,0,0,0,0,0
14608,4,0,0,0,0
14609,0,0,0,0,0
14610,0,0,0,0,0
14611,0,0,0,0,0
14612,0,1,1,2,0
14613,3,7,0,0,0
14614,0,0,0,0,0
14615,6,9,11,13,13
14616,11,9,3,2,2
14617,17,0,0,0,0
14618,0,0,0,0,0
14619,6,0,0,0,0
14620,49,8,9,8,8
14621,15,4,3,2,2
14622,1,18,6,8,8
14623,0,0,0,0,0
14624,56,17,3,15,9
14625,1,2,0,0,0
14626,0,0,0,0,0
14627,48,8,6,7,7
14628,4,0,0,0,0
14629,0,0,0,0,0
14630,0,0,0,0,0
14631,0,0,0,0,0
14632,8,0,0,0,0
14633,3,1,3,2,2
14634,3,0,0,0,0
14635,1,0,0,0,0
14636,6,0,0,0,0
14637,7,13,3,1,1
14638,0,0,0,0,0
14639,4,17,6,2,0
14640,2,2,0,0,0
14641,0,0,0,0,0
14642,229,289,157,187,208
14643,57,2,1,0,0
14644,3,0,0,0,0
14645,14,17,9,2,4
14646,45,15,17,10,10
14647,0,0,0,0,0
14648,0,0,0,0,0
14649,80,160,54,59,45
14650,0,0,0,0,0
14651,0,0,0,0,0
14652,0,0,0,0,0
14653,1,0,0,0,0
14654,14,0,0,0,0
14655,43,413,589,584,566
14656,0,0,0,0,0
14657,20,54,44,39,43
14658,0,0,0,0,0
14659,63,135,45,43,44
14660,17,2,2,0,0
14661,14,0,0,0,0
14662,0,0,0,0,0
14663,0,0,0,0,0
14664,4,5,0,0,0
14665,14,5,3,3,1
14666,11,0,0,0,0
14667,10,0,0,0,0
14668,21,61,75,64,57
14669,0,3,1,1,1
14670,0,0,0,0,0
14671,2,0,0,0,0
14672,33,3,5,6,2
14673,2,1,0,0,1
14674,0,0,0,0,0
14675,0,0,0,0,0
14676,0,0,0,0,0
14677,12,5,0,0,0
14678,0,1,0,0,0
14679,13,0,0,0,0
14680,4,2,1,1,1
14681,0,0,0,0,0
14682,14,0,0,0,0
14683,0,0,0,0,0
14684,0,0,0,0,0
14685,5,0,0,0,1
14686,32,0,0,0,0
14687,1,0,0,0,0
14688,12,2,1,0,0
14689,0,0,0,0,0
14690,0,0,0,0,0
14691,0,0,0,0,0
14692,108,20,0,0,0
14693,0,1,1,0,1
14694,7,1,0,0,0
14695,11,0,0,0,0
14696,0,0,0,0,0
14697,0,0,0,0,0
14698,3,0,0,1,1
14699,20,1,1,0,0
14700,5,0,0,0,0
14701,0,1,0,0,0
14702,2,0,0,0,0
14703,0,0,0,0,0
14704,1,0,0,0,0
14705,0,0,0,0,0
14706,14,14,1,3,2
14707,25,0,0,0,0
14708,0,0,0,0,0
14709,65,23,8,2,3
14710,18,0,0,0,0
14711,0,0,0,0,0
14712,0,0,0,0,0
14713,0,0,0,0,0
14714,0,0,0,0,0
14715,0,0,0,0,0
14716,2,2,0,0,0
14717,9,0,0,0,0
14718,143,9,3,2,2
14719,0,0,0,0,0
14720,2,0,0,0,0
14721,67,3,3,2,0
14722,2,0,0,0,0
14723,14,4,3,2,2
14724,1,0,0,0,0
14725,6,0,0,0,0
14726,12,0,0,0,0
14727,0,2,0,0,0
14728,0,0,0,0,0
14729,3,0,0,0,0
14730,0,0,0,0,0
14731,11,2,1,0,0
14732,9,0,0,0,0
14733,2,0,0,0,0
14734,0,0,0,0,0
14735,21,4,0,0,0
14736,0,0,0,0,0
14737,3,9,4,0,0
14738,0,0,0,0,0
14739,110,4,1,0,0
14740,1,0,0,0,0
14741,4,0,0,0,0
14742,9,0,1,1,1
14743,4,0,0,0,0
14744,596,13,10,1,2
14745,0,0,0,0,0
14746,0,0,0,0,0
14747,212,54,32,67,63
14748,1,0,0,0,0
14749,11,40,24,38,40
14750,26,2,2,1,1
14751,0,0,0,0,0
14752,0,0,0,0,0
14753,0,0,0,0,0
14754,0,0,0,0,0
14755,34,9,12,9,8
14756,0,0,0,0,0
14757,11,0,0,0,0
14758,0,0,0,0,0
14759,33,2,2,2,2
14760,0,0,0,0,0
14761,0,0,0,0,0
14762,14,8,2,2,1
14763,10,3,1,0,0
14764,2,1,0,0,0
14765,1,0,0,0,0
14766,0,0,0,0,0
14767,0,0,0,0,0
14768,15,7,1,0,0
14769,0,0,0,0,0
14770,3,3,1,0,0
14771,2,0,0,0,0
14772,0,0,0,0,0
14773,0,0,0,0,0
14774,2,2,0,0,0
14775,0,0,0,0,0
14776,2,0,0,0,0
14777,0,0,0,0,0
14778,0,0,0,0,0
14779,0,0,0,0,0
14780,1,1,0,0,0
14781,0,0,0,0,0
14782,54,0,3,4,7
14783,0,0,0,0,0
14784,0,0,0,0,0
14785,6,1,0,0,0
14786,1,0,0,0,0
14787,1,2,1,1,1
14788,15,0,0,0,0
14789,10,0,0,0,0
14790,0,0,0,0,0
14791,13,1,0,0,0
14792,6,0,0,0,0
14793,30,0,0,0,0
14794,0,0,0,0,0
14795,0,0,0,0,0
14796,1,0,0,0,0
14797,0,0,0,0,0
14798,0,0,0,0,0
14799,0,0,0,0,0
14800,0,0,0,0,0
14801,0,0,0,0,0
14802,0,0,0,0,0
14803,37,4,0,0,0
14804,0,0,0,0,0
14805,0,0,0,0,0
14806,0,0,0,0,0
14807,68,9,8,1,3
14808,0,0,0,0,0
14809,7,2,0,0,0
14810,1,0,0,0,0
14811,10,0,0,0,0
14812,1,6,0,0,0
14813,0,0,0,0,0
14814,0,0,0,0,0
14815,5,2,0,0,0
14816,0,0,0,0,0
14817,190,11,1,1,1
14818,33,38,26,40,34
14819,0,0,0,0,0
14820,0,0,0,0,0
14821,2,0,0,0,0
14822,1,0,0,0,0
14823,3,0,0,0,0
14824,0,0,0,0,0
14825,0,0,0,0,0
14826,3,0,0,0,0
14827,3,0,0,0,0
14828,0,0,0,0,0
14829,4,0,0,0,0
14830,234,274,149,182,185
14831,0,0,0,0,0
14832,3,0,0,0,0
14833,61,1,1,0,0
14834,78,13,3,4,4
14835,6,0,1,1,1
14836,0,0,0,0,0
14837,14,0,0,0,0
14838,0,0,0,0,0
14839,0,1,2,0,0
14840,2,0,0,0,0
14841,0,0,0,0,0
14842,10,0,0,1,0
14843,0,0,0,0,0
14844,1,1,0,0,0
14845,3,46,4,1,1
14846,2,0,0,0,0
14847,5,0,0,0,0
14848,11,5,0,0,0
14849,1,0,0,0,0
14850,19,0,0,0,0
14851,0,0,0,0,0
14852,4,0,0,0,0
14853,5,0,0,0,0
14854,2,2,1,0,0
14855,51,6,1,1,0
14856,4,0,0,0,0
14857,1,0,0,0,0
14858,1,0,0,0,0
14859,13,0,0,0,0
14860,6,0,0,0,0
14861,27,13,8,5,3
14862,2,0,0,0,0
14863,1,0,0,0,0
14864,0,0,0,0,0
14865,1,1,0,0,0
14866,2,0,1,0,0
14867,0,0,0,0,0
14868,0,0,0,0,0
14869,0,0,0,0,0
14870,4,0,0,0,0
14871,2,0,0,0,0
14872,19,3,1,1,1
14873,0,0,0,0,0
14874,0,0,0,0,0
14875,0,0,0,0,0
14876,1,0,0,0,0
14877,0,0,0,0,0
14878,0,0,0,0,0
14879,0,0,0,0,0
14880,3,0,0,0,0
14881,15,0,0,0,0
14882,32,3,1,0,0
14883,0,0,0,0,0
14884,8,1,0,0,0
14885,42,20,2,6,5
14886,6,0,0,0,0
14887,0,0,0,0,0
14888,0,0,0,0,0
14889,15,11,9,6,3
14890,15,32,9,5,2
14891,0,1,1,0,0
14892,5,35,9,5,5
14893,7,0,0,1,1
14894,28,1,1,0,0
14895,0,0,0,0,0
14896,65,23,11,12,12
14897,31,22,25,21,14
14898,0,0,0,0,0
14899,0,0,0,0,0
14900,0,0,0,0,0
14901,1,0,0,0,0
14902,4,0,0,0,0
14903,2,0,0,0,0
14904,15,0,0,0,0
14905,1,18,8,7,5
14906,30,68,36,20,24
14907,25,27,7,5,2
14908,2,0,0,0,0
14909,103,56,56,40,34
14910,40,44,35,26,23
14911,0,0,0,0,0
14912,0,0,0,0,0
14913,0,0,0,0,0
14914,0,0,0,0,0
14915,3,2,1,1,1
14916,51,18,19,15,13
14917,33,0,0,0,0
14918,0,0,0,0,0
14919,0,0,0,0,0
14920,0,0,0,0,0
14921,1,0,0,0,0
14922,0,0,0,0,0
14923,42,0,0,0,0
14924,1,9,1,0,1
14925,0,0,0,0,0
14926,0,0,0,0,0
14927,5,9,4,3,1
14928,2,0,0,0,0
14929,0,0,0,0,0
14930,0,0,0,0,0
14931,0,0,0,0,0
14932,0,0,0,0,0
14933,2,0,0,0,0
14934,16,0,0,0,0
14935,3,0,0,0,0
14936,0,0,0,0,0
14937,2,0,0,0,0
14938,0,1,0,0,0
14939,0,0,0,0,0
14940,45,3,2,2,1
14941,6,0,0,0,0
14942,19,0,2,1,1
14943,1,0,0,0,0
14944,0,0,0,0,0
14945,14,0,0,0,0
14946,2,0,0,0,0
14947,0,0,0,0,0
14948,3,2,0,0,0
14949,97,6,7,8,7
14950,0,0,0,0,0
14951,13,3,5,5,4
14952,1,2,0,0,1
14953,232,98,38,48,49
14954,0,0,0,0,0
14955,0,0,0,0,0
14956,28,1,0,0,0
14957,18,0,0,0,0
14958,17,1,0,0,0
14959,2,0,0,0,0
14960,21,1,1,1,1
14961,0,0,0,0,0
14962,2,0,0,0,0
14963,3,1,1,0,0
14964,0,0,0,0,0
14965,47,86,119,78,69
14966,60,0,2,0,0
14967,4,3,3,2,2
14968,1,0,0,0,0
14969,0,0,0,0,0
14970,6,4,2,1,2
14971,3,1,0,0,0
14972,111,95,23,15,13
14973,2,0,0,0,0
14974,0,0,0,0,0
14975,14,71,19,14,13
14976,37,0,0,0,0
14977,0,0,0,0,0
14978,0,0,0,0,0
14979,50,10,15,13,12
14980,18,10,1,0,0
14981,3,0,0,0,0
14982,44,18,8,8,7
14983,47,1,1,0,1
14984,13,0,1,0,0
14985,2,0,0,0,0
14986,47,3,0,0,0
14987,0,0,0,0,0
14988,0,0,0,0,0
14989,87,21,9,6,6
14990,23,0,0,0,0
14991,0,0,0,0,0
14992,46,6,4,2,2
14993,2,1,0,0,0
14994,0,0,0,0,0
14995,0,0,0,0,0
14996,0,0,0,0,0
14997,3,0,0,0,0
14998,29,2,2,0,0
14999,16,0,0,0,0
15000,27,3,0,0,0
15001,6,1,0,0,0
15002,1,0,0,0,0
15003,1,0,0,0,0
15004,0,0,0,0,0
15005,0,0,0,0,0
15006,10,0,0,0,0
15007,0,0,0,0,0
15008,4,0,0,0,0
15009,6,0,0,0,0
15010,4,2,0,0,0
15011,14,0,0,0,0
15012,0,0,0,0,0
15013,1,0,0,0,0
15014,22,10,7,5,3
15015,13,6,0,0,0
15016,6,2,2,2,2
15017,1,0,0,0,0
15018,4,3,1,0,0
15019,1,0,0,0,0
15020,0,0,0,0,0
15021,1,2,0,0,0
15022,0,0,0,0,0
15023,19,0,3,2,2
15024,0,0,0,0,0
15025,3,0,0,0,0
15026,30,8,4,0,0
15027,228,3,5,6,4
15028,3,1,0,0,0
15029,118,4,0,0,0
15030,1,0,0,0,0
15031,52,1,0,0,0
15032,2,1,0,1,1
15033,13,0,0,0,0
15034,4,8,11,7,6
15035,1,0,0,0,0
15036,0,0,0,0,0
15037,29,21,4,0,0
15038,9,52,21,31,27
15039,0,0,0,0,0
15040,2,0,0,0,0
15041,2,0,0,0,0
15042,55,22,7,1,1
15043,0,0,0,0,0
15044,0,0,0,0,0
15045,0,0,0,0,0
15046,17,0,0,0,0
15047,15,0,0,0,0
15048,5,0,0,0,0
15049,0,0,0,0,0
15050,12,0,0,0,1
15051,2,0,0,0,0
15052,38,49,1,0,0
15053,5,0,0,0,0
15054,1,0,0,0,0
15055,18,0,0,0,0
15056,0,0,0,0,0
15057,8,0,0,0,0
15058,0,0,0,0,0
15059,0,0,0,0,0
15060,0,0,0,0,0
15061,9,31,21,13,10
15062,0,0,0,0,0
15063,7,0,0,0,0
15064,9,0,0,0,0
15065,0,1,0,0,0
15066,2,0,0,0,0
15067,0,0,0,0,0
15068,0,0,0,0,0
15069,1,0,0,0,0
15070,0,0,0,0,0
15071,130,126,73,80,78
15072,24,16,3,2,2
15073,7,0,0,0,0
15074,11,0,0,0,0
15075,17,0,0,0,0
15076,20,32,5,9,5
15077,0,0,0,0,0
15078,6,0,0,0,0
15079,2,0,0,0,0
15080,2,0,0,0,0
15081,44,1,0,5,5
15082,0,0,0,0,0
15083,0,0,0,0,0
15084,6,19,1,1,1
15085,0,0,0,0,0
15086,8,0,0,0,0
15087,1,3,1,2,2
15088,0,0,0,0,0
15089,2,12,1,0,0
15090,0,2,0,0,0
15091,2,0,0,0,0
15092,1,0,0,0,0
15093,6,1,31,26,28
15094,2,0,0,0,1
15095,12,2,3,3,3
15096,1,0,0,0,0
15097,0,0,0,0,0
15098,2,0,2,2,2
15099,1,0,0,0,0
15100,3,0,0,0,0
15101,5,0,0,0,0
15102,12,1,0,0,0
15103,0,0,0,0,0
15104,0,0,0,0,0
15105,8,0,1,2,1
15106,0,0,0,0,0
15107,0,0,0,0,0
15108,8,0,0,0,0
15109,2,0,0,0,0
15110,0,0,0,0,0
15111,37,21,1,2,1
15112,0,0,0,0,0
15113,5,14,8,0,0
15114,32,7,5,4,4
15115,9,4,7,6,6
15116,9,1,0,0,0
15117,5,2,0,0,0
15118,20,9,4,1,2
15119,0,0,0,0,0
15120,24,2,2,2,2
15121,1,1,0,0,0
15122,33,51,22,13,10
15123,7,4,1,1,1
15124,2,4,0,0,0
15125,0,0,0,0,0
15126,0,0,0,0,0
15127,8,0,0,0,0
15128,18,0,0,0,0
15129,1,0,0,0,0
15130,91,1,0,0,0
15131,2,0,0,0,0
15132,1,12,4,0,0
15133,113,149,49,59,65
15134,0,0,0,0,0
15135,226,154,141,102,106
15136,0,0,0,0,0
15137,5,0,0,0,0
15138,0,0,0,0,0
15139,8,0,0,0,0
15140,1,0,1,2,1
15141,3,0,0,0,0
15142,109,13,13,8,10
15143,1,0,1,1,1
15144,1,0,0,0,0
15145,7,0,0,0,0
15146,0,0,0,0,0
15147,0,1,0,1,1
15148,9,0,0,0,0
15149,0,0,0,0,0
15150,23,0,0,0,0
15151,7,9,3,3,3
15152,129,15,9,10,14
15153,60,3,1,1,1
15154,0,0,0,0,0
15155,29,6,0,1,1
15156,15,0,0,0,0
15157,2,0,0,0,0
15158,0,0,0,0,0
15159,24,1,0,0,0
15160,0,0,0,0,0
15161,0,0,0,0,0
15162,25,2,0,0,0
15163,9,0,0,0,0
15164,13,1,3,5,3
15165,12,0,1,1,1
15166,2,0,0,0,0
15167,0,0,0,0,0
15168,4,0,0,0,0
15169,4,2,0,0,0
15170,2,1,1,1,0
15171,24,0,0,0,0
15172,0,0,0,0,0
15173,0,0,0,0,0
15174,3,2,4,3,3
15175,12,0,0,0,0
15176,0,0,0,0,0
15177,0,0,0,0,0
15178,2,1,0,1,2
15179,20,1,16,21,18
15180,4,0,0,0,0
15181,0,0,0,0,0
15182,2,0,0,0,0
15183,125,82,73,105,102
15184,0,0,0,0,0
15185,0,0,0,0,0
15186,267,17,2,8,6
15187,0,0,0,0,0
15188,11,0,0,0,0
15189,4,0,0,0,0
15190,8,0,0,0,0
15191,0,0,0,0,0
15192,3,2,1,1,1
15193,1,0,0,0,0
15194,0,0,0,0,0
15195,0,0,0,0,0
15196,25,11,4,3,2
15197,9,1,0,0,0
15198,0,0,0,0,0
15199,7,2,1,1,1
15200,0,0,0,0,0
15201,2,0,0,0,0
15202,0,0,0,0,0
15203,16,9,12,7,6
15204,12,3,2,2,2
15205,0,0,0,0,0
15206,24,2,1,0,0
15207,0,0,0,0,0
15208,0,0,0,0,0
15209,9,0,0,0,0
15210,1,0,0,0,0
15211,13,0,0,0,0
15212,0,0,0,0,0
15213,13,0,0,0,0
15214,0,0,0,0,0
15215,65,94,37,10,9
15216,0,0,0,0,0
15217,0,2,0,0,0
15218,2,0,0,0,0
15219,20,12,3,4,4
15220,13,6,1,1,1
15221,0,0,0,0,0
15222,4,0,0,0,0
15223,0,0,0,0,0
15224,0,0,0,0,0
15225,0,0,0,0,0
15226,1,0,0,0,0
15227,2,26,1,1,1
15228,3,0,0,0,0
15229,0,1,0,0,0
15230,8,1,1,1,1
15231,0,2,0,0,0
15232,0,0,0,0,0
15233,7,5,2,0,0
15234,2,0,0,0,0
15235,0,0,0,0,0
15236,6,2,1,1,1
15237,153,125,18,10,7
15238,0,0,0,0,0
15239,343,174,106,86,90
15240,0,0,0,0,0
15241,6,0,0,0,0
15242,9,0,0,0,0
15243,4,7,9,3,3
15244,4,0,0,0,0
15245,4,0,0,0,0
15246,0,0,0,0,0
15247,10,0,0,0,0
15248,9,6,5,5,4
15249,22,0,1,0,0
15250,0,0,0,0,0
15251,0,0,0,0,0
15252,17,1,0,0,0
15253,2,0,0,0,0
15254,7,42,24,26,21
15255,27,4,1,1,2
15256,23,3,0,0,0
15257,8,1,0,0,0
15258,112,29,7,10,12
15259,54,1,0,0,0
15260,30,6,0,0,0
15261,6,0,0,0,0
15262,2,3,1,1,1
15263,1,0,0,0,0
15264,1,0,0,0,0
15265,0,0,0,0,0
15266,0,0,0,0,0
15267,0,0,0,0,0
15268,0,0,0,0,0
15269,0,0,0,0,0
15270,0,0,0,0,0
15271,23,0,1,0,0
