ids,epoch_19,epoch_39,epoch_79,epoch_99,epoch_100
0,57,74,74,74,57
1,57,74,74,74,57
2,57,74,74,74,57
3,57,74,74,74,57
4,57,74,74,74,57
5,57,74,74,74,57
6,57,74,74,74,57
7,57,74,74,74,57
8,57,74,74,74,57
9,57,74,74,74,57
10,57,74,74,74,57
11,57,74,74,74,57
12,57,74,74,74,57
13,57,74,74,74,57
14,57,74,74,74,57
15,57,74,74,74,57
16,57,74,74,74,57
17,57,74,74,74,57
18,57,74,74,74,57
19,57,74,74,74,57
20,57,74,74,74,57
21,57,74,74,74,57
22,57,74,74,74,57
23,57,74,74,74,57
24,57,74,74,74,57
25,57,74,74,74,57
26,57,74,74,74,57
27,57,74,74,74,57
28,57,74,74,74,57
29,57,74,74,74,57
30,57,74,74,74,57
31,57,74,74,74,57
32,57,74,74,74,57
33,57,74,74,74,57
34,57,74,74,74,57
35,57,74,74,74,57
36,57,74,74,74,57
37,57,74,74,74,57
38,57,74,74,74,57
39,57,74,74,74,57
40,57,74,74,74,57
41,57,74,74,74,57
42,57,74,74,74,57
43,57,74,74,74,57
44,57,74,74,74,57
45,57,74,74,74,57
46,57,74,74,74,57
47,57,74,74,74,57
48,57,74,74,74,57
49,57,74,74,74,57
50,57,74,74,74,57
51,57,74,74,74,57
52,57,74,74,74,57
53,57,74,74,74,57
54,57,74,74,74,57
55,57,74,74,74,57
56,57,74,74,74,57
57,57,74,74,74,57
58,57,74,74,74,57
59,57,74,74,74,57
60,57,74,74,74,57
61,57,74,74,74,57
62,57,74,74,74,57
63,57,74,74,74,57
64,57,74,74,74,57
65,57,74,74,74,57
66,57,74,74,74,57
67,57,74,74,74,57
68,57,74,74,74,57
69,57,74,74,74,57
70,57,74,74,74,57
71,57,74,74,74,57
72,57,74,74,74,57
73,57,74,74,74,57
74,57,74,74,74,57
75,57,74,74,74,57
76,57,74,74,74,57
77,57,74,74,74,57
78,57,74,74,74,57
79,57,74,74,74,57
80,57,74,74,74,57
81,57,74,74,74,57
82,57,74,74,74,57
83,57,74,74,74,57
84,57,74,74,74,57
85,57,74,74,74,57
86,57,74,74,74,57
87,57,74,74,74,57
88,57,74,74,74,57
89,57,74,74,74,57
90,57,74,74,74,57
91,57,74,74,74,57
92,57,74,74,74,57
93,57,74,74,74,57
94,57,74,74,74,57
95,57,74,74,74,57
96,57,74,74,74,57
97,57,74,74,74,57
98,57,74,74,74,57
99,57,74,74,74,57
100,57,74,74,74,57
101,57,74,74,74,57
102,57,74,74,74,57
103,57,74,74,74,57
104,57,74,74,74,57
105,57,74,74,74,57
106,57,74,74,74,57
107,57,74,74,74,57
108,57,74,74,74,57
109,57,74,74,74,57
110,57,74,74,74,57
111,57,74,74,74,57
112,57,74,74,74,57
113,57,74,74,74,57
114,57,74,74,74,57
115,57,74,74,74,57
116,57,74,74,74,57
117,57,74,74,74,57
118,57,74,74,74,57
119,57,74,74,74,57
120,57,74,74,74,57
121,57,74,74,74,57
122,57,74,74,74,57
123,57,74,74,74,57
124,57,74,74,74,57
125,57,74,74,74,57
126,57,74,74,74,57
127,57,74,74,74,57
128,57,74,74,74,57
129,57,74,74,74,57
130,57,74,74,74,57
131,57,74,74,74,57
132,57,74,74,74,57
133,57,74,74,74,57
134,57,74,74,74,57
135,57,74,74,74,57
136,57,74,74,74,57
137,57,74,74,74,57
138,57,74,74,74,57
139,57,74,74,74,57
140,57,74,74,74,57
141,57,74,74,74,57
142,57,74,74,74,57
143,57,74,74,74,57
144,57,74,74,74,57
145,57,74,74,74,57
146,57,74,74,74,57
147,57,74,74,74,57
148,57,74,74,74,57
149,57,74,74,74,57
150,57,74,74,74,57
151,57,74,74,74,57
152,57,74,74,74,57
153,57,74,74,74,57
154,57,74,74,74,57
155,57,74,74,74,57
156,57,74,74,74,57
157,57,74,74,74,57
158,57,74,74,74,57
159,57,74,74,74,57
160,57,74,74,74,57
161,57,74,74,74,57
162,57,74,74,74,57
163,57,74,74,74,57
164,57,74,74,74,57
165,57,74,74,74,57
166,57,74,74,74,57
167,57,74,74,74,57
168,57,74,74,74,57
169,57,74,74,74,57
170,57,74,74,74,57
171,57,74,74,74,57
172,57,74,74,74,57
173,57,74,74,74,57
174,57,74,74,74,57
175,57,74,74,74,57
176,57,74,74,74,57
177,57,74,74,74,57
178,57,74,74,74,57
179,57,74,74,74,57
180,57,74,74,74,57
181,57,74,74,74,57
182,57,74,74,74,57
183,57,74,74,74,57
184,57,74,74,74,57
185,57,74,74,74,57
186,57,74,74,74,57
187,57,74,74,74,57
188,57,74,74,74,57
189,57,74,74,74,57
190,57,74,74,74,57
191,57,74,74,74,57
192,57,74,74,74,57
193,57,74,74,74,57
194,57,74,74,74,57
195,57,74,74,74,57
196,57,74,74,74,57
197,57,74,74,74,57
198,57,74,74,74,57
199,57,74,74,74,57
200,57,74,74,74,57
201,57,74,74,74,57
202,57,74,74,74,57
203,57,74,74,74,57
204,57,74,74,74,57
205,57,74,74,74,57
206,57,74,74,74,57
207,57,74,74,74,57
208,57,74,74,74,57
209,57,74,74,74,57
210,57,74,74,74,57
211,57,74,74,74,57
212,57,74,74,74,57
213,57,74,74,74,57
214,57,74,74,74,57
215,57,74,74,74,57
216,57,74,74,74,57
217,57,74,74,74,57
218,57,74,74,74,57
219,57,74,74,74,57
220,57,74,74,74,57
221,57,74,74,74,57
222,57,74,74,74,57
223,57,74,74,74,57
224,57,74,74,74,57
225,57,74,74,74,57
226,57,74,74,74,57
227,57,74,74,74,57
228,57,74,74,74,57
229,57,74,74,74,57
230,57,74,74,74,57
231,57,74,74,74,57
232,57,74,74,74,57
233,57,74,74,74,57
234,57,74,74,74,57
235,57,74,74,74,57
236,57,74,74,74,57
237,57,74,74,74,57
238,57,74,74,74,57
239,57,74,74,74,57
240,57,74,74,74,57
241,57,74,74,74,57
242,57,74,74,74,57
243,57,74,74,74,57
244,57,74,74,74,57
245,57,74,74,74,57
246,57,74,74,74,57
247,57,74,74,74,57
248,57,74,74,74,57
249,57,74,74,74,57
250,57,74,74,74,57
251,57,74,74,74,57
252,57,74,74,74,57
253,57,74,74,74,57
254,57,74,74,74,57
255,57,74,74,74,57
256,57,74,74,74,57
257,57,74,74,74,57
258,57,74,74,74,57
259,57,74,74,74,57
260,57,74,74,74,57
261,57,74,74,74,57
262,57,74,74,74,57
263,57,74,74,74,57
264,57,74,74,74,57
265,57,74,74,74,57
266,57,74,74,74,57
267,57,74,74,74,57
268,57,74,74,74,57
269,57,74,74,74,57
270,57,74,74,74,57
271,57,74,74,74,57
272,57,74,74,74,57
273,57,74,74,74,57
274,57,74,74,74,57
275,57,74,74,74,57
276,57,74,74,74,57
277,57,74,74,74,57
278,57,74,74,74,57
279,57,74,74,74,57
280,57,74,74,74,57
281,57,74,74,74,57
282,57,74,74,74,57
283,57,74,74,74,57
284,57,74,74,74,57
285,57,74,74,74,57
286,57,74,74,74,57
287,57,74,74,74,57
288,57,74,74,74,57
289,57,74,74,74,57
290,57,74,74,74,57
291,57,74,74,74,57
292,57,74,74,74,57
293,57,74,74,74,57
294,57,74,74,74,57
295,57,74,74,74,57
296,57,74,74,74,57
297,57,74,74,74,57
298,57,74,74,74,57
299,57,74,74,74,57
300,57,74,74,74,57
301,57,74,74,74,57
302,57,74,74,74,57
303,57,74,74,74,57
304,57,74,74,74,57
305,57,74,74,74,57
306,57,74,74,74,57
307,57,74,74,74,57
308,57,74,74,74,57
309,57,74,74,74,57
310,57,74,74,74,57
311,57,74,74,74,57
312,57,74,74,74,57
313,57,74,74,74,57
314,57,74,74,74,57
315,57,74,74,74,57
316,57,74,74,74,57
317,57,74,74,74,57
318,57,74,74,74,57
319,57,74,74,74,57
320,57,74,74,74,57
321,57,74,74,74,57
322,57,74,74,74,57
323,57,74,74,74,57
324,57,74,74,74,57
325,57,74,74,74,57
326,57,74,74,74,57
327,57,74,74,74,57
328,57,74,74,74,57
329,57,74,74,74,57
330,57,74,74,74,57
331,57,74,74,74,57
332,57,74,74,74,57
333,57,74,74,74,57
334,57,74,74,74,57
335,57,74,74,74,57
336,57,74,74,74,57
337,57,74,74,74,57
338,57,74,74,74,57
339,57,74,74,74,57
340,57,74,74,74,57
341,57,74,74,74,57
342,57,74,74,74,57
343,57,74,74,74,57
344,57,74,74,74,57
345,57,74,74,74,57
346,57,74,74,74,57
347,57,74,74,74,57
348,57,74,74,74,57
349,57,74,74,74,57
350,57,74,74,74,57
351,57,74,74,74,57
352,57,74,74,74,57
353,57,74,74,74,57
354,57,74,74,74,57
355,57,74,74,74,57
356,57,74,74,74,57
357,57,74,74,74,57
358,57,74,74,74,57
359,57,74,74,74,57
360,57,74,74,74,57
361,57,74,74,74,57
362,57,74,74,74,57
363,57,74,74,74,57
364,57,74,74,74,57
365,57,74,74,74,57
366,57,74,74,74,57
367,57,74,74,74,57
368,57,74,74,74,57
369,57,74,74,74,57
370,57,74,74,74,57
371,57,74,74,74,57
372,57,74,74,74,57
373,57,74,74,74,57
374,57,74,74,74,57
375,57,74,74,74,57
376,57,74,74,74,57
377,57,74,74,74,57
378,57,74,74,74,57
379,57,74,74,74,57
380,57,74,74,74,57
381,57,74,74,74,57
382,57,74,74,74,57
383,57,74,74,74,57
384,57,74,74,74,57
385,57,74,74,74,57
386,57,74,74,74,57
387,57,74,74,74,57
388,57,74,74,74,57
389,57,74,74,74,57
390,57,74,74,74,57
391,57,74,74,74,57
392,57,74,74,74,57
393,57,74,74,74,57
394,57,74,74,74,57
395,57,74,74,74,57
396,57,74,74,74,57
397,57,74,74,74,57
398,57,74,74,74,57
399,57,74,74,74,57
400,57,74,74,74,57
401,57,74,74,74,57
402,57,74,74,74,57
403,57,74,74,74,57
404,57,74,74,74,57
405,57,74,74,74,57
406,57,74,74,74,57
407,57,74,74,74,57
408,57,74,74,74,57
409,57,74,74,74,57
410,57,74,74,74,57
411,57,74,74,74,57
412,57,74,74,74,57
413,57,74,74,74,57
414,57,74,74,74,57
415,57,74,74,74,57
416,57,74,74,74,57
417,57,74,74,74,57
418,57,74,74,74,57
419,57,74,74,74,57
420,57,74,74,74,57
421,57,74,74,74,57
422,57,74,74,74,57
423,57,74,74,74,57
424,57,74,74,74,57
425,57,74,74,74,57
426,57,74,74,74,57
427,57,74,74,74,57
428,57,74,74,74,57
429,57,74,74,74,57
430,57,74,74,74,57
431,57,74,74,74,57
432,57,74,74,74,57
433,57,74,74,74,57
434,57,74,74,74,57
435,57,74,74,74,57
436,57,74,74,74,57
437,57,74,74,74,57
438,57,74,74,74,57
439,57,74,74,74,57
440,57,74,74,74,57
441,57,74,74,74,57
442,57,74,74,74,57
443,57,74,74,74,57
444,57,74,74,74,57
445,57,74,74,74,57
446,57,74,74,74,57
447,57,74,74,74,57
448,57,74,74,74,57
449,57,74,74,74,57
450,57,74,74,74,57
451,57,74,74,74,57
452,57,74,74,74,57
453,57,74,74,74,57
454,57,74,74,74,57
455,57,74,74,74,57
456,57,74,74,74,57
457,57,74,74,74,57
458,57,74,74,74,57
459,57,74,74,74,57
460,57,74,74,74,57
461,57,74,74,74,57
462,57,74,74,74,57
463,57,74,74,74,57
464,57,74,74,74,57
465,57,74,74,74,57
466,57,74,74,74,57
467,57,74,74,74,57
468,57,74,74,74,57
469,57,74,74,74,57
470,57,74,74,74,57
471,57,74,74,74,57
472,57,74,74,74,57
473,57,74,74,74,57
474,57,74,74,74,57
475,57,74,74,74,57
476,57,74,74,74,57
477,57,74,74,74,57
478,57,74,74,74,57
479,57,74,74,74,57
480,57,74,74,74,57
481,57,74,74,74,57
482,57,74,74,74,57
483,57,74,74,74,57
484,57,74,74,74,57
485,57,74,74,74,57
486,57,74,74,74,57
487,57,74,74,74,57
488,57,74,74,74,57
489,57,74,74,74,57
490,57,74,74,74,57
491,57,74,74,74,57
492,57,74,74,74,57
493,57,74,74,74,57
494,57,74,74,74,57
495,57,74,74,74,57
496,57,74,74,74,57
497,57,74,74,74,57
498,57,74,74,74,57
499,57,74,74,74,57
500,57,74,74,74,57
501,57,74,74,74,57
502,57,74,74,74,57
503,57,74,74,74,57
504,57,74,74,74,57
505,57,74,74,74,57
506,57,74,74,74,57
507,57,74,74,74,57
508,57,74,74,74,57
509,57,74,74,74,57
510,57,74,74,74,57
511,57,74,74,74,57
512,57,74,74,74,57
513,57,74,74,74,57
514,57,74,74,74,57
515,57,74,74,74,57
516,57,74,74,74,57
517,57,74,74,74,57
518,57,74,74,74,57
519,57,74,74,74,57
520,57,74,74,74,57
521,57,74,74,74,57
522,57,74,74,74,57
523,57,74,74,74,57
524,57,74,74,74,57
525,57,74,74,74,57
526,57,74,74,74,57
527,57,74,74,74,57
528,57,74,74,74,57
529,57,74,74,74,57
530,57,74,74,74,57
531,57,74,74,74,57
532,57,74,74,74,57
533,57,74,74,74,57
534,57,74,74,74,57
535,57,74,74,74,57
536,57,74,74,74,57
537,57,74,74,74,57
538,57,74,74,74,57
539,57,74,74,74,57
540,57,74,74,74,57
541,57,74,74,74,57
542,57,74,74,74,57
543,57,74,74,74,57
544,57,74,74,74,57
545,57,74,74,74,57
546,57,74,74,74,57
547,57,74,74,74,57
548,57,74,74,74,57
549,57,74,74,74,57
550,57,74,74,74,57
551,57,74,74,74,57
552,57,74,74,74,57
553,57,74,74,74,57
554,57,74,74,74,57
555,57,74,74,74,57
556,57,74,74,74,57
557,57,74,74,74,57
558,57,74,74,74,57
559,57,74,74,74,57
560,57,74,74,74,57
561,57,74,74,74,57
562,57,74,74,74,57
563,57,74,74,74,57
564,57,74,74,74,57
565,57,74,74,74,57
566,57,74,74,74,57
567,57,74,74,74,57
568,57,74,74,74,57
569,57,74,74,74,57
570,57,74,74,74,57
571,57,74,74,74,57
572,57,74,74,74,57
573,57,74,74,74,57
574,57,74,74,74,57
575,57,74,74,74,57
576,57,74,74,74,57
577,57,74,74,74,57
578,57,74,74,74,57
579,57,74,74,74,57
580,57,74,74,74,57
581,57,74,74,74,57
582,57,74,74,74,57
583,57,74,74,74,57
584,57,74,74,74,57
585,57,74,74,74,57
586,57,74,74,74,57
587,57,74,74,74,57
588,57,74,74,74,57
589,57,74,74,74,57
590,57,74,74,74,57
591,57,74,74,74,57
592,57,74,74,74,57
593,57,74,74,74,57
594,57,74,74,74,57
595,57,74,74,74,57
596,57,74,74,74,57
597,57,74,74,74,57
598,57,74,74,74,57
599,57,74,74,74,57
600,57,74,74,74,57
601,57,74,74,74,57
602,57,74,74,74,57
603,57,74,74,74,57
604,57,74,74,74,57
605,57,74,74,74,57
606,57,74,74,74,57
607,57,74,74,74,57
608,57,74,74,74,57
609,57,74,74,74,57
610,57,74,74,74,57
611,57,74,74,74,57
612,57,74,74,74,57
613,57,74,74,74,57
614,57,74,74,74,57
615,57,74,74,74,57
616,57,74,74,74,57
617,57,74,74,74,57
618,57,74,74,74,57
619,57,74,74,74,57
620,57,74,74,74,57
621,57,74,74,74,57
622,57,74,74,74,57
623,57,74,74,74,57
624,57,74,74,74,57
625,57,74,74,74,57
626,57,74,74,74,57
627,57,74,74,74,57
628,57,74,74,74,57
629,57,74,74,74,57
630,57,74,74,74,57
631,57,74,74,74,57
632,57,74,74,74,57
633,57,74,74,74,57
634,57,74,74,74,57
635,57,74,74,74,57
636,57,74,74,74,57
637,57,74,74,74,57
638,57,74,74,74,57
639,57,74,74,74,57
640,57,74,74,74,57
641,57,74,74,74,57
642,57,74,74,74,57
643,57,74,74,74,57
644,57,74,74,74,57
645,57,74,74,74,57
646,57,74,74,74,57
647,57,74,74,74,57
648,57,74,74,74,57
649,57,74,74,74,57
650,57,74,74,74,57
651,57,74,74,74,57
652,57,74,74,74,57
653,57,74,74,74,57
654,57,74,74,74,57
655,57,74,74,74,57
656,57,74,74,74,57
657,57,74,74,74,57
658,57,74,74,74,57
659,57,74,74,74,57
660,57,74,74,74,57
661,57,74,74,74,57
662,57,74,74,74,57
663,57,74,74,74,57
664,57,74,74,74,57
665,57,74,74,74,57
666,57,74,74,74,57
667,57,74,74,74,57
668,57,74,74,74,57
669,57,74,74,74,57
670,57,74,74,74,57
671,57,74,74,74,57
672,57,74,74,74,57
673,57,74,74,74,57
674,57,74,74,74,57
675,57,74,74,74,57
676,57,74,74,74,57
677,57,74,74,74,57
678,57,74,74,74,57
679,57,74,74,74,57
680,57,74,74,74,57
681,57,74,74,74,57
682,57,74,74,74,57
683,57,74,74,74,57
684,57,74,74,74,57
685,57,74,74,74,57
686,57,74,74,74,57
687,57,74,74,74,57
688,57,74,74,74,57
689,57,74,74,74,57
690,57,74,74,74,57
691,57,74,74,74,57
692,57,74,74,74,57
693,57,74,74,74,57
694,57,74,74,74,57
695,57,74,74,74,57
696,57,74,74,74,57
697,57,74,74,74,57
698,57,74,74,74,57
699,57,74,74,74,57
700,57,74,74,74,57
701,57,74,74,74,57
702,57,74,74,74,57
703,57,74,74,74,57
704,57,74,74,74,57
705,57,74,74,74,57
706,57,74,74,74,57
707,57,74,74,74,57
708,57,74,74,74,57
709,57,74,74,74,57
710,57,74,74,74,57
711,57,74,74,74,57
712,57,74,74,74,57
713,57,74,74,74,57
714,57,74,74,74,57
715,57,74,74,74,57
716,57,74,74,74,57
717,57,74,74,74,57
718,57,74,74,74,57
719,57,74,74,74,57
720,57,74,74,74,57
721,57,74,74,74,57
722,57,74,74,74,57
723,57,74,74,74,57
724,57,74,74,74,57
725,57,74,74,74,57
726,57,74,74,74,57
727,57,74,74,74,57
728,57,74,74,74,57
729,57,74,74,74,57
730,57,74,74,74,57
731,57,74,74,74,57
732,57,74,74,74,57
733,57,74,74,74,57
734,57,74,74,74,57
735,57,74,74,74,57
736,57,74,74,74,57
737,57,74,74,74,57
738,57,74,74,74,57
739,57,74,74,74,57
740,57,74,74,74,57
741,57,74,74,74,57
742,57,74,74,74,57
743,57,74,74,74,57
744,57,74,74,74,57
745,57,74,74,74,57
746,57,74,74,74,57
747,57,74,74,74,57
748,57,74,74,74,57
749,57,74,74,74,57
750,57,74,74,74,57
751,57,74,74,74,57
752,57,74,74,74,57
753,57,74,74,74,57
754,57,74,74,74,57
755,57,74,74,74,57
756,57,74,74,74,57
757,57,74,74,74,57
758,57,74,74,74,57
759,57,74,74,74,57
760,57,74,74,74,57
761,57,74,74,74,57
762,57,74,74,74,57
763,57,74,74,74,57
764,57,74,74,74,57
765,57,74,74,74,57
766,57,74,74,74,57
767,57,74,74,74,57
768,57,74,74,74,57
769,57,74,74,74,57
770,57,74,74,74,57
771,57,74,74,74,57
772,57,74,74,74,57
773,57,74,74,74,57
774,57,74,74,74,57
775,57,74,74,74,57
776,57,74,74,74,57
777,57,74,74,74,57
778,57,74,74,74,57
779,57,74,74,74,57
780,57,74,74,74,57
781,57,74,74,74,57
782,57,74,74,74,57
783,57,74,74,74,57
784,57,74,74,74,57
785,57,74,74,74,57
786,57,74,74,74,57
787,57,74,74,74,57
788,57,74,74,74,57
789,57,74,74,74,57
790,57,74,74,74,57
791,57,74,74,74,57
792,57,74,74,74,57
793,57,74,74,74,57
794,57,74,74,74,57
795,57,74,74,74,57
796,57,74,74,74,57
797,57,74,74,74,57
798,57,74,74,74,57
799,57,74,74,74,57
800,57,74,74,74,57
801,57,74,74,74,57
802,57,74,74,74,57
803,57,74,74,74,57
804,57,74,74,74,57
805,57,74,74,74,57
806,57,74,74,74,57
807,57,74,74,74,57
808,57,74,74,74,57
809,57,74,74,74,57
810,57,74,74,74,57
811,57,74,74,74,57
812,57,74,74,74,57
813,57,74,74,74,57
814,57,74,74,74,57
815,57,74,74,74,57
816,57,74,74,74,57
817,57,74,74,74,57
818,57,74,74,74,57
819,57,74,74,74,57
820,57,74,74,74,57
821,57,74,74,74,57
822,57,74,74,74,57
823,57,74,74,74,57
824,57,74,74,74,57
825,57,74,74,74,57
826,57,74,74,74,57
827,57,74,74,74,57
828,57,74,74,74,57
829,57,74,74,74,57
830,57,74,74,74,57
831,57,74,74,74,57
832,57,74,74,74,57
833,57,74,74,74,57
834,57,74,74,74,57
835,57,74,74,74,57
836,57,74,74,74,57
837,57,74,74,74,57
838,57,74,74,74,57
839,57,74,74,74,57
840,57,74,74,74,57
841,57,74,74,74,57
842,57,74,74,74,57
843,57,74,74,74,57
844,57,74,74,74,57
845,57,74,74,74,57
846,57,74,74,74,57
847,57,74,74,74,57
848,57,74,74,74,57
849,57,74,74,74,57
850,57,74,74,74,57
851,57,74,74,74,57
852,57,74,74,74,57
853,57,74,74,74,57
854,57,74,74,74,57
855,57,74,74,74,57
856,57,74,74,74,57
857,57,74,74,74,57
858,57,74,74,74,57
859,57,74,74,74,57
860,57,74,74,74,57
861,57,74,74,74,57
862,57,74,74,74,57
863,57,74,74,74,57
864,57,74,74,74,57
865,57,74,74,74,57
866,57,74,74,74,57
867,57,74,74,74,57
868,57,74,74,74,57
869,57,74,74,74,57
870,57,74,74,74,57
871,57,74,74,74,57
872,57,74,74,74,57
873,57,74,74,74,57
874,57,74,74,74,57
875,57,74,74,74,57
876,57,74,74,74,57
877,57,74,74,74,57
878,57,74,74,74,57
879,57,74,74,74,57
880,57,74,74,74,57
881,57,74,74,74,57
882,57,74,74,74,57
883,57,74,74,74,57
884,57,74,74,74,57
885,57,74,74,74,57
886,57,74,74,74,57
887,57,74,74,74,57
888,57,74,74,74,57
889,57,74,74,74,57
890,57,74,74,74,57
891,57,74,74,74,57
892,57,74,74,74,57
893,57,74,74,74,57
894,57,74,74,74,57
895,57,74,74,74,57
896,57,74,74,74,57
897,57,74,74,74,57
898,57,74,74,74,57
899,57,74,74,74,57
900,57,74,74,74,57
901,57,74,74,74,57
902,57,74,74,74,57
903,57,74,74,74,57
904,57,74,74,74,57
905,57,74,74,74,57
906,57,74,74,74,57
907,57,74,74,74,57
908,57,74,74,74,57
909,57,74,74,74,57
910,57,74,74,74,57
911,57,74,74,74,57
912,57,74,74,74,57
913,57,74,74,74,57
914,57,74,74,74,57
915,57,74,74,74,57
916,57,74,74,74,57
917,57,74,74,74,57
918,57,74,74,74,57
919,57,74,74,74,57
920,57,74,74,74,57
921,57,74,74,74,57
922,57,74,74,74,57
923,57,74,74,74,57
924,57,74,74,74,57
925,57,74,74,74,57
926,57,74,74,74,57
927,57,74,74,74,57
928,57,74,74,74,57
929,57,74,74,74,57
930,57,74,74,74,57
931,57,74,74,74,57
932,57,74,74,74,57
933,57,74,74,74,57
934,57,74,74,74,57
935,57,74,74,74,57
936,57,74,74,74,57
937,57,74,74,74,57
938,57,74,74,74,57
939,57,74,74,74,57
940,57,74,74,74,57
941,57,74,74,74,57
942,57,74,74,74,57
943,57,74,74,74,57
944,57,74,74,74,57
945,57,74,74,74,57
946,57,74,74,74,57
947,57,74,74,74,57
948,57,74,74,74,57
949,57,74,74,74,57
950,57,74,74,74,57
951,57,74,74,74,57
952,57,74,74,74,57
953,57,74,74,74,57
954,57,74,74,74,57
955,57,74,74,74,57
956,57,74,74,74,57
957,57,74,74,74,57
958,57,74,74,74,57
959,57,74,74,74,57
960,57,74,74,74,57
961,57,74,74,74,57
962,57,74,74,74,57
963,57,74,74,74,57
964,57,74,74,74,57
965,57,74,74,74,57
966,57,74,74,74,57
967,57,74,74,74,57
968,57,74,74,74,57
969,57,74,74,74,57
970,57,74,74,74,57
971,57,74,74,74,57
972,57,74,74,74,57
973,57,74,74,74,57
974,57,74,74,74,57
975,57,74,74,74,57
976,57,74,74,74,57
977,57,74,74,74,57
978,57,74,74,74,57
979,57,74,74,74,57
980,57,74,74,74,57
981,57,74,74,74,57
982,57,74,74,74,57
983,57,74,74,74,57
984,57,74,74,74,57
985,57,74,74,74,57
986,57,74,74,74,57
987,57,74,74,74,57
988,57,74,74,74,57
989,57,74,74,74,57
990,57,74,74,74,57
991,57,74,74,74,57
992,57,74,74,74,57
993,57,74,74,74,57
994,57,74,74,74,57
995,57,74,74,74,57
996,57,74,74,74,57
997,57,74,74,74,57
998,57,74,74,74,57
999,57,74,74,74,57
1000,57,74,74,74,57
1001,57,74,74,74,57
1002,57,74,74,74,57
1003,57,74,74,74,57
1004,57,74,74,74,57
1005,57,74,74,74,57
1006,57,74,74,74,57
1007,57,74,74,74,57
1008,57,74,74,74,57
1009,57,74,74,74,57
1010,57,74,74,74,57
1011,57,74,74,74,57
1012,57,74,74,74,57
1013,57,74,74,74,57
1014,57,74,74,74,57
1015,57,74,74,74,57
1016,57,74,74,74,57
1017,57,74,74,74,57
1018,57,74,74,74,57
1019,57,74,74,74,57
1020,57,74,74,74,57
1021,57,74,74,74,57
1022,57,74,74,74,57
1023,57,74,74,74,57
1024,57,74,74,74,57
1025,57,74,74,74,57
1026,57,74,74,74,57
1027,57,74,74,74,57
1028,57,74,74,74,57
1029,57,74,74,74,57
1030,57,74,74,74,57
1031,57,74,74,74,57
1032,57,74,74,74,57
1033,57,74,74,74,57
1034,57,74,74,74,57
1035,57,74,74,74,57
1036,57,74,74,74,57
1037,57,74,74,74,57
1038,57,74,74,74,57
1039,57,74,74,74,57
1040,57,74,74,74,57
1041,57,74,74,74,57
1042,57,74,74,74,57
1043,57,74,74,74,57
1044,57,74,74,74,57
1045,57,74,74,74,57
1046,57,74,74,74,57
1047,57,74,74,74,57
1048,57,74,74,74,57
1049,57,74,74,74,57
1050,57,74,74,74,57
1051,57,74,74,74,57
1052,57,74,74,74,57
1053,57,74,74,74,57
1054,57,74,74,74,57
1055,57,74,74,74,57
1056,57,74,74,74,57
1057,57,74,74,74,57
1058,57,74,74,74,57
1059,57,74,74,74,57
1060,57,74,74,74,57
1061,57,74,74,74,57
1062,57,74,74,74,57
1063,57,74,74,74,57
1064,57,74,74,74,57
1065,57,74,74,74,57
1066,57,74,74,74,57
1067,57,74,74,74,57
1068,57,74,74,74,57
1069,57,74,74,74,57
1070,57,74,74,74,57
1071,57,74,74,74,57
1072,57,74,74,74,57
1073,57,74,74,74,57
1074,57,74,74,74,57
1075,57,74,74,74,57
1076,57,74,74,74,57
1077,57,74,74,74,57
1078,57,74,74,74,57
1079,57,74,74,74,57
1080,57,74,74,74,57
1081,57,74,74,74,57
1082,57,74,74,74,57
1083,57,74,74,74,57
1084,57,74,74,74,57
1085,57,74,74,74,57
1086,57,74,74,74,57
1087,57,74,74,74,57
1088,57,74,74,74,57
1089,57,74,74,74,57
1090,57,74,74,74,57
1091,57,74,74,74,57
1092,57,74,74,74,57
1093,57,74,74,74,57
1094,57,74,74,74,57
1095,57,74,74,74,57
1096,57,74,74,74,57
1097,57,74,74,74,57
1098,57,74,74,74,57
1099,57,74,74,74,57
1100,57,74,74,74,57
1101,57,74,74,74,57
1102,57,74,74,74,57
1103,57,74,74,74,57
1104,57,74,74,74,57
1105,57,74,74,74,57
1106,57,74,74,74,57
1107,57,74,74,74,57
1108,57,74,74,74,57
1109,57,74,74,74,57
1110,57,74,74,74,57
1111,57,74,74,74,57
1112,57,74,74,74,57
1113,57,74,74,74,57
1114,57,74,74,74,57
1115,57,74,74,74,57
1116,57,74,74,74,57
1117,57,74,74,74,57
1118,57,74,74,74,57
1119,57,74,74,74,57
1120,57,74,74,74,57
1121,57,74,74,74,57
1122,57,74,74,74,57
1123,57,74,74,74,57
1124,57,74,74,74,57
1125,57,74,74,74,57
1126,57,74,74,74,57
1127,57,74,74,74,57
1128,57,74,74,74,57
1129,57,74,74,74,57
1130,57,74,74,74,57
1131,57,74,74,74,57
1132,57,74,74,74,57
1133,57,74,74,74,57
1134,57,74,74,74,57
1135,57,74,74,74,57
1136,57,74,74,74,57
1137,57,74,74,74,57
1138,57,74,74,74,57
1139,57,74,74,74,57
1140,57,74,74,74,57
1141,57,74,74,74,57
1142,57,74,74,74,57
1143,57,74,74,74,57
1144,57,74,74,74,57
1145,57,74,74,74,57
1146,57,74,74,74,57
1147,57,74,74,74,57
1148,57,74,74,74,57
1149,57,74,74,74,57
1150,57,74,74,74,57
1151,57,74,74,74,57
1152,57,74,74,74,57
1153,57,74,74,74,57
1154,57,74,74,74,57
1155,57,74,74,74,57
1156,57,74,74,74,57
1157,57,74,74,74,57
1158,57,74,74,74,57
1159,57,74,74,74,57
1160,57,74,74,74,57
1161,57,74,74,74,57
1162,57,74,74,74,57
1163,57,74,74,74,57
1164,57,74,74,74,57
1165,57,74,74,74,57
1166,57,74,74,74,57
1167,57,74,74,74,57
1168,57,74,74,74,57
1169,57,74,74,74,57
1170,57,74,74,74,57
1171,57,74,74,74,57
1172,57,74,74,74,57
1173,57,74,74,74,57
1174,57,74,74,74,57
1175,57,74,74,74,57
1176,57,74,74,74,57
1177,57,74,74,74,57
1178,57,74,74,74,57
1179,57,74,74,74,57
1180,57,74,74,74,57
1181,57,74,74,74,57
1182,57,74,74,74,57
1183,57,74,74,74,57
1184,57,74,74,74,57
1185,57,74,74,74,57
1186,57,74,74,74,57
1187,57,74,74,74,57
1188,57,74,74,74,57
1189,57,74,74,74,57
1190,57,74,74,74,57
1191,57,74,74,74,57
1192,57,74,74,74,57
1193,57,74,74,74,57
1194,57,74,74,74,57
1195,57,74,74,74,57
1196,57,74,74,74,57
1197,57,74,74,74,57
1198,57,74,74,74,57
1199,57,74,74,74,57
1200,57,74,74,74,57
1201,57,74,74,74,57
1202,57,74,74,74,57
1203,57,74,74,74,57
1204,57,74,74,74,57
1205,57,74,74,74,57
1206,57,74,74,74,57
1207,57,74,74,74,57
1208,57,74,74,74,57
1209,57,74,74,74,57
1210,57,74,74,74,57
1211,57,74,74,74,57
1212,57,74,74,74,57
1213,57,74,74,74,57
1214,57,74,74,74,57
1215,57,74,74,74,57
1216,57,74,74,74,57
1217,57,74,74,74,57
1218,57,74,74,74,57
1219,57,74,74,74,57
1220,57,74,74,74,57
1221,57,74,74,74,57
1222,57,74,74,74,57
1223,57,74,74,74,57
1224,57,74,74,74,57
1225,57,74,74,74,57
1226,57,74,74,74,57
1227,57,74,74,74,57
1228,57,74,74,74,57
1229,57,74,74,74,57
1230,57,74,74,74,57
1231,57,74,74,74,57
1232,57,74,74,74,57
1233,57,74,74,74,57
1234,57,74,74,74,57
1235,57,74,74,74,57
1236,57,74,74,74,57
1237,57,74,74,74,57
1238,57,74,74,74,57
1239,57,74,74,74,57
1240,57,74,74,74,57
1241,57,74,74,74,57
1242,57,74,74,74,57
1243,57,74,74,74,57
1244,57,74,74,74,57
1245,57,74,74,74,57
1246,57,74,74,74,57
1247,57,74,74,74,57
1248,57,74,74,74,57
1249,57,74,74,74,57
1250,57,74,74,74,57
1251,57,74,74,74,57
1252,57,74,74,74,57
1253,57,74,74,74,57
1254,57,74,74,74,57
1255,57,74,74,74,57
1256,57,74,74,74,57
1257,57,74,74,74,57
1258,57,74,74,74,57
1259,57,74,74,74,57
1260,57,74,74,74,57
1261,57,74,74,74,57
1262,57,74,74,74,57
1263,57,74,74,74,57
1264,57,74,74,74,57
1265,57,74,74,74,57
1266,57,74,74,74,57
1267,57,74,74,74,57
1268,57,74,74,74,57
1269,57,74,74,74,57
1270,57,74,74,74,57
1271,57,74,74,74,57
1272,57,74,74,74,57
1273,57,74,74,74,57
1274,57,74,74,74,57
1275,57,74,74,74,57
1276,57,74,74,74,57
1277,57,74,74,74,57
1278,57,74,74,74,57
1279,57,74,74,74,57
1280,57,74,74,74,57
1281,57,74,74,74,57
1282,57,74,74,74,57
1283,57,74,74,74,57
1284,57,74,74,74,57
1285,57,74,74,74,57
1286,57,74,74,74,57
1287,57,74,74,74,57
1288,57,74,74,74,57
1289,57,74,74,74,57
1290,57,74,74,74,57
1291,57,74,74,74,57
1292,57,74,74,74,57
1293,57,74,74,74,57
1294,57,74,74,74,57
1295,57,74,74,74,57
1296,57,74,74,74,57
1297,57,74,74,74,57
1298,57,74,74,74,57
1299,57,74,74,74,57
1300,57,74,74,74,57
1301,57,74,74,74,57
1302,57,74,74,74,57
1303,57,74,74,74,57
1304,57,74,74,74,57
1305,57,74,74,74,57
1306,57,74,74,74,57
1307,57,74,74,74,57
1308,57,74,74,74,57
1309,57,74,74,74,57
1310,57,74,74,74,57
1311,57,74,74,74,57
1312,57,74,74,74,57
1313,57,74,74,74,57
1314,57,74,74,74,57
1315,57,74,74,74,57
1316,57,74,74,74,57
1317,57,74,74,74,57
1318,57,74,74,74,57
1319,57,74,74,74,57
1320,57,74,74,74,57
1321,57,74,74,74,57
1322,57,74,74,74,57
1323,57,74,74,74,57
1324,57,74,74,74,57
1325,57,74,74,74,57
1326,57,74,74,74,57
1327,57,74,74,74,57
1328,57,74,74,74,57
1329,57,74,74,74,57
1330,57,74,74,74,57
1331,57,74,74,74,57
1332,57,74,74,74,57
1333,57,74,74,74,57
1334,57,74,74,74,57
1335,57,74,74,74,57
1336,57,74,74,74,57
1337,57,74,74,74,57
1338,57,74,74,74,57
1339,57,74,74,74,57
1340,57,74,74,74,57
1341,57,74,74,74,57
1342,57,74,74,74,57
1343,57,74,74,74,57
1344,57,74,74,74,57
1345,57,74,74,74,57
1346,57,74,74,74,57
1347,57,74,74,74,57
1348,57,74,74,74,57
1349,57,74,74,74,57
1350,57,74,74,74,57
1351,57,74,74,74,57
1352,57,74,74,74,57
1353,57,74,74,74,57
1354,57,74,74,74,57
1355,57,74,74,74,57
1356,57,74,74,74,57
1357,57,74,74,74,57
1358,57,74,74,74,57
1359,57,74,74,74,57
1360,57,74,74,74,57
1361,57,74,74,74,57
1362,57,74,74,74,57
1363,57,74,74,74,57
1364,57,74,74,74,57
1365,57,74,74,74,57
1366,57,74,74,74,57
1367,57,74,74,74,57
1368,57,74,74,74,57
1369,57,74,74,74,57
1370,57,74,74,74,57
1371,57,74,74,74,57
1372,57,74,74,74,57
1373,57,74,74,74,57
1374,57,74,74,74,57
1375,57,74,74,74,57
1376,57,74,74,74,57
1377,57,74,74,74,57
1378,57,74,74,74,57
1379,57,74,74,74,57
1380,57,74,74,74,57
1381,57,74,74,74,57
1382,57,74,74,74,57
1383,57,74,74,74,57
1384,57,74,74,74,57
1385,57,74,74,74,57
1386,57,74,74,74,57
1387,57,74,74,74,57
1388,57,74,74,74,57
1389,57,74,74,74,57
1390,57,74,74,74,57
1391,57,74,74,74,57
1392,57,74,74,74,57
1393,57,74,74,74,57
1394,57,74,74,74,57
1395,57,74,74,74,57
1396,57,74,74,74,57
1397,57,74,74,74,57
1398,57,74,74,74,57
1399,57,74,74,74,57
1400,57,74,74,74,57
1401,57,74,74,74,57
1402,57,74,74,74,57
1403,57,74,74,74,57
1404,57,74,74,74,57
1405,57,74,74,74,57
1406,57,74,74,74,57
1407,57,74,74,74,57
1408,57,74,74,74,57
1409,57,74,74,74,57
1410,57,74,74,74,57
1411,57,74,74,74,57
1412,57,74,74,74,57
1413,57,74,74,74,57
1414,57,74,74,74,57
1415,57,74,74,74,57
1416,57,74,74,74,57
1417,57,74,74,74,57
1418,57,74,74,74,57
1419,57,74,74,74,57
1420,57,74,74,74,57
1421,57,74,74,74,57
1422,57,74,74,74,57
1423,57,74,74,74,57
1424,57,74,74,74,57
1425,57,74,74,74,57
1426,57,74,74,74,57
1427,57,74,74,74,57
1428,57,74,74,74,57
1429,57,74,74,74,57
1430,57,74,74,74,57
1431,57,74,74,74,57
1432,57,74,74,74,57
1433,57,74,74,74,57
1434,57,74,74,74,57
1435,57,74,74,74,57
1436,57,74,74,74,57
1437,57,74,74,74,57
1438,57,74,74,74,57
1439,57,74,74,74,57
1440,57,74,74,74,57
1441,57,74,74,74,57
1442,57,74,74,74,57
1443,57,74,74,74,57
1444,57,74,74,74,57
1445,57,74,74,74,57
1446,57,74,74,74,57
1447,57,74,74,74,57
1448,57,74,74,74,57
1449,57,74,74,74,57
1450,57,74,74,74,57
1451,57,74,74,74,57
1452,57,74,74,74,57
1453,57,74,74,74,57
1454,57,74,74,74,57
1455,57,74,74,74,57
1456,57,74,74,74,57
1457,57,74,74,74,57
1458,57,74,74,74,57
1459,57,74,74,74,57
1460,57,74,74,74,57
1461,57,74,74,74,57
1462,57,74,74,74,57
1463,57,74,74,74,57
1464,57,74,74,74,57
1465,57,74,74,74,57
1466,57,74,74,74,57
1467,57,74,74,74,57
1468,57,74,74,74,57
1469,57,74,74,74,57
1470,57,74,74,74,57
1471,57,74,74,74,57
1472,57,74,74,74,57
1473,57,74,74,74,57
1474,57,74,74,74,57
1475,57,74,74,74,57
1476,57,74,74,74,57
1477,57,74,74,74,57
1478,57,74,74,74,57
1479,57,74,74,74,57
1480,57,74,74,74,57
1481,57,74,74,74,57
1482,57,74,74,74,57
1483,57,74,74,74,57
1484,57,74,74,74,57
1485,57,74,74,74,57
1486,57,74,74,74,57
1487,57,74,74,74,57
1488,57,74,74,74,57
1489,57,74,74,74,57
1490,57,74,74,74,57
1491,57,74,74,74,57
1492,57,74,74,74,57
1493,57,74,74,74,57
1494,57,74,74,74,57
1495,57,74,74,74,57
1496,57,74,74,74,57
1497,57,74,74,74,57
1498,57,74,74,74,57
1499,57,74,74,74,57
1500,57,74,74,74,57
1501,57,74,74,74,57
1502,57,74,74,74,57
1503,57,74,74,74,57
1504,57,74,74,74,57
1505,57,74,74,74,57
1506,57,74,74,74,57
1507,57,74,74,74,57
1508,57,74,74,74,57
1509,57,74,74,74,57
1510,57,74,74,74,57
1511,57,74,74,74,57
1512,57,74,74,74,57
1513,57,74,74,74,57
1514,57,74,74,74,57
1515,57,74,74,74,57
1516,57,74,74,74,57
1517,57,74,74,74,57
1518,57,74,74,74,57
1519,57,74,74,74,57
1520,57,74,74,74,57
1521,57,74,74,74,57
1522,57,74,74,74,57
1523,57,74,74,74,57
1524,57,74,74,74,57
1525,57,74,74,74,57
1526,57,74,74,74,57
1527,57,74,74,74,57
1528,57,74,74,74,57
1529,57,74,74,74,57
1530,57,74,74,74,57
1531,57,74,74,74,57
1532,57,74,74,74,57
1533,57,74,74,74,57
1534,57,74,74,74,57
1535,57,74,74,74,57
1536,57,74,74,74,57
1537,57,74,74,74,57
1538,57,74,74,74,57
1539,57,74,74,74,57
1540,57,74,74,74,57
1541,57,74,74,74,57
1542,57,74,74,74,57
1543,57,74,74,74,57
1544,57,74,74,74,57
1545,57,74,74,74,57
1546,57,74,74,74,57
1547,57,74,74,74,57
1548,57,74,74,74,57
1549,57,74,74,74,57
1550,57,74,74,74,57
1551,57,74,74,74,57
1552,57,74,74,74,57
1553,57,74,74,74,57
1554,57,74,74,74,57
1555,57,74,74,74,57
1556,57,74,74,74,57
1557,57,74,74,74,57
1558,57,74,74,74,57
1559,57,74,74,74,57
1560,57,74,74,74,57
1561,57,74,74,74,57
1562,57,74,74,74,57
1563,57,74,74,74,57
1564,57,74,74,74,57
1565,57,74,74,74,57
1566,57,74,74,74,57
1567,57,74,74,74,57
1568,57,74,74,74,57
1569,57,74,74,74,57
1570,57,74,74,74,57
1571,57,74,74,74,57
1572,57,74,74,74,57
1573,57,74,74,74,57
1574,57,74,74,74,57
1575,57,74,74,74,57
1576,57,74,74,74,57
1577,57,74,74,74,57
1578,57,74,74,74,57
1579,57,74,74,74,57
1580,57,74,74,74,57
1581,57,74,74,74,57
1582,57,74,74,74,57
1583,57,74,74,74,57
1584,57,74,74,74,57
1585,57,74,74,74,57
1586,57,74,74,74,57
1587,57,74,74,74,57
1588,57,74,74,74,57
1589,57,74,74,74,57
1590,57,74,74,74,57
1591,57,74,74,74,57
1592,57,74,74,74,57
1593,57,74,74,74,57
1594,57,74,74,74,57
1595,57,74,74,74,57
1596,57,74,74,74,57
1597,57,74,74,74,57
1598,57,74,74,74,57
1599,57,74,74,74,57
1600,57,74,74,74,57
1601,57,74,74,74,57
1602,57,74,74,74,57
1603,57,74,74,74,57
1604,57,74,74,74,57
1605,57,74,74,74,57
1606,57,74,74,74,57
1607,57,74,74,74,57
1608,57,74,74,74,57
1609,57,74,74,74,57
1610,57,74,74,74,57
1611,57,74,74,74,57
1612,57,74,74,74,57
1613,57,74,74,74,57
1614,57,74,74,74,57
1615,57,74,74,74,57
1616,57,74,74,74,57
1617,57,74,74,74,57
1618,57,74,74,74,57
1619,57,74,74,74,57
1620,57,74,74,74,57
1621,57,74,74,74,57
1622,57,74,74,74,57
1623,57,74,74,74,57
1624,57,74,74,74,57
1625,57,74,74,74,57
1626,57,74,74,74,57
1627,57,74,74,74,57
1628,57,74,74,74,57
1629,57,74,74,74,57
1630,57,74,74,74,57
1631,57,74,74,74,57
1632,57,74,74,74,57
1633,57,74,74,74,57
1634,57,74,74,74,57
1635,57,74,74,74,57
1636,57,74,74,74,57
1637,57,74,74,74,57
1638,57,74,74,74,57
1639,57,74,74,74,57
1640,57,74,74,74,57
1641,57,74,74,74,57
1642,57,74,74,74,57
1643,57,74,74,74,57
1644,57,74,74,74,57
1645,57,74,74,74,57
1646,57,74,74,74,57
1647,57,74,74,74,57
1648,57,74,74,74,57
1649,57,74,74,74,57
1650,57,74,74,74,57
1651,57,74,74,74,57
1652,57,74,74,74,57
1653,57,74,74,74,57
1654,57,74,74,74,57
1655,57,74,74,74,57
1656,57,74,74,74,57
1657,57,74,74,74,57
1658,57,74,74,74,57
1659,57,74,74,74,57
1660,57,74,74,74,57
1661,57,74,74,74,57
1662,57,74,74,74,57
1663,57,74,74,74,57
1664,57,74,74,74,57
1665,57,74,74,74,57
1666,57,74,74,74,57
1667,57,74,74,74,57
1668,57,74,74,74,57
1669,57,74,74,74,57
1670,57,74,74,74,57
1671,57,74,74,74,57
1672,57,74,74,74,57
1673,57,74,74,74,57
1674,57,74,74,74,57
1675,57,74,74,74,57
1676,57,74,74,74,57
1677,57,74,74,74,57
1678,57,74,74,74,57
1679,57,74,74,74,57
1680,57,74,74,74,57
1681,57,74,74,74,57
1682,57,74,74,74,57
1683,57,74,74,74,57
1684,57,74,74,74,57
1685,57,74,74,74,57
1686,57,74,74,74,57
1687,57,74,74,74,57
1688,57,74,74,74,57
1689,57,74,74,74,57
1690,57,74,74,74,57
1691,57,74,74,74,57
1692,57,74,74,74,57
1693,57,74,74,74,57
1694,57,74,74,74,57
1695,57,74,74,74,57
1696,57,74,74,74,57
1697,57,74,74,74,57
1698,57,74,74,74,57
1699,57,74,74,74,57
1700,57,74,74,74,57
1701,57,74,74,74,57
1702,57,74,74,74,57
1703,57,74,74,74,57
1704,57,74,74,74,57
1705,57,74,74,74,57
1706,57,74,74,74,57
1707,57,74,74,74,57
1708,57,74,74,74,57
1709,57,74,74,74,57
1710,57,74,74,74,57
1711,57,74,74,74,57
1712,57,74,74,74,57
1713,57,74,74,74,57
1714,57,74,74,74,57
1715,57,74,74,74,57
1716,57,74,74,74,57
1717,57,74,74,74,57
1718,57,74,74,74,57
1719,57,74,74,74,57
1720,57,74,74,74,57
1721,57,74,74,74,57
1722,57,74,74,74,57
1723,57,74,74,74,57
1724,57,74,74,74,57
1725,57,74,74,74,57
1726,57,74,74,74,57
1727,57,74,74,74,57
1728,57,74,74,74,57
1729,57,74,74,74,57
1730,57,74,74,74,57
1731,57,74,74,74,57
1732,57,74,74,74,57
1733,57,74,74,74,57
1734,57,74,74,74,57
1735,57,74,74,74,57
1736,57,74,74,74,57
1737,57,74,74,74,57
1738,57,74,74,74,57
1739,57,74,74,74,57
1740,57,74,74,74,57
1741,57,74,74,74,57
1742,57,74,74,74,57
1743,57,74,74,74,57
1744,57,74,74,74,57
1745,57,74,74,74,57
1746,57,74,74,74,57
1747,57,74,74,74,57
1748,57,74,74,74,57
1749,57,74,74,74,57
1750,57,74,74,74,57
1751,57,74,74,74,57
1752,57,74,74,74,57
1753,57,74,74,74,57
1754,57,74,74,74,57
1755,57,74,74,74,57
1756,57,74,74,74,57
1757,57,74,74,74,57
1758,57,74,74,74,57
1759,57,74,74,74,57
1760,57,74,74,74,57
1761,57,74,74,74,57
1762,57,74,74,74,57
1763,57,74,74,74,57
1764,57,74,74,74,57
1765,57,74,74,74,57
1766,57,74,74,74,57
1767,57,74,74,74,57
1768,57,74,74,74,57
1769,57,74,74,74,57
1770,57,74,74,74,57
1771,57,74,74,74,57
1772,57,74,74,74,57
1773,57,74,74,74,57
1774,57,74,74,74,57
1775,57,74,74,74,57
1776,57,74,74,74,57
1777,57,74,74,74,57
1778,57,74,74,74,57
1779,57,74,74,74,57
1780,57,74,74,74,57
1781,57,74,74,74,57
1782,57,74,74,74,57
1783,57,74,74,74,57
1784,57,74,74,74,57
1785,57,74,74,74,57
1786,57,74,74,74,57
1787,57,74,74,74,57
1788,57,74,74,74,57
1789,57,74,74,74,57
1790,57,74,74,74,57
1791,57,74,74,74,57
1792,57,74,74,74,57
1793,57,74,74,74,57
1794,57,74,74,74,57
1795,57,74,74,74,57
1796,57,74,74,74,57
1797,57,74,74,74,57
1798,57,74,74,74,57
1799,57,74,74,74,57
1800,57,74,74,74,57
1801,57,74,74,74,57
1802,57,74,74,74,57
1803,57,74,74,74,57
1804,57,74,74,74,57
1805,57,74,74,74,57
1806,57,74,74,74,57
1807,57,74,74,74,57
1808,57,74,74,74,57
1809,57,74,74,74,57
1810,57,74,74,74,57
1811,57,74,74,74,57
1812,57,74,74,74,57
1813,57,74,74,74,57
1814,57,74,74,74,57
1815,57,74,74,74,57
1816,57,74,74,74,57
1817,57,74,74,74,57
1818,57,74,74,74,57
1819,57,74,74,74,57
1820,57,74,74,74,57
1821,57,74,74,74,57
1822,57,74,74,74,57
1823,57,74,74,74,57
1824,57,74,74,74,57
1825,57,74,74,74,57
1826,57,74,74,74,57
1827,57,74,74,74,57
1828,57,74,74,74,57
1829,57,74,74,74,57
1830,57,74,74,74,57
1831,57,74,74,74,57
1832,57,74,74,74,57
1833,57,74,74,74,57
1834,57,74,74,74,57
1835,57,74,74,74,57
1836,57,74,74,74,57
1837,57,74,74,74,57
1838,57,74,74,74,57
1839,57,74,74,74,57
1840,57,74,74,74,57
1841,57,74,74,74,57
1842,57,74,74,74,57
1843,57,74,74,74,57
1844,57,74,74,74,57
1845,57,74,74,74,57
1846,57,74,74,74,57
1847,57,74,74,74,57
1848,57,74,74,74,57
1849,57,74,74,74,57
1850,57,74,74,74,57
1851,57,74,74,74,57
1852,57,74,74,74,57
1853,57,74,74,74,57
1854,57,74,74,74,57
1855,57,74,74,74,57
1856,57,74,74,74,57
1857,57,74,74,74,57
1858,57,74,74,74,57
1859,57,74,74,74,57
1860,57,74,74,74,57
1861,57,74,74,74,57
1862,57,74,74,74,57
1863,57,74,74,74,57
1864,57,74,74,74,57
1865,57,74,74,74,57
1866,57,74,74,74,57
1867,57,74,74,74,57
1868,57,74,74,74,57
1869,57,74,74,74,57
1870,57,74,74,74,57
1871,57,74,74,74,57
1872,57,74,74,74,57
1873,57,74,74,74,57
1874,57,74,74,74,57
1875,57,74,74,74,57
1876,57,74,74,74,57
1877,57,74,74,74,57
1878,57,74,74,74,57
1879,57,74,74,74,57
1880,57,74,74,74,57
1881,57,74,74,74,57
1882,57,74,74,74,57
1883,57,74,74,74,57
1884,57,74,74,74,57
1885,57,74,74,74,57
1886,57,74,74,74,57
1887,57,74,74,74,57
1888,57,74,74,74,57
1889,57,74,74,74,57
1890,57,74,74,74,57
1891,57,74,74,74,57
1892,57,74,74,74,57
1893,57,74,74,74,57
1894,57,74,74,74,57
1895,57,74,74,74,57
1896,57,74,74,74,57
1897,57,74,74,74,57
1898,57,74,74,74,57
1899,57,74,74,74,57
1900,57,74,74,74,57
1901,57,74,74,74,57
1902,57,74,74,74,57
1903,57,74,74,74,57
1904,57,74,74,74,57
1905,57,74,74,74,57
1906,57,74,74,74,57
1907,57,74,74,74,57
1908,57,74,74,74,57
1909,57,74,74,74,57
1910,57,74,74,74,57
1911,57,74,74,74,57
1912,57,74,74,74,57
1913,57,74,74,74,57
1914,57,74,74,74,57
1915,57,74,74,74,57
1916,57,74,74,74,57
1917,57,74,74,74,57
1918,57,74,74,74,57
1919,57,74,74,74,57
1920,57,74,74,74,57
1921,57,74,74,74,57
1922,57,74,74,74,57
1923,57,74,74,74,57
1924,57,74,74,74,57
1925,57,74,74,74,57
1926,57,74,74,74,57
1927,57,74,74,74,57
1928,57,74,74,74,57
1929,57,74,74,74,57
1930,57,74,74,74,57
1931,57,74,74,74,57
1932,57,74,74,74,57
1933,57,74,74,74,57
1934,57,74,74,74,57
1935,57,74,74,74,57
1936,57,74,74,74,57
1937,57,74,74,74,57
1938,57,74,74,74,57
1939,57,74,74,74,57
1940,57,74,74,74,57
1941,57,74,74,74,57
1942,57,74,74,74,57
1943,57,74,74,74,57
1944,57,74,74,74,57
1945,57,74,74,74,57
1946,57,74,74,74,57
1947,57,74,74,74,57
1948,57,74,74,74,57
1949,57,74,74,74,57
1950,57,74,74,74,57
1951,57,74,74,74,57
1952,57,74,74,74,57
1953,57,74,74,74,57
1954,57,74,74,74,57
1955,57,74,74,74,57
1956,57,74,74,74,57
1957,57,74,74,74,57
1958,57,74,74,74,57
1959,57,74,74,74,57
1960,57,74,74,74,57
1961,57,74,74,74,57
1962,57,74,74,74,57
1963,57,74,74,74,57
1964,57,74,74,74,57
1965,57,74,74,74,57
1966,57,74,74,74,57
1967,57,74,74,74,57
1968,57,74,74,74,57
1969,57,74,74,74,57
1970,57,74,74,74,57
1971,57,74,74,74,57
1972,57,74,74,74,57
1973,57,74,74,74,57
1974,57,74,74,74,57
1975,57,74,74,74,57
1976,57,74,74,74,57
1977,57,74,74,74,57
1978,57,74,74,74,57
1979,57,74,74,74,57
1980,57,74,74,74,57
1981,57,74,74,74,57
1982,57,74,74,74,57
1983,57,74,74,74,57
1984,57,74,74,74,57
1985,57,74,74,74,57
1986,57,74,74,74,57
1987,57,74,74,74,57
1988,57,74,74,74,57
1989,57,74,74,74,57
1990,57,74,74,74,57
1991,57,74,74,74,57
1992,57,74,74,74,57
1993,57,74,74,74,57
1994,57,74,74,74,57
1995,57,74,74,74,57
1996,57,74,74,74,57
1997,57,74,74,74,57
1998,57,74,74,74,57
1999,57,74,74,74,57
2000,57,74,74,74,57
2001,57,74,74,74,57
2002,57,74,74,74,57
2003,57,74,74,74,57
2004,57,74,74,74,57
2005,57,74,74,74,57
2006,57,74,74,74,57
2007,57,74,74,74,57
2008,57,74,74,74,57
2009,57,74,74,74,57
2010,57,74,74,74,57
2011,57,74,74,74,57
2012,57,74,74,74,57
2013,57,74,74,74,57
2014,57,74,74,74,57
2015,57,74,74,74,57
2016,57,74,74,74,57
2017,57,74,74,74,57
2018,57,74,74,74,57
2019,57,74,74,74,57
2020,57,74,74,74,57
2021,57,74,74,74,57
2022,57,74,74,74,57
2023,57,74,74,74,57
2024,57,74,74,74,57
2025,57,74,74,74,57
2026,57,74,74,74,57
2027,57,74,74,74,57
2028,57,74,74,74,57
2029,57,74,74,74,57
2030,57,74,74,74,57
2031,57,74,74,74,57
2032,57,74,74,74,57
2033,57,74,74,74,57
2034,57,74,74,74,57
2035,57,74,74,74,57
2036,57,74,74,74,57
2037,57,74,74,74,57
2038,57,74,74,74,57
2039,57,74,74,74,57
2040,57,74,74,74,57
2041,57,74,74,74,57
2042,57,74,74,74,57
2043,57,74,74,74,57
2044,57,74,74,74,57
2045,57,74,74,74,57
2046,57,74,74,74,57
2047,57,74,74,74,57
2048,57,74,74,74,57
2049,57,74,74,74,57
2050,57,74,74,74,57
2051,57,74,74,74,57
2052,57,74,74,74,57
2053,57,74,74,74,57
2054,57,74,74,74,57
2055,57,74,74,74,57
2056,57,74,74,74,57
2057,57,74,74,74,57
2058,57,74,74,74,57
2059,57,74,74,74,57
2060,57,74,74,74,57
2061,57,74,74,74,57
2062,57,74,74,74,57
2063,57,74,74,74,57
2064,57,74,74,74,57
2065,57,74,74,74,57
2066,57,74,74,74,57
2067,57,74,74,74,57
2068,57,74,74,74,57
2069,57,74,74,74,57
2070,57,74,74,74,57
2071,57,74,74,74,57
2072,57,74,74,74,57
2073,57,74,74,74,57
2074,57,74,74,74,57
2075,57,74,74,74,57
2076,57,74,74,74,57
2077,57,74,74,74,57
2078,57,74,74,74,57
2079,57,74,74,74,57
2080,57,74,74,74,57
2081,57,74,74,74,57
2082,57,74,74,74,57
2083,57,74,74,74,57
2084,57,74,74,74,57
2085,57,74,74,74,57
2086,57,74,74,74,57
2087,57,74,74,74,57
2088,57,74,74,74,57
2089,57,74,74,74,57
2090,57,74,74,74,57
2091,57,74,74,74,57
2092,57,74,74,74,57
2093,57,74,74,74,57
2094,57,74,74,74,57
2095,57,74,74,74,57
2096,57,74,74,74,57
2097,57,74,74,74,57
2098,57,74,74,74,57
2099,57,74,74,74,57
2100,57,74,74,74,57
2101,57,74,74,74,57
2102,57,74,74,74,57
2103,57,74,74,74,57
2104,57,74,74,74,57
2105,57,74,74,74,57
2106,57,74,74,74,57
2107,57,74,74,74,57
2108,57,74,74,74,57
2109,57,74,74,74,57
2110,57,74,74,74,57
2111,57,74,74,74,57
2112,57,74,74,74,57
2113,57,74,74,74,57
2114,57,74,74,74,57
2115,57,74,74,74,57
2116,57,74,74,74,57
2117,57,74,74,74,57
2118,57,74,74,74,57
2119,57,74,74,74,57
2120,57,74,74,74,57
2121,57,74,74,74,57
2122,57,74,74,74,57
2123,57,74,74,74,57
2124,57,74,74,74,57
2125,57,74,74,74,57
2126,57,74,74,74,57
2127,57,74,74,74,57
2128,57,74,74,74,57
2129,57,74,74,74,57
2130,57,74,74,74,57
2131,57,74,74,74,57
2132,57,74,74,74,57
2133,57,74,74,74,57
2134,57,74,74,74,57
2135,57,74,74,74,57
2136,57,74,74,74,57
2137,57,74,74,74,57
2138,57,74,74,74,57
2139,57,74,74,74,57
2140,57,74,74,74,57
2141,57,74,74,74,57
2142,57,74,74,74,57
2143,57,74,74,74,57
2144,57,74,74,74,57
2145,57,74,74,74,57
2146,57,74,74,74,57
2147,57,74,74,74,57
2148,57,74,74,74,57
2149,57,74,74,74,57
2150,57,74,74,74,57
2151,57,74,74,74,57
2152,57,74,74,74,57
2153,57,74,74,74,57
2154,57,74,74,74,57
2155,57,74,74,74,57
2156,57,74,74,74,57
2157,57,74,74,74,57
2158,57,74,74,74,57
2159,57,74,74,74,57
2160,57,74,74,74,57
2161,57,74,74,74,57
2162,57,74,74,74,57
2163,57,74,74,74,57
2164,57,74,74,74,57
2165,57,74,74,74,57
2166,57,74,74,74,57
2167,57,74,74,74,57
2168,57,74,74,74,57
2169,57,74,74,74,57
2170,57,74,74,74,57
2171,57,74,74,74,57
2172,57,74,74,74,57
2173,57,74,74,74,57
2174,57,74,74,74,57
2175,57,74,74,74,57
2176,57,74,74,74,57
2177,57,74,74,74,57
2178,57,74,74,74,57
2179,57,74,74,74,57
2180,57,74,74,74,57
2181,57,74,74,74,57
2182,57,74,74,74,57
2183,57,74,74,74,57
2184,57,74,74,74,57
2185,57,74,74,74,57
2186,57,74,74,74,57
2187,57,74,74,74,57
2188,57,74,74,74,57
2189,57,74,74,74,57
2190,57,74,74,74,57
2191,57,74,74,74,57
2192,57,74,74,74,57
2193,57,74,74,74,57
2194,57,74,74,74,57
2195,57,74,74,74,57
2196,57,74,74,74,57
2197,57,74,74,74,57
2198,57,74,74,74,57
2199,57,74,74,74,57
2200,57,74,74,74,57
2201,57,74,74,74,57
2202,57,74,74,74,57
2203,57,74,74,74,57
2204,57,74,74,74,57
2205,57,74,74,74,57
2206,57,74,74,74,57
2207,57,74,74,74,57
2208,57,74,74,74,57
2209,57,74,74,74,57
2210,57,74,74,74,57
2211,57,74,74,74,57
2212,57,74,74,74,57
2213,57,74,74,74,57
2214,57,74,74,74,57
2215,57,74,74,74,57
2216,57,74,74,74,57
2217,57,74,74,74,57
2218,57,74,74,74,57
2219,57,74,74,74,57
2220,57,74,74,74,57
2221,57,74,74,74,57
2222,57,74,74,74,57
2223,57,74,74,74,57
2224,57,74,74,74,57
2225,57,74,74,74,57
2226,57,74,74,74,57
2227,57,74,74,74,57
2228,57,74,74,74,57
2229,57,74,74,74,57
2230,57,74,74,74,57
2231,57,74,74,74,57
2232,57,74,74,74,57
2233,57,74,74,74,57
2234,57,74,74,74,57
2235,57,74,74,74,57
2236,57,74,74,74,57
2237,57,74,74,74,57
2238,57,74,74,74,57
2239,57,74,74,74,57
2240,57,74,74,74,57
2241,57,74,74,74,57
2242,57,74,74,74,57
2243,57,74,74,74,57
2244,57,74,74,74,57
2245,57,74,74,74,57
2246,57,74,74,74,57
2247,57,74,74,74,57
2248,57,74,74,74,57
2249,57,74,74,74,57
2250,57,74,74,74,57
2251,57,74,74,74,57
2252,57,74,74,74,57
2253,57,74,74,74,57
2254,57,74,74,74,57
2255,57,74,74,74,57
2256,57,74,74,74,57
2257,57,74,74,74,57
2258,57,74,74,74,57
2259,57,74,74,74,57
2260,57,74,74,74,57
2261,57,74,74,74,57
2262,57,74,74,74,57
2263,57,74,74,74,57
2264,57,74,74,74,57
2265,57,74,74,74,57
2266,57,74,74,74,57
2267,57,74,74,74,57
2268,57,74,74,74,57
2269,57,74,74,74,57
2270,57,74,74,74,57
2271,57,74,74,74,57
2272,57,74,74,74,57
2273,57,74,74,74,57
2274,57,74,74,74,57
2275,57,74,74,74,57
2276,57,74,74,74,57
2277,57,74,74,74,57
2278,57,74,74,74,57
2279,57,74,74,74,57
2280,57,74,74,74,57
2281,57,74,74,74,57
2282,57,74,74,74,57
2283,57,74,74,74,57
2284,57,74,74,74,57
2285,57,74,74,74,57
2286,57,74,74,74,57
2287,57,74,74,74,57
2288,57,74,74,74,57
2289,57,74,74,74,57
2290,57,74,74,74,57
2291,57,74,74,74,57
2292,57,74,74,74,57
2293,57,74,74,74,57
2294,57,74,74,74,57
2295,57,74,74,74,57
2296,57,74,74,74,57
2297,57,74,74,74,57
2298,57,74,74,74,57
2299,57,74,74,74,57
2300,57,74,74,74,57
2301,57,74,74,74,57
2302,57,74,74,74,57
2303,57,74,74,74,57
2304,57,74,74,74,57
2305,57,74,74,74,57
2306,57,74,74,74,57
2307,57,74,74,74,57
2308,57,74,74,74,57
2309,57,74,74,74,57
2310,57,74,74,74,57
2311,57,74,74,74,57
2312,57,74,74,74,57
2313,57,74,74,74,57
2314,57,74,74,74,57
2315,57,74,74,74,57
2316,57,74,74,74,57
2317,57,74,74,74,57
2318,57,74,74,74,57
2319,57,74,74,74,57
2320,57,74,74,74,57
2321,57,74,74,74,57
2322,57,74,74,74,57
2323,57,74,74,74,57
2324,57,74,74,74,57
2325,57,74,74,74,57
2326,57,74,74,74,57
2327,57,74,74,74,57
2328,57,74,74,74,57
2329,57,74,74,74,57
2330,57,74,74,74,57
2331,57,74,74,74,57
2332,57,74,74,74,57
2333,57,74,74,74,57
2334,57,74,74,74,57
2335,57,74,74,74,57
2336,57,74,74,74,57
2337,57,74,74,74,57
2338,57,74,74,74,57
2339,57,74,74,74,57
2340,57,74,74,74,57
2341,57,74,74,74,57
2342,57,74,74,74,57
2343,57,74,74,74,57
2344,57,74,74,74,57
2345,57,74,74,74,57
2346,57,74,74,74,57
2347,57,74,74,74,57
2348,57,74,74,74,57
2349,57,74,74,74,57
2350,57,74,74,74,57
2351,57,74,74,74,57
2352,57,74,74,74,57
2353,57,74,74,74,57
2354,57,74,74,74,57
2355,57,74,74,74,57
2356,57,74,74,74,57
2357,57,74,74,74,57
2358,57,74,74,74,57
2359,57,74,74,74,57
2360,57,74,74,74,57
2361,57,74,74,74,57
2362,57,74,74,74,57
2363,57,74,74,74,57
2364,57,74,74,74,57
2365,57,74,74,74,57
2366,57,74,74,74,57
2367,57,74,74,74,57
2368,57,74,74,74,57
2369,57,74,74,74,57
2370,57,74,74,74,57
2371,57,74,74,74,57
2372,57,74,74,74,57
2373,57,74,74,74,57
2374,57,74,74,74,57
2375,57,74,74,74,57
2376,57,74,74,74,57
2377,57,74,74,74,57
2378,57,74,74,74,57
2379,57,74,74,74,57
2380,57,74,74,74,57
2381,57,74,74,74,57
2382,57,74,74,74,57
2383,57,74,74,74,57
2384,57,74,74,74,57
2385,57,74,74,74,57
2386,57,74,74,74,57
2387,57,74,74,74,57
2388,57,74,74,74,57
2389,57,74,74,74,57
2390,57,74,74,74,57
2391,57,74,74,74,57
2392,57,74,74,74,57
2393,57,74,74,74,57
2394,57,74,74,74,57
2395,57,74,74,74,57
2396,57,74,74,74,57
2397,57,74,74,74,57
2398,57,74,74,74,57
2399,57,74,74,74,57
2400,57,74,74,74,57
2401,57,74,74,74,57
2402,57,74,74,74,57
2403,57,74,74,74,57
2404,57,74,74,74,57
2405,57,74,74,74,57
2406,57,74,74,74,57
2407,57,74,74,74,57
2408,57,74,74,74,57
2409,57,74,74,74,57
2410,57,74,74,74,57
2411,57,74,74,74,57
2412,57,74,74,74,57
2413,57,74,74,74,57
2414,57,74,74,74,57
2415,57,74,74,74,57
2416,57,74,74,74,57
2417,57,74,74,74,57
2418,57,74,74,74,57
2419,57,74,74,74,57
2420,57,74,74,74,57
2421,57,74,74,74,57
2422,57,74,74,74,57
2423,57,74,74,74,57
2424,57,74,74,74,57
2425,57,74,74,74,57
2426,57,74,74,74,57
2427,57,74,74,74,57
2428,57,74,74,74,57
2429,57,74,74,74,57
2430,57,74,74,74,57
2431,57,74,74,74,57
2432,57,74,74,74,57
2433,57,74,74,74,57
2434,57,74,74,74,57
2435,57,74,74,74,57
2436,57,74,74,74,57
2437,57,74,74,74,57
2438,57,74,74,74,57
2439,57,74,74,74,57
2440,57,74,74,74,57
2441,57,74,74,74,57
2442,57,74,74,74,57
2443,57,74,74,74,57
2444,57,74,74,74,57
2445,57,74,74,74,57
2446,57,74,74,74,57
2447,57,74,74,74,57
2448,57,74,74,74,57
2449,57,74,74,74,57
2450,57,74,74,74,57
2451,57,74,74,74,57
2452,57,74,74,74,57
2453,57,74,74,74,57
2454,57,74,74,74,57
2455,57,74,74,74,57
2456,57,74,74,74,57
2457,57,74,74,74,57
2458,57,74,74,74,57
2459,57,74,74,74,57
2460,57,74,74,74,57
2461,57,74,74,74,57
2462,57,74,74,74,57
2463,57,74,74,74,57
2464,57,74,74,74,57
2465,57,74,74,74,57
2466,57,74,74,74,57
2467,57,74,74,74,57
2468,57,74,74,74,57
2469,57,74,74,74,57
2470,57,74,74,74,57
2471,57,74,74,74,57
2472,57,74,74,74,57
2473,57,74,74,74,57
2474,57,74,74,74,57
2475,57,74,74,74,57
2476,57,74,74,74,57
2477,57,74,74,74,57
2478,57,74,74,74,57
2479,57,74,74,74,57
2480,57,74,74,74,57
2481,57,74,74,74,57
2482,57,74,74,74,57
2483,57,74,74,74,57
2484,57,74,74,74,57
2485,57,74,74,74,57
2486,57,74,74,74,57
2487,57,74,74,74,57
2488,57,74,74,74,57
2489,57,74,74,74,57
2490,57,74,74,74,57
2491,57,74,74,74,57
2492,57,74,74,74,57
2493,57,74,74,74,57
2494,57,74,74,74,57
2495,57,74,74,74,57
2496,57,74,74,74,57
2497,57,74,74,74,57
2498,57,74,74,74,57
2499,57,74,74,74,57
2500,57,74,74,74,57
2501,57,74,74,74,57
2502,57,74,74,74,57
2503,57,74,74,74,57
2504,57,74,74,74,57
2505,57,74,74,74,57
2506,57,74,74,74,57
2507,57,74,74,74,57
2508,57,74,74,74,57
2509,57,74,74,74,57
2510,57,74,74,74,57
2511,57,74,74,74,57
2512,57,74,74,74,57
2513,57,74,74,74,57
2514,57,74,74,74,57
2515,57,74,74,74,57
2516,57,74,74,74,57
2517,57,74,74,74,57
2518,57,74,74,74,57
2519,57,74,74,74,57
2520,57,74,74,74,57
2521,57,74,74,74,57
2522,57,74,74,74,57
2523,57,74,74,74,57
2524,57,74,74,74,57
2525,57,74,74,74,57
2526,57,74,74,74,57
2527,57,74,74,74,57
2528,57,74,74,74,57
2529,57,74,74,74,57
2530,57,74,74,74,57
2531,57,74,74,74,57
2532,57,74,74,74,57
2533,57,74,74,74,57
2534,57,74,74,74,57
2535,57,74,74,74,57
2536,57,74,74,74,57
2537,57,74,74,74,57
2538,57,74,74,74,57
2539,57,74,74,74,57
2540,57,74,74,74,57
2541,57,74,74,74,57
2542,57,74,74,74,57
2543,57,74,74,74,57
2544,57,74,74,74,57
2545,57,74,74,74,57
2546,57,74,74,74,57
2547,57,74,74,74,57
2548,57,74,74,74,57
2549,57,74,74,74,57
2550,57,74,74,74,57
2551,57,74,74,74,57
2552,57,74,74,74,57
2553,57,74,74,74,57
2554,57,74,74,74,57
2555,57,74,74,74,57
2556,57,74,74,74,57
2557,57,74,74,74,57
2558,57,74,74,74,57
2559,57,74,74,74,57
2560,57,74,74,74,57
2561,57,74,74,74,57
2562,57,74,74,74,57
2563,57,74,74,74,57
2564,57,74,74,74,57
2565,57,74,74,74,57
2566,57,74,74,74,57
2567,57,74,74,74,57
2568,57,74,74,74,57
2569,57,74,74,74,57
2570,57,74,74,74,57
2571,57,74,74,74,57
2572,57,74,74,74,57
2573,57,74,74,74,57
2574,57,74,74,74,57
2575,57,74,74,74,57
2576,57,74,74,74,57
2577,57,74,74,74,57
2578,57,74,74,74,57
2579,57,74,74,74,57
2580,57,74,74,74,57
2581,57,74,74,74,57
2582,57,74,74,74,57
2583,57,74,74,74,57
2584,57,74,74,74,57
2585,57,74,74,74,57
2586,57,74,74,74,57
2587,57,74,74,74,57
2588,57,74,74,74,57
2589,57,74,74,74,57
2590,57,74,74,74,57
2591,57,74,74,74,57
2592,57,74,74,74,57
2593,57,74,74,74,57
2594,57,74,74,74,57
2595,57,74,74,74,57
2596,57,74,74,74,57
2597,57,74,74,74,57
2598,57,74,74,74,57
2599,57,74,74,74,57
2600,57,74,74,74,57
2601,57,74,74,74,57
2602,57,74,74,74,57
2603,57,74,74,74,57
2604,57,74,74,74,57
2605,57,74,74,74,57
2606,57,74,74,74,57
2607,57,74,74,74,57
2608,57,74,74,74,57
2609,57,74,74,74,57
2610,57,74,74,74,57
2611,57,74,74,74,57
2612,57,74,74,74,57
2613,57,74,74,74,57
2614,57,74,74,74,57
2615,57,74,74,74,57
2616,57,74,74,74,57
2617,57,74,74,74,57
2618,57,74,74,74,57
2619,57,74,74,74,57
2620,57,74,74,74,57
2621,57,74,74,74,57
2622,57,74,74,74,57
2623,57,74,74,74,57
2624,57,74,74,74,57
2625,57,74,74,74,57
2626,57,74,74,74,57
2627,57,74,74,74,57
2628,57,74,74,74,57
2629,57,74,74,74,57
2630,57,74,74,74,57
2631,57,74,74,74,57
2632,57,74,74,74,57
2633,57,74,74,74,57
2634,57,74,74,74,57
2635,57,74,74,74,57
2636,57,74,74,74,57
2637,57,74,74,74,57
2638,57,74,74,74,57
2639,57,74,74,74,57
2640,57,74,74,74,57
2641,57,74,74,74,57
2642,57,74,74,74,57
2643,57,74,74,74,57
2644,57,74,74,74,57
2645,57,74,74,74,57
2646,57,74,74,74,57
2647,57,74,74,74,57
2648,57,74,74,74,57
2649,57,74,74,74,57
2650,57,74,74,74,57
2651,57,74,74,74,57
2652,57,74,74,74,57
2653,57,74,74,74,57
2654,57,74,74,74,57
2655,57,74,74,74,57
2656,57,74,74,74,57
2657,57,74,74,74,57
2658,57,74,74,74,57
2659,57,74,74,74,57
2660,57,74,74,74,57
2661,57,74,74,74,57
2662,57,74,74,74,57
2663,57,74,74,74,57
2664,57,74,74,74,57
2665,57,74,74,74,57
2666,57,74,74,74,57
2667,57,74,74,74,57
2668,57,74,74,74,57
2669,57,74,74,74,57
2670,57,74,74,74,57
2671,57,74,74,74,57
2672,57,74,74,74,57
2673,57,74,74,74,57
2674,57,74,74,74,57
2675,57,74,74,74,57
2676,57,74,74,74,57
2677,57,74,74,74,57
2678,57,74,74,74,57
2679,57,74,74,74,57
2680,57,74,74,74,57
2681,57,74,74,74,57
2682,57,74,74,74,57
2683,57,74,74,74,57
2684,57,74,74,74,57
2685,57,74,74,74,57
2686,57,74,74,74,57
2687,57,74,74,74,57
2688,57,74,74,74,57
2689,57,74,74,74,57
2690,57,74,74,74,57
2691,57,74,74,74,57
2692,57,74,74,74,57
2693,57,74,74,74,57
2694,57,74,74,74,57
2695,57,74,74,74,57
2696,57,74,74,74,57
2697,57,74,74,74,57
2698,57,74,74,74,57
2699,57,74,74,74,57
2700,57,74,74,74,57
2701,57,74,74,74,57
2702,57,74,74,74,57
2703,57,74,74,74,57
2704,57,74,74,74,57
2705,57,74,74,74,57
2706,57,74,74,74,57
2707,57,74,74,74,57
2708,57,74,74,74,57
2709,57,74,74,74,57
2710,57,74,74,74,57
2711,57,74,74,74,57
2712,57,74,74,74,57
2713,57,74,74,74,57
2714,57,74,74,74,57
2715,57,74,74,74,57
2716,57,74,74,74,57
2717,57,74,74,74,57
2718,57,74,74,74,57
2719,57,74,74,74,57
2720,57,74,74,74,57
2721,57,74,74,74,57
2722,57,74,74,74,57
2723,57,74,74,74,57
2724,57,74,74,74,57
2725,57,74,74,74,57
2726,57,74,74,74,57
2727,57,74,74,74,57
2728,57,74,74,74,57
2729,57,74,74,74,57
2730,57,74,74,74,57
2731,57,74,74,74,57
2732,57,74,74,74,57
2733,57,74,74,74,57
2734,57,74,74,74,57
2735,57,74,74,74,57
2736,57,74,74,74,57
2737,57,74,74,74,57
2738,57,74,74,74,57
2739,57,74,74,74,57
2740,57,74,74,74,57
2741,57,74,74,74,57
2742,57,74,74,74,57
2743,57,74,74,74,57
2744,57,74,74,74,57
2745,57,74,74,74,57
2746,57,74,74,74,57
2747,57,74,74,74,57
2748,57,74,74,74,57
2749,57,74,74,74,57
2750,57,74,74,74,57
2751,57,74,74,74,57
2752,57,74,74,74,57
2753,57,74,74,74,57
2754,57,74,74,74,57
2755,57,74,74,74,57
2756,57,74,74,74,57
2757,57,74,74,74,57
2758,57,74,74,74,57
2759,57,74,74,74,57
2760,57,74,74,74,57
2761,57,74,74,74,57
2762,57,74,74,74,57
2763,57,74,74,74,57
2764,57,74,74,74,57
2765,57,74,74,74,57
2766,57,74,74,74,57
2767,57,74,74,74,57
2768,57,74,74,74,57
2769,57,74,74,74,57
2770,57,74,74,74,57
2771,57,74,74,74,57
2772,57,74,74,74,57
2773,57,74,74,74,57
2774,57,74,74,74,57
2775,57,74,74,74,57
2776,57,74,74,74,57
2777,57,74,74,74,57
2778,57,74,74,74,57
2779,57,74,74,74,57
2780,57,74,74,74,57
2781,57,74,74,74,57
2782,57,74,74,74,57
2783,57,74,74,74,57
2784,57,74,74,74,57
2785,57,74,74,74,57
2786,57,74,74,74,57
2787,57,74,74,74,57
2788,57,74,74,74,57
2789,57,74,74,74,57
2790,57,74,74,74,57
2791,57,74,74,74,57
2792,57,74,74,74,57
2793,57,74,74,74,57
2794,57,74,74,74,57
2795,57,74,74,74,57
2796,57,74,74,74,57
2797,57,74,74,74,57
2798,57,74,74,74,57
2799,57,74,74,74,57
2800,57,74,74,74,57
2801,57,74,74,74,57
2802,57,74,74,74,57
2803,57,74,74,74,57
2804,57,74,74,74,57
2805,57,74,74,74,57
2806,57,74,74,74,57
2807,57,74,74,74,57
2808,57,74,74,74,57
2809,57,74,74,74,57
2810,57,74,74,74,57
2811,57,74,74,74,57
2812,57,74,74,74,57
2813,57,74,74,74,57
2814,57,74,74,74,57
2815,57,74,74,74,57
2816,57,74,74,74,57
2817,57,74,74,74,57
2818,57,74,74,74,57
2819,57,74,74,74,57
2820,57,74,74,74,57
2821,57,74,74,74,57
2822,57,74,74,74,57
2823,57,74,74,74,57
2824,57,74,74,74,57
2825,57,74,74,74,57
2826,57,74,74,74,57
2827,57,74,74,74,57
2828,57,74,74,74,57
2829,57,74,74,74,57
2830,57,74,74,74,57
2831,57,74,74,74,57
2832,57,74,74,74,57
2833,57,74,74,74,57
2834,57,74,74,74,57
2835,57,74,74,74,57
2836,57,74,74,74,57
2837,57,74,74,74,57
2838,57,74,74,74,57
2839,57,74,74,74,57
2840,57,74,74,74,57
2841,57,74,74,74,57
2842,57,74,74,74,57
2843,57,74,74,74,57
2844,57,74,74,74,57
2845,57,74,74,74,57
2846,57,74,74,74,57
2847,57,74,74,74,57
2848,57,74,74,74,57
2849,57,74,74,74,57
2850,57,74,74,74,57
2851,57,74,74,74,57
2852,57,74,74,74,57
2853,57,74,74,74,57
2854,57,74,74,74,57
2855,57,74,74,74,57
2856,57,74,74,74,57
2857,57,74,74,74,57
2858,57,74,74,74,57
2859,57,74,74,74,57
2860,57,74,74,74,57
2861,57,74,74,74,57
2862,57,74,74,74,57
2863,57,74,74,74,57
2864,57,74,74,74,57
2865,57,74,74,74,57
2866,57,74,74,74,57
2867,57,74,74,74,57
2868,57,74,74,74,57
2869,57,74,74,74,57
2870,57,74,74,74,57
2871,57,74,74,74,57
2872,57,74,74,74,57
2873,57,74,74,74,57
2874,57,74,74,74,57
2875,57,74,74,74,57
2876,57,74,74,74,57
2877,57,74,74,74,57
2878,57,74,74,74,57
2879,57,74,74,74,57
2880,57,74,74,74,57
2881,57,74,74,74,57
2882,57,74,74,74,57
2883,57,74,74,74,57
2884,57,74,74,74,57
2885,57,74,74,74,57
2886,57,74,74,74,57
2887,57,74,74,74,57
2888,57,74,74,74,57
2889,57,74,74,74,57
2890,57,74,74,74,57
2891,57,74,74,74,57
2892,57,74,74,74,57
2893,57,74,74,74,57
2894,57,74,74,74,57
2895,57,74,74,74,57
2896,57,74,74,74,57
2897,57,74,74,74,57
2898,57,74,74,74,57
2899,57,74,74,74,57
2900,57,74,74,74,57
2901,57,74,74,74,57
2902,57,74,74,74,57
2903,57,74,74,74,57
2904,57,74,74,74,57
2905,57,74,74,74,57
2906,57,74,74,74,57
2907,57,74,74,74,57
2908,57,74,74,74,57
2909,57,74,74,74,57
2910,57,74,74,74,57
2911,57,74,74,74,57
2912,57,74,74,74,57
2913,57,74,74,74,57
2914,57,74,74,74,57
2915,57,74,74,74,57
2916,57,74,74,74,57
2917,57,74,74,74,57
2918,57,74,74,74,57
2919,57,74,74,74,57
2920,57,74,74,74,57
2921,57,74,74,74,57
2922,57,74,74,74,57
2923,57,74,74,74,57
2924,57,74,74,74,57
2925,57,74,74,74,57
2926,57,74,74,74,57
2927,57,74,74,74,57
2928,57,74,74,74,57
2929,57,74,74,74,57
2930,57,74,74,74,57
2931,57,74,74,74,57
2932,57,74,74,74,57
2933,57,74,74,74,57
2934,57,74,74,74,57
2935,57,74,74,74,57
2936,57,74,74,74,57
2937,57,74,74,74,57
2938,57,74,74,74,57
2939,57,74,74,74,57
2940,57,74,74,74,57
2941,57,74,74,74,57
2942,57,74,74,74,57
2943,57,74,74,74,57
2944,57,74,74,74,57
2945,57,74,74,74,57
2946,57,74,74,74,57
2947,57,74,74,74,57
2948,57,74,74,74,57
2949,57,74,74,74,57
2950,57,74,74,74,57
2951,57,74,74,74,57
2952,57,74,74,74,57
2953,57,74,74,74,57
2954,57,74,74,74,57
2955,57,74,74,74,57
2956,57,74,74,74,57
2957,57,74,74,74,57
2958,57,74,74,74,57
2959,57,74,74,74,57
2960,57,74,74,74,57
2961,57,74,74,74,57
2962,57,74,74,74,57
2963,57,74,74,74,57
2964,57,74,74,74,57
2965,57,74,74,74,57
2966,57,74,74,74,57
2967,57,74,74,74,57
2968,57,74,74,74,57
2969,57,74,74,74,57
2970,57,74,74,74,57
2971,57,74,74,74,57
2972,57,74,74,74,57
2973,57,74,74,74,57
2974,57,74,74,74,57
2975,57,74,74,74,57
2976,57,74,74,74,57
2977,57,74,74,74,57
2978,57,74,74,74,57
2979,57,74,74,74,57
2980,57,74,74,74,57
2981,57,74,74,74,57
2982,57,74,74,74,57
2983,57,74,74,74,57
2984,57,74,74,74,57
2985,57,74,74,74,57
2986,57,74,74,74,57
2987,57,74,74,74,57
2988,57,74,74,74,57
2989,57,74,74,74,57
2990,57,74,74,74,57
2991,57,74,74,74,57
2992,57,74,74,74,57
2993,57,74,74,74,57
2994,57,74,74,74,57
2995,57,74,74,74,57
2996,57,74,74,74,57
2997,57,74,74,74,57
2998,57,74,74,74,57
2999,57,74,74,74,57
3000,57,74,74,74,57
3001,57,74,74,74,57
3002,57,74,74,74,57
3003,57,74,74,74,57
3004,57,74,74,74,57
3005,57,74,74,74,57
3006,57,74,74,74,57
3007,57,74,74,74,57
3008,57,74,74,74,57
3009,57,74,74,74,57
3010,57,74,74,74,57
3011,57,74,74,74,57
3012,57,74,74,74,57
3013,57,74,74,74,57
3014,57,74,74,74,57
3015,57,74,74,74,57
3016,57,74,74,74,57
3017,57,74,74,74,57
3018,57,74,74,74,57
3019,57,74,74,74,57
3020,57,74,74,74,57
3021,57,74,74,74,57
3022,57,74,74,74,57
3023,57,74,74,74,57
3024,57,74,74,74,57
3025,57,74,74,74,57
3026,57,74,74,74,57
3027,57,74,74,74,57
3028,57,74,74,74,57
3029,57,74,74,74,57
3030,57,74,74,74,57
3031,57,74,74,74,57
3032,57,74,74,74,57
3033,57,74,74,74,57
3034,57,74,74,74,57
3035,57,74,74,74,57
3036,57,74,74,74,57
3037,57,74,74,74,57
3038,57,74,74,74,57
3039,57,74,74,74,57
3040,57,74,74,74,57
3041,57,74,74,74,57
3042,57,74,74,74,57
3043,57,74,74,74,57
3044,57,74,74,74,57
3045,57,74,74,74,57
3046,57,74,74,74,57
3047,57,74,74,74,57
3048,57,74,74,74,57
3049,57,74,74,74,57
3050,57,74,74,74,57
3051,57,74,74,74,57
3052,57,74,74,74,57
3053,57,74,74,74,57
3054,57,74,74,74,57
3055,57,74,74,74,57
3056,57,74,74,74,57
3057,57,74,74,74,57
3058,57,74,74,74,57
3059,57,74,74,74,57
3060,57,74,74,74,57
3061,57,74,74,74,57
3062,57,74,74,74,57
3063,57,74,74,74,57
3064,57,74,74,74,57
3065,57,74,74,74,57
3066,57,74,74,74,57
3067,57,74,74,74,57
3068,57,74,74,74,57
3069,57,74,74,74,57
3070,57,74,74,74,57
3071,57,74,74,74,57
3072,57,74,74,74,57
3073,57,74,74,74,57
3074,57,74,74,74,57
3075,57,74,74,74,57
3076,57,74,74,74,57
3077,57,74,74,74,57
3078,57,74,74,74,57
3079,57,74,74,74,57
3080,57,74,74,74,57
3081,57,74,74,74,57
3082,57,74,74,74,57
3083,57,74,74,74,57
3084,57,74,74,74,57
3085,57,74,74,74,57
3086,57,74,74,74,57
3087,57,74,74,74,57
3088,57,74,74,74,57
3089,57,74,74,74,57
3090,57,74,74,74,57
3091,57,74,74,74,57
3092,57,74,74,74,57
3093,57,74,74,74,57
3094,57,74,74,74,57
3095,57,74,74,74,57
3096,57,74,74,74,57
3097,57,74,74,74,57
3098,57,74,74,74,57
3099,57,74,74,74,57
3100,57,74,74,74,57
3101,57,74,74,74,57
3102,57,74,74,74,57
3103,57,74,74,74,57
3104,57,74,74,74,57
3105,57,74,74,74,57
3106,57,74,74,74,57
3107,57,74,74,74,57
3108,57,74,74,74,57
3109,57,74,74,74,57
3110,57,74,74,74,57
3111,57,74,74,74,57
3112,57,74,74,74,57
3113,57,74,74,74,57
3114,57,74,74,74,57
3115,57,74,74,74,57
3116,57,74,74,74,57
3117,57,74,74,74,57
3118,57,74,74,74,57
3119,57,74,74,74,57
3120,57,74,74,74,57
3121,57,74,74,74,57
3122,57,74,74,74,57
3123,57,74,74,74,57
3124,57,74,74,74,57
3125,57,74,74,74,57
3126,57,74,74,74,57
3127,57,74,74,74,57
3128,57,74,74,74,57
3129,57,74,74,74,57
3130,57,74,74,74,57
3131,57,74,74,74,57
3132,57,74,74,74,57
3133,57,74,74,74,57
3134,57,74,74,74,57
3135,57,74,74,74,57
3136,57,74,74,74,57
3137,57,74,74,74,57
3138,57,74,74,74,57
3139,57,74,74,74,57
3140,57,74,74,74,57
3141,57,74,74,74,57
3142,57,74,74,74,57
3143,57,74,74,74,57
3144,57,74,74,74,57
3145,57,74,74,74,57
3146,57,74,74,74,57
3147,57,74,74,74,57
3148,57,74,74,74,57
3149,57,74,74,74,57
3150,57,74,74,74,57
3151,57,74,74,74,57
3152,57,74,74,74,57
3153,57,74,74,74,57
3154,57,74,74,74,57
3155,57,74,74,74,57
3156,57,74,74,74,57
3157,57,74,74,74,57
3158,57,74,74,74,57
3159,57,74,74,74,57
3160,57,74,74,74,57
3161,57,74,74,74,57
3162,57,74,74,74,57
3163,57,74,74,74,57
3164,57,74,74,74,57
3165,57,74,74,74,57
3166,57,74,74,74,57
3167,57,74,74,74,57
3168,57,74,74,74,57
3169,57,74,74,74,57
3170,57,74,74,74,57
3171,57,74,74,74,57
3172,57,74,74,74,57
3173,57,74,74,74,57
3174,57,74,74,74,57
3175,57,74,74,74,57
3176,57,74,74,74,57
3177,57,74,74,74,57
3178,57,74,74,74,57
3179,57,74,74,74,57
3180,57,74,74,74,57
3181,57,74,74,74,57
3182,57,74,74,74,57
3183,57,74,74,74,57
3184,57,74,74,74,57
3185,57,74,74,74,57
3186,57,74,74,74,57
3187,57,74,74,74,57
3188,57,74,74,74,57
3189,57,74,74,74,57
3190,57,74,74,74,57
3191,57,74,74,74,57
3192,57,74,74,74,57
3193,57,74,74,74,57
3194,57,74,74,74,57
3195,57,74,74,74,57
3196,57,74,74,74,57
3197,57,74,74,74,57
3198,57,74,74,74,57
3199,57,74,74,74,57
3200,57,74,74,74,57
3201,57,74,74,74,57
3202,57,74,74,74,57
3203,57,74,74,74,57
3204,57,74,74,74,57
3205,57,74,74,74,57
3206,57,74,74,74,57
3207,57,74,74,74,57
3208,57,74,74,74,57
3209,57,74,74,74,57
3210,57,74,74,74,57
3211,57,74,74,74,57
3212,57,74,74,74,57
3213,57,74,74,74,57
3214,57,74,74,74,57
3215,57,74,74,74,57
3216,57,74,74,74,57
3217,57,74,74,74,57
3218,57,74,74,74,57
3219,57,74,74,74,57
3220,57,74,74,74,57
3221,57,74,74,74,57
3222,57,74,74,74,57
3223,57,74,74,74,57
3224,57,74,74,74,57
3225,57,74,74,74,57
3226,57,74,74,74,57
3227,57,74,74,74,57
3228,57,74,74,74,57
3229,57,74,74,74,57
3230,57,74,74,74,57
3231,57,74,74,74,57
3232,57,74,74,74,57
3233,57,74,74,74,57
3234,57,74,74,74,57
3235,57,74,74,74,57
3236,57,74,74,74,57
3237,57,74,74,74,57
3238,57,74,74,74,57
3239,57,74,74,74,57
3240,57,74,74,74,57
3241,57,74,74,74,57
3242,57,74,74,74,57
3243,57,74,74,74,57
3244,57,74,74,74,57
3245,57,74,74,74,57
3246,57,74,74,74,57
3247,57,74,74,74,57
3248,57,74,74,74,57
3249,57,74,74,74,57
3250,57,74,74,74,57
3251,57,74,74,74,57
3252,57,74,74,74,57
3253,57,74,74,74,57
3254,57,74,74,74,57
3255,57,74,74,74,57
3256,57,74,74,74,57
3257,57,74,74,74,57
3258,57,74,74,74,57
3259,57,74,74,74,57
3260,57,74,74,74,57
3261,57,74,74,74,57
3262,57,74,74,74,57
3263,57,74,74,74,57
3264,57,74,74,74,57
3265,57,74,74,74,57
3266,57,74,74,74,57
3267,57,74,74,74,57
3268,57,74,74,74,57
3269,57,74,74,74,57
3270,57,74,74,74,57
3271,57,74,74,74,57
3272,57,74,74,74,57
3273,57,74,74,74,57
3274,57,74,74,74,57
3275,57,74,74,74,57
3276,57,74,74,74,57
3277,57,74,74,74,57
3278,57,74,74,74,57
3279,57,74,74,74,57
3280,57,74,74,74,57
3281,57,74,74,74,57
3282,57,74,74,74,57
3283,57,74,74,74,57
3284,57,74,74,74,57
3285,57,74,74,74,57
3286,57,74,74,74,57
3287,57,74,74,74,57
3288,57,74,74,74,57
3289,57,74,74,74,57
3290,57,74,74,74,57
3291,57,74,74,74,57
3292,57,74,74,74,57
3293,57,74,74,74,57
3294,57,74,74,74,57
3295,57,74,74,74,57
3296,57,74,74,74,57
3297,57,74,74,74,57
3298,57,74,74,74,57
3299,57,74,74,74,57
3300,57,74,74,74,57
3301,57,74,74,74,57
3302,57,74,74,74,57
3303,57,74,74,74,57
3304,57,74,74,74,57
3305,57,74,74,74,57
3306,57,74,74,74,57
3307,57,74,74,74,57
3308,57,74,74,74,57
3309,57,74,74,74,57
3310,57,74,74,74,57
3311,57,74,74,74,57
3312,57,74,74,74,57
3313,57,74,74,74,57
3314,57,74,74,74,57
3315,57,74,74,74,57
3316,57,74,74,74,57
3317,57,74,74,74,57
3318,57,74,74,74,57
3319,57,74,74,74,57
3320,57,74,74,74,57
3321,57,74,74,74,57
3322,57,74,74,74,57
3323,57,74,74,74,57
3324,57,74,74,74,57
3325,57,74,74,74,57
3326,57,74,74,74,57
3327,57,74,74,74,57
3328,57,74,74,74,57
3329,57,74,74,74,57
3330,57,74,74,74,57
3331,57,74,74,74,57
3332,57,74,74,74,57
3333,57,74,74,74,57
3334,57,74,74,74,57
3335,57,74,74,74,57
3336,57,74,74,74,57
3337,57,74,74,74,57
3338,57,74,74,74,57
3339,57,74,74,74,57
3340,57,74,74,74,57
3341,57,74,74,74,57
3342,57,74,74,74,57
3343,57,74,74,74,57
3344,57,74,74,74,57
3345,57,74,74,74,57
3346,57,74,74,74,57
3347,57,74,74,74,57
3348,57,74,74,74,57
3349,57,74,74,74,57
3350,57,74,74,74,57
3351,57,74,74,74,57
3352,57,74,74,74,57
3353,57,74,74,74,57
3354,57,74,74,74,57
3355,57,74,74,74,57
3356,57,74,74,74,57
3357,57,74,74,74,57
3358,57,74,74,74,57
3359,57,74,74,74,57
3360,57,74,74,74,57
3361,57,74,74,74,57
3362,57,74,74,74,57
3363,57,74,74,74,57
3364,57,74,74,74,57
3365,57,74,74,74,57
3366,57,74,74,74,57
3367,57,74,74,74,57
3368,57,74,74,74,57
3369,57,74,74,74,57
3370,57,74,74,74,57
3371,57,74,74,74,57
3372,57,74,74,74,57
3373,57,74,74,74,57
3374,57,74,74,74,57
3375,57,74,74,74,57
3376,57,74,74,74,57
3377,57,74,74,74,57
3378,57,74,74,74,57
3379,57,74,74,74,57
3380,57,74,74,74,57
3381,57,74,74,74,57
3382,57,74,74,74,57
3383,57,74,74,74,57
3384,57,74,74,74,57
3385,57,74,74,74,57
3386,57,74,74,74,57
3387,57,74,74,74,57
3388,57,74,74,74,57
3389,57,74,74,74,57
3390,57,74,74,74,57
3391,57,74,74,74,57
3392,57,74,74,74,57
3393,57,74,74,74,57
3394,57,74,74,74,57
3395,57,74,74,74,57
3396,57,74,74,74,57
3397,57,74,74,74,57
3398,57,74,74,74,57
3399,57,74,74,74,57
3400,57,74,74,74,57
3401,57,74,74,74,57
3402,57,74,74,74,57
3403,57,74,74,74,57
3404,57,74,74,74,57
3405,57,74,74,74,57
3406,57,74,74,74,57
3407,57,74,74,74,57
3408,57,74,74,74,57
3409,57,74,74,74,57
3410,57,74,74,74,57
3411,57,74,74,74,57
3412,57,74,74,74,57
3413,57,74,74,74,57
3414,57,74,74,74,57
3415,57,74,74,74,57
3416,57,74,74,74,57
3417,57,74,74,74,57
3418,57,74,74,74,57
3419,57,74,74,74,57
3420,57,74,74,74,57
3421,57,74,74,74,57
3422,57,74,74,74,57
3423,57,74,74,74,57
3424,57,74,74,74,57
3425,57,74,74,74,57
3426,57,74,74,74,57
3427,57,74,74,74,57
3428,57,74,74,74,57
3429,57,74,74,74,57
3430,57,74,74,74,57
3431,57,74,74,74,57
3432,57,74,74,74,57
3433,57,74,74,74,57
3434,57,74,74,74,57
3435,57,74,74,74,57
3436,57,74,74,74,57
3437,57,74,74,74,57
3438,57,74,74,74,57
3439,57,74,74,74,57
3440,57,74,74,74,57
3441,57,74,74,74,57
3442,57,74,74,74,57
3443,57,74,74,74,57
3444,57,74,74,74,57
3445,57,74,74,74,57
3446,57,74,74,74,57
3447,57,74,74,74,57
3448,57,74,74,74,57
3449,57,74,74,74,57
3450,57,74,74,74,57
3451,57,74,74,74,57
3452,57,74,74,74,57
3453,57,74,74,74,57
3454,57,74,74,74,57
3455,57,74,74,74,57
3456,57,74,74,74,57
3457,57,74,74,74,57
3458,57,74,74,74,57
3459,57,74,74,74,57
3460,57,74,74,74,57
3461,57,74,74,74,57
3462,57,74,74,74,57
3463,57,74,74,74,57
3464,57,74,74,74,57
3465,57,74,74,74,57
3466,57,74,74,74,57
3467,57,74,74,74,57
3468,57,74,74,74,57
3469,57,74,74,74,57
3470,57,74,74,74,57
3471,57,74,74,74,57
3472,57,74,74,74,57
3473,57,74,74,74,57
3474,57,74,74,74,57
3475,57,74,74,74,57
3476,57,74,74,74,57
3477,57,74,74,74,57
3478,57,74,74,74,57
3479,57,74,74,74,57
3480,57,74,74,74,57
3481,57,74,74,74,57
3482,57,74,74,74,57
3483,57,74,74,74,57
3484,57,74,74,74,57
3485,57,74,74,74,57
3486,57,74,74,74,57
3487,57,74,74,74,57
3488,57,74,74,74,57
3489,57,74,74,74,57
3490,57,74,74,74,57
3491,57,74,74,74,57
3492,57,74,74,74,57
3493,57,74,74,74,57
3494,57,74,74,74,57
3495,57,74,74,74,57
3496,57,74,74,74,57
3497,57,74,74,74,57
3498,57,74,74,74,57
3499,57,74,74,74,57
3500,57,74,74,74,57
3501,57,74,74,74,57
3502,57,74,74,74,57
3503,57,74,74,74,57
3504,57,74,74,74,57
3505,57,74,74,74,57
3506,57,74,74,74,57
3507,57,74,74,74,57
3508,57,74,74,74,57
3509,57,74,74,74,57
3510,57,74,74,74,57
3511,57,74,74,74,57
3512,57,74,74,74,57
3513,57,74,74,74,57
3514,57,74,74,74,57
3515,57,74,74,74,57
3516,57,74,74,74,57
3517,57,74,74,74,57
3518,57,74,74,74,57
3519,57,74,74,74,57
3520,57,74,74,74,57
3521,57,74,74,74,57
3522,57,74,74,74,57
3523,57,74,74,74,57
3524,57,74,74,74,57
3525,57,74,74,74,57
3526,57,74,74,74,57
3527,57,74,74,74,57
3528,57,74,74,74,57
3529,57,74,74,74,57
3530,57,74,74,74,57
3531,57,74,74,74,57
3532,57,74,74,74,57
3533,57,74,74,74,57
3534,57,74,74,74,57
3535,57,74,74,74,57
3536,57,74,74,74,57
3537,57,74,74,74,57
3538,57,74,74,74,57
3539,57,74,74,74,57
3540,57,74,74,74,57
3541,57,74,74,74,57
3542,57,74,74,74,57
3543,57,74,74,74,57
3544,57,74,74,74,57
3545,57,74,74,74,57
3546,57,74,74,74,57
3547,57,74,74,74,57
3548,57,74,74,74,57
3549,57,74,74,74,57
3550,57,74,74,74,57
3551,57,74,74,74,57
3552,57,74,74,74,57
3553,57,74,74,74,57
3554,57,74,74,74,57
3555,57,74,74,74,57
3556,57,74,74,74,57
3557,57,74,74,74,57
3558,57,74,74,74,57
3559,57,74,74,74,57
3560,57,74,74,74,57
3561,57,74,74,74,57
3562,57,74,74,74,57
3563,57,74,74,74,57
3564,57,74,74,74,57
3565,57,74,74,74,57
3566,57,74,74,74,57
3567,57,74,74,74,57
3568,57,74,74,74,57
3569,57,74,74,74,57
3570,57,74,74,74,57
3571,57,74,74,74,57
3572,57,74,74,74,57
3573,57,74,74,74,57
3574,57,74,74,74,57
3575,57,74,74,74,57
3576,57,74,74,74,57
3577,57,74,74,74,57
3578,57,74,74,74,57
3579,57,74,74,74,57
3580,57,74,74,74,57
3581,57,74,74,74,57
3582,57,74,74,74,57
3583,57,74,74,74,57
3584,57,74,74,74,57
3585,57,74,74,74,57
3586,57,74,74,74,57
3587,57,74,74,74,57
3588,57,74,74,74,57
3589,57,74,74,74,57
3590,57,74,74,74,57
3591,57,74,74,74,57
3592,57,74,74,74,57
3593,57,74,74,74,57
3594,57,74,74,74,57
3595,57,74,74,74,57
3596,57,74,74,74,57
3597,57,74,74,74,57
3598,57,74,74,74,57
3599,57,74,74,74,57
3600,57,74,74,74,57
3601,57,74,74,74,57
3602,57,74,74,74,57
3603,57,74,74,74,57
3604,57,74,74,74,57
3605,57,74,74,74,57
3606,57,74,74,74,57
3607,57,74,74,74,57
3608,57,74,74,74,57
3609,57,74,74,74,57
3610,57,74,74,74,57
3611,57,74,74,74,57
3612,57,74,74,74,57
3613,57,74,74,74,57
3614,57,74,74,74,57
3615,57,74,74,74,57
3616,57,74,74,74,57
3617,57,74,74,74,57
3618,57,74,74,74,57
3619,57,74,74,74,57
3620,57,74,74,74,57
3621,57,74,74,74,57
3622,57,74,74,74,57
3623,57,74,74,74,57
3624,57,74,74,74,57
3625,57,74,74,74,57
3626,57,74,74,74,57
3627,57,74,74,74,57
3628,57,74,74,74,57
3629,57,74,74,74,57
3630,57,74,74,74,57
3631,57,74,74,74,57
3632,57,74,74,74,57
3633,57,74,74,74,57
3634,57,74,74,74,57
3635,57,74,74,74,57
3636,57,74,74,74,57
3637,57,74,74,74,57
3638,57,74,74,74,57
3639,57,74,74,74,57
3640,57,74,74,74,57
3641,57,74,74,74,57
3642,57,74,74,74,57
3643,57,74,74,74,57
3644,57,74,74,74,57
3645,57,74,74,74,57
3646,57,74,74,74,57
3647,57,74,74,74,57
3648,57,74,74,74,57
3649,57,74,74,74,57
3650,57,74,74,74,57
3651,57,74,74,74,57
3652,57,74,74,74,57
3653,57,74,74,74,57
3654,57,74,74,74,57
3655,57,74,74,74,57
3656,57,74,74,74,57
3657,57,74,74,74,57
3658,57,74,74,74,57
3659,57,74,74,74,57
3660,57,74,74,74,57
3661,57,74,74,74,57
3662,57,74,74,74,57
3663,57,74,74,74,57
3664,57,74,74,74,57
3665,57,74,74,74,57
3666,57,74,74,74,57
3667,57,74,74,74,57
3668,57,74,74,74,57
3669,57,74,74,74,57
3670,57,74,74,74,57
3671,57,74,74,74,57
3672,57,74,74,74,57
3673,57,74,74,74,57
3674,57,74,74,74,57
3675,57,74,74,74,57
3676,57,74,74,74,57
3677,57,74,74,74,57
3678,57,74,74,74,57
3679,57,74,74,74,57
3680,57,74,74,74,57
3681,57,74,74,74,57
3682,57,74,74,74,57
3683,57,74,74,74,57
3684,57,74,74,74,57
3685,57,74,74,74,57
3686,57,74,74,74,57
3687,57,74,74,74,57
3688,57,74,74,74,57
3689,57,74,74,74,57
3690,57,74,74,74,57
3691,57,74,74,74,57
3692,57,74,74,74,57
3693,57,74,74,74,57
3694,57,74,74,74,57
3695,57,74,74,74,57
3696,57,74,74,74,57
3697,57,74,74,74,57
3698,57,74,74,74,57
3699,57,74,74,74,57
3700,57,74,74,74,57
3701,57,74,74,74,57
3702,57,74,74,74,57
3703,57,74,74,74,57
3704,57,74,74,74,57
3705,57,74,74,74,57
3706,57,74,74,74,57
3707,57,74,74,74,57
3708,57,74,74,74,57
3709,57,74,74,74,57
3710,57,74,74,74,57
3711,57,74,74,74,57
3712,57,74,74,74,57
3713,57,74,74,74,57
3714,57,74,74,74,57
3715,57,74,74,74,57
3716,57,74,74,74,57
3717,57,74,74,74,57
3718,57,74,74,74,57
3719,57,74,74,74,57
3720,57,74,74,74,57
3721,57,74,74,74,57
3722,57,74,74,74,57
3723,57,74,74,74,57
3724,57,74,74,74,57
3725,57,74,74,74,57
3726,57,74,74,74,57
3727,57,74,74,74,57
3728,57,74,74,74,57
3729,57,74,74,74,57
3730,57,74,74,74,57
3731,57,74,74,74,57
3732,57,74,74,74,57
3733,57,74,74,74,57
3734,57,74,74,74,57
3735,57,74,74,74,57
3736,57,74,74,74,57
3737,57,74,74,74,57
3738,57,74,74,74,57
3739,57,74,74,74,57
3740,57,74,74,74,57
3741,57,74,74,74,57
3742,57,74,74,74,57
3743,57,74,74,74,57
3744,57,74,74,74,57
3745,57,74,74,74,57
3746,57,74,74,74,57
3747,57,74,74,74,57
3748,57,74,74,74,57
3749,57,74,74,74,57
3750,57,74,74,74,57
3751,57,74,74,74,57
3752,57,74,74,74,57
3753,57,74,74,74,57
3754,57,74,74,74,57
3755,57,74,74,74,57
3756,57,74,74,74,57
3757,57,74,74,74,57
3758,57,74,74,74,57
3759,57,74,74,74,57
3760,57,74,74,74,57
3761,57,74,74,74,57
3762,57,74,74,74,57
3763,57,74,74,74,57
3764,57,74,74,74,57
3765,57,74,74,74,57
3766,57,74,74,74,57
3767,57,74,74,74,57
3768,57,74,74,74,57
3769,57,74,74,74,57
3770,57,74,74,74,57
3771,57,74,74,74,57
3772,57,74,74,74,57
3773,57,74,74,74,57
3774,57,74,74,74,57
3775,57,74,74,74,57
3776,57,74,74,74,57
3777,57,74,74,74,57
3778,57,74,74,74,57
3779,57,74,74,74,57
3780,57,74,74,74,57
3781,57,74,74,74,57
3782,57,74,74,74,57
3783,57,74,74,74,57
3784,57,74,74,74,57
3785,57,74,74,74,57
3786,57,74,74,74,57
3787,57,74,74,74,57
3788,57,74,74,74,57
3789,57,74,74,74,57
3790,57,74,74,74,57
3791,57,74,74,74,57
3792,57,74,74,74,57
3793,57,74,74,74,57
3794,57,74,74,74,57
3795,57,74,74,74,57
3796,57,74,74,74,57
3797,57,74,74,74,57
3798,57,74,74,74,57
3799,57,74,74,74,57
3800,57,74,74,74,57
3801,57,74,74,74,57
3802,57,74,74,74,57
3803,57,74,74,74,57
3804,57,74,74,74,57
3805,57,74,74,74,57
3806,57,74,74,74,57
3807,57,74,74,74,57
3808,57,74,74,74,57
3809,57,74,74,74,57
3810,57,74,74,74,57
3811,57,74,74,74,57
3812,57,74,74,74,57
3813,57,74,74,74,57
3814,57,74,74,74,57
3815,57,74,74,74,57
3816,57,74,74,74,57
3817,57,74,74,74,57
3818,57,74,74,74,57
3819,57,74,74,74,57
3820,57,74,74,74,57
3821,57,74,74,74,57
3822,57,74,74,74,57
3823,57,74,74,74,57
3824,57,74,74,74,57
3825,57,74,74,74,57
3826,57,74,74,74,57
3827,57,74,74,74,57
3828,57,74,74,74,57
3829,57,74,74,74,57
3830,57,74,74,74,57
3831,57,74,74,74,57
3832,57,74,74,74,57
3833,57,74,74,74,57
3834,57,74,74,74,57
3835,57,74,74,74,57
3836,57,74,74,74,57
3837,57,74,74,74,57
3838,57,74,74,74,57
3839,57,74,74,74,57
3840,57,74,74,74,57
3841,57,74,74,74,57
3842,57,74,74,74,57
3843,57,74,74,74,57
3844,57,74,74,74,57
3845,57,74,74,74,57
3846,57,74,74,74,57
3847,57,74,74,74,57
3848,57,74,74,74,57
3849,57,74,74,74,57
3850,57,74,74,74,57
3851,57,74,74,74,57
3852,57,74,74,74,57
3853,57,74,74,74,57
3854,57,74,74,74,57
3855,57,74,74,74,57
3856,57,74,74,74,57
3857,57,74,74,74,57
3858,57,74,74,74,57
3859,57,74,74,74,57
3860,57,74,74,74,57
3861,57,74,74,74,57
3862,57,74,74,74,57
3863,57,74,74,74,57
3864,57,74,74,74,57
3865,57,74,74,74,57
3866,57,74,74,74,57
3867,57,74,74,74,57
3868,57,74,74,74,57
3869,57,74,74,74,57
3870,57,74,74,74,57
3871,57,74,74,74,57
3872,57,74,74,74,57
3873,57,74,74,74,57
3874,57,74,74,74,57
3875,57,74,74,74,57
3876,57,74,74,74,57
3877,57,74,74,74,57
3878,57,74,74,74,57
3879,57,74,74,74,57
3880,57,74,74,74,57
3881,57,74,74,74,57
3882,57,74,74,74,57
3883,57,74,74,74,57
3884,57,74,74,74,57
3885,57,74,74,74,57
3886,57,74,74,74,57
3887,57,74,74,74,57
3888,57,74,74,74,57
3889,57,74,74,74,57
3890,57,74,74,74,57
3891,57,74,74,74,57
3892,57,74,74,74,57
3893,57,74,74,74,57
3894,57,74,74,74,57
3895,57,74,74,74,57
3896,57,74,74,74,57
3897,57,74,74,74,57
3898,57,74,74,74,57
3899,57,74,74,74,57
3900,57,74,74,74,57
3901,57,74,74,74,57
3902,57,74,74,74,57
3903,57,74,74,74,57
3904,57,74,74,74,57
3905,57,74,74,74,57
3906,57,74,74,74,57
3907,57,74,74,74,57
3908,57,74,74,74,57
3909,57,74,74,74,57
3910,57,74,74,74,57
3911,57,74,74,74,57
3912,57,74,74,74,57
3913,57,74,74,74,57
3914,57,74,74,74,57
3915,57,74,74,74,57
3916,57,74,74,74,57
3917,57,74,74,74,57
3918,57,74,74,74,57
3919,57,74,74,74,57
3920,57,74,74,74,57
3921,57,74,74,74,57
3922,57,74,74,74,57
3923,57,74,74,74,57
3924,57,74,74,74,57
3925,57,74,74,74,57
3926,57,74,74,74,57
3927,57,74,74,74,57
3928,57,74,74,74,57
3929,57,74,74,74,57
3930,57,74,74,74,57
3931,57,74,74,74,57
3932,57,74,74,74,57
3933,57,74,74,74,57
3934,57,74,74,74,57
3935,57,74,74,74,57
3936,57,74,74,74,57
3937,57,74,74,74,57
3938,57,74,74,74,57
3939,57,74,74,74,57
3940,57,74,74,74,57
3941,57,74,74,74,57
3942,57,74,74,74,57
3943,57,74,74,74,57
3944,57,74,74,74,57
3945,57,74,74,74,57
3946,57,74,74,74,57
3947,57,74,74,74,57
3948,57,74,74,74,57
3949,57,74,74,74,57
3950,57,74,74,74,57
3951,57,74,74,74,57
3952,57,74,74,74,57
3953,57,74,74,74,57
3954,57,74,74,74,57
3955,57,74,74,74,57
3956,57,74,74,74,57
3957,57,74,74,74,57
3958,57,74,74,74,57
3959,57,74,74,74,57
3960,57,74,74,74,57
3961,57,74,74,74,57
3962,57,74,74,74,57
3963,57,74,74,74,57
3964,57,74,74,74,57
3965,57,74,74,74,57
3966,57,74,74,74,57
3967,57,74,74,74,57
3968,57,74,74,74,57
3969,57,74,74,74,57
3970,57,74,74,74,57
3971,57,74,74,74,57
3972,57,74,74,74,57
3973,57,74,74,74,57
3974,57,74,74,74,57
3975,57,74,74,74,57
3976,57,74,74,74,57
3977,57,74,74,74,57
3978,57,74,74,74,57
3979,57,74,74,74,57
3980,57,74,74,74,57
3981,57,74,74,74,57
3982,57,74,74,74,57
3983,57,74,74,74,57
3984,57,74,74,74,57
3985,57,74,74,74,57
3986,57,74,74,74,57
3987,57,74,74,74,57
3988,57,74,74,74,57
3989,57,74,74,74,57
3990,57,74,74,74,57
3991,57,74,74,74,57
3992,57,74,74,74,57
3993,57,74,74,74,57
3994,57,74,74,74,57
3995,57,74,74,74,57
3996,57,74,74,74,57
3997,57,74,74,74,57
3998,57,74,74,74,57
3999,57,74,74,74,57
4000,57,74,74,74,57
4001,57,74,74,74,57
4002,57,74,74,74,57
4003,57,74,74,74,57
4004,57,74,74,74,57
4005,57,74,74,74,57
4006,57,74,74,74,57
4007,57,74,74,74,57
4008,57,74,74,74,57
4009,57,74,74,74,57
4010,57,74,74,74,57
4011,57,74,74,74,57
4012,57,74,74,74,57
4013,57,74,74,74,57
4014,57,74,74,74,57
4015,57,74,74,74,57
4016,57,74,74,74,57
4017,57,74,74,74,57
4018,57,74,74,74,57
4019,57,74,74,74,57
4020,57,74,74,74,57
4021,57,74,74,74,57
4022,57,74,74,74,57
4023,57,74,74,74,57
4024,57,74,74,74,57
4025,57,74,74,74,57
4026,57,74,74,74,57
4027,57,74,74,74,57
4028,57,74,74,74,57
4029,57,74,74,74,57
4030,57,74,74,74,57
4031,57,74,74,74,57
4032,57,74,74,74,57
4033,57,74,74,74,57
4034,57,74,74,74,57
4035,57,74,74,74,57
4036,57,74,74,74,57
4037,57,74,74,74,57
4038,57,74,74,74,57
4039,57,74,74,74,57
4040,57,74,74,74,57
4041,57,74,74,74,57
4042,57,74,74,74,57
4043,57,74,74,74,57
4044,57,74,74,74,57
4045,57,74,74,74,57
4046,57,74,74,74,57
4047,57,74,74,74,57
4048,57,74,74,74,57
4049,57,74,74,74,57
4050,57,74,74,74,57
4051,57,74,74,74,57
4052,57,74,74,74,57
4053,57,74,74,74,57
4054,57,74,74,74,57
4055,57,74,74,74,57
4056,57,74,74,74,57
4057,57,74,74,74,57
4058,57,74,74,74,57
4059,57,74,74,74,57
4060,57,74,74,74,57
4061,57,74,74,74,57
4062,57,74,74,74,57
4063,57,74,74,74,57
4064,57,74,74,74,57
4065,57,74,74,74,57
4066,57,74,74,74,57
4067,57,74,74,74,57
4068,57,74,74,74,57
4069,57,74,74,74,57
4070,57,74,74,74,57
4071,57,74,74,74,57
4072,57,74,74,74,57
4073,57,74,74,74,57
4074,57,74,74,74,57
4075,57,74,74,74,57
4076,57,74,74,74,57
4077,57,74,74,74,57
4078,57,74,74,74,57
4079,57,74,74,74,57
4080,57,74,74,74,57
4081,57,74,74,74,57
4082,57,74,74,74,57
4083,57,74,74,74,57
4084,57,74,74,74,57
4085,57,74,74,74,57
4086,57,74,74,74,57
4087,57,74,74,74,57
4088,57,74,74,74,57
4089,57,74,74,74,57
4090,57,74,74,74,57
4091,57,74,74,74,57
4092,57,74,74,74,57
4093,57,74,74,74,57
4094,57,74,74,74,57
4095,57,74,74,74,57
4096,57,74,74,74,57
4097,57,74,74,74,57
4098,57,74,74,74,57
4099,57,74,74,74,57
4100,57,74,74,74,57
4101,57,74,74,74,57
4102,57,74,74,74,57
4103,57,74,74,74,57
4104,57,74,74,74,57
4105,57,74,74,74,57
4106,57,74,74,74,57
4107,57,74,74,74,57
4108,57,74,74,74,57
4109,57,74,74,74,57
4110,57,74,74,74,57
4111,57,74,74,74,57
4112,57,74,74,74,57
4113,57,74,74,74,57
4114,57,74,74,74,57
4115,57,74,74,74,57
4116,57,74,74,74,57
4117,57,74,74,74,57
4118,57,74,74,74,57
4119,57,74,74,74,57
4120,57,74,74,74,57
4121,57,74,74,74,57
4122,57,74,74,74,57
4123,57,74,74,74,57
4124,57,74,74,74,57
4125,57,74,74,74,57
4126,57,74,74,74,57
4127,57,74,74,74,57
4128,57,74,74,74,57
4129,57,74,74,74,57
4130,57,74,74,74,57
4131,57,74,74,74,57
4132,57,74,74,74,57
4133,57,74,74,74,57
4134,57,74,74,74,57
4135,57,74,74,74,57
4136,57,74,74,74,57
4137,57,74,74,74,57
4138,57,74,74,74,57
4139,57,74,74,74,57
4140,57,74,74,74,57
4141,57,74,74,74,57
4142,57,74,74,74,57
4143,57,74,74,74,57
4144,57,74,74,74,57
4145,57,74,74,74,57
4146,57,74,74,74,57
4147,57,74,74,74,57
4148,57,74,74,74,57
4149,57,74,74,74,57
4150,57,74,74,74,57
4151,57,74,74,74,57
4152,57,74,74,74,57
4153,57,74,74,74,57
4154,57,74,74,74,57
4155,57,74,74,74,57
4156,57,74,74,74,57
4157,57,74,74,74,57
4158,57,74,74,74,57
4159,57,74,74,74,57
4160,57,74,74,74,57
4161,57,74,74,74,57
4162,57,74,74,74,57
4163,57,74,74,74,57
4164,57,74,74,74,57
4165,57,74,74,74,57
4166,57,74,74,74,57
4167,57,74,74,74,57
4168,57,74,74,74,57
4169,57,74,74,74,57
4170,57,74,74,74,57
4171,57,74,74,74,57
4172,57,74,74,74,57
4173,57,74,74,74,57
4174,57,74,74,74,57
4175,57,74,74,74,57
4176,57,74,74,74,57
4177,57,74,74,74,57
4178,57,74,74,74,57
4179,57,74,74,74,57
4180,57,74,74,74,57
4181,57,74,74,74,57
4182,57,74,74,74,57
4183,57,74,74,74,57
4184,57,74,74,74,57
4185,57,74,74,74,57
4186,57,74,74,74,57
4187,57,74,74,74,57
4188,57,74,74,74,57
4189,57,74,74,74,57
4190,57,74,74,74,57
4191,57,74,74,74,57
4192,57,74,74,74,57
4193,57,74,74,74,57
4194,57,74,74,74,57
4195,57,74,74,74,57
4196,57,74,74,74,57
4197,57,74,74,74,57
4198,57,74,74,74,57
4199,57,74,74,74,57
4200,57,74,74,74,57
4201,57,74,74,74,57
4202,57,74,74,74,57
4203,57,74,74,74,57
4204,57,74,74,74,57
4205,57,74,74,74,57
4206,57,74,74,74,57
4207,57,74,74,74,57
4208,57,74,74,74,57
4209,57,74,74,74,57
4210,57,74,74,74,57
4211,57,74,74,74,57
4212,57,74,74,74,57
4213,57,74,74,74,57
4214,57,74,74,74,57
4215,57,74,74,74,57
4216,57,74,74,74,57
4217,57,74,74,74,57
4218,57,74,74,74,57
4219,57,74,74,74,57
4220,57,74,74,74,57
4221,57,74,74,74,57
4222,57,74,74,74,57
4223,57,74,74,74,57
4224,57,74,74,74,57
4225,57,74,74,74,57
4226,57,74,74,74,57
4227,57,74,74,74,57
4228,57,74,74,74,57
4229,57,74,74,74,57
4230,57,74,74,74,57
4231,57,74,74,74,57
4232,57,74,74,74,57
4233,57,74,74,74,57
4234,57,74,74,74,57
4235,57,74,74,74,57
4236,57,74,74,74,57
4237,57,74,74,74,57
4238,57,74,74,74,57
4239,57,74,74,74,57
4240,57,74,74,74,57
4241,57,74,74,74,57
4242,57,74,74,74,57
4243,57,74,74,74,57
4244,57,74,74,74,57
4245,57,74,74,74,57
4246,57,74,74,74,57
4247,57,74,74,74,57
4248,57,74,74,74,57
4249,57,74,74,74,57
4250,57,74,74,74,57
4251,57,74,74,74,57
4252,57,74,74,74,57
4253,57,74,74,74,57
4254,57,74,74,74,57
4255,57,74,74,74,57
4256,57,74,74,74,57
4257,57,74,74,74,57
4258,57,74,74,74,57
4259,57,74,74,74,57
4260,57,74,74,74,57
4261,57,74,74,74,57
4262,57,74,74,74,57
4263,57,74,74,74,57
4264,57,74,74,74,57
4265,57,74,74,74,57
4266,57,74,74,74,57
4267,57,74,74,74,57
4268,57,74,74,74,57
4269,57,74,74,74,57
4270,57,74,74,74,57
4271,57,74,74,74,57
4272,57,74,74,74,57
4273,57,74,74,74,57
4274,57,74,74,74,57
4275,57,74,74,74,57
4276,57,74,74,74,57
4277,57,74,74,74,57
4278,57,74,74,74,57
4279,57,74,74,74,57
4280,57,74,74,74,57
4281,57,74,74,74,57
4282,57,74,74,74,57
4283,57,74,74,74,57
4284,57,74,74,74,57
4285,57,74,74,74,57
4286,57,74,74,74,57
4287,57,74,74,74,57
4288,57,74,74,74,57
4289,57,74,74,74,57
4290,57,74,74,74,57
4291,57,74,74,74,57
4292,57,74,74,74,57
4293,57,74,74,74,57
4294,57,74,74,74,57
4295,57,74,74,74,57
4296,57,74,74,74,57
4297,57,74,74,74,57
4298,57,74,74,74,57
4299,57,74,74,74,57
4300,57,74,74,74,57
4301,57,74,74,74,57
4302,57,74,74,74,57
4303,57,74,74,74,57
4304,57,74,74,74,57
4305,57,74,74,74,57
4306,57,74,74,74,57
4307,57,74,74,74,57
4308,57,74,74,74,57
4309,57,74,74,74,57
4310,57,74,74,74,57
4311,57,74,74,74,57
4312,57,74,74,74,57
4313,57,74,74,74,57
4314,57,74,74,74,57
4315,57,74,74,74,57
4316,57,74,74,74,57
4317,57,74,74,74,57
4318,57,74,74,74,57
4319,57,74,74,74,57
4320,57,74,74,74,57
4321,57,74,74,74,57
4322,57,74,74,74,57
4323,57,74,74,74,57
4324,57,74,74,74,57
4325,57,74,74,74,57
4326,57,74,74,74,57
4327,57,74,74,74,57
4328,57,74,74,74,57
4329,57,74,74,74,57
4330,57,74,74,74,57
4331,57,74,74,74,57
4332,57,74,74,74,57
4333,57,74,74,74,57
4334,57,74,74,74,57
4335,57,74,74,74,57
4336,57,74,74,74,57
4337,57,74,74,74,57
4338,57,74,74,74,57
4339,57,74,74,74,57
4340,57,74,74,74,57
4341,57,74,74,74,57
4342,57,74,74,74,57
4343,57,74,74,74,57
4344,57,74,74,74,57
4345,57,74,74,74,57
4346,57,74,74,74,57
4347,57,74,74,74,57
4348,57,74,74,74,57
4349,57,74,74,74,57
4350,57,74,74,74,57
4351,57,74,74,74,57
4352,57,74,74,74,57
4353,57,74,74,74,57
4354,57,74,74,74,57
4355,57,74,74,74,57
4356,57,74,74,74,57
4357,57,74,74,74,57
4358,57,74,74,74,57
4359,57,74,74,74,57
4360,57,74,74,74,57
4361,57,74,74,74,57
4362,57,74,74,74,57
4363,57,74,74,74,57
4364,57,74,74,74,57
4365,57,74,74,74,57
4366,57,74,74,74,57
4367,57,74,74,74,57
4368,57,74,74,74,57
4369,57,74,74,74,57
4370,57,74,74,74,57
4371,57,74,74,74,57
4372,57,74,74,74,57
4373,57,74,74,74,57
4374,57,74,74,74,57
4375,57,74,74,74,57
4376,57,74,74,74,57
4377,57,74,74,74,57
4378,57,74,74,74,57
4379,57,74,74,74,57
4380,57,74,74,74,57
4381,57,74,74,74,57
4382,57,74,74,74,57
4383,57,74,74,74,57
4384,57,74,74,74,57
4385,57,74,74,74,57
4386,57,74,74,74,57
4387,57,74,74,74,57
4388,57,74,74,74,57
4389,57,74,74,74,57
4390,57,74,74,74,57
4391,57,74,74,74,57
4392,57,74,74,74,57
4393,57,74,74,74,57
4394,57,74,74,74,57
4395,57,74,74,74,57
4396,57,74,74,74,57
4397,57,74,74,74,57
4398,57,74,74,74,57
4399,57,74,74,74,57
4400,57,74,74,74,57
4401,57,74,74,74,57
4402,57,74,74,74,57
4403,57,74,74,74,57
4404,57,74,74,74,57
4405,57,74,74,74,57
4406,57,74,74,74,57
4407,57,74,74,74,57
4408,57,74,74,74,57
4409,57,74,74,74,57
4410,57,74,74,74,57
4411,57,74,74,74,57
4412,57,74,74,74,57
4413,57,74,74,74,57
4414,57,74,74,74,57
4415,57,74,74,74,57
4416,57,74,74,74,57
4417,57,74,74,74,57
4418,57,74,74,74,57
4419,57,74,74,74,57
4420,57,74,74,74,57
4421,57,74,74,74,57
4422,57,74,74,74,57
4423,57,74,74,74,57
4424,57,74,74,74,57
4425,57,74,74,74,57
4426,57,74,74,74,57
4427,57,74,74,74,57
4428,57,74,74,74,57
4429,57,74,74,74,57
4430,57,74,74,74,57
4431,57,74,74,74,57
4432,57,74,74,74,57
4433,57,74,74,74,57
4434,57,74,74,74,57
4435,57,74,74,74,57
4436,57,74,74,74,57
4437,57,74,74,74,57
4438,57,74,74,74,57
4439,57,74,74,74,57
4440,57,74,74,74,57
4441,57,74,74,74,57
4442,57,74,74,74,57
4443,57,74,74,74,57
4444,57,74,74,74,57
4445,57,74,74,74,57
4446,57,74,74,74,57
4447,57,74,74,74,57
4448,57,74,74,74,57
4449,57,74,74,74,57
4450,57,74,74,74,57
4451,57,74,74,74,57
4452,57,74,74,74,57
4453,57,74,74,74,57
4454,57,74,74,74,57
4455,57,74,74,74,57
4456,57,74,74,74,57
4457,57,74,74,74,57
4458,57,74,74,74,57
4459,57,74,74,74,57
4460,57,74,74,74,57
4461,57,74,74,74,57
4462,57,74,74,74,57
4463,57,74,74,74,57
4464,57,74,74,74,57
4465,57,74,74,74,57
4466,57,74,74,74,57
4467,57,74,74,74,57
4468,57,74,74,74,57
4469,57,74,74,74,57
4470,57,74,74,74,57
4471,57,74,74,74,57
4472,57,74,74,74,57
4473,57,74,74,74,57
4474,57,74,74,74,57
4475,57,74,74,74,57
4476,57,74,74,74,57
4477,57,74,74,74,57
4478,57,74,74,74,57
4479,57,74,74,74,57
4480,57,74,74,74,57
4481,57,74,74,74,57
4482,57,74,74,74,57
4483,57,74,74,74,57
4484,57,74,74,74,57
4485,57,74,74,74,57
4486,57,74,74,74,57
4487,57,74,74,74,57
4488,57,74,74,74,57
4489,57,74,74,74,57
4490,57,74,74,74,57
4491,57,74,74,74,57
4492,57,74,74,74,57
4493,57,74,74,74,57
4494,57,74,74,74,57
4495,57,74,74,74,57
4496,57,74,74,74,57
4497,57,74,74,74,57
4498,57,74,74,74,57
4499,57,74,74,74,57
4500,57,74,74,74,57
4501,57,74,74,74,57
4502,57,74,74,74,57
4503,57,74,74,74,57
4504,57,74,74,74,57
4505,57,74,74,74,57
4506,57,74,74,74,57
4507,57,74,74,74,57
4508,57,74,74,74,57
4509,57,74,74,74,57
4510,57,74,74,74,57
4511,57,74,74,74,57
4512,57,74,74,74,57
4513,57,74,74,74,57
4514,57,74,74,74,57
4515,57,74,74,74,57
4516,57,74,74,74,57
4517,57,74,74,74,57
4518,57,74,74,74,57
4519,57,74,74,74,57
4520,57,74,74,74,57
4521,57,74,74,74,57
4522,57,74,74,74,57
4523,57,74,74,74,57
4524,57,74,74,74,57
4525,57,74,74,74,57
4526,57,74,74,74,57
4527,57,74,74,74,57
4528,57,74,74,74,57
4529,57,74,74,74,57
4530,57,74,74,74,57
4531,57,74,74,74,57
4532,57,74,74,74,57
4533,57,74,74,74,57
4534,57,74,74,74,57
4535,57,74,74,74,57
4536,57,74,74,74,57
4537,57,74,74,74,57
4538,57,74,74,74,57
4539,57,74,74,74,57
4540,57,74,74,74,57
4541,57,74,74,74,57
4542,57,74,74,74,57
4543,57,74,74,74,57
4544,57,74,74,74,57
4545,57,74,74,74,57
4546,57,74,74,74,57
4547,57,74,74,74,57
4548,57,74,74,74,57
4549,57,74,74,74,57
4550,57,74,74,74,57
4551,57,74,74,74,57
4552,57,74,74,74,57
4553,57,74,74,74,57
4554,57,74,74,74,57
4555,57,74,74,74,57
4556,57,74,74,74,57
4557,57,74,74,74,57
4558,57,74,74,74,57
4559,57,74,74,74,57
4560,57,74,74,74,57
4561,57,74,74,74,57
4562,57,74,74,74,57
4563,57,74,74,74,57
4564,57,74,74,74,57
4565,57,74,74,74,57
4566,57,74,74,74,57
4567,57,74,74,74,57
4568,57,74,74,74,57
4569,57,74,74,74,57
4570,57,74,74,74,57
4571,57,74,74,74,57
4572,57,74,74,74,57
4573,57,74,74,74,57
4574,57,74,74,74,57
4575,57,74,74,74,57
4576,57,74,74,74,57
4577,57,74,74,74,57
4578,57,74,74,74,57
4579,57,74,74,74,57
4580,57,74,74,74,57
4581,57,74,74,74,57
4582,57,74,74,74,57
4583,57,74,74,74,57
4584,57,74,74,74,57
4585,57,74,74,74,57
4586,57,74,74,74,57
4587,57,74,74,74,57
4588,57,74,74,74,57
4589,57,74,74,74,57
4590,57,74,74,74,57
4591,57,74,74,74,57
4592,57,74,74,74,57
4593,57,74,74,74,57
4594,57,74,74,74,57
4595,57,74,74,74,57
4596,57,74,74,74,57
4597,57,74,74,74,57
4598,57,74,74,74,57
4599,57,74,74,74,57
4600,57,74,74,74,57
4601,57,74,74,74,57
4602,57,74,74,74,57
4603,57,74,74,74,57
4604,57,74,74,74,57
4605,57,74,74,74,57
4606,57,74,74,74,57
4607,57,74,74,74,57
4608,57,74,74,74,57
4609,57,74,74,74,57
4610,57,74,74,74,57
4611,57,74,74,74,57
4612,57,74,74,74,57
4613,57,74,74,74,57
4614,57,74,74,74,57
4615,57,74,74,74,57
4616,57,74,74,74,57
4617,57,74,74,74,57
4618,57,74,74,74,57
4619,57,74,74,74,57
4620,57,74,74,74,57
4621,57,74,74,74,57
4622,57,74,74,74,57
4623,57,74,74,74,57
4624,57,74,74,74,57
4625,57,74,74,74,57
4626,57,74,74,74,57
4627,57,74,74,74,57
4628,57,74,74,74,57
4629,57,74,74,74,57
4630,57,74,74,74,57
4631,57,74,74,74,57
4632,57,74,74,74,57
4633,57,74,74,74,57
4634,57,74,74,74,57
4635,57,74,74,74,57
4636,57,74,74,74,57
4637,57,74,74,74,57
4638,57,74,74,74,57
4639,57,74,74,74,57
4640,57,74,74,74,57
4641,57,74,74,74,57
4642,57,74,74,74,57
4643,57,74,74,74,57
4644,57,74,74,74,57
4645,57,74,74,74,57
4646,57,74,74,74,57
4647,57,74,74,74,57
4648,57,74,74,74,57
4649,57,74,74,74,57
4650,57,74,74,74,57
4651,57,74,74,74,57
4652,57,74,74,74,57
4653,57,74,74,74,57
4654,57,74,74,74,57
4655,57,74,74,74,57
4656,57,74,74,74,57
4657,57,74,74,74,57
4658,57,74,74,74,57
4659,57,74,74,74,57
4660,57,74,74,74,57
4661,57,74,74,74,57
4662,57,74,74,74,57
4663,57,74,74,74,57
4664,57,74,74,74,57
4665,57,74,74,74,57
4666,57,74,74,74,57
4667,57,74,74,74,57
4668,57,74,74,74,57
4669,57,74,74,74,57
4670,57,74,74,74,57
4671,57,74,74,74,57
4672,57,74,74,74,57
4673,57,74,74,74,57
4674,57,74,74,74,57
4675,57,74,74,74,57
4676,57,74,74,74,57
4677,57,74,74,74,57
4678,57,74,74,74,57
4679,57,74,74,74,57
4680,57,74,74,74,57
4681,57,74,74,74,57
4682,57,74,74,74,57
4683,57,74,74,74,57
4684,57,74,74,74,57
4685,57,74,74,74,57
4686,57,74,74,74,57
4687,57,74,74,74,57
4688,57,74,74,74,57
4689,57,74,74,74,57
4690,57,74,74,74,57
4691,57,74,74,74,57
4692,57,74,74,74,57
4693,57,74,74,74,57
4694,57,74,74,74,57
4695,57,74,74,74,57
4696,57,74,74,74,57
4697,57,74,74,74,57
4698,57,74,74,74,57
4699,57,74,74,74,57
4700,57,74,74,74,57
4701,57,74,74,74,57
4702,57,74,74,74,57
4703,57,74,74,74,57
4704,57,74,74,74,57
4705,57,74,74,74,57
4706,57,74,74,74,57
4707,57,74,74,74,57
4708,57,74,74,74,57
4709,57,74,74,74,57
4710,57,74,74,74,57
4711,57,74,74,74,57
4712,57,74,74,74,57
4713,57,74,74,74,57
4714,57,74,74,74,57
4715,57,74,74,74,57
4716,57,74,74,74,57
4717,57,74,74,74,57
4718,57,74,74,74,57
4719,57,74,74,74,57
4720,57,74,74,74,57
4721,57,74,74,74,57
4722,57,74,74,74,57
4723,57,74,74,74,57
4724,57,74,74,74,57
4725,57,74,74,74,57
4726,57,74,74,74,57
4727,57,74,74,74,57
4728,57,74,74,74,57
4729,57,74,74,74,57
4730,57,74,74,74,57
4731,57,74,74,74,57
4732,57,74,74,74,57
4733,57,74,74,74,57
4734,57,74,74,74,57
4735,57,74,74,74,57
4736,57,74,74,74,57
4737,57,74,74,74,57
4738,57,74,74,74,57
4739,57,74,74,74,57
4740,57,74,74,74,57
4741,57,74,74,74,57
4742,57,74,74,74,57
4743,57,74,74,74,57
4744,57,74,74,74,57
4745,57,74,74,74,57
4746,57,74,74,74,57
4747,57,74,74,74,57
4748,57,74,74,74,57
4749,57,74,74,74,57
4750,57,74,74,74,57
4751,57,74,74,74,57
4752,57,74,74,74,57
4753,57,74,74,74,57
4754,57,74,74,74,57
4755,57,74,74,74,57
4756,57,74,74,74,57
4757,57,74,74,74,57
4758,57,74,74,74,57
4759,57,74,74,74,57
4760,57,74,74,74,57
4761,57,74,74,74,57
4762,57,74,74,74,57
4763,57,74,74,74,57
4764,57,74,74,74,57
4765,57,74,74,74,57
4766,57,74,74,74,57
4767,57,74,74,74,57
4768,57,74,74,74,57
4769,57,74,74,74,57
4770,57,74,74,74,57
4771,57,74,74,74,57
4772,57,74,74,74,57
4773,57,74,74,74,57
4774,57,74,74,74,57
4775,57,74,74,74,57
4776,57,74,74,74,57
4777,57,74,74,74,57
4778,57,74,74,74,57
4779,57,74,74,74,57
4780,57,74,74,74,57
4781,57,74,74,74,57
4782,57,74,74,74,57
4783,57,74,74,74,57
4784,57,74,74,74,57
4785,57,74,74,74,57
4786,57,74,74,74,57
4787,57,74,74,74,57
4788,57,74,74,74,57
4789,57,74,74,74,57
4790,57,74,74,74,57
4791,57,74,74,74,57
4792,57,74,74,74,57
4793,57,74,74,74,57
4794,57,74,74,74,57
4795,57,74,74,74,57
4796,57,74,74,74,57
4797,57,74,74,74,57
4798,57,74,74,74,57
4799,57,74,74,74,57
4800,57,74,74,74,57
4801,57,74,74,74,57
4802,57,74,74,74,57
4803,57,74,74,74,57
4804,57,74,74,74,57
4805,57,74,74,74,57
4806,57,74,74,74,57
4807,57,74,74,74,57
4808,57,74,74,74,57
4809,57,74,74,74,57
4810,57,74,74,74,57
4811,57,74,74,74,57
4812,57,74,74,74,57
4813,57,74,74,74,57
4814,57,74,74,74,57
4815,57,74,74,74,57
4816,57,74,74,74,57
4817,57,74,74,74,57
4818,57,74,74,74,57
4819,57,74,74,74,57
4820,57,74,74,74,57
4821,57,74,74,74,57
4822,57,74,74,74,57
4823,57,74,74,74,57
4824,57,74,74,74,57
4825,57,74,74,74,57
4826,57,74,74,74,57
4827,57,74,74,74,57
4828,57,74,74,74,57
4829,57,74,74,74,57
4830,57,74,74,74,57
4831,57,74,74,74,57
4832,57,74,74,74,57
4833,57,74,74,74,57
4834,57,74,74,74,57
4835,57,74,74,74,57
4836,57,74,74,74,57
4837,57,74,74,74,57
4838,57,74,74,74,57
4839,57,74,74,74,57
4840,57,74,74,74,57
4841,57,74,74,74,57
4842,57,74,74,74,57
4843,57,74,74,74,57
4844,57,74,74,74,57
4845,57,74,74,74,57
4846,57,74,74,74,57
4847,57,74,74,74,57
4848,57,74,74,74,57
4849,57,74,74,74,57
4850,57,74,74,74,57
4851,57,74,74,74,57
4852,57,74,74,74,57
4853,57,74,74,74,57
4854,57,74,74,74,57
4855,57,74,74,74,57
4856,57,74,74,74,57
4857,57,74,74,74,57
4858,57,74,74,74,57
4859,57,74,74,74,57
4860,57,74,74,74,57
4861,57,74,74,74,57
4862,57,74,74,74,57
4863,57,74,74,74,57
4864,57,74,74,74,57
4865,57,74,74,74,57
4866,57,74,74,74,57
4867,57,74,74,74,57
4868,57,74,74,74,57
4869,57,74,74,74,57
4870,57,74,74,74,57
4871,57,74,74,74,57
4872,57,74,74,74,57
4873,57,74,74,74,57
4874,57,74,74,74,57
4875,57,74,74,74,57
4876,57,74,74,74,57
4877,57,74,74,74,57
4878,57,74,74,74,57
4879,57,74,74,74,57
4880,57,74,74,74,57
4881,57,74,74,74,57
4882,57,74,74,74,57
4883,57,74,74,74,57
4884,57,74,74,74,57
4885,57,74,74,74,57
4886,57,74,74,74,57
4887,57,74,74,74,57
4888,57,74,74,74,57
4889,57,74,74,74,57
4890,57,74,74,74,57
4891,57,74,74,74,57
4892,57,74,74,74,57
4893,57,74,74,74,57
4894,57,74,74,74,57
4895,57,74,74,74,57
4896,57,74,74,74,57
4897,57,74,74,74,57
4898,57,74,74,74,57
4899,57,74,74,74,57
4900,57,74,74,74,57
4901,57,74,74,74,57
4902,57,74,74,74,57
4903,57,74,74,74,57
4904,57,74,74,74,57
4905,57,74,74,74,57
4906,57,74,74,74,57
4907,57,74,74,74,57
4908,57,74,74,74,57
4909,57,74,74,74,57
4910,57,74,74,74,57
4911,57,74,74,74,57
4912,57,74,74,74,57
4913,57,74,74,74,57
4914,57,74,74,74,57
4915,57,74,74,74,57
4916,57,74,74,74,57
4917,57,74,74,74,57
4918,57,74,74,74,57
4919,57,74,74,74,57
4920,57,74,74,74,57
4921,57,74,74,74,57
4922,57,74,74,74,57
4923,57,74,74,74,57
4924,57,74,74,74,57
4925,57,74,74,74,57
4926,57,74,74,74,57
4927,57,74,74,74,57
4928,57,74,74,74,57
4929,57,74,74,74,57
4930,57,74,74,74,57
4931,57,74,74,74,57
4932,57,74,74,74,57
4933,57,74,74,74,57
4934,57,74,74,74,57
4935,57,74,74,74,57
4936,57,74,74,74,57
4937,57,74,74,74,57
4938,57,74,74,74,57
4939,57,74,74,74,57
4940,57,74,74,74,57
4941,57,74,74,74,57
4942,57,74,74,74,57
4943,57,74,74,74,57
4944,57,74,74,74,57
4945,57,74,74,74,57
4946,57,74,74,74,57
4947,57,74,74,74,57
4948,57,74,74,74,57
4949,57,74,74,74,57
4950,57,74,74,74,57
4951,57,74,74,74,57
4952,57,74,74,74,57
4953,57,74,74,74,57
4954,57,74,74,74,57
4955,57,74,74,74,57
4956,57,74,74,74,57
4957,57,74,74,74,57
4958,57,74,74,74,57
4959,57,74,74,74,57
4960,57,74,74,74,57
4961,57,74,74,74,57
4962,57,74,74,74,57
4963,57,74,74,74,57
4964,57,74,74,74,57
4965,57,74,74,74,57
4966,57,74,74,74,57
4967,57,74,74,74,57
4968,57,74,74,74,57
4969,57,74,74,74,57
4970,57,74,74,74,57
4971,57,74,74,74,57
4972,57,74,74,74,57
4973,57,74,74,74,57
4974,57,74,74,74,57
4975,57,74,74,74,57
4976,57,74,74,74,57
4977,57,74,74,74,57
4978,57,74,74,74,57
4979,57,74,74,74,57
4980,57,74,74,74,57
4981,57,74,74,74,57
4982,57,74,74,74,57
4983,57,74,74,74,57
4984,57,74,74,74,57
4985,57,74,74,74,57
4986,57,74,74,74,57
4987,57,74,74,74,57
4988,57,74,74,74,57
4989,57,74,74,74,57
4990,57,74,74,74,57
4991,57,74,74,74,57
4992,57,74,74,74,57
4993,57,74,74,74,57
4994,57,74,74,74,57
4995,57,74,74,74,57
4996,57,74,74,74,57
4997,57,74,74,74,57
4998,57,74,74,74,57
4999,57,74,74,74,57
5000,57,74,74,74,57
5001,57,74,74,74,57
5002,57,74,74,74,57
5003,57,74,74,74,57
5004,57,74,74,74,57
5005,57,74,74,74,57
5006,57,74,74,74,57
5007,57,74,74,74,57
5008,57,74,74,74,57
5009,57,74,74,74,57
5010,57,74,74,74,57
5011,57,74,74,74,57
5012,57,74,74,74,57
5013,57,74,74,74,57
5014,57,74,74,74,57
5015,57,74,74,74,57
5016,57,74,74,74,57
5017,57,74,74,74,57
5018,57,74,74,74,57
5019,57,74,74,74,57
5020,57,74,74,74,57
5021,57,74,74,74,57
5022,57,74,74,74,57
5023,57,74,74,74,57
5024,57,74,74,74,57
5025,57,74,74,74,57
5026,57,74,74,74,57
5027,57,74,74,74,57
5028,57,74,74,74,57
5029,57,74,74,74,57
5030,57,74,74,74,57
5031,57,74,74,74,57
5032,57,74,74,74,57
5033,57,74,74,74,57
5034,57,74,74,74,57
5035,57,74,74,74,57
5036,57,74,74,74,57
5037,57,74,74,74,57
5038,57,74,74,74,57
5039,57,74,74,74,57
5040,57,74,74,74,57
5041,57,74,74,74,57
5042,57,74,74,74,57
5043,57,74,74,74,57
5044,57,74,74,74,57
5045,57,74,74,74,57
5046,57,74,74,74,57
5047,57,74,74,74,57
5048,57,74,74,74,57
5049,57,74,74,74,57
5050,57,74,74,74,57
5051,57,74,74,74,57
5052,57,74,74,74,57
5053,57,74,74,74,57
5054,57,74,74,74,57
5055,57,74,74,74,57
5056,57,74,74,74,57
5057,57,74,74,74,57
5058,57,74,74,74,57
5059,57,74,74,74,57
5060,57,74,74,74,57
5061,57,74,74,74,57
5062,57,74,74,74,57
5063,57,74,74,74,57
5064,57,74,74,74,57
5065,57,74,74,74,57
5066,57,74,74,74,57
5067,57,74,74,74,57
5068,57,74,74,74,57
5069,57,74,74,74,57
5070,57,74,74,74,57
5071,57,74,74,74,57
5072,57,74,74,74,57
5073,57,74,74,74,57
5074,57,74,74,74,57
5075,57,74,74,74,57
5076,57,74,74,74,57
5077,57,74,74,74,57
5078,57,74,74,74,57
5079,57,74,74,74,57
5080,57,74,74,74,57
5081,57,74,74,74,57
5082,57,74,74,74,57
5083,57,74,74,74,57
5084,57,74,74,74,57
5085,57,74,74,74,57
5086,57,74,74,74,57
5087,57,74,74,74,57
5088,57,74,74,74,57
5089,57,74,74,74,57
5090,57,74,74,74,57
5091,57,74,74,74,57
5092,57,74,74,74,57
5093,57,74,74,74,57
5094,57,74,74,74,57
5095,57,74,74,74,57
5096,57,74,74,74,57
5097,57,74,74,74,57
5098,57,74,74,74,57
5099,57,74,74,74,57
5100,57,74,74,74,57
5101,57,74,74,74,57
5102,57,74,74,74,57
5103,57,74,74,74,57
5104,57,74,74,74,57
5105,57,74,74,74,57
5106,57,74,74,74,57
5107,57,74,74,74,57
5108,57,74,74,74,57
5109,57,74,74,74,57
5110,57,74,74,74,57
5111,57,74,74,74,57
5112,57,74,74,74,57
5113,57,74,74,74,57
5114,57,74,74,74,57
5115,57,74,74,74,57
5116,57,74,74,74,57
5117,57,74,74,74,57
5118,57,74,74,74,57
5119,57,74,74,74,57
5120,57,74,74,74,57
5121,57,74,74,74,57
5122,57,74,74,74,57
5123,57,74,74,74,57
5124,57,74,74,74,57
5125,57,74,74,74,57
5126,57,74,74,74,57
5127,57,74,74,74,57
5128,57,74,74,74,57
5129,57,74,74,74,57
5130,57,74,74,74,57
5131,57,74,74,74,57
5132,57,74,74,74,57
5133,57,74,74,74,57
5134,57,74,74,74,57
5135,57,74,74,74,57
5136,57,74,74,74,57
5137,57,74,74,74,57
5138,57,74,74,74,57
5139,57,74,74,74,57
5140,57,74,74,74,57
5141,57,74,74,74,57
5142,57,74,74,74,57
5143,57,74,74,74,57
5144,57,74,74,74,57
5145,57,74,74,74,57
5146,57,74,74,74,57
5147,57,74,74,74,57
5148,57,74,74,74,57
5149,57,74,74,74,57
5150,57,74,74,74,57
5151,57,74,74,74,57
5152,57,74,74,74,57
5153,57,74,74,74,57
5154,57,74,74,74,57
5155,57,74,74,74,57
5156,57,74,74,74,57
5157,57,74,74,74,57
5158,57,74,74,74,57
5159,57,74,74,74,57
5160,57,74,74,74,57
5161,57,74,74,74,57
5162,57,74,74,74,57
5163,57,74,74,74,57
5164,57,74,74,74,57
5165,57,74,74,74,57
5166,57,74,74,74,57
5167,57,74,74,74,57
5168,57,74,74,74,57
5169,57,74,74,74,57
5170,57,74,74,74,57
5171,57,74,74,74,57
5172,57,74,74,74,57
5173,57,74,74,74,57
5174,57,74,74,74,57
5175,57,74,74,74,57
5176,57,74,74,74,57
5177,57,74,74,74,57
5178,57,74,74,74,57
5179,57,74,74,74,57
5180,57,74,74,74,57
5181,57,74,74,74,57
5182,57,74,74,74,57
5183,57,74,74,74,57
5184,57,74,74,74,57
5185,57,74,74,74,57
5186,57,74,74,74,57
5187,57,74,74,74,57
5188,57,74,74,74,57
5189,57,74,74,74,57
5190,57,74,74,74,57
5191,57,74,74,74,57
5192,57,74,74,74,57
5193,57,74,74,74,57
5194,57,74,74,74,57
5195,57,74,74,74,57
5196,57,74,74,74,57
5197,57,74,74,74,57
5198,57,74,74,74,57
5199,57,74,74,74,57
5200,57,74,74,74,57
5201,57,74,74,74,57
5202,57,74,74,74,57
5203,57,74,74,74,57
5204,57,74,74,74,57
5205,57,74,74,74,57
5206,57,74,74,74,57
5207,57,74,74,74,57
5208,57,74,74,74,57
5209,57,74,74,74,57
5210,57,74,74,74,57
5211,57,74,74,74,57
5212,57,74,74,74,57
5213,57,74,74,74,57
5214,57,74,74,74,57
5215,57,74,74,74,57
5216,57,74,74,74,57
5217,57,74,74,74,57
5218,57,74,74,74,57
5219,57,74,74,74,57
5220,57,74,74,74,57
5221,57,74,74,74,57
5222,57,74,74,74,57
5223,57,74,74,74,57
5224,57,74,74,74,57
5225,57,74,74,74,57
5226,57,74,74,74,57
5227,57,74,74,74,57
5228,57,74,74,74,57
5229,57,74,74,74,57
5230,57,74,74,74,57
5231,57,74,74,74,57
5232,57,74,74,74,57
5233,57,74,74,74,57
5234,57,74,74,74,57
5235,57,74,74,74,57
5236,57,74,74,74,57
5237,57,74,74,74,57
5238,57,74,74,74,57
5239,57,74,74,74,57
5240,57,74,74,74,57
5241,57,74,74,74,57
5242,57,74,74,74,57
5243,57,74,74,74,57
5244,57,74,74,74,57
5245,57,74,74,74,57
5246,57,74,74,74,57
5247,57,74,74,74,57
5248,57,74,74,74,57
5249,57,74,74,74,57
5250,57,74,74,74,57
5251,57,74,74,74,57
5252,57,74,74,74,57
5253,57,74,74,74,57
5254,57,74,74,74,57
5255,57,74,74,74,57
5256,57,74,74,74,57
5257,57,74,74,74,57
5258,57,74,74,74,57
5259,57,74,74,74,57
5260,57,74,74,74,57
5261,57,74,74,74,57
5262,57,74,74,74,57
5263,57,74,74,74,57
5264,57,74,74,74,57
5265,57,74,74,74,57
5266,57,74,74,74,57
5267,57,74,74,74,57
5268,57,74,74,74,57
5269,57,74,74,74,57
5270,57,74,74,74,57
5271,57,74,74,74,57
5272,57,74,74,74,57
5273,57,74,74,74,57
5274,57,74,74,74,57
5275,57,74,74,74,57
5276,57,74,74,74,57
5277,57,74,74,74,57
5278,57,74,74,74,57
5279,57,74,74,74,57
5280,57,74,74,74,57
5281,57,74,74,74,57
5282,57,74,74,74,57
5283,57,74,74,74,57
5284,57,74,74,74,57
5285,57,74,74,74,57
5286,57,74,74,74,57
5287,57,74,74,74,57
5288,57,74,74,74,57
5289,57,74,74,74,57
5290,57,74,74,74,57
5291,57,74,74,74,57
5292,57,74,74,74,57
5293,57,74,74,74,57
5294,57,74,74,74,57
5295,57,74,74,74,57
5296,57,74,74,74,57
5297,57,74,74,74,57
5298,57,74,74,74,57
5299,57,74,74,74,57
5300,57,74,74,74,57
5301,57,74,74,74,57
5302,57,74,74,74,57
5303,57,74,74,74,57
5304,57,74,74,74,57
5305,57,74,74,74,57
5306,57,74,74,74,57
5307,57,74,74,74,57
5308,57,74,74,74,57
5309,57,74,74,74,57
5310,57,74,74,74,57
5311,57,74,74,74,57
5312,57,74,74,74,57
5313,57,74,74,74,57
5314,57,74,74,74,57
5315,57,74,74,74,57
5316,57,74,74,74,57
5317,57,74,74,74,57
5318,57,74,74,74,57
5319,57,74,74,74,57
5320,57,74,74,74,57
5321,57,74,74,74,57
5322,57,74,74,74,57
5323,57,74,74,74,57
5324,57,74,74,74,57
5325,57,74,74,74,57
5326,57,74,74,74,57
5327,57,74,74,74,57
5328,57,74,74,74,57
5329,57,74,74,74,57
5330,57,74,74,74,57
5331,57,74,74,74,57
5332,57,74,74,74,57
5333,57,74,74,74,57
5334,57,74,74,74,57
5335,57,74,74,74,57
5336,57,74,74,74,57
5337,57,74,74,74,57
5338,57,74,74,74,57
5339,57,74,74,74,57
5340,57,74,74,74,57
5341,57,74,74,74,57
5342,57,74,74,74,57
5343,57,74,74,74,57
5344,57,74,74,74,57
5345,57,74,74,74,57
5346,57,74,74,74,57
5347,57,74,74,74,57
5348,57,74,74,74,57
5349,57,74,74,74,57
5350,57,74,74,74,57
5351,57,74,74,74,57
5352,57,74,74,74,57
5353,57,74,74,74,57
5354,57,74,74,74,57
5355,57,74,74,74,57
5356,57,74,74,74,57
5357,57,74,74,74,57
5358,57,74,74,74,57
5359,57,74,74,74,57
5360,57,74,74,74,57
5361,57,74,74,74,57
5362,57,74,74,74,57
5363,57,74,74,74,57
5364,57,74,74,74,57
5365,57,74,74,74,57
5366,57,74,74,74,57
5367,57,74,74,74,57
5368,57,74,74,74,57
5369,57,74,74,74,57
5370,57,74,74,74,57
5371,57,74,74,74,57
5372,57,74,74,74,57
5373,57,74,74,74,57
5374,57,74,74,74,57
5375,57,74,74,74,57
5376,57,74,74,74,57
5377,57,74,74,74,57
5378,57,74,74,74,57
5379,57,74,74,74,57
5380,57,74,74,74,57
5381,57,74,74,74,57
5382,57,74,74,74,57
5383,57,74,74,74,57
5384,57,74,74,74,57
5385,57,74,74,74,57
5386,57,74,74,74,57
5387,57,74,74,74,57
5388,57,74,74,74,57
5389,57,74,74,74,57
5390,57,74,74,74,57
5391,57,74,74,74,57
5392,57,74,74,74,57
5393,57,74,74,74,57
5394,57,74,74,74,57
5395,57,74,74,74,57
5396,57,74,74,74,57
5397,57,74,74,74,57
5398,57,74,74,74,57
5399,57,74,74,74,57
5400,57,74,74,74,57
5401,57,74,74,74,57
5402,57,74,74,74,57
5403,57,74,74,74,57
5404,57,74,74,74,57
5405,57,74,74,74,57
5406,57,74,74,74,57
5407,57,74,74,74,57
5408,57,74,74,74,57
5409,57,74,74,74,57
5410,57,74,74,74,57
5411,57,74,74,74,57
5412,57,74,74,74,57
5413,57,74,74,74,57
5414,57,74,74,74,57
5415,57,74,74,74,57
5416,57,74,74,74,57
5417,57,74,74,74,57
5418,57,74,74,74,57
5419,57,74,74,74,57
5420,57,74,74,74,57
5421,57,74,74,74,57
5422,57,74,74,74,57
5423,57,74,74,74,57
5424,57,74,74,74,57
5425,57,74,74,74,57
5426,57,74,74,74,57
5427,57,74,74,74,57
5428,57,74,74,74,57
5429,57,74,74,74,57
5430,57,74,74,74,57
5431,57,74,74,74,57
5432,57,74,74,74,57
5433,57,74,74,74,57
5434,57,74,74,74,57
5435,57,74,74,74,57
5436,57,74,74,74,57
5437,57,74,74,74,57
5438,57,74,74,74,57
5439,57,74,74,74,57
5440,57,74,74,74,57
5441,57,74,74,74,57
5442,57,74,74,74,57
5443,57,74,74,74,57
5444,57,74,74,74,57
5445,57,74,74,74,57
5446,57,74,74,74,57
5447,57,74,74,74,57
5448,57,74,74,74,57
5449,57,74,74,74,57
5450,57,74,74,74,57
5451,57,74,74,74,57
5452,57,74,74,74,57
5453,57,74,74,74,57
5454,57,74,74,74,57
5455,57,74,74,74,57
5456,57,74,74,74,57
5457,57,74,74,74,57
5458,57,74,74,74,57
5459,57,74,74,74,57
5460,57,74,74,74,57
5461,57,74,74,74,57
5462,57,74,74,74,57
5463,57,74,74,74,57
5464,57,74,74,74,57
5465,57,74,74,74,57
5466,57,74,74,74,57
5467,57,74,74,74,57
5468,57,74,74,74,57
5469,57,74,74,74,57
5470,57,74,74,74,57
5471,57,74,74,74,57
5472,57,74,74,74,57
5473,57,74,74,74,57
5474,57,74,74,74,57
5475,57,74,74,74,57
5476,57,74,74,74,57
5477,57,74,74,74,57
5478,57,74,74,74,57
5479,57,74,74,74,57
5480,57,74,74,74,57
5481,57,74,74,74,57
5482,57,74,74,74,57
5483,57,74,74,74,57
5484,57,74,74,74,57
5485,57,74,74,74,57
5486,57,74,74,74,57
5487,57,74,74,74,57
5488,57,74,74,74,57
5489,57,74,74,74,57
5490,57,74,74,74,57
5491,57,74,74,74,57
5492,57,74,74,74,57
5493,57,74,74,74,57
5494,57,74,74,74,57
5495,57,74,74,74,57
5496,57,74,74,74,57
5497,57,74,74,74,57
5498,57,74,74,74,57
5499,57,74,74,74,57
5500,57,74,74,74,57
5501,57,74,74,74,57
5502,57,74,74,74,57
5503,57,74,74,74,57
5504,57,74,74,74,57
5505,57,74,74,74,57
5506,57,74,74,74,57
5507,57,74,74,74,57
5508,57,74,74,74,57
5509,57,74,74,74,57
5510,57,74,74,74,57
5511,57,74,74,74,57
5512,57,74,74,74,57
5513,57,74,74,74,57
5514,57,74,74,74,57
5515,57,74,74,74,57
5516,57,74,74,74,57
5517,57,74,74,74,57
5518,57,74,74,74,57
5519,57,74,74,74,57
5520,57,74,74,74,57
5521,57,74,74,74,57
5522,57,74,74,74,57
5523,57,74,74,74,57
5524,57,74,74,74,57
5525,57,74,74,74,57
5526,57,74,74,74,57
5527,57,74,74,74,57
5528,57,74,74,74,57
5529,57,74,74,74,57
5530,57,74,74,74,57
5531,57,74,74,74,57
5532,57,74,74,74,57
5533,57,74,74,74,57
5534,57,74,74,74,57
5535,57,74,74,74,57
5536,57,74,74,74,57
5537,57,74,74,74,57
5538,57,74,74,74,57
5539,57,74,74,74,57
5540,57,74,74,74,57
5541,57,74,74,74,57
5542,57,74,74,74,57
5543,57,74,74,74,57
5544,57,74,74,74,57
5545,57,74,74,74,57
5546,57,74,74,74,57
5547,57,74,74,74,57
5548,57,74,74,74,57
5549,57,74,74,74,57
5550,57,74,74,74,57
5551,57,74,74,74,57
5552,57,74,74,74,57
5553,57,74,74,74,57
5554,57,74,74,74,57
5555,57,74,74,74,57
5556,57,74,74,74,57
5557,57,74,74,74,57
5558,57,74,74,74,57
5559,57,74,74,74,57
5560,57,74,74,74,57
5561,57,74,74,74,57
5562,57,74,74,74,57
5563,57,74,74,74,57
5564,57,74,74,74,57
5565,57,74,74,74,57
5566,57,74,74,74,57
5567,57,74,74,74,57
5568,57,74,74,74,57
5569,57,74,74,74,57
5570,57,74,74,74,57
5571,57,74,74,74,57
5572,57,74,74,74,57
5573,57,74,74,74,57
5574,57,74,74,74,57
5575,57,74,74,74,57
5576,57,74,74,74,57
5577,57,74,74,74,57
5578,57,74,74,74,57
5579,57,74,74,74,57
5580,57,74,74,74,57
5581,57,74,74,74,57
5582,57,74,74,74,57
5583,57,74,74,74,57
5584,57,74,74,74,57
5585,57,74,74,74,57
5586,57,74,74,74,57
5587,57,74,74,74,57
5588,57,74,74,74,57
5589,57,74,74,74,57
5590,57,74,74,74,57
5591,57,74,74,74,57
5592,57,74,74,74,57
5593,57,74,74,74,57
5594,57,74,74,74,57
5595,57,74,74,74,57
5596,57,74,74,74,57
5597,57,74,74,74,57
5598,57,74,74,74,57
5599,57,74,74,74,57
5600,57,74,74,74,57
5601,57,74,74,74,57
5602,57,74,74,74,57
5603,57,74,74,74,57
5604,57,74,74,74,57
5605,57,74,74,74,57
5606,57,74,74,74,57
5607,57,74,74,74,57
5608,57,74,74,74,57
5609,57,74,74,74,57
5610,57,74,74,74,57
5611,57,74,74,74,57
5612,57,74,74,74,57
5613,57,74,74,74,57
5614,57,74,74,74,57
5615,57,74,74,74,57
5616,57,74,74,74,57
5617,57,74,74,74,57
5618,57,74,74,74,57
5619,57,74,74,74,57
5620,57,74,74,74,57
5621,57,74,74,74,57
5622,57,74,74,74,57
5623,57,74,74,74,57
5624,57,74,74,74,57
5625,57,74,74,74,57
5626,57,74,74,74,57
5627,57,74,74,74,57
5628,57,74,74,74,57
5629,57,74,74,74,57
5630,57,74,74,74,57
5631,57,74,74,74,57
5632,57,74,74,74,57
5633,57,74,74,74,57
5634,57,74,74,74,57
5635,57,74,74,74,57
5636,57,74,74,74,57
5637,57,74,74,74,57
5638,57,74,74,74,57
5639,57,74,74,74,57
5640,57,74,74,74,57
5641,57,74,74,74,57
5642,57,74,74,74,57
5643,57,74,74,74,57
5644,57,74,74,74,57
5645,57,74,74,74,57
5646,57,74,74,74,57
5647,57,74,74,74,57
5648,57,74,74,74,57
5649,57,74,74,74,57
5650,57,74,74,74,57
5651,57,74,74,74,57
5652,57,74,74,74,57
5653,57,74,74,74,57
5654,57,74,74,74,57
5655,57,74,74,74,57
5656,57,74,74,74,57
5657,57,74,74,74,57
5658,57,74,74,74,57
5659,57,74,74,74,57
5660,57,74,74,74,57
5661,57,74,74,74,57
5662,57,74,74,74,57
5663,57,74,74,74,57
5664,57,74,74,74,57
5665,57,74,74,74,57
5666,57,74,74,74,57
5667,57,74,74,74,57
5668,57,74,74,74,57
5669,57,74,74,74,57
5670,57,74,74,74,57
5671,57,74,74,74,57
5672,57,74,74,74,57
5673,57,74,74,74,57
5674,57,74,74,74,57
5675,57,74,74,74,57
5676,57,74,74,74,57
5677,57,74,74,74,57
5678,57,74,74,74,57
5679,57,74,74,74,57
5680,57,74,74,74,57
5681,57,74,74,74,57
5682,57,74,74,74,57
5683,57,74,74,74,57
5684,57,74,74,74,57
5685,57,74,74,74,57
5686,57,74,74,74,57
5687,57,74,74,74,57
5688,57,74,74,74,57
5689,57,74,74,74,57
5690,57,74,74,74,57
5691,57,74,74,74,57
5692,57,74,74,74,57
5693,57,74,74,74,57
5694,57,74,74,74,57
5695,57,74,74,74,57
5696,57,74,74,74,57
5697,57,74,74,74,57
5698,57,74,74,74,57
5699,57,74,74,74,57
5700,57,74,74,74,57
5701,57,74,74,74,57
5702,57,74,74,74,57
5703,57,74,74,74,57
5704,57,74,74,74,57
5705,57,74,74,74,57
5706,57,74,74,74,57
5707,57,74,74,74,57
5708,57,74,74,74,57
5709,57,74,74,74,57
5710,57,74,74,74,57
5711,57,74,74,74,57
5712,57,74,74,74,57
5713,57,74,74,74,57
5714,57,74,74,74,57
5715,57,74,74,74,57
5716,57,74,74,74,57
5717,57,74,74,74,57
5718,57,74,74,74,57
5719,57,74,74,74,57
5720,57,74,74,74,57
5721,57,74,74,74,57
5722,57,74,74,74,57
5723,57,74,74,74,57
5724,57,74,74,74,57
5725,57,74,74,74,57
5726,57,74,74,74,57
5727,57,74,74,74,57
5728,57,74,74,74,57
5729,57,74,74,74,57
5730,57,74,74,74,57
5731,57,74,74,74,57
5732,57,74,74,74,57
5733,57,74,74,74,57
5734,57,74,74,74,57
5735,57,74,74,74,57
5736,57,74,74,74,57
5737,57,74,74,74,57
5738,57,74,74,74,57
5739,57,74,74,74,57
5740,57,74,74,74,57
5741,57,74,74,74,57
5742,57,74,74,74,57
5743,57,74,74,74,57
5744,57,74,74,74,57
5745,57,74,74,74,57
5746,57,74,74,74,57
5747,57,74,74,74,57
5748,57,74,74,74,57
5749,57,74,74,74,57
5750,57,74,74,74,57
5751,57,74,74,74,57
5752,57,74,74,74,57
5753,57,74,74,74,57
5754,57,74,74,74,57
5755,57,74,74,74,57
5756,57,74,74,74,57
5757,57,74,74,74,57
5758,57,74,74,74,57
5759,57,74,74,74,57
5760,57,74,74,74,57
5761,57,74,74,74,57
5762,57,74,74,74,57
5763,57,74,74,74,57
5764,57,74,74,74,57
5765,57,74,74,74,57
5766,57,74,74,74,57
5767,57,74,74,74,57
5768,57,74,74,74,57
5769,57,74,74,74,57
5770,57,74,74,74,57
5771,57,74,74,74,57
5772,57,74,74,74,57
5773,57,74,74,74,57
5774,57,74,74,74,57
5775,57,74,74,74,57
5776,57,74,74,74,57
5777,57,74,74,74,57
5778,57,74,74,74,57
5779,57,74,74,74,57
5780,57,74,74,74,57
5781,57,74,74,74,57
5782,57,74,74,74,57
5783,57,74,74,74,57
5784,57,74,74,74,57
5785,57,74,74,74,57
5786,57,74,74,74,57
5787,57,74,74,74,57
5788,57,74,74,74,57
5789,57,74,74,74,57
5790,57,74,74,74,57
5791,57,74,74,74,57
5792,57,74,74,74,57
5793,57,74,74,74,57
5794,57,74,74,74,57
5795,57,74,74,74,57
5796,57,74,74,74,57
5797,57,74,74,74,57
5798,57,74,74,74,57
5799,57,74,74,74,57
5800,57,74,74,74,57
5801,57,74,74,74,57
5802,57,74,74,74,57
5803,57,74,74,74,57
5804,57,74,74,74,57
5805,57,74,74,74,57
5806,57,74,74,74,57
5807,57,74,74,74,57
5808,57,74,74,74,57
5809,57,74,74,74,57
5810,57,74,74,74,57
5811,57,74,74,74,57
5812,57,74,74,74,57
5813,57,74,74,74,57
5814,57,74,74,74,57
5815,57,74,74,74,57
5816,57,74,74,74,57
5817,57,74,74,74,57
5818,57,74,74,74,57
5819,57,74,74,74,57
5820,57,74,74,74,57
5821,57,74,74,74,57
5822,57,74,74,74,57
5823,57,74,74,74,57
5824,57,74,74,74,57
5825,57,74,74,74,57
5826,57,74,74,74,57
5827,57,74,74,74,57
5828,57,74,74,74,57
5829,57,74,74,74,57
5830,57,74,74,74,57
5831,57,74,74,74,57
5832,57,74,74,74,57
5833,57,74,74,74,57
5834,57,74,74,74,57
5835,57,74,74,74,57
5836,57,74,74,74,57
5837,57,74,74,74,57
5838,57,74,74,74,57
5839,57,74,74,74,57
5840,57,74,74,74,57
5841,57,74,74,74,57
5842,57,74,74,74,57
5843,57,74,74,74,57
5844,57,74,74,74,57
5845,57,74,74,74,57
5846,57,74,74,74,57
5847,57,74,74,74,57
5848,57,74,74,74,57
5849,57,74,74,74,57
5850,57,74,74,74,57
5851,57,74,74,74,57
5852,57,74,74,74,57
5853,57,74,74,74,57
5854,57,74,74,74,57
5855,57,74,74,74,57
5856,57,74,74,74,57
5857,57,74,74,74,57
5858,57,74,74,74,57
5859,57,74,74,74,57
5860,57,74,74,74,57
5861,57,74,74,74,57
5862,57,74,74,74,57
5863,57,74,74,74,57
5864,57,74,74,74,57
5865,57,74,74,74,57
5866,57,74,74,74,57
5867,57,74,74,74,57
5868,57,74,74,74,57
5869,57,74,74,74,57
5870,57,74,74,74,57
5871,57,74,74,74,57
5872,57,74,74,74,57
5873,57,74,74,74,57
5874,57,74,74,74,57
5875,57,74,74,74,57
5876,57,74,74,74,57
5877,57,74,74,74,57
5878,57,74,74,74,57
5879,57,74,74,74,57
5880,57,74,74,74,57
5881,57,74,74,74,57
5882,57,74,74,74,57
5883,57,74,74,74,57
5884,57,74,74,74,57
5885,57,74,74,74,57
5886,57,74,74,74,57
5887,57,74,74,74,57
5888,57,74,74,74,57
5889,57,74,74,74,57
5890,57,74,74,74,57
5891,57,74,74,74,57
5892,57,74,74,74,57
5893,57,74,74,74,57
5894,57,74,74,74,57
5895,57,74,74,74,57
5896,57,74,74,74,57
5897,57,74,74,74,57
5898,57,74,74,74,57
5899,57,74,74,74,57
5900,57,74,74,74,57
5901,57,74,74,74,57
5902,57,74,74,74,57
5903,57,74,74,74,57
5904,57,74,74,74,57
5905,57,74,74,74,57
5906,57,74,74,74,57
5907,57,74,74,74,57
5908,57,74,74,74,57
5909,57,74,74,74,57
5910,57,74,74,74,57
5911,57,74,74,74,57
5912,57,74,74,74,57
5913,57,74,74,74,57
5914,57,74,74,74,57
5915,57,74,74,74,57
5916,57,74,74,74,57
5917,57,74,74,74,57
5918,57,74,74,74,57
5919,57,74,74,74,57
5920,57,74,74,74,57
5921,57,74,74,74,57
5922,57,74,74,74,57
5923,57,74,74,74,57
5924,57,74,74,74,57
5925,57,74,74,74,57
5926,57,74,74,74,57
5927,57,74,74,74,57
5928,57,74,74,74,57
5929,57,74,74,74,57
5930,57,74,74,74,57
5931,57,74,74,74,57
5932,57,74,74,74,57
5933,57,74,74,74,57
5934,57,74,74,74,57
5935,57,74,74,74,57
5936,57,74,74,74,57
5937,57,74,74,74,57
5938,57,74,74,74,57
5939,57,74,74,74,57
5940,57,74,74,74,57
5941,57,74,74,74,57
5942,57,74,74,74,57
5943,57,74,74,74,57
5944,57,74,74,74,57
5945,57,74,74,74,57
5946,57,74,74,74,57
5947,57,74,74,74,57
5948,57,74,74,74,57
5949,57,74,74,74,57
5950,57,74,74,74,57
5951,57,74,74,74,57
5952,57,74,74,74,57
5953,57,74,74,74,57
5954,57,74,74,74,57
5955,57,74,74,74,57
5956,57,74,74,74,57
5957,57,74,74,74,57
5958,57,74,74,74,57
5959,57,74,74,74,57
5960,57,74,74,74,57
5961,57,74,74,74,57
5962,57,74,74,74,57
5963,57,74,74,74,57
5964,57,74,74,74,57
5965,57,74,74,74,57
5966,57,74,74,74,57
5967,57,74,74,74,57
5968,57,74,74,74,57
5969,57,74,74,74,57
5970,57,74,74,74,57
5971,57,74,74,74,57
5972,57,74,74,74,57
5973,57,74,74,74,57
5974,57,74,74,74,57
5975,57,74,74,74,57
5976,57,74,74,74,57
5977,57,74,74,74,57
5978,57,74,74,74,57
5979,57,74,74,74,57
5980,57,74,74,74,57
5981,57,74,74,74,57
5982,57,74,74,74,57
5983,57,74,74,74,57
5984,57,74,74,74,57
5985,57,74,74,74,57
5986,57,74,74,74,57
5987,57,74,74,74,57
5988,57,74,74,74,57
5989,57,74,74,74,57
5990,57,74,74,74,57
5991,57,74,74,74,57
5992,57,74,74,74,57
5993,57,74,74,74,57
5994,57,74,74,74,57
5995,57,74,74,74,57
5996,57,74,74,74,57
5997,57,74,74,74,57
5998,57,74,74,74,57
5999,57,74,74,74,57
6000,57,74,74,74,57
6001,57,74,74,74,57
6002,57,74,74,74,57
6003,57,74,74,74,57
6004,57,74,74,74,57
6005,57,74,74,74,57
6006,57,74,74,74,57
6007,57,74,74,74,57
6008,57,74,74,74,57
6009,57,74,74,74,57
6010,57,74,74,74,57
6011,57,74,74,74,57
6012,57,74,74,74,57
6013,57,74,74,74,57
6014,57,74,74,74,57
6015,57,74,74,74,57
6016,57,74,74,74,57
6017,57,74,74,74,57
6018,57,74,74,74,57
6019,57,74,74,74,57
6020,57,74,74,74,57
6021,57,74,74,74,57
6022,57,74,74,74,57
6023,57,74,74,74,57
6024,57,74,74,74,57
6025,57,74,74,74,57
6026,57,74,74,74,57
6027,57,74,74,74,57
6028,57,74,74,74,57
6029,57,74,74,74,57
6030,57,74,74,74,57
6031,57,74,74,74,57
6032,57,74,74,74,57
6033,57,74,74,74,57
6034,57,74,74,74,57
6035,57,74,74,74,57
6036,57,74,74,74,57
6037,57,74,74,74,57
6038,57,74,74,74,57
6039,57,74,74,74,57
6040,57,74,74,74,57
6041,57,74,74,74,57
6042,57,74,74,74,57
6043,57,74,74,74,57
6044,57,74,74,74,57
6045,57,74,74,74,57
6046,57,74,74,74,57
6047,57,74,74,74,57
6048,57,74,74,74,57
6049,57,74,74,74,57
6050,57,74,74,74,57
6051,57,74,74,74,57
6052,57,74,74,74,57
6053,57,74,74,74,57
6054,57,74,74,74,57
6055,57,74,74,74,57
6056,57,74,74,74,57
6057,57,74,74,74,57
6058,57,74,74,74,57
6059,57,74,74,74,57
6060,57,74,74,74,57
6061,57,74,74,74,57
6062,57,74,74,74,57
6063,57,74,74,74,57
6064,57,74,74,74,57
6065,57,74,74,74,57
6066,57,74,74,74,57
6067,57,74,74,74,57
6068,57,74,74,74,57
6069,57,74,74,74,57
6070,57,74,74,74,57
6071,57,74,74,74,57
6072,57,74,74,74,57
6073,57,74,74,74,57
6074,57,74,74,74,57
6075,57,74,74,74,57
6076,57,74,74,74,57
6077,57,74,74,74,57
6078,57,74,74,74,57
6079,57,74,74,74,57
6080,57,74,74,74,57
6081,57,74,74,74,57
6082,57,74,74,74,57
6083,57,74,74,74,57
6084,57,74,74,74,57
6085,57,74,74,74,57
6086,57,74,74,74,57
6087,57,74,74,74,57
6088,57,74,74,74,57
6089,57,74,74,74,57
6090,57,74,74,74,57
6091,57,74,74,74,57
6092,57,74,74,74,57
6093,57,74,74,74,57
6094,57,74,74,74,57
6095,57,74,74,74,57
6096,57,74,74,74,57
6097,57,74,74,74,57
6098,57,74,74,74,57
6099,57,74,74,74,57
6100,57,74,74,74,57
6101,57,74,74,74,57
6102,57,74,74,74,57
6103,57,74,74,74,57
6104,57,74,74,74,57
6105,57,74,74,74,57
6106,57,74,74,74,57
6107,57,74,74,74,57
6108,57,74,74,74,57
6109,57,74,74,74,57
6110,57,74,74,74,57
6111,57,74,74,74,57
6112,57,74,74,74,57
6113,57,74,74,74,57
6114,57,74,74,74,57
6115,57,74,74,74,57
6116,57,74,74,74,57
6117,57,74,74,74,57
6118,57,74,74,74,57
6119,57,74,74,74,57
6120,57,74,74,74,57
6121,57,74,74,74,57
6122,57,74,74,74,57
6123,57,74,74,74,57
6124,57,74,74,74,57
6125,57,74,74,74,57
6126,57,74,74,74,57
6127,57,74,74,74,57
6128,57,74,74,74,57
6129,57,74,74,74,57
6130,57,74,74,74,57
6131,57,74,74,74,57
6132,57,74,74,74,57
6133,57,74,74,74,57
6134,57,74,74,74,57
6135,57,74,74,74,57
6136,57,74,74,74,57
6137,57,74,74,74,57
6138,57,74,74,74,57
6139,57,74,74,74,57
6140,57,74,74,74,57
6141,57,74,74,74,57
6142,57,74,74,74,57
6143,57,74,74,74,57
6144,57,74,74,74,57
6145,57,74,74,74,57
6146,57,74,74,74,57
6147,57,74,74,74,57
6148,57,74,74,74,57
6149,57,74,74,74,57
6150,57,74,74,74,57
6151,57,74,74,74,57
6152,57,74,74,74,57
6153,57,74,74,74,57
6154,57,74,74,74,57
6155,57,74,74,74,57
6156,57,74,74,74,57
6157,57,74,74,74,57
6158,57,74,74,74,57
6159,57,74,74,74,57
6160,57,74,74,74,57
6161,57,74,74,74,57
6162,57,74,74,74,57
6163,57,74,74,74,57
6164,57,74,74,74,57
6165,57,74,74,74,57
6166,57,74,74,74,57
6167,57,74,74,74,57
6168,57,74,74,74,57
6169,57,74,74,74,57
6170,57,74,74,74,57
6171,57,74,74,74,57
6172,57,74,74,74,57
6173,57,74,74,74,57
6174,57,74,74,74,57
6175,57,74,74,74,57
6176,57,74,74,74,57
6177,57,74,74,74,57
6178,57,74,74,74,57
6179,57,74,74,74,57
6180,57,74,74,74,57
6181,57,74,74,74,57
6182,57,74,74,74,57
6183,57,74,74,74,57
6184,57,74,74,74,57
6185,57,74,74,74,57
6186,57,74,74,74,57
6187,57,74,74,74,57
6188,57,74,74,74,57
6189,57,74,74,74,57
6190,57,74,74,74,57
6191,57,74,74,74,57
6192,57,74,74,74,57
6193,57,74,74,74,57
6194,57,74,74,74,57
6195,57,74,74,74,57
6196,57,74,74,74,57
6197,57,74,74,74,57
6198,57,74,74,74,57
6199,57,74,74,74,57
6200,57,74,74,74,57
6201,57,74,74,74,57
6202,57,74,74,74,57
6203,57,74,74,74,57
6204,57,74,74,74,57
6205,57,74,74,74,57
6206,57,74,74,74,57
6207,57,74,74,74,57
6208,57,74,74,74,57
6209,57,74,74,74,57
6210,57,74,74,74,57
6211,57,74,74,74,57
6212,57,74,74,74,57
6213,57,74,74,74,57
6214,57,74,74,74,57
6215,57,74,74,74,57
6216,57,74,74,74,57
6217,57,74,74,74,57
6218,57,74,74,74,57
6219,57,74,74,74,57
6220,57,74,74,74,57
6221,57,74,74,74,57
6222,57,74,74,74,57
6223,57,74,74,74,57
6224,57,74,74,74,57
6225,57,74,74,74,57
6226,57,74,74,74,57
6227,57,74,74,74,57
6228,57,74,74,74,57
6229,57,74,74,74,57
6230,57,74,74,74,57
6231,57,74,74,74,57
6232,57,74,74,74,57
6233,57,74,74,74,57
6234,57,74,74,74,57
6235,57,74,74,74,57
6236,57,74,74,74,57
6237,57,74,74,74,57
6238,57,74,74,74,57
6239,57,74,74,74,57
6240,57,74,74,74,57
6241,57,74,74,74,57
6242,57,74,74,74,57
6243,57,74,74,74,57
6244,57,74,74,74,57
6245,57,74,74,74,57
6246,57,74,74,74,57
6247,57,74,74,74,57
6248,57,74,74,74,57
6249,57,74,74,74,57
6250,57,74,74,74,57
6251,57,74,74,74,57
6252,57,74,74,74,57
6253,57,74,74,74,57
6254,57,74,74,74,57
6255,57,74,74,74,57
6256,57,74,74,74,57
6257,57,74,74,74,57
6258,57,74,74,74,57
6259,57,74,74,74,57
6260,57,74,74,74,57
6261,57,74,74,74,57
6262,57,74,74,74,57
6263,57,74,74,74,57
6264,57,74,74,74,57
6265,57,74,74,74,57
6266,57,74,74,74,57
6267,57,74,74,74,57
6268,57,74,74,74,57
6269,57,74,74,74,57
6270,57,74,74,74,57
6271,57,74,74,74,57
6272,57,74,74,74,57
6273,57,74,74,74,57
6274,57,74,74,74,57
6275,57,74,74,74,57
6276,57,74,74,74,57
6277,57,74,74,74,57
6278,57,74,74,74,57
6279,57,74,74,74,57
6280,57,74,74,74,57
6281,57,74,74,74,57
6282,57,74,74,74,57
6283,57,74,74,74,57
6284,57,74,74,74,57
6285,57,74,74,74,57
6286,57,74,74,74,57
6287,57,74,74,74,57
6288,57,74,74,74,57
6289,57,74,74,74,57
6290,57,74,74,74,57
6291,57,74,74,74,57
6292,57,74,74,74,57
6293,57,74,74,74,57
6294,57,74,74,74,57
6295,57,74,74,74,57
6296,57,74,74,74,57
6297,57,74,74,74,57
6298,57,74,74,74,57
6299,57,74,74,74,57
6300,57,74,74,74,57
6301,57,74,74,74,57
6302,57,74,74,74,57
6303,57,74,74,74,57
6304,57,74,74,74,57
6305,57,74,74,74,57
6306,57,74,74,74,57
6307,57,74,74,74,57
6308,57,74,74,74,57
6309,57,74,74,74,57
6310,57,74,74,74,57
6311,57,74,74,74,57
6312,57,74,74,74,57
6313,57,74,74,74,57
6314,57,74,74,74,57
6315,57,74,74,74,57
6316,57,74,74,74,57
6317,57,74,74,74,57
6318,57,74,74,74,57
6319,57,74,74,74,57
6320,57,74,74,74,57
6321,57,74,74,74,57
6322,57,74,74,74,57
6323,57,74,74,74,57
6324,57,74,74,74,57
6325,57,74,74,74,57
6326,57,74,74,74,57
6327,57,74,74,74,57
6328,57,74,74,74,57
6329,57,74,74,74,57
6330,57,74,74,74,57
6331,57,74,74,74,57
6332,57,74,74,74,57
6333,57,74,74,74,57
6334,57,74,74,74,57
6335,57,74,74,74,57
6336,57,74,74,74,57
6337,57,74,74,74,57
6338,57,74,74,74,57
6339,57,74,74,74,57
6340,57,74,74,74,57
6341,57,74,74,74,57
6342,57,74,74,74,57
6343,57,74,74,74,57
6344,57,74,74,74,57
6345,57,74,74,74,57
6346,57,74,74,74,57
6347,57,74,74,74,57
6348,57,74,74,74,57
6349,57,74,74,74,57
6350,57,74,74,74,57
6351,57,74,74,74,57
6352,57,74,74,74,57
6353,57,74,74,74,57
6354,57,74,74,74,57
6355,57,74,74,74,57
6356,57,74,74,74,57
6357,57,74,74,74,57
6358,57,74,74,74,57
6359,57,74,74,74,57
6360,57,74,74,74,57
6361,57,74,74,74,57
6362,57,74,74,74,57
6363,57,74,74,74,57
6364,57,74,74,74,57
6365,57,74,74,74,57
6366,57,74,74,74,57
6367,57,74,74,74,57
6368,57,74,74,74,57
6369,57,74,74,74,57
6370,57,74,74,74,57
6371,57,74,74,74,57
6372,57,74,74,74,57
6373,57,74,74,74,57
6374,57,74,74,74,57
6375,57,74,74,74,57
6376,57,74,74,74,57
6377,57,74,74,74,57
6378,57,74,74,74,57
6379,57,74,74,74,57
6380,57,74,74,74,57
6381,57,74,74,74,57
6382,57,74,74,74,57
6383,57,74,74,74,57
6384,57,74,74,74,57
6385,57,74,74,74,57
6386,57,74,74,74,57
6387,57,74,74,74,57
6388,57,74,74,74,57
6389,57,74,74,74,57
6390,57,74,74,74,57
6391,57,74,74,74,57
6392,57,74,74,74,57
6393,57,74,74,74,57
6394,57,74,74,74,57
6395,57,74,74,74,57
6396,57,74,74,74,57
6397,57,74,74,74,57
6398,57,74,74,74,57
6399,57,74,74,74,57
6400,57,74,74,74,57
6401,57,74,74,74,57
6402,57,74,74,74,57
6403,57,74,74,74,57
6404,57,74,74,74,57
6405,57,74,74,74,57
6406,57,74,74,74,57
6407,57,74,74,74,57
6408,57,74,74,74,57
6409,57,74,74,74,57
6410,57,74,74,74,57
6411,57,74,74,74,57
6412,57,74,74,74,57
6413,57,74,74,74,57
6414,57,74,74,74,57
6415,57,74,74,74,57
6416,57,74,74,74,57
6417,57,74,74,74,57
6418,57,74,74,74,57
6419,57,74,74,74,57
6420,57,74,74,74,57
6421,57,74,74,74,57
6422,57,74,74,74,57
6423,57,74,74,74,57
6424,57,74,74,74,57
6425,57,74,74,74,57
6426,57,74,74,74,57
6427,57,74,74,74,57
6428,57,74,74,74,57
6429,57,74,74,74,57
6430,57,74,74,74,57
6431,57,74,74,74,57
6432,57,74,74,74,57
6433,57,74,74,74,57
6434,57,74,74,74,57
6435,57,74,74,74,57
6436,57,74,74,74,57
6437,57,74,74,74,57
6438,57,74,74,74,57
6439,57,74,74,74,57
6440,57,74,74,74,57
6441,57,74,74,74,57
6442,57,74,74,74,57
6443,57,74,74,74,57
6444,57,74,74,74,57
6445,57,74,74,74,57
6446,57,74,74,74,57
6447,57,74,74,74,57
6448,57,74,74,74,57
6449,57,74,74,74,57
6450,57,74,74,74,57
6451,57,74,74,74,57
6452,57,74,74,74,57
6453,57,74,74,74,57
6454,57,74,74,74,57
6455,57,74,74,74,57
6456,57,74,74,74,57
6457,57,74,74,74,57
6458,57,74,74,74,57
6459,57,74,74,74,57
6460,57,74,74,74,57
6461,57,74,74,74,57
6462,57,74,74,74,57
6463,57,74,74,74,57
6464,57,74,74,74,57
6465,57,74,74,74,57
6466,57,74,74,74,57
6467,57,74,74,74,57
6468,57,74,74,74,57
6469,57,74,74,74,57
6470,57,74,74,74,57
6471,57,74,74,74,57
6472,57,74,74,74,57
6473,57,74,74,74,57
6474,57,74,74,74,57
6475,57,74,74,74,57
6476,57,74,74,74,57
6477,57,74,74,74,57
6478,57,74,74,74,57
6479,57,74,74,74,57
6480,57,74,74,74,57
6481,57,74,74,74,57
6482,57,74,74,74,57
6483,57,74,74,74,57
6484,57,74,74,74,57
6485,57,74,74,74,57
6486,57,74,74,74,57
6487,57,74,74,74,57
6488,57,74,74,74,57
6489,57,74,74,74,57
6490,57,74,74,74,57
6491,57,74,74,74,57
6492,57,74,74,74,57
6493,57,74,74,74,57
6494,57,74,74,74,57
6495,57,74,74,74,57
6496,57,74,74,74,57
6497,57,74,74,74,57
6498,57,74,74,74,57
6499,57,74,74,74,57
6500,57,74,74,74,57
6501,57,74,74,74,57
6502,57,74,74,74,57
6503,57,74,74,74,57
6504,57,74,74,74,57
6505,57,74,74,74,57
6506,57,74,74,74,57
6507,57,74,74,74,57
6508,57,74,74,74,57
6509,57,74,74,74,57
6510,57,74,74,74,57
6511,57,74,74,74,57
6512,57,74,74,74,57
6513,57,74,74,74,57
6514,57,74,74,74,57
6515,57,74,74,74,57
6516,57,74,74,74,57
6517,57,74,74,74,57
6518,57,74,74,74,57
6519,57,74,74,74,57
6520,57,74,74,74,57
6521,57,74,74,74,57
6522,57,74,74,74,57
6523,57,74,74,74,57
6524,57,74,74,74,57
6525,57,74,74,74,57
6526,57,74,74,74,57
6527,57,74,74,74,57
6528,57,74,74,74,57
6529,57,74,74,74,57
6530,57,74,74,74,57
6531,57,74,74,74,57
6532,57,74,74,74,57
6533,57,74,74,74,57
6534,57,74,74,74,57
6535,57,74,74,74,57
6536,57,74,74,74,57
6537,57,74,74,74,57
6538,57,74,74,74,57
6539,57,74,74,74,57
6540,57,74,74,74,57
6541,57,74,74,74,57
6542,57,74,74,74,57
6543,57,74,74,74,57
6544,57,74,74,74,57
6545,57,74,74,74,57
6546,57,74,74,74,57
6547,57,74,74,74,57
6548,57,74,74,74,57
6549,57,74,74,74,57
6550,57,74,74,74,57
6551,57,74,74,74,57
6552,57,74,74,74,57
6553,57,74,74,74,57
6554,57,74,74,74,57
6555,57,74,74,74,57
6556,57,74,74,74,57
6557,57,74,74,74,57
6558,57,74,74,74,57
6559,57,74,74,74,57
6560,57,74,74,74,57
6561,57,74,74,74,57
6562,57,74,74,74,57
6563,57,74,74,74,57
6564,57,74,74,74,57
6565,57,74,74,74,57
6566,57,74,74,74,57
6567,57,74,74,74,57
6568,57,74,74,74,57
6569,57,74,74,74,57
6570,57,74,74,74,57
6571,57,74,74,74,57
6572,57,74,74,74,57
6573,57,74,74,74,57
6574,57,74,74,74,57
6575,57,74,74,74,57
6576,57,74,74,74,57
6577,57,74,74,74,57
6578,57,74,74,74,57
6579,57,74,74,74,57
6580,57,74,74,74,57
6581,57,74,74,74,57
6582,57,74,74,74,57
6583,57,74,74,74,57
6584,57,74,74,74,57
6585,57,74,74,74,57
6586,57,74,74,74,57
6587,57,74,74,74,57
6588,57,74,74,74,57
6589,57,74,74,74,57
6590,57,74,74,74,57
6591,57,74,74,74,57
6592,57,74,74,74,57
6593,57,74,74,74,57
6594,57,74,74,74,57
6595,57,74,74,74,57
6596,57,74,74,74,57
6597,57,74,74,74,57
6598,57,74,74,74,57
6599,57,74,74,74,57
6600,57,74,74,74,57
6601,57,74,74,74,57
6602,57,74,74,74,57
6603,57,74,74,74,57
6604,57,74,74,74,57
6605,57,74,74,74,57
6606,57,74,74,74,57
6607,57,74,74,74,57
6608,57,74,74,74,57
6609,57,74,74,74,57
6610,57,74,74,74,57
6611,57,74,74,74,57
6612,57,74,74,74,57
6613,57,74,74,74,57
6614,57,74,74,74,57
6615,57,74,74,74,57
6616,57,74,74,74,57
6617,57,74,74,74,57
6618,57,74,74,74,57
6619,57,74,74,74,57
6620,57,74,74,74,57
6621,57,74,74,74,57
6622,57,74,74,74,57
6623,57,74,74,74,57
6624,57,74,74,74,57
6625,57,74,74,74,57
6626,57,74,74,74,57
6627,57,74,74,74,57
6628,57,74,74,74,57
6629,57,74,74,74,57
6630,57,74,74,74,57
6631,57,74,74,74,57
6632,57,74,74,74,57
6633,57,74,74,74,57
6634,57,74,74,74,57
6635,57,74,74,74,57
6636,57,74,74,74,57
6637,57,74,74,74,57
6638,57,74,74,74,57
6639,57,74,74,74,57
6640,57,74,74,74,57
6641,57,74,74,74,57
6642,57,74,74,74,57
6643,57,74,74,74,57
6644,57,74,74,74,57
6645,57,74,74,74,57
6646,57,74,74,74,57
6647,57,74,74,74,57
6648,57,74,74,74,57
6649,57,74,74,74,57
6650,57,74,74,74,57
6651,57,74,74,74,57
6652,57,74,74,74,57
6653,57,74,74,74,57
6654,57,74,74,74,57
6655,57,74,74,74,57
6656,57,74,74,74,57
6657,57,74,74,74,57
6658,57,74,74,74,57
6659,57,74,74,74,57
6660,57,74,74,74,57
6661,57,74,74,74,57
6662,57,74,74,74,57
6663,57,74,74,74,57
6664,57,74,74,74,57
6665,57,74,74,74,57
6666,57,74,74,74,57
6667,57,74,74,74,57
6668,57,74,74,74,57
6669,57,74,74,74,57
6670,57,74,74,74,57
6671,57,74,74,74,57
6672,57,74,74,74,57
6673,57,74,74,74,57
6674,57,74,74,74,57
6675,57,74,74,74,57
6676,57,74,74,74,57
6677,57,74,74,74,57
6678,57,74,74,74,57
6679,57,74,74,74,57
6680,57,74,74,74,57
6681,57,74,74,74,57
6682,57,74,74,74,57
6683,57,74,74,74,57
6684,57,74,74,74,57
6685,57,74,74,74,57
6686,57,74,74,74,57
6687,57,74,74,74,57
6688,57,74,74,74,57
6689,57,74,74,74,57
6690,57,74,74,74,57
6691,57,74,74,74,57
6692,57,74,74,74,57
6693,57,74,74,74,57
6694,57,74,74,74,57
6695,57,74,74,74,57
6696,57,74,74,74,57
6697,57,74,74,74,57
6698,57,74,74,74,57
6699,57,74,74,74,57
6700,57,74,74,74,57
6701,57,74,74,74,57
6702,57,74,74,74,57
6703,57,74,74,74,57
6704,57,74,74,74,57
6705,57,74,74,74,57
6706,57,74,74,74,57
6707,57,74,74,74,57
6708,57,74,74,74,57
6709,57,74,74,74,57
6710,57,74,74,74,57
6711,57,74,74,74,57
6712,57,74,74,74,57
6713,57,74,74,74,57
6714,57,74,74,74,57
6715,57,74,74,74,57
6716,57,74,74,74,57
6717,57,74,74,74,57
6718,57,74,74,74,57
6719,57,74,74,74,57
6720,57,74,74,74,57
6721,57,74,74,74,57
6722,57,74,74,74,57
6723,57,74,74,74,57
6724,57,74,74,74,57
6725,57,74,74,74,57
6726,57,74,74,74,57
6727,57,74,74,74,57
6728,57,74,74,74,57
6729,57,74,74,74,57
6730,57,74,74,74,57
6731,57,74,74,74,57
6732,57,74,74,74,57
6733,57,74,74,74,57
6734,57,74,74,74,57
6735,57,74,74,74,57
6736,57,74,74,74,57
6737,57,74,74,74,57
6738,57,74,74,74,57
6739,57,74,74,74,57
6740,57,74,74,74,57
6741,57,74,74,74,57
6742,57,74,74,74,57
6743,57,74,74,74,57
6744,57,74,74,74,57
6745,57,74,74,74,57
6746,57,74,74,74,57
6747,57,74,74,74,57
6748,57,74,74,74,57
6749,57,74,74,74,57
6750,57,74,74,74,57
6751,57,74,74,74,57
6752,57,74,74,74,57
6753,57,74,74,74,57
6754,57,74,74,74,57
6755,57,74,74,74,57
6756,57,74,74,74,57
6757,57,74,74,74,57
6758,57,74,74,74,57
6759,57,74,74,74,57
6760,57,74,74,74,57
6761,57,74,74,74,57
6762,57,74,74,74,57
6763,57,74,74,74,57
6764,57,74,74,74,57
6765,57,74,74,74,57
6766,57,74,74,74,57
6767,57,74,74,74,57
6768,57,74,74,74,57
6769,57,74,74,74,57
6770,57,74,74,74,57
6771,57,74,74,74,57
6772,57,74,74,74,57
6773,57,74,74,74,57
6774,57,74,74,74,57
6775,57,74,74,74,57
6776,57,74,74,74,57
6777,57,74,74,74,57
6778,57,74,74,74,57
6779,57,74,74,74,57
6780,57,74,74,74,57
6781,57,74,74,74,57
6782,57,74,74,74,57
6783,57,74,74,74,57
6784,57,74,74,74,57
6785,57,74,74,74,57
6786,57,74,74,74,57
6787,57,74,74,74,57
6788,57,74,74,74,57
6789,57,74,74,74,57
6790,57,74,74,74,57
6791,57,74,74,74,57
6792,57,74,74,74,57
6793,57,74,74,74,57
6794,57,74,74,74,57
6795,57,74,74,74,57
6796,57,74,74,74,57
6797,57,74,74,74,57
6798,57,74,74,74,57
6799,57,74,74,74,57
6800,57,74,74,74,57
6801,57,74,74,74,57
6802,57,74,74,74,57
6803,57,74,74,74,57
6804,57,74,74,74,57
6805,57,74,74,74,57
6806,57,74,74,74,57
6807,57,74,74,74,57
6808,57,74,74,74,57
6809,57,74,74,74,57
6810,57,74,74,74,57
6811,57,74,74,74,57
6812,57,74,74,74,57
6813,57,74,74,74,57
6814,57,74,74,74,57
6815,57,74,74,74,57
6816,57,74,74,74,57
6817,57,74,74,74,57
6818,57,74,74,74,57
6819,57,74,74,74,57
6820,57,74,74,74,57
6821,57,74,74,74,57
6822,57,74,74,74,57
6823,57,74,74,74,57
6824,57,74,74,74,57
6825,57,74,74,74,57
6826,57,74,74,74,57
6827,57,74,74,74,57
6828,57,74,74,74,57
6829,57,74,74,74,57
6830,57,74,74,74,57
6831,57,74,74,74,57
6832,57,74,74,74,57
6833,57,74,74,74,57
6834,57,74,74,74,57
6835,57,74,74,74,57
6836,57,74,74,74,57
6837,57,74,74,74,57
6838,57,74,74,74,57
6839,57,74,74,74,57
6840,57,74,74,74,57
6841,57,74,74,74,57
6842,57,74,74,74,57
6843,57,74,74,74,57
6844,57,74,74,74,57
6845,57,74,74,74,57
6846,57,74,74,74,57
6847,57,74,74,74,57
6848,57,74,74,74,57
6849,57,74,74,74,57
6850,57,74,74,74,57
6851,57,74,74,74,57
6852,57,74,74,74,57
6853,57,74,74,74,57
6854,57,74,74,74,57
6855,57,74,74,74,57
6856,57,74,74,74,57
6857,57,74,74,74,57
6858,57,74,74,74,57
6859,57,74,74,74,57
6860,57,74,74,74,57
6861,57,74,74,74,57
6862,57,74,74,74,57
6863,57,74,74,74,57
6864,57,74,74,74,57
6865,57,74,74,74,57
6866,57,74,74,74,57
6867,57,74,74,74,57
6868,57,74,74,74,57
6869,57,74,74,74,57
6870,57,74,74,74,57
6871,57,74,74,74,57
6872,57,74,74,74,57
6873,57,74,74,74,57
6874,57,74,74,74,57
6875,57,74,74,74,57
6876,57,74,74,74,57
6877,57,74,74,74,57
6878,57,74,74,74,57
6879,57,74,74,74,57
6880,57,74,74,74,57
6881,57,74,74,74,57
6882,57,74,74,74,57
6883,57,74,74,74,57
6884,57,74,74,74,57
6885,57,74,74,74,57
6886,57,74,74,74,57
6887,57,74,74,74,57
6888,57,74,74,74,57
6889,57,74,74,74,57
6890,57,74,74,74,57
6891,57,74,74,74,57
6892,57,74,74,74,57
6893,57,74,74,74,57
6894,57,74,74,74,57
6895,57,74,74,74,57
6896,57,74,74,74,57
6897,57,74,74,74,57
6898,57,74,74,74,57
6899,57,74,74,74,57
6900,57,74,74,74,57
6901,57,74,74,74,57
6902,57,74,74,74,57
6903,57,74,74,74,57
6904,57,74,74,74,57
6905,57,74,74,74,57
6906,57,74,74,74,57
6907,57,74,74,74,57
6908,57,74,74,74,57
6909,57,74,74,74,57
6910,57,74,74,74,57
6911,57,74,74,74,57
6912,57,74,74,74,57
6913,57,74,74,74,57
6914,57,74,74,74,57
6915,57,74,74,74,57
6916,57,74,74,74,57
6917,57,74,74,74,57
6918,57,74,74,74,57
6919,57,74,74,74,57
6920,57,74,74,74,57
6921,57,74,74,74,57
6922,57,74,74,74,57
6923,57,74,74,74,57
6924,57,74,74,74,57
6925,57,74,74,74,57
6926,57,74,74,74,57
6927,57,74,74,74,57
6928,57,74,74,74,57
6929,57,74,74,74,57
6930,57,74,74,74,57
6931,57,74,74,74,57
6932,57,74,74,74,57
6933,57,74,74,74,57
6934,57,74,74,74,57
6935,57,74,74,74,57
6936,57,74,74,74,57
6937,57,74,74,74,57
6938,57,74,74,74,57
6939,57,74,74,74,57
6940,57,74,74,74,57
6941,57,74,74,74,57
6942,57,74,74,74,57
6943,57,74,74,74,57
6944,57,74,74,74,57
6945,57,74,74,74,57
6946,57,74,74,74,57
6947,57,74,74,74,57
6948,57,74,74,74,57
6949,57,74,74,74,57
6950,57,74,74,74,57
6951,57,74,74,74,57
6952,57,74,74,74,57
6953,57,74,74,74,57
6954,57,74,74,74,57
6955,57,74,74,74,57
6956,57,74,74,74,57
6957,57,74,74,74,57
6958,57,74,74,74,57
6959,57,74,74,74,57
6960,57,74,74,74,57
6961,57,74,74,74,57
6962,57,74,74,74,57
6963,57,74,74,74,57
6964,57,74,74,74,57
6965,57,74,74,74,57
6966,57,74,74,74,57
6967,57,74,74,74,57
6968,57,74,74,74,57
6969,57,74,74,74,57
6970,57,74,74,74,57
6971,57,74,74,74,57
6972,57,74,74,74,57
6973,57,74,74,74,57
6974,57,74,74,74,57
6975,57,74,74,74,57
6976,57,74,74,74,57
6977,57,74,74,74,57
6978,57,74,74,74,57
6979,57,74,74,74,57
6980,57,74,74,74,57
6981,57,74,74,74,57
6982,57,74,74,74,57
6983,57,74,74,74,57
6984,57,74,74,74,57
6985,57,74,74,74,57
6986,57,74,74,74,57
6987,57,74,74,74,57
6988,57,74,74,74,57
6989,57,74,74,74,57
6990,57,74,74,74,57
6991,57,74,74,74,57
6992,57,74,74,74,57
6993,57,74,74,74,57
6994,57,74,74,74,57
6995,57,74,74,74,57
6996,57,74,74,74,57
6997,57,74,74,74,57
6998,57,74,74,74,57
6999,57,74,74,74,57
7000,57,74,74,74,57
7001,57,74,74,74,57
7002,57,74,74,74,57
7003,57,74,74,74,57
7004,57,74,74,74,57
7005,57,74,74,74,57
7006,57,74,74,74,57
7007,57,74,74,74,57
7008,57,74,74,74,57
7009,57,74,74,74,57
7010,57,74,74,74,57
7011,57,74,74,74,57
7012,57,74,74,74,57
7013,57,74,74,74,57
7014,57,74,74,74,57
7015,57,74,74,74,57
7016,57,74,74,74,57
7017,57,74,74,74,57
7018,57,74,74,74,57
7019,57,74,74,74,57
7020,57,74,74,74,57
7021,57,74,74,74,57
7022,57,74,74,74,57
7023,57,74,74,74,57
7024,57,74,74,74,57
7025,57,74,74,74,57
7026,57,74,74,74,57
7027,57,74,74,74,57
7028,57,74,74,74,57
7029,57,74,74,74,57
7030,57,74,74,74,57
7031,57,74,74,74,57
7032,57,74,74,74,57
7033,57,74,74,74,57
7034,57,74,74,74,57
7035,57,74,74,74,57
7036,57,74,74,74,57
7037,57,74,74,74,57
7038,57,74,74,74,57
7039,57,74,74,74,57
7040,57,74,74,74,57
7041,57,74,74,74,57
7042,57,74,74,74,57
7043,57,74,74,74,57
7044,57,74,74,74,57
7045,57,74,74,74,57
7046,57,74,74,74,57
7047,57,74,74,74,57
7048,57,74,74,74,57
7049,57,74,74,74,57
7050,57,74,74,74,57
7051,57,74,74,74,57
7052,57,74,74,74,57
7053,57,74,74,74,57
7054,57,74,74,74,57
7055,57,74,74,74,57
7056,57,74,74,74,57
7057,57,74,74,74,57
7058,57,74,74,74,57
7059,57,74,74,74,57
7060,57,74,74,74,57
7061,57,74,74,74,57
7062,57,74,74,74,57
7063,57,74,74,74,57
7064,57,74,74,74,57
7065,57,74,74,74,57
7066,57,74,74,74,57
7067,57,74,74,74,57
7068,57,74,74,74,57
7069,57,74,74,74,57
7070,57,74,74,74,57
7071,57,74,74,74,57
7072,57,74,74,74,57
7073,57,74,74,74,57
7074,57,74,74,74,57
7075,57,74,74,74,57
7076,57,74,74,74,57
7077,57,74,74,74,57
7078,57,74,74,74,57
7079,57,74,74,74,57
7080,57,74,74,74,57
7081,57,74,74,74,57
7082,57,74,74,74,57
7083,57,74,74,74,57
7084,57,74,74,74,57
7085,57,74,74,74,57
7086,57,74,74,74,57
7087,57,74,74,74,57
7088,57,74,74,74,57
7089,57,74,74,74,57
7090,57,74,74,74,57
7091,57,74,74,74,57
7092,57,74,74,74,57
7093,57,74,74,74,57
7094,57,74,74,74,57
7095,57,74,74,74,57
7096,57,74,74,74,57
7097,57,74,74,74,57
7098,57,74,74,74,57
7099,57,74,74,74,57
7100,57,74,74,74,57
7101,57,74,74,74,57
7102,57,74,74,74,57
7103,57,74,74,74,57
7104,57,74,74,74,57
7105,57,74,74,74,57
7106,57,74,74,74,57
7107,57,74,74,74,57
7108,57,74,74,74,57
7109,57,74,74,74,57
7110,57,74,74,74,57
7111,57,74,74,74,57
7112,57,74,74,74,57
7113,57,74,74,74,57
7114,57,74,74,74,57
7115,57,74,74,74,57
7116,57,74,74,74,57
7117,57,74,74,74,57
7118,57,74,74,74,57
7119,57,74,74,74,57
7120,57,74,74,74,57
7121,57,74,74,74,57
7122,57,74,74,74,57
7123,57,74,74,74,57
7124,57,74,74,74,57
7125,57,74,74,74,57
7126,57,74,74,74,57
7127,57,74,74,74,57
7128,57,74,74,74,57
7129,57,74,74,74,57
7130,57,74,74,74,57
7131,57,74,74,74,57
7132,57,74,74,74,57
7133,57,74,74,74,57
7134,57,74,74,74,57
7135,57,74,74,74,57
7136,57,74,74,74,57
7137,57,74,74,74,57
7138,57,74,74,74,57
7139,57,74,74,74,57
7140,57,74,74,74,57
7141,57,74,74,74,57
7142,57,74,74,74,57
7143,57,74,74,74,57
7144,57,74,74,74,57
7145,57,74,74,74,57
7146,57,74,74,74,57
7147,57,74,74,74,57
7148,57,74,74,74,57
7149,57,74,74,74,57
7150,57,74,74,74,57
7151,57,74,74,74,57
7152,57,74,74,74,57
7153,57,74,74,74,57
7154,57,74,74,74,57
7155,57,74,74,74,57
7156,57,74,74,74,57
7157,57,74,74,74,57
7158,57,74,74,74,57
7159,57,74,74,74,57
7160,57,74,74,74,57
7161,57,74,74,74,57
7162,57,74,74,74,57
7163,57,74,74,74,57
7164,57,74,74,74,57
7165,57,74,74,74,57
7166,57,74,74,74,57
7167,57,74,74,74,57
7168,57,74,74,74,57
7169,57,74,74,74,57
7170,57,74,74,74,57
7171,57,74,74,74,57
7172,57,74,74,74,57
7173,57,74,74,74,57
7174,57,74,74,74,57
7175,57,74,74,74,57
7176,57,74,74,74,57
7177,57,74,74,74,57
7178,57,74,74,74,57
7179,57,74,74,74,57
7180,57,74,74,74,57
7181,57,74,74,74,57
7182,57,74,74,74,57
7183,57,74,74,74,57
7184,57,74,74,74,57
7185,57,74,74,74,57
7186,57,74,74,74,57
7187,57,74,74,74,57
7188,57,74,74,74,57
7189,57,74,74,74,57
7190,57,74,74,74,57
7191,57,74,74,74,57
7192,57,74,74,74,57
7193,57,74,74,74,57
7194,57,74,74,74,57
7195,57,74,74,74,57
7196,57,74,74,74,57
7197,57,74,74,74,57
7198,57,74,74,74,57
7199,57,74,74,74,57
7200,57,74,74,74,57
7201,57,74,74,74,57
7202,57,74,74,74,57
7203,57,74,74,74,57
7204,57,74,74,74,57
7205,57,74,74,74,57
7206,57,74,74,74,57
7207,57,74,74,74,57
7208,57,74,74,74,57
7209,57,74,74,74,57
7210,57,74,74,74,57
7211,57,74,74,74,57
7212,57,74,74,74,57
7213,57,74,74,74,57
7214,57,74,74,74,57
7215,57,74,74,74,57
7216,57,74,74,74,57
7217,57,74,74,74,57
7218,57,74,74,74,57
7219,57,74,74,74,57
7220,57,74,74,74,57
7221,57,74,74,74,57
7222,57,74,74,74,57
7223,57,74,74,74,57
7224,57,74,74,74,57
7225,57,74,74,74,57
7226,57,74,74,74,57
7227,57,74,74,74,57
7228,57,74,74,74,57
7229,57,74,74,74,57
7230,57,74,74,74,57
7231,57,74,74,74,57
7232,57,74,74,74,57
7233,57,74,74,74,57
7234,57,74,74,74,57
7235,57,74,74,74,57
7236,57,74,74,74,57
7237,57,74,74,74,57
7238,57,74,74,74,57
7239,57,74,74,74,57
7240,57,74,74,74,57
7241,57,74,74,74,57
7242,57,74,74,74,57
7243,57,74,74,74,57
7244,57,74,74,74,57
7245,57,74,74,74,57
7246,57,74,74,74,57
7247,57,74,74,74,57
7248,57,74,74,74,57
7249,57,74,74,74,57
7250,57,74,74,74,57
7251,57,74,74,74,57
7252,57,74,74,74,57
7253,57,74,74,74,57
7254,57,74,74,74,57
7255,57,74,74,74,57
7256,57,74,74,74,57
7257,57,74,74,74,57
7258,57,74,74,74,57
7259,57,74,74,74,57
7260,57,74,74,74,57
7261,57,74,74,74,57
7262,57,74,74,74,57
7263,57,74,74,74,57
7264,57,74,74,74,57
7265,57,74,74,74,57
7266,57,74,74,74,57
7267,57,74,74,74,57
7268,57,74,74,74,57
7269,57,74,74,74,57
7270,57,74,74,74,57
7271,57,74,74,74,57
7272,57,74,74,74,57
7273,57,74,74,74,57
7274,57,74,74,74,57
7275,57,74,74,74,57
7276,57,74,74,74,57
7277,57,74,74,74,57
7278,57,74,74,74,57
7279,57,74,74,74,57
7280,57,74,74,74,57
7281,57,74,74,74,57
7282,57,74,74,74,57
7283,57,74,74,74,57
7284,57,74,74,74,57
7285,57,74,74,74,57
7286,57,74,74,74,57
7287,57,74,74,74,57
7288,57,74,74,74,57
7289,57,74,74,74,57
7290,57,74,74,74,57
7291,57,74,74,74,57
7292,57,74,74,74,57
7293,57,74,74,74,57
7294,57,74,74,74,57
7295,57,74,74,74,57
7296,57,74,74,74,57
7297,57,74,74,74,57
7298,57,74,74,74,57
7299,57,74,74,74,57
7300,57,74,74,74,57
7301,57,74,74,74,57
7302,57,74,74,74,57
7303,57,74,74,74,57
7304,57,74,74,74,57
7305,57,74,74,74,57
7306,57,74,74,74,57
7307,57,74,74,74,57
7308,57,74,74,74,57
7309,57,74,74,74,57
7310,57,74,74,74,57
7311,57,74,74,74,57
7312,57,74,74,74,57
7313,57,74,74,74,57
7314,57,74,74,74,57
7315,57,74,74,74,57
7316,57,74,74,74,57
7317,57,74,74,74,57
7318,57,74,74,74,57
7319,57,74,74,74,57
7320,57,74,74,74,57
7321,57,74,74,74,57
7322,57,74,74,74,57
7323,57,74,74,74,57
7324,57,74,74,74,57
7325,57,74,74,74,57
7326,57,74,74,74,57
7327,57,74,74,74,57
7328,57,74,74,74,57
7329,57,74,74,74,57
7330,57,74,74,74,57
7331,57,74,74,74,57
7332,57,74,74,74,57
7333,57,74,74,74,57
7334,57,74,74,74,57
7335,57,74,74,74,57
7336,57,74,74,74,57
7337,57,74,74,74,57
7338,57,74,74,74,57
7339,57,74,74,74,57
7340,57,74,74,74,57
7341,57,74,74,74,57
7342,57,74,74,74,57
7343,57,74,74,74,57
7344,57,74,74,74,57
7345,57,74,74,74,57
7346,57,74,74,74,57
7347,57,74,74,74,57
7348,57,74,74,74,57
7349,57,74,74,74,57
7350,57,74,74,74,57
7351,57,74,74,74,57
7352,57,74,74,74,57
7353,57,74,74,74,57
7354,57,74,74,74,57
7355,57,74,74,74,57
7356,57,74,74,74,57
7357,57,74,74,74,57
7358,57,74,74,74,57
7359,57,74,74,74,57
7360,57,74,74,74,57
7361,57,74,74,74,57
7362,57,74,74,74,57
7363,57,74,74,74,57
7364,57,74,74,74,57
7365,57,74,74,74,57
7366,57,74,74,74,57
7367,57,74,74,74,57
7368,57,74,74,74,57
7369,57,74,74,74,57
7370,57,74,74,74,57
7371,57,74,74,74,57
7372,57,74,74,74,57
7373,57,74,74,74,57
7374,57,74,74,74,57
7375,57,74,74,74,57
7376,57,74,74,74,57
7377,57,74,74,74,57
7378,57,74,74,74,57
7379,57,74,74,74,57
7380,57,74,74,74,57
7381,57,74,74,74,57
7382,57,74,74,74,57
7383,57,74,74,74,57
7384,57,74,74,74,57
7385,57,74,74,74,57
7386,57,74,74,74,57
7387,57,74,74,74,57
7388,57,74,74,74,57
7389,57,74,74,74,57
7390,57,74,74,74,57
7391,57,74,74,74,57
7392,57,74,74,74,57
7393,57,74,74,74,57
7394,57,74,74,74,57
7395,57,74,74,74,57
7396,57,74,74,74,57
7397,57,74,74,74,57
7398,57,74,74,74,57
7399,57,74,74,74,57
7400,57,74,74,74,57
7401,57,74,74,74,57
7402,57,74,74,74,57
7403,57,74,74,74,57
7404,57,74,74,74,57
7405,57,74,74,74,57
7406,57,74,74,74,57
7407,57,74,74,74,57
7408,57,74,74,74,57
7409,57,74,74,74,57
7410,57,74,74,74,57
7411,57,74,74,74,57
7412,57,74,74,74,57
7413,57,74,74,74,57
7414,57,74,74,74,57
7415,57,74,74,74,57
7416,57,74,74,74,57
7417,57,74,74,74,57
7418,57,74,74,74,57
7419,57,74,74,74,57
7420,57,74,74,74,57
7421,57,74,74,74,57
7422,57,74,74,74,57
7423,57,74,74,74,57
7424,57,74,74,74,57
7425,57,74,74,74,57
7426,57,74,74,74,57
7427,57,74,74,74,57
7428,57,74,74,74,57
7429,57,74,74,74,57
7430,57,74,74,74,57
7431,57,74,74,74,57
7432,57,74,74,74,57
7433,57,74,74,74,57
7434,57,74,74,74,57
7435,57,74,74,74,57
7436,57,74,74,74,57
7437,57,74,74,74,57
7438,57,74,74,74,57
7439,57,74,74,74,57
7440,57,74,74,74,57
7441,57,74,74,74,57
7442,57,74,74,74,57
7443,57,74,74,74,57
7444,57,74,74,74,57
7445,57,74,74,74,57
7446,57,74,74,74,57
7447,57,74,74,74,57
7448,57,74,74,74,57
7449,57,74,74,74,57
7450,57,74,74,74,57
7451,57,74,74,74,57
7452,57,74,74,74,57
7453,57,74,74,74,57
7454,57,74,74,74,57
7455,57,74,74,74,57
7456,57,74,74,74,57
7457,57,74,74,74,57
7458,57,74,74,74,57
7459,57,74,74,74,57
7460,57,74,74,74,57
7461,57,74,74,74,57
7462,57,74,74,74,57
7463,57,74,74,74,57
7464,57,74,74,74,57
7465,57,74,74,74,57
7466,57,74,74,74,57
7467,57,74,74,74,57
7468,57,74,74,74,57
7469,57,74,74,74,57
7470,57,74,74,74,57
7471,57,74,74,74,57
7472,57,74,74,74,57
7473,57,74,74,74,57
7474,57,74,74,74,57
7475,57,74,74,74,57
7476,57,74,74,74,57
7477,57,74,74,74,57
7478,57,74,74,74,57
7479,57,74,74,74,57
7480,57,74,74,74,57
7481,57,74,74,74,57
7482,57,74,74,74,57
7483,57,74,74,74,57
7484,57,74,74,74,57
7485,57,74,74,74,57
7486,57,74,74,74,57
7487,57,74,74,74,57
7488,57,74,74,74,57
7489,57,74,74,74,57
7490,57,74,74,74,57
7491,57,74,74,74,57
7492,57,74,74,74,57
7493,57,74,74,74,57
7494,57,74,74,74,57
7495,57,74,74,74,57
7496,57,74,74,74,57
7497,57,74,74,74,57
7498,57,74,74,74,57
7499,57,74,74,74,57
7500,57,74,74,74,57
7501,57,74,74,74,57
7502,57,74,74,74,57
7503,57,74,74,74,57
7504,57,74,74,74,57
7505,57,74,74,74,57
7506,57,74,74,74,57
7507,57,74,74,74,57
7508,57,74,74,74,57
7509,57,74,74,74,57
7510,57,74,74,74,57
7511,57,74,74,74,57
7512,57,74,74,74,57
7513,57,74,74,74,57
7514,57,74,74,74,57
7515,57,74,74,74,57
7516,57,74,74,74,57
7517,57,74,74,74,57
7518,57,74,74,74,57
7519,57,74,74,74,57
7520,57,74,74,74,57
7521,57,74,74,74,57
7522,57,74,74,74,57
7523,57,74,74,74,57
7524,57,74,74,74,57
7525,57,74,74,74,57
7526,57,74,74,74,57
7527,57,74,74,74,57
7528,57,74,74,74,57
7529,57,74,74,74,57
7530,57,74,74,74,57
7531,57,74,74,74,57
7532,57,74,74,74,57
7533,57,74,74,74,57
7534,57,74,74,74,57
7535,57,74,74,74,57
7536,57,74,74,74,57
7537,57,74,74,74,57
7538,57,74,74,74,57
7539,57,74,74,74,57
7540,57,74,74,74,57
7541,57,74,74,74,57
7542,57,74,74,74,57
7543,57,74,74,74,57
7544,57,74,74,74,57
7545,57,74,74,74,57
7546,57,74,74,74,57
7547,57,74,74,74,57
7548,57,74,74,74,57
7549,57,74,74,74,57
7550,57,74,74,74,57
7551,57,74,74,74,57
7552,57,74,74,74,57
7553,57,74,74,74,57
7554,57,74,74,74,57
7555,57,74,74,74,57
7556,57,74,74,74,57
7557,57,74,74,74,57
7558,57,74,74,74,57
7559,57,74,74,74,57
7560,57,74,74,74,57
7561,57,74,74,74,57
7562,57,74,74,74,57
7563,57,74,74,74,57
7564,57,74,74,74,57
7565,57,74,74,74,57
7566,57,74,74,74,57
7567,57,74,74,74,57
7568,57,74,74,74,57
7569,57,74,74,74,57
7570,57,74,74,74,57
7571,57,74,74,74,57
7572,57,74,74,74,57
7573,57,74,74,74,57
7574,57,74,74,74,57
7575,57,74,74,74,57
7576,57,74,74,74,57
7577,57,74,74,74,57
7578,57,74,74,74,57
7579,57,74,74,74,57
7580,57,74,74,74,57
7581,57,74,74,74,57
7582,57,74,74,74,57
7583,57,74,74,74,57
7584,57,74,74,74,57
7585,57,74,74,74,57
7586,57,74,74,74,57
7587,57,74,74,74,57
7588,57,74,74,74,57
7589,57,74,74,74,57
7590,57,74,74,74,57
7591,57,74,74,74,57
7592,57,74,74,74,57
7593,57,74,74,74,57
7594,57,74,74,74,57
7595,57,74,74,74,57
7596,57,74,74,74,57
7597,57,74,74,74,57
7598,57,74,74,74,57
7599,57,74,74,74,57
7600,57,74,74,74,57
7601,57,74,74,74,57
7602,57,74,74,74,57
7603,57,74,74,74,57
7604,57,74,74,74,57
7605,57,74,74,74,57
7606,57,74,74,74,57
7607,57,74,74,74,57
7608,57,74,74,74,57
7609,57,74,74,74,57
7610,57,74,74,74,57
7611,57,74,74,74,57
7612,57,74,74,74,57
7613,57,74,74,74,57
7614,57,74,74,74,57
7615,57,74,74,74,57
7616,57,74,74,74,57
7617,57,74,74,74,57
7618,57,74,74,74,57
7619,57,74,74,74,57
7620,57,74,74,74,57
7621,57,74,74,74,57
7622,57,74,74,74,57
7623,57,74,74,74,57
7624,57,74,74,74,57
7625,57,74,74,74,57
7626,57,74,74,74,57
7627,57,74,74,74,57
7628,57,74,74,74,57
7629,57,74,74,74,57
7630,57,74,74,74,57
7631,57,74,74,74,57
7632,57,74,74,74,57
7633,57,74,74,74,57
7634,57,74,74,74,57
7635,57,74,74,74,57
7636,57,74,74,74,57
7637,57,74,74,74,57
7638,57,74,74,74,57
7639,57,74,74,74,57
7640,57,74,74,74,57
7641,57,74,74,74,57
7642,57,74,74,74,57
7643,57,74,74,74,57
7644,57,74,74,74,57
7645,57,74,74,74,57
7646,57,74,74,74,57
7647,57,74,74,74,57
7648,57,74,74,74,57
7649,57,74,74,74,57
7650,57,74,74,74,57
7651,57,74,74,74,57
7652,57,74,74,74,57
7653,57,74,74,74,57
7654,57,74,74,74,57
7655,57,74,74,74,57
7656,57,74,74,74,57
7657,57,74,74,74,57
7658,57,74,74,74,57
7659,57,74,74,74,57
7660,57,74,74,74,57
7661,57,74,74,74,57
7662,57,74,74,74,57
7663,57,74,74,74,57
7664,57,74,74,74,57
7665,57,74,74,74,57
7666,57,74,74,74,57
7667,57,74,74,74,57
7668,57,74,74,74,57
7669,57,74,74,74,57
7670,57,74,74,74,57
7671,57,74,74,74,57
7672,57,74,74,74,57
7673,57,74,74,74,57
7674,57,74,74,74,57
7675,57,74,74,74,57
7676,57,74,74,74,57
7677,57,74,74,74,57
7678,57,74,74,74,57
7679,57,74,74,74,57
7680,57,74,74,74,57
7681,57,74,74,74,57
7682,57,74,74,74,57
7683,57,74,74,74,57
7684,57,74,74,74,57
7685,57,74,74,74,57
7686,57,74,74,74,57
7687,57,74,74,74,57
7688,57,74,74,74,57
7689,57,74,74,74,57
7690,57,74,74,74,57
7691,57,74,74,74,57
7692,57,74,74,74,57
7693,57,74,74,74,57
7694,57,74,74,74,57
7695,57,74,74,74,57
7696,57,74,74,74,57
7697,57,74,74,74,57
7698,57,74,74,74,57
7699,57,74,74,74,57
7700,57,74,74,74,57
7701,57,74,74,74,57
7702,57,74,74,74,57
7703,57,74,74,74,57
7704,57,74,74,74,57
7705,57,74,74,74,57
7706,57,74,74,74,57
7707,57,74,74,74,57
7708,57,74,74,74,57
7709,57,74,74,74,57
7710,57,74,74,74,57
7711,57,74,74,74,57
7712,57,74,74,74,57
7713,57,74,74,74,57
7714,57,74,74,74,57
7715,57,74,74,74,57
7716,57,74,74,74,57
7717,57,74,74,74,57
7718,57,74,74,74,57
7719,57,74,74,74,57
7720,57,74,74,74,57
7721,57,74,74,74,57
7722,57,74,74,74,57
7723,57,74,74,74,57
7724,57,74,74,74,57
7725,57,74,74,74,57
7726,57,74,74,74,57
7727,57,74,74,74,57
7728,57,74,74,74,57
7729,57,74,74,74,57
7730,57,74,74,74,57
7731,57,74,74,74,57
7732,57,74,74,74,57
7733,57,74,74,74,57
7734,57,74,74,74,57
7735,57,74,74,74,57
7736,57,74,74,74,57
7737,57,74,74,74,57
7738,57,74,74,74,57
7739,57,74,74,74,57
7740,57,74,74,74,57
7741,57,74,74,74,57
7742,57,74,74,74,57
7743,57,74,74,74,57
7744,57,74,74,74,57
7745,57,74,74,74,57
7746,57,74,74,74,57
7747,57,74,74,74,57
7748,57,74,74,74,57
7749,57,74,74,74,57
7750,57,74,74,74,57
7751,57,74,74,74,57
7752,57,74,74,74,57
7753,57,74,74,74,57
7754,57,74,74,74,57
7755,57,74,74,74,57
7756,57,74,74,74,57
7757,57,74,74,74,57
7758,57,74,74,74,57
7759,57,74,74,74,57
7760,57,74,74,74,57
7761,57,74,74,74,57
7762,57,74,74,74,57
7763,57,74,74,74,57
7764,57,74,74,74,57
7765,57,74,74,74,57
7766,57,74,74,74,57
7767,57,74,74,74,57
7768,57,74,74,74,57
7769,57,74,74,74,57
7770,57,74,74,74,57
7771,57,74,74,74,57
7772,57,74,74,74,57
7773,57,74,74,74,57
7774,57,74,74,74,57
7775,57,74,74,74,57
7776,57,74,74,74,57
7777,57,74,74,74,57
7778,57,74,74,74,57
7779,57,74,74,74,57
7780,57,74,74,74,57
7781,57,74,74,74,57
7782,57,74,74,74,57
7783,57,74,74,74,57
7784,57,74,74,74,57
7785,57,74,74,74,57
7786,57,74,74,74,57
7787,57,74,74,74,57
7788,57,74,74,74,57
7789,57,74,74,74,57
7790,57,74,74,74,57
7791,57,74,74,74,57
7792,57,74,74,74,57
7793,57,74,74,74,57
7794,57,74,74,74,57
7795,57,74,74,74,57
7796,57,74,74,74,57
7797,57,74,74,74,57
7798,57,74,74,74,57
7799,57,74,74,74,57
7800,57,74,74,74,57
7801,57,74,74,74,57
7802,57,74,74,74,57
7803,57,74,74,74,57
7804,57,74,74,74,57
7805,57,74,74,74,57
7806,57,74,74,74,57
7807,57,74,74,74,57
7808,57,74,74,74,57
7809,57,74,74,74,57
7810,57,74,74,74,57
7811,57,74,74,74,57
7812,57,74,74,74,57
7813,57,74,74,74,57
7814,57,74,74,74,57
7815,57,74,74,74,57
7816,57,74,74,74,57
7817,57,74,74,74,57
7818,57,74,74,74,57
7819,57,74,74,74,57
7820,57,74,74,74,57
7821,57,74,74,74,57
7822,57,74,74,74,57
7823,57,74,74,74,57
7824,57,74,74,74,57
7825,57,74,74,74,57
7826,57,74,74,74,57
7827,57,74,74,74,57
7828,57,74,74,74,57
7829,57,74,74,74,57
7830,57,74,74,74,57
7831,57,74,74,74,57
7832,57,74,74,74,57
7833,57,74,74,74,57
7834,57,74,74,74,57
7835,57,74,74,74,57
7836,57,74,74,74,57
7837,57,74,74,74,57
7838,57,74,74,74,57
7839,57,74,74,74,57
7840,57,74,74,74,57
7841,57,74,74,74,57
7842,57,74,74,74,57
7843,57,74,74,74,57
7844,57,74,74,74,57
7845,57,74,74,74,57
7846,57,74,74,74,57
7847,57,74,74,74,57
7848,57,74,74,74,57
7849,57,74,74,74,57
7850,57,74,74,74,57
7851,57,74,74,74,57
7852,57,74,74,74,57
7853,57,74,74,74,57
7854,57,74,74,74,57
7855,57,74,74,74,57
7856,57,74,74,74,57
7857,57,74,74,74,57
7858,57,74,74,74,57
7859,57,74,74,74,57
7860,57,74,74,74,57
7861,57,74,74,74,57
7862,57,74,74,74,57
7863,57,74,74,74,57
7864,57,74,74,74,57
7865,57,74,74,74,57
7866,57,74,74,74,57
7867,57,74,74,74,57
7868,57,74,74,74,57
7869,57,74,74,74,57
7870,57,74,74,74,57
7871,57,74,74,74,57
7872,57,74,74,74,57
7873,57,74,74,74,57
7874,57,74,74,74,57
7875,57,74,74,74,57
7876,57,74,74,74,57
7877,57,74,74,74,57
7878,57,74,74,74,57
7879,57,74,74,74,57
7880,57,74,74,74,57
7881,57,74,74,74,57
7882,57,74,74,74,57
7883,57,74,74,74,57
7884,57,74,74,74,57
7885,57,74,74,74,57
7886,57,74,74,74,57
7887,57,74,74,74,57
7888,57,74,74,74,57
7889,57,74,74,74,57
7890,57,74,74,74,57
7891,57,74,74,74,57
7892,57,74,74,74,57
7893,57,74,74,74,57
7894,57,74,74,74,57
7895,57,74,74,74,57
7896,57,74,74,74,57
7897,57,74,74,74,57
7898,57,74,74,74,57
7899,57,74,74,74,57
7900,57,74,74,74,57
7901,57,74,74,74,57
7902,57,74,74,74,57
7903,57,74,74,74,57
7904,57,74,74,74,57
7905,57,74,74,74,57
7906,57,74,74,74,57
7907,57,74,74,74,57
7908,57,74,74,74,57
7909,57,74,74,74,57
7910,57,74,74,74,57
7911,57,74,74,74,57
7912,57,74,74,74,57
7913,57,74,74,74,57
7914,57,74,74,74,57
7915,57,74,74,74,57
7916,57,74,74,74,57
7917,57,74,74,74,57
7918,57,74,74,74,57
7919,57,74,74,74,57
7920,57,74,74,74,57
7921,57,74,74,74,57
7922,57,74,74,74,57
7923,57,74,74,74,57
7924,57,74,74,74,57
7925,57,74,74,74,57
7926,57,74,74,74,57
7927,57,74,74,74,57
7928,57,74,74,74,57
7929,57,74,74,74,57
7930,57,74,74,74,57
7931,57,74,74,74,57
7932,57,74,74,74,57
7933,57,74,74,74,57
7934,57,74,74,74,57
7935,57,74,74,74,57
7936,57,74,74,74,57
7937,57,74,74,74,57
7938,57,74,74,74,57
7939,57,74,74,74,57
7940,57,74,74,74,57
7941,57,74,74,74,57
7942,57,74,74,74,57
7943,57,74,74,74,57
7944,57,74,74,74,57
7945,57,74,74,74,57
7946,57,74,74,74,57
7947,57,74,74,74,57
7948,57,74,74,74,57
7949,57,74,74,74,57
7950,57,74,74,74,57
7951,57,74,74,74,57
7952,57,74,74,74,57
7953,57,74,74,74,57
7954,57,74,74,74,57
7955,57,74,74,74,57
7956,57,74,74,74,57
7957,57,74,74,74,57
7958,57,74,74,74,57
7959,57,74,74,74,57
7960,57,74,74,74,57
7961,57,74,74,74,57
7962,57,74,74,74,57
7963,57,74,74,74,57
7964,57,74,74,74,57
7965,57,74,74,74,57
7966,57,74,74,74,57
7967,57,74,74,74,57
7968,57,74,74,74,57
7969,57,74,74,74,57
7970,57,74,74,74,57
7971,57,74,74,74,57
7972,57,74,74,74,57
7973,57,74,74,74,57
7974,57,74,74,74,57
7975,57,74,74,74,57
7976,57,74,74,74,57
7977,57,74,74,74,57
7978,57,74,74,74,57
7979,57,74,74,74,57
7980,57,74,74,74,57
7981,57,74,74,74,57
7982,57,74,74,74,57
7983,57,74,74,74,57
7984,57,74,74,74,57
7985,57,74,74,74,57
7986,57,74,74,74,57
7987,57,74,74,74,57
7988,57,74,74,74,57
7989,57,74,74,74,57
7990,57,74,74,74,57
7991,57,74,74,74,57
7992,57,74,74,74,57
7993,57,74,74,74,57
7994,57,74,74,74,57
7995,57,74,74,74,57
7996,57,74,74,74,57
7997,57,74,74,74,57
7998,57,74,74,74,57
7999,57,74,74,74,57
8000,57,74,74,74,57
8001,57,74,74,74,57
8002,57,74,74,74,57
8003,57,74,74,74,57
8004,57,74,74,74,57
8005,57,74,74,74,57
8006,57,74,74,74,57
8007,57,74,74,74,57
8008,57,74,74,74,57
8009,57,74,74,74,57
8010,57,74,74,74,57
8011,57,74,74,74,57
8012,57,74,74,74,57
8013,57,74,74,74,57
8014,57,74,74,74,57
8015,57,74,74,74,57
8016,57,74,74,74,57
8017,57,74,74,74,57
8018,57,74,74,74,57
8019,57,74,74,74,57
8020,57,74,74,74,57
8021,57,74,74,74,57
8022,57,74,74,74,57
8023,57,74,74,74,57
8024,57,74,74,74,57
8025,57,74,74,74,57
8026,57,74,74,74,57
8027,57,74,74,74,57
8028,57,74,74,74,57
8029,57,74,74,74,57
8030,57,74,74,74,57
8031,57,74,74,74,57
8032,57,74,74,74,57
8033,57,74,74,74,57
8034,57,74,74,74,57
8035,57,74,74,74,57
8036,57,74,74,74,57
8037,57,74,74,74,57
8038,57,74,74,74,57
8039,57,74,74,74,57
8040,57,74,74,74,57
8041,57,74,74,74,57
8042,57,74,74,74,57
8043,57,74,74,74,57
8044,57,74,74,74,57
8045,57,74,74,74,57
8046,57,74,74,74,57
8047,57,74,74,74,57
8048,57,74,74,74,57
8049,57,74,74,74,57
8050,57,74,74,74,57
8051,57,74,74,74,57
8052,57,74,74,74,57
8053,57,74,74,74,57
8054,57,74,74,74,57
8055,57,74,74,74,57
8056,57,74,74,74,57
8057,57,74,74,74,57
8058,57,74,74,74,57
8059,57,74,74,74,57
8060,57,74,74,74,57
8061,57,74,74,74,57
8062,57,74,74,74,57
8063,57,74,74,74,57
8064,57,74,74,74,57
8065,57,74,74,74,57
8066,57,74,74,74,57
8067,57,74,74,74,57
8068,57,74,74,74,57
8069,57,74,74,74,57
8070,57,74,74,74,57
8071,57,74,74,74,57
8072,57,74,74,74,57
8073,57,74,74,74,57
8074,57,74,74,74,57
8075,57,74,74,74,57
8076,57,74,74,74,57
8077,57,74,74,74,57
8078,57,74,74,74,57
8079,57,74,74,74,57
8080,57,74,74,74,57
8081,57,74,74,74,57
8082,57,74,74,74,57
8083,57,74,74,74,57
8084,57,74,74,74,57
8085,57,74,74,74,57
8086,57,74,74,74,57
8087,57,74,74,74,57
8088,57,74,74,74,57
8089,57,74,74,74,57
8090,57,74,74,74,57
8091,57,74,74,74,57
8092,57,74,74,74,57
8093,57,74,74,74,57
8094,57,74,74,74,57
8095,57,74,74,74,57
8096,57,74,74,74,57
8097,57,74,74,74,57
8098,57,74,74,74,57
8099,57,74,74,74,57
8100,57,74,74,74,57
8101,57,74,74,74,57
8102,57,74,74,74,57
8103,57,74,74,74,57
8104,57,74,74,74,57
8105,57,74,74,74,57
8106,57,74,74,74,57
8107,57,74,74,74,57
8108,57,74,74,74,57
8109,57,74,74,74,57
8110,57,74,74,74,57
8111,57,74,74,74,57
8112,57,74,74,74,57
8113,57,74,74,74,57
8114,57,74,74,74,57
8115,57,74,74,74,57
8116,57,74,74,74,57
8117,57,74,74,74,57
8118,57,74,74,74,57
8119,57,74,74,74,57
8120,57,74,74,74,57
8121,57,74,74,74,57
8122,57,74,74,74,57
8123,57,74,74,74,57
8124,57,74,74,74,57
8125,57,74,74,74,57
8126,57,74,74,74,57
8127,57,74,74,74,57
8128,57,74,74,74,57
8129,57,74,74,74,57
8130,57,74,74,74,57
8131,57,74,74,74,57
8132,57,74,74,74,57
8133,57,74,74,74,57
8134,57,74,74,74,57
8135,57,74,74,74,57
8136,57,74,74,74,57
8137,57,74,74,74,57
8138,57,74,74,74,57
8139,57,74,74,74,57
8140,57,74,74,74,57
8141,57,74,74,74,57
8142,57,74,74,74,57
8143,57,74,74,74,57
8144,57,74,74,74,57
8145,57,74,74,74,57
8146,57,74,74,74,57
8147,57,74,74,74,57
8148,57,74,74,74,57
8149,57,74,74,74,57
8150,57,74,74,74,57
8151,57,74,74,74,57
8152,57,74,74,74,57
8153,57,74,74,74,57
8154,57,74,74,74,57
8155,57,74,74,74,57
8156,57,74,74,74,57
8157,57,74,74,74,57
8158,57,74,74,74,57
8159,57,74,74,74,57
8160,57,74,74,74,57
8161,57,74,74,74,57
8162,57,74,74,74,57
8163,57,74,74,74,57
8164,57,74,74,74,57
8165,57,74,74,74,57
8166,57,74,74,74,57
8167,57,74,74,74,57
8168,57,74,74,74,57
8169,57,74,74,74,57
8170,57,74,74,74,57
8171,57,74,74,74,57
8172,57,74,74,74,57
8173,57,74,74,74,57
8174,57,74,74,74,57
8175,57,74,74,74,57
8176,57,74,74,74,57
8177,57,74,74,74,57
8178,57,74,74,74,57
8179,57,74,74,74,57
8180,57,74,74,74,57
8181,57,74,74,74,57
8182,57,74,74,74,57
8183,57,74,74,74,57
8184,57,74,74,74,57
8185,57,74,74,74,57
8186,57,74,74,74,57
8187,57,74,74,74,57
8188,57,74,74,74,57
8189,57,74,74,74,57
8190,57,74,74,74,57
8191,57,74,74,74,57
8192,57,74,74,74,57
8193,57,74,74,74,57
8194,57,74,74,74,57
8195,57,74,74,74,57
8196,57,74,74,74,57
8197,57,74,74,74,57
8198,57,74,74,74,57
8199,57,74,74,74,57
8200,57,74,74,74,57
8201,57,74,74,74,57
8202,57,74,74,74,57
8203,57,74,74,74,57
8204,57,74,74,74,57
8205,57,74,74,74,57
8206,57,74,74,74,57
8207,57,74,74,74,57
8208,57,74,74,74,57
8209,57,74,74,74,57
8210,57,74,74,74,57
8211,57,74,74,74,57
8212,57,74,74,74,57
8213,57,74,74,74,57
8214,57,74,74,74,57
8215,57,74,74,74,57
8216,57,74,74,74,57
8217,57,74,74,74,57
8218,57,74,74,74,57
8219,57,74,74,74,57
8220,57,74,74,74,57
8221,57,74,74,74,57
8222,57,74,74,74,57
8223,57,74,74,74,57
8224,57,74,74,74,57
8225,57,74,74,74,57
8226,57,74,74,74,57
8227,57,74,74,74,57
8228,57,74,74,74,57
8229,57,74,74,74,57
8230,57,74,74,74,57
8231,57,74,74,74,57
8232,57,74,74,74,57
8233,57,74,74,74,57
8234,57,74,74,74,57
8235,57,74,74,74,57
8236,57,74,74,74,57
8237,57,74,74,74,57
8238,57,74,74,74,57
8239,57,74,74,74,57
8240,57,74,74,74,57
8241,57,74,74,74,57
8242,57,74,74,74,57
8243,57,74,74,74,57
8244,57,74,74,74,57
8245,57,74,74,74,57
8246,57,74,74,74,57
8247,57,74,74,74,57
8248,57,74,74,74,57
8249,57,74,74,74,57
8250,57,74,74,74,57
8251,57,74,74,74,57
8252,57,74,74,74,57
8253,57,74,74,74,57
8254,57,74,74,74,57
8255,57,74,74,74,57
8256,57,74,74,74,57
8257,57,74,74,74,57
8258,57,74,74,74,57
8259,57,74,74,74,57
8260,57,74,74,74,57
8261,57,74,74,74,57
8262,57,74,74,74,57
8263,57,74,74,74,57
8264,57,74,74,74,57
8265,57,74,74,74,57
8266,57,74,74,74,57
8267,57,74,74,74,57
8268,57,74,74,74,57
8269,57,74,74,74,57
8270,57,74,74,74,57
8271,57,74,74,74,57
8272,57,74,74,74,57
8273,57,74,74,74,57
8274,57,74,74,74,57
8275,57,74,74,74,57
8276,57,74,74,74,57
8277,57,74,74,74,57
8278,57,74,74,74,57
8279,57,74,74,74,57
8280,57,74,74,74,57
8281,57,74,74,74,57
8282,57,74,74,74,57
8283,57,74,74,74,57
8284,57,74,74,74,57
8285,57,74,74,74,57
8286,57,74,74,74,57
8287,57,74,74,74,57
8288,57,74,74,74,57
8289,57,74,74,74,57
8290,57,74,74,74,57
8291,57,74,74,74,57
8292,57,74,74,74,57
8293,57,74,74,74,57
8294,57,74,74,74,57
8295,57,74,74,74,57
8296,57,74,74,74,57
8297,57,74,74,74,57
8298,57,74,74,74,57
8299,57,74,74,74,57
8300,57,74,74,74,57
8301,57,74,74,74,57
8302,57,74,74,74,57
8303,57,74,74,74,57
8304,57,74,74,74,57
8305,57,74,74,74,57
8306,57,74,74,74,57
8307,57,74,74,74,57
8308,57,74,74,74,57
8309,57,74,74,74,57
8310,57,74,74,74,57
8311,57,74,74,74,57
8312,57,74,74,74,57
8313,57,74,74,74,57
8314,57,74,74,74,57
8315,57,74,74,74,57
8316,57,74,74,74,57
8317,57,74,74,74,57
8318,57,74,74,74,57
8319,57,74,74,74,57
8320,57,74,74,74,57
8321,57,74,74,74,57
8322,57,74,74,74,57
8323,57,74,74,74,57
8324,57,74,74,74,57
8325,57,74,74,74,57
8326,57,74,74,74,57
8327,57,74,74,74,57
8328,57,74,74,74,57
8329,57,74,74,74,57
8330,57,74,74,74,57
8331,57,74,74,74,57
8332,57,74,74,74,57
8333,57,74,74,74,57
8334,57,74,74,74,57
8335,57,74,74,74,57
8336,57,74,74,74,57
8337,57,74,74,74,57
8338,57,74,74,74,57
8339,57,74,74,74,57
8340,57,74,74,74,57
8341,57,74,74,74,57
8342,57,74,74,74,57
8343,57,74,74,74,57
8344,57,74,74,74,57
8345,57,74,74,74,57
8346,57,74,74,74,57
8347,57,74,74,74,57
8348,57,74,74,74,57
8349,57,74,74,74,57
8350,57,74,74,74,57
8351,57,74,74,74,57
8352,57,74,74,74,57
8353,57,74,74,74,57
8354,57,74,74,74,57
8355,57,74,74,74,57
8356,57,74,74,74,57
8357,57,74,74,74,57
8358,57,74,74,74,57
8359,57,74,74,74,57
8360,57,74,74,74,57
8361,57,74,74,74,57
8362,57,74,74,74,57
8363,57,74,74,74,57
8364,57,74,74,74,57
8365,57,74,74,74,57
8366,57,74,74,74,57
8367,57,74,74,74,57
8368,57,74,74,74,57
8369,57,74,74,74,57
8370,57,74,74,74,57
8371,57,74,74,74,57
8372,57,74,74,74,57
8373,57,74,74,74,57
8374,57,74,74,74,57
8375,57,74,74,74,57
8376,57,74,74,74,57
8377,57,74,74,74,57
8378,57,74,74,74,57
8379,57,74,74,74,57
8380,57,74,74,74,57
8381,57,74,74,74,57
8382,57,74,74,74,57
8383,57,74,74,74,57
8384,57,74,74,74,57
8385,57,74,74,74,57
8386,57,74,74,74,57
8387,57,74,74,74,57
8388,57,74,74,74,57
8389,57,74,74,74,57
8390,57,74,74,74,57
8391,57,74,74,74,57
8392,57,74,74,74,57
8393,57,74,74,74,57
8394,57,74,74,74,57
8395,57,74,74,74,57
8396,57,74,74,74,57
8397,57,74,74,74,57
8398,57,74,74,74,57
8399,57,74,74,74,57
8400,57,74,74,74,57
8401,57,74,74,74,57
8402,57,74,74,74,57
8403,57,74,74,74,57
8404,57,74,74,74,57
8405,57,74,74,74,57
8406,57,74,74,74,57
8407,57,74,74,74,57
8408,57,74,74,74,57
8409,57,74,74,74,57
8410,57,74,74,74,57
8411,57,74,74,74,57
8412,57,74,74,74,57
8413,57,74,74,74,57
8414,57,74,74,74,57
8415,57,74,74,74,57
8416,57,74,74,74,57
8417,57,74,74,74,57
8418,57,74,74,74,57
8419,57,74,74,74,57
8420,57,74,74,74,57
8421,57,74,74,74,57
8422,57,74,74,74,57
8423,57,74,74,74,57
8424,57,74,74,74,57
8425,57,74,74,74,57
8426,57,74,74,74,57
8427,57,74,74,74,57
8428,57,74,74,74,57
8429,57,74,74,74,57
8430,57,74,74,74,57
8431,57,74,74,74,57
8432,57,74,74,74,57
8433,57,74,74,74,57
8434,57,74,74,74,57
8435,57,74,74,74,57
8436,57,74,74,74,57
8437,57,74,74,74,57
8438,57,74,74,74,57
8439,57,74,74,74,57
8440,57,74,74,74,57
8441,57,74,74,74,57
8442,57,74,74,74,57
8443,57,74,74,74,57
8444,57,74,74,74,57
8445,57,74,74,74,57
8446,57,74,74,74,57
8447,57,74,74,74,57
8448,57,74,74,74,57
8449,57,74,74,74,57
8450,57,74,74,74,57
8451,57,74,74,74,57
8452,57,74,74,74,57
8453,57,74,74,74,57
8454,57,74,74,74,57
8455,57,74,74,74,57
8456,57,74,74,74,57
8457,57,74,74,74,57
8458,57,74,74,74,57
8459,57,74,74,74,57
8460,57,74,74,74,57
8461,57,74,74,74,57
8462,57,74,74,74,57
8463,57,74,74,74,57
8464,57,74,74,74,57
8465,57,74,74,74,57
8466,57,74,74,74,57
8467,57,74,74,74,57
8468,57,74,74,74,57
8469,57,74,74,74,57
8470,57,74,74,74,57
8471,57,74,74,74,57
8472,57,74,74,74,57
8473,57,74,74,74,57
8474,57,74,74,74,57
8475,57,74,74,74,57
8476,57,74,74,74,57
8477,57,74,74,74,57
8478,57,74,74,74,57
8479,57,74,74,74,57
8480,57,74,74,74,57
8481,57,74,74,74,57
8482,57,74,74,74,57
8483,57,74,74,74,57
8484,57,74,74,74,57
8485,57,74,74,74,57
8486,57,74,74,74,57
8487,57,74,74,74,57
8488,57,74,74,74,57
8489,57,74,74,74,57
8490,57,74,74,74,57
8491,57,74,74,74,57
8492,57,74,74,74,57
8493,57,74,74,74,57
8494,57,74,74,74,57
8495,57,74,74,74,57
8496,57,74,74,74,57
8497,57,74,74,74,57
8498,57,74,74,74,57
8499,57,74,74,74,57
8500,57,74,74,74,57
8501,57,74,74,74,57
8502,57,74,74,74,57
8503,57,74,74,74,57
8504,57,74,74,74,57
8505,57,74,74,74,57
8506,57,74,74,74,57
8507,57,74,74,74,57
8508,57,74,74,74,57
8509,57,74,74,74,57
8510,57,74,74,74,57
8511,57,74,74,74,57
8512,57,74,74,74,57
8513,57,74,74,74,57
8514,57,74,74,74,57
8515,57,74,74,74,57
8516,57,74,74,74,57
8517,57,74,74,74,57
8518,57,74,74,74,57
8519,57,74,74,74,57
8520,57,74,74,74,57
8521,57,74,74,74,57
8522,57,74,74,74,57
8523,57,74,74,74,57
8524,57,74,74,74,57
8525,57,74,74,74,57
8526,57,74,74,74,57
8527,57,74,74,74,57
8528,57,74,74,74,57
8529,57,74,74,74,57
8530,57,74,74,74,57
8531,57,74,74,74,57
8532,57,74,74,74,57
8533,57,74,74,74,57
8534,57,74,74,74,57
8535,57,74,74,74,57
8536,57,74,74,74,57
8537,57,74,74,74,57
8538,57,74,74,74,57
8539,57,74,74,74,57
8540,57,74,74,74,57
8541,57,74,74,74,57
8542,57,74,74,74,57
8543,57,74,74,74,57
8544,57,74,74,74,57
8545,57,74,74,74,57
8546,57,74,74,74,57
8547,57,74,74,74,57
8548,57,74,74,74,57
8549,57,74,74,74,57
8550,57,74,74,74,57
8551,57,74,74,74,57
8552,57,74,74,74,57
8553,57,74,74,74,57
8554,57,74,74,74,57
8555,57,74,74,74,57
8556,57,74,74,74,57
8557,57,74,74,74,57
8558,57,74,74,74,57
8559,57,74,74,74,57
8560,57,74,74,74,57
8561,57,74,74,74,57
8562,57,74,74,74,57
8563,57,74,74,74,57
8564,57,74,74,74,57
8565,57,74,74,74,57
8566,57,74,74,74,57
8567,57,74,74,74,57
8568,57,74,74,74,57
8569,57,74,74,74,57
8570,57,74,74,74,57
8571,57,74,74,74,57
8572,57,74,74,74,57
8573,57,74,74,74,57
8574,57,74,74,74,57
8575,57,74,74,74,57
8576,57,74,74,74,57
8577,57,74,74,74,57
8578,57,74,74,74,57
8579,57,74,74,74,57
8580,57,74,74,74,57
8581,57,74,74,74,57
8582,57,74,74,74,57
8583,57,74,74,74,57
8584,57,74,74,74,57
8585,57,74,74,74,57
8586,57,74,74,74,57
8587,57,74,74,74,57
8588,57,74,74,74,57
8589,57,74,74,74,57
8590,57,74,74,74,57
8591,57,74,74,74,57
8592,57,74,74,74,57
8593,57,74,74,74,57
8594,57,74,74,74,57
8595,57,74,74,74,57
8596,57,74,74,74,57
8597,57,74,74,74,57
8598,57,74,74,74,57
8599,57,74,74,74,57
8600,57,74,74,74,57
8601,57,74,74,74,57
8602,57,74,74,74,57
8603,57,74,74,74,57
8604,57,74,74,74,57
8605,57,74,74,74,57
8606,57,74,74,74,57
8607,57,74,74,74,57
8608,57,74,74,74,57
8609,57,74,74,74,57
8610,57,74,74,74,57
8611,57,74,74,74,57
8612,57,74,74,74,57
8613,57,74,74,74,57
8614,57,74,74,74,57
8615,57,74,74,74,57
8616,57,74,74,74,57
8617,57,74,74,74,57
8618,57,74,74,74,57
8619,57,74,74,74,57
8620,57,74,74,74,57
8621,57,74,74,74,57
8622,57,74,74,74,57
8623,57,74,74,74,57
8624,57,74,74,74,57
8625,57,74,74,74,57
8626,57,74,74,74,57
8627,57,74,74,74,57
8628,57,74,74,74,57
8629,57,74,74,74,57
8630,57,74,74,74,57
8631,57,74,74,74,57
8632,57,74,74,74,57
8633,57,74,74,74,57
8634,57,74,74,74,57
8635,57,74,74,74,57
8636,57,74,74,74,57
8637,57,74,74,74,57
8638,57,74,74,74,57
8639,57,74,74,74,57
8640,57,74,74,74,57
8641,57,74,74,74,57
8642,57,74,74,74,57
8643,57,74,74,74,57
8644,57,74,74,74,57
8645,57,74,74,74,57
8646,57,74,74,74,57
8647,57,74,74,74,57
8648,57,74,74,74,57
8649,57,74,74,74,57
8650,57,74,74,74,57
8651,57,74,74,74,57
8652,57,74,74,74,57
8653,57,74,74,74,57
8654,57,74,74,74,57
8655,57,74,74,74,57
8656,57,74,74,74,57
8657,57,74,74,74,57
8658,57,74,74,74,57
8659,57,74,74,74,57
8660,57,74,74,74,57
8661,57,74,74,74,57
8662,57,74,74,74,57
8663,57,74,74,74,57
8664,57,74,74,74,57
8665,57,74,74,74,57
8666,57,74,74,74,57
8667,57,74,74,74,57
8668,57,74,74,74,57
8669,57,74,74,74,57
8670,57,74,74,74,57
8671,57,74,74,74,57
8672,57,74,74,74,57
8673,57,74,74,74,57
8674,57,74,74,74,57
8675,57,74,74,74,57
8676,57,74,74,74,57
8677,57,74,74,74,57
8678,57,74,74,74,57
8679,57,74,74,74,57
8680,57,74,74,74,57
8681,57,74,74,74,57
8682,57,74,74,74,57
8683,57,74,74,74,57
8684,57,74,74,74,57
8685,57,74,74,74,57
8686,57,74,74,74,57
8687,57,74,74,74,57
8688,57,74,74,74,57
8689,57,74,74,74,57
8690,57,74,74,74,57
8691,57,74,74,74,57
8692,57,74,74,74,57
8693,57,74,74,74,57
8694,57,74,74,74,57
8695,57,74,74,74,57
8696,57,74,74,74,57
8697,57,74,74,74,57
8698,57,74,74,74,57
8699,57,74,74,74,57
8700,57,74,74,74,57
8701,57,74,74,74,57
8702,57,74,74,74,57
8703,57,74,74,74,57
8704,57,74,74,74,57
8705,57,74,74,74,57
8706,57,74,74,74,57
8707,57,74,74,74,57
8708,57,74,74,74,57
8709,57,74,74,74,57
8710,57,74,74,74,57
8711,57,74,74,74,57
8712,57,74,74,74,57
8713,57,74,74,74,57
8714,57,74,74,74,57
8715,57,74,74,74,57
8716,57,74,74,74,57
8717,57,74,74,74,57
8718,57,74,74,74,57
8719,57,74,74,74,57
8720,57,74,74,74,57
8721,57,74,74,74,57
8722,57,74,74,74,57
8723,57,74,74,74,57
8724,57,74,74,74,57
8725,57,74,74,74,57
8726,57,74,74,74,57
8727,57,74,74,74,57
8728,57,74,74,74,57
8729,57,74,74,74,57
8730,57,74,74,74,57
8731,57,74,74,74,57
8732,57,74,74,74,57
8733,57,74,74,74,57
8734,57,74,74,74,57
8735,57,74,74,74,57
8736,57,74,74,74,57
8737,57,74,74,74,57
8738,57,74,74,74,57
8739,57,74,74,74,57
8740,57,74,74,74,57
8741,57,74,74,74,57
8742,57,74,74,74,57
8743,57,74,74,74,57
8744,57,74,74,74,57
8745,57,74,74,74,57
8746,57,74,74,74,57
8747,57,74,74,74,57
8748,57,74,74,74,57
8749,57,74,74,74,57
8750,57,74,74,74,57
8751,57,74,74,74,57
8752,57,74,74,74,57
8753,57,74,74,74,57
8754,57,74,74,74,57
8755,57,74,74,74,57
8756,57,74,74,74,57
8757,57,74,74,74,57
8758,57,74,74,74,57
8759,57,74,74,74,57
8760,57,74,74,74,57
8761,57,74,74,74,57
8762,57,74,74,74,57
8763,57,74,74,74,57
8764,57,74,74,74,57
8765,57,74,74,74,57
8766,57,74,74,74,57
8767,57,74,74,74,57
8768,57,74,74,74,57
8769,57,74,74,74,57
8770,57,74,74,74,57
8771,57,74,74,74,57
8772,57,74,74,74,57
8773,57,74,74,74,57
8774,57,74,74,74,57
8775,57,74,74,74,57
8776,57,74,74,74,57
8777,57,74,74,74,57
8778,57,74,74,74,57
8779,57,74,74,74,57
8780,57,74,74,74,57
8781,57,74,74,74,57
8782,57,74,74,74,57
8783,57,74,74,74,57
8784,57,74,74,74,57
8785,57,74,74,74,57
8786,57,74,74,74,57
8787,57,74,74,74,57
8788,57,74,74,74,57
8789,57,74,74,74,57
8790,57,74,74,74,57
8791,57,74,74,74,57
8792,57,74,74,74,57
8793,57,74,74,74,57
8794,57,74,74,74,57
8795,57,74,74,74,57
8796,57,74,74,74,57
8797,57,74,74,74,57
8798,57,74,74,74,57
8799,57,74,74,74,57
8800,57,74,74,74,57
8801,57,74,74,74,57
8802,57,74,74,74,57
8803,57,74,74,74,57
8804,57,74,74,74,57
8805,57,74,74,74,57
8806,57,74,74,74,57
8807,57,74,74,74,57
8808,57,74,74,74,57
8809,57,74,74,74,57
8810,57,74,74,74,57
8811,57,74,74,74,57
8812,57,74,74,74,57
8813,57,74,74,74,57
8814,57,74,74,74,57
8815,57,74,74,74,57
8816,57,74,74,74,57
8817,57,74,74,74,57
8818,57,74,74,74,57
8819,57,74,74,74,57
8820,57,74,74,74,57
8821,57,74,74,74,57
8822,57,74,74,74,57
8823,57,74,74,74,57
8824,57,74,74,74,57
8825,57,74,74,74,57
8826,57,74,74,74,57
8827,57,74,74,74,57
8828,57,74,74,74,57
8829,57,74,74,74,57
8830,57,74,74,74,57
8831,57,74,74,74,57
8832,57,74,74,74,57
8833,57,74,74,74,57
8834,57,74,74,74,57
8835,57,74,74,74,57
8836,57,74,74,74,57
8837,57,74,74,74,57
8838,57,74,74,74,57
8839,57,74,74,74,57
8840,57,74,74,74,57
8841,57,74,74,74,57
8842,57,74,74,74,57
8843,57,74,74,74,57
8844,57,74,74,74,57
8845,57,74,74,74,57
8846,57,74,74,74,57
8847,57,74,74,74,57
8848,57,74,74,74,57
8849,57,74,74,74,57
8850,57,74,74,74,57
8851,57,74,74,74,57
8852,57,74,74,74,57
8853,57,74,74,74,57
8854,57,74,74,74,57
8855,57,74,74,74,57
8856,57,74,74,74,57
8857,57,74,74,74,57
8858,57,74,74,74,57
8859,57,74,74,74,57
8860,57,74,74,74,57
8861,57,74,74,74,57
8862,57,74,74,74,57
8863,57,74,74,74,57
8864,57,74,74,74,57
8865,57,74,74,74,57
8866,57,74,74,74,57
8867,57,74,74,74,57
8868,57,74,74,74,57
8869,57,74,74,74,57
8870,57,74,74,74,57
8871,57,74,74,74,57
8872,57,74,74,74,57
8873,57,74,74,74,57
8874,57,74,74,74,57
8875,57,74,74,74,57
8876,57,74,74,74,57
8877,57,74,74,74,57
8878,57,74,74,74,57
8879,57,74,74,74,57
8880,57,74,74,74,57
8881,57,74,74,74,57
8882,57,74,74,74,57
8883,57,74,74,74,57
8884,57,74,74,74,57
8885,57,74,74,74,57
8886,57,74,74,74,57
8887,57,74,74,74,57
8888,57,74,74,74,57
8889,57,74,74,74,57
8890,57,74,74,74,57
8891,57,74,74,74,57
8892,57,74,74,74,57
8893,57,74,74,74,57
8894,57,74,74,74,57
8895,57,74,74,74,57
8896,57,74,74,74,57
8897,57,74,74,74,57
8898,57,74,74,74,57
8899,57,74,74,74,57
8900,57,74,74,74,57
8901,57,74,74,74,57
8902,57,74,74,74,57
8903,57,74,74,74,57
8904,57,74,74,74,57
8905,57,74,74,74,57
8906,57,74,74,74,57
8907,57,74,74,74,57
8908,57,74,74,74,57
8909,57,74,74,74,57
8910,57,74,74,74,57
8911,57,74,74,74,57
8912,57,74,74,74,57
8913,57,74,74,74,57
8914,57,74,74,74,57
8915,57,74,74,74,57
8916,57,74,74,74,57
8917,57,74,74,74,57
8918,57,74,74,74,57
8919,57,74,74,74,57
8920,57,74,74,74,57
8921,57,74,74,74,57
8922,57,74,74,74,57
8923,57,74,74,74,57
8924,57,74,74,74,57
8925,57,74,74,74,57
8926,57,74,74,74,57
8927,57,74,74,74,57
8928,57,74,74,74,57
8929,57,74,74,74,57
8930,57,74,74,74,57
8931,57,74,74,74,57
8932,57,74,74,74,57
8933,57,74,74,74,57
8934,57,74,74,74,57
8935,57,74,74,74,57
8936,57,74,74,74,57
8937,57,74,74,74,57
8938,57,74,74,74,57
8939,57,74,74,74,57
8940,57,74,74,74,57
8941,57,74,74,74,57
8942,57,74,74,74,57
8943,57,74,74,74,57
8944,57,74,74,74,57
8945,57,74,74,74,57
8946,57,74,74,74,57
8947,57,74,74,74,57
8948,57,74,74,74,57
8949,57,74,74,74,57
8950,57,74,74,74,57
8951,57,74,74,74,57
8952,57,74,74,74,57
8953,57,74,74,74,57
8954,57,74,74,74,57
8955,57,74,74,74,57
8956,57,74,74,74,57
8957,57,74,74,74,57
8958,57,74,74,74,57
8959,57,74,74,74,57
8960,57,74,74,74,57
8961,57,74,74,74,57
8962,57,74,74,74,57
8963,57,74,74,74,57
8964,57,74,74,74,57
8965,57,74,74,74,57
8966,57,74,74,74,57
8967,57,74,74,74,57
8968,57,74,74,74,57
8969,57,74,74,74,57
8970,57,74,74,74,57
8971,57,74,74,74,57
8972,57,74,74,74,57
8973,57,74,74,74,57
8974,57,74,74,74,57
8975,57,74,74,74,57
8976,57,74,74,74,57
8977,57,74,74,74,57
8978,57,74,74,74,57
8979,57,74,74,74,57
8980,57,74,74,74,57
8981,57,74,74,74,57
8982,57,74,74,74,57
8983,57,74,74,74,57
8984,57,74,74,74,57
8985,57,74,74,74,57
8986,57,74,74,74,57
8987,57,74,74,74,57
8988,57,74,74,74,57
8989,57,74,74,74,57
8990,57,74,74,74,57
8991,57,74,74,74,57
8992,57,74,74,74,57
8993,57,74,74,74,57
8994,57,74,74,74,57
8995,57,74,74,74,57
8996,57,74,74,74,57
8997,57,74,74,74,57
8998,57,74,74,74,57
8999,57,74,74,74,57
9000,57,74,74,74,57
9001,57,74,74,74,57
9002,57,74,74,74,57
9003,57,74,74,74,57
9004,57,74,74,74,57
9005,57,74,74,74,57
9006,57,74,74,74,57
9007,57,74,74,74,57
9008,57,74,74,74,57
9009,57,74,74,74,57
9010,57,74,74,74,57
9011,57,74,74,74,57
9012,57,74,74,74,57
9013,57,74,74,74,57
9014,57,74,74,74,57
9015,57,74,74,74,57
9016,57,74,74,74,57
9017,57,74,74,74,57
9018,57,74,74,74,57
9019,57,74,74,74,57
9020,57,74,74,74,57
9021,57,74,74,74,57
9022,57,74,74,74,57
9023,57,74,74,74,57
9024,57,74,74,74,57
9025,57,74,74,74,57
9026,57,74,74,74,57
9027,57,74,74,74,57
9028,57,74,74,74,57
9029,57,74,74,74,57
9030,57,74,74,74,57
9031,57,74,74,74,57
9032,57,74,74,74,57
9033,57,74,74,74,57
9034,57,74,74,74,57
9035,57,74,74,74,57
9036,57,74,74,74,57
9037,57,74,74,74,57
9038,57,74,74,74,57
9039,57,74,74,74,57
9040,57,74,74,74,57
9041,57,74,74,74,57
9042,57,74,74,74,57
9043,57,74,74,74,57
9044,57,74,74,74,57
9045,57,74,74,74,57
9046,57,74,74,74,57
9047,57,74,74,74,57
9048,57,74,74,74,57
9049,57,74,74,74,57
9050,57,74,74,74,57
9051,57,74,74,74,57
9052,57,74,74,74,57
9053,57,74,74,74,57
9054,57,74,74,74,57
9055,57,74,74,74,57
9056,57,74,74,74,57
9057,57,74,74,74,57
9058,57,74,74,74,57
9059,57,74,74,74,57
9060,57,74,74,74,57
9061,57,74,74,74,57
9062,57,74,74,74,57
9063,57,74,74,74,57
9064,57,74,74,74,57
9065,57,74,74,74,57
9066,57,74,74,74,57
9067,57,74,74,74,57
9068,57,74,74,74,57
9069,57,74,74,74,57
9070,57,74,74,74,57
9071,57,74,74,74,57
9072,57,74,74,74,57
9073,57,74,74,74,57
9074,57,74,74,74,57
9075,57,74,74,74,57
9076,57,74,74,74,57
9077,57,74,74,74,57
9078,57,74,74,74,57
9079,57,74,74,74,57
9080,57,74,74,74,57
9081,57,74,74,74,57
9082,57,74,74,74,57
9083,57,74,74,74,57
9084,57,74,74,74,57
9085,57,74,74,74,57
9086,57,74,74,74,57
9087,57,74,74,74,57
9088,57,74,74,74,57
9089,57,74,74,74,57
9090,57,74,74,74,57
9091,57,74,74,74,57
9092,57,74,74,74,57
9093,57,74,74,74,57
9094,57,74,74,74,57
9095,57,74,74,74,57
9096,57,74,74,74,57
9097,57,74,74,74,57
9098,57,74,74,74,57
9099,57,74,74,74,57
9100,57,74,74,74,57
9101,57,74,74,74,57
9102,57,74,74,74,57
9103,57,74,74,74,57
9104,57,74,74,74,57
9105,57,74,74,74,57
9106,57,74,74,74,57
9107,57,74,74,74,57
9108,57,74,74,74,57
9109,57,74,74,74,57
9110,57,74,74,74,57
9111,57,74,74,74,57
9112,57,74,74,74,57
9113,57,74,74,74,57
9114,57,74,74,74,57
9115,57,74,74,74,57
9116,57,74,74,74,57
9117,57,74,74,74,57
9118,57,74,74,74,57
9119,57,74,74,74,57
9120,57,74,74,74,57
9121,57,74,74,74,57
9122,57,74,74,74,57
9123,57,74,74,74,57
9124,57,74,74,74,57
9125,57,74,74,74,57
9126,57,74,74,74,57
9127,57,74,74,74,57
9128,57,74,74,74,57
9129,57,74,74,74,57
9130,57,74,74,74,57
9131,57,74,74,74,57
9132,57,74,74,74,57
9133,57,74,74,74,57
9134,57,74,74,74,57
9135,57,74,74,74,57
9136,57,74,74,74,57
9137,57,74,74,74,57
9138,57,74,74,74,57
9139,57,74,74,74,57
9140,57,74,74,74,57
9141,57,74,74,74,57
9142,57,74,74,74,57
9143,57,74,74,74,57
9144,57,74,74,74,57
9145,57,74,74,74,57
9146,57,74,74,74,57
9147,57,74,74,74,57
9148,57,74,74,74,57
9149,57,74,74,74,57
9150,57,74,74,74,57
9151,57,74,74,74,57
9152,57,74,74,74,57
9153,57,74,74,74,57
9154,57,74,74,74,57
9155,57,74,74,74,57
9156,57,74,74,74,57
9157,57,74,74,74,57
9158,57,74,74,74,57
9159,57,74,74,74,57
9160,57,74,74,74,57
9161,57,74,74,74,57
9162,57,74,74,74,57
9163,57,74,74,74,57
9164,57,74,74,74,57
9165,57,74,74,74,57
9166,57,74,74,74,57
9167,57,74,74,74,57
9168,57,74,74,74,57
9169,57,74,74,74,57
9170,57,74,74,74,57
9171,57,74,74,74,57
9172,57,74,74,74,57
9173,57,74,74,74,57
9174,57,74,74,74,57
9175,57,74,74,74,57
9176,57,74,74,74,57
9177,57,74,74,74,57
9178,57,74,74,74,57
9179,57,74,74,74,57
9180,57,74,74,74,57
9181,57,74,74,74,57
9182,57,74,74,74,57
9183,57,74,74,74,57
9184,57,74,74,74,57
9185,57,74,74,74,57
9186,57,74,74,74,57
9187,57,74,74,74,57
9188,57,74,74,74,57
9189,57,74,74,74,57
9190,57,74,74,74,57
9191,57,74,74,74,57
9192,57,74,74,74,57
9193,57,74,74,74,57
9194,57,74,74,74,57
9195,57,74,74,74,57
9196,57,74,74,74,57
9197,57,74,74,74,57
9198,57,74,74,74,57
9199,57,74,74,74,57
9200,57,74,74,74,57
9201,57,74,74,74,57
9202,57,74,74,74,57
9203,57,74,74,74,57
9204,57,74,74,74,57
9205,57,74,74,74,57
9206,57,74,74,74,57
9207,57,74,74,74,57
9208,57,74,74,74,57
9209,57,74,74,74,57
9210,57,74,74,74,57
9211,57,74,74,74,57
9212,57,74,74,74,57
9213,57,74,74,74,57
9214,57,74,74,74,57
9215,57,74,74,74,57
9216,57,74,74,74,57
9217,57,74,74,74,57
9218,57,74,74,74,57
9219,57,74,74,74,57
9220,57,74,74,74,57
9221,57,74,74,74,57
9222,57,74,74,74,57
9223,57,74,74,74,57
9224,57,74,74,74,57
9225,57,74,74,74,57
9226,57,74,74,74,57
9227,57,74,74,74,57
9228,57,74,74,74,57
9229,57,74,74,74,57
9230,57,74,74,74,57
9231,57,74,74,74,57
9232,57,74,74,74,57
9233,57,74,74,74,57
9234,57,74,74,74,57
9235,57,74,74,74,57
9236,57,74,74,74,57
9237,57,74,74,74,57
9238,57,74,74,74,57
9239,57,74,74,74,57
9240,57,74,74,74,57
9241,57,74,74,74,57
9242,57,74,74,74,57
9243,57,74,74,74,57
9244,57,74,74,74,57
9245,57,74,74,74,57
9246,57,74,74,74,57
9247,57,74,74,74,57
9248,57,74,74,74,57
9249,57,74,74,74,57
9250,57,74,74,74,57
9251,57,74,74,74,57
9252,57,74,74,74,57
9253,57,74,74,74,57
9254,57,74,74,74,57
9255,57,74,74,74,57
9256,57,74,74,74,57
9257,57,74,74,74,57
9258,57,74,74,74,57
9259,57,74,74,74,57
9260,57,74,74,74,57
9261,57,74,74,74,57
9262,57,74,74,74,57
9263,57,74,74,74,57
9264,57,74,74,74,57
9265,57,74,74,74,57
9266,57,74,74,74,57
9267,57,74,74,74,57
9268,57,74,74,74,57
9269,57,74,74,74,57
9270,57,74,74,74,57
9271,57,74,74,74,57
9272,57,74,74,74,57
9273,57,74,74,74,57
9274,57,74,74,74,57
9275,57,74,74,74,57
9276,57,74,74,74,57
9277,57,74,74,74,57
9278,57,74,74,74,57
9279,57,74,74,74,57
9280,57,74,74,74,57
9281,57,74,74,74,57
9282,57,74,74,74,57
9283,57,74,74,74,57
9284,57,74,74,74,57
9285,57,74,74,74,57
9286,57,74,74,74,57
9287,57,74,74,74,57
9288,57,74,74,74,57
9289,57,74,74,74,57
9290,57,74,74,74,57
9291,57,74,74,74,57
9292,57,74,74,74,57
9293,57,74,74,74,57
9294,57,74,74,74,57
9295,57,74,74,74,57
9296,57,74,74,74,57
9297,57,74,74,74,57
9298,57,74,74,74,57
9299,57,74,74,74,57
9300,57,74,74,74,57
9301,57,74,74,74,57
9302,57,74,74,74,57
9303,57,74,74,74,57
9304,57,74,74,74,57
9305,57,74,74,74,57
9306,57,74,74,74,57
9307,57,74,74,74,57
9308,57,74,74,74,57
9309,57,74,74,74,57
9310,57,74,74,74,57
9311,57,74,74,74,57
9312,57,74,74,74,57
9313,57,74,74,74,57
9314,57,74,74,74,57
9315,57,74,74,74,57
9316,57,74,74,74,57
9317,57,74,74,74,57
9318,57,74,74,74,57
9319,57,74,74,74,57
9320,57,74,74,74,57
9321,57,74,74,74,57
9322,57,74,74,74,57
9323,57,74,74,74,57
9324,57,74,74,74,57
9325,57,74,74,74,57
9326,57,74,74,74,57
9327,57,74,74,74,57
9328,57,74,74,74,57
9329,57,74,74,74,57
9330,57,74,74,74,57
9331,57,74,74,74,57
9332,57,74,74,74,57
9333,57,74,74,74,57
9334,57,74,74,74,57
9335,57,74,74,74,57
9336,57,74,74,74,57
9337,57,74,74,74,57
9338,57,74,74,74,57
9339,57,74,74,74,57
9340,57,74,74,74,57
9341,57,74,74,74,57
9342,57,74,74,74,57
9343,57,74,74,74,57
9344,57,74,74,74,57
9345,57,74,74,74,57
9346,57,74,74,74,57
9347,57,74,74,74,57
9348,57,74,74,74,57
9349,57,74,74,74,57
9350,57,74,74,74,57
9351,57,74,74,74,57
9352,57,74,74,74,57
9353,57,74,74,74,57
9354,57,74,74,74,57
9355,57,74,74,74,57
9356,57,74,74,74,57
9357,57,74,74,74,57
9358,57,74,74,74,57
9359,57,74,74,74,57
9360,57,74,74,74,57
9361,57,74,74,74,57
9362,57,74,74,74,57
9363,57,74,74,74,57
9364,57,74,74,74,57
9365,57,74,74,74,57
9366,57,74,74,74,57
9367,57,74,74,74,57
9368,57,74,74,74,57
9369,57,74,74,74,57
9370,57,74,74,74,57
9371,57,74,74,74,57
9372,57,74,74,74,57
9373,57,74,74,74,57
9374,57,74,74,74,57
9375,57,74,74,74,57
9376,57,74,74,74,57
9377,57,74,74,74,57
9378,57,74,74,74,57
9379,57,74,74,74,57
9380,57,74,74,74,57
9381,57,74,74,74,57
9382,57,74,74,74,57
9383,57,74,74,74,57
9384,57,74,74,74,57
9385,57,74,74,74,57
9386,57,74,74,74,57
9387,57,74,74,74,57
9388,57,74,74,74,57
9389,57,74,74,74,57
9390,57,74,74,74,57
9391,57,74,74,74,57
9392,57,74,74,74,57
9393,57,74,74,74,57
9394,57,74,74,74,57
9395,57,74,74,74,57
9396,57,74,74,74,57
9397,57,74,74,74,57
9398,57,74,74,74,57
9399,57,74,74,74,57
9400,57,74,74,74,57
9401,57,74,74,74,57
9402,57,74,74,74,57
9403,57,74,74,74,57
9404,57,74,74,74,57
9405,57,74,74,74,57
9406,57,74,74,74,57
9407,57,74,74,74,57
9408,57,74,74,74,57
9409,57,74,74,74,57
9410,57,74,74,74,57
9411,57,74,74,74,57
9412,57,74,74,74,57
9413,57,74,74,74,57
9414,57,74,74,74,57
9415,57,74,74,74,57
9416,57,74,74,74,57
9417,57,74,74,74,57
9418,57,74,74,74,57
9419,57,74,74,74,57
9420,57,74,74,74,57
9421,57,74,74,74,57
9422,57,74,74,74,57
9423,57,74,74,74,57
9424,57,74,74,74,57
9425,57,74,74,74,57
9426,57,74,74,74,57
9427,57,74,74,74,57
9428,57,74,74,74,57
9429,57,74,74,74,57
9430,57,74,74,74,57
9431,57,74,74,74,57
9432,57,74,74,74,57
9433,57,74,74,74,57
9434,57,74,74,74,57
9435,57,74,74,74,57
9436,57,74,74,74,57
9437,57,74,74,74,57
9438,57,74,74,74,57
9439,57,74,74,74,57
9440,57,74,74,74,57
9441,57,74,74,74,57
9442,57,74,74,74,57
9443,57,74,74,74,57
9444,57,74,74,74,57
9445,57,74,74,74,57
9446,57,74,74,74,57
9447,57,74,74,74,57
9448,57,74,74,74,57
9449,57,74,74,74,57
9450,57,74,74,74,57
9451,57,74,74,74,57
9452,57,74,74,74,57
9453,57,74,74,74,57
9454,57,74,74,74,57
9455,57,74,74,74,57
9456,57,74,74,74,57
9457,57,74,74,74,57
9458,57,74,74,74,57
9459,57,74,74,74,57
9460,57,74,74,74,57
9461,57,74,74,74,57
9462,57,74,74,74,57
9463,57,74,74,74,57
9464,57,74,74,74,57
9465,57,74,74,74,57
9466,57,74,74,74,57
9467,57,74,74,74,57
9468,57,74,74,74,57
9469,57,74,74,74,57
9470,57,74,74,74,57
9471,57,74,74,74,57
9472,57,74,74,74,57
9473,57,74,74,74,57
9474,57,74,74,74,57
9475,57,74,74,74,57
9476,57,74,74,74,57
9477,57,74,74,74,57
9478,57,74,74,74,57
9479,57,74,74,74,57
9480,57,74,74,74,57
9481,57,74,74,74,57
9482,57,74,74,74,57
9483,57,74,74,74,57
9484,57,74,74,74,57
9485,57,74,74,74,57
9486,57,74,74,74,57
9487,57,74,74,74,57
9488,57,74,74,74,57
9489,57,74,74,74,57
9490,57,74,74,74,57
9491,57,74,74,74,57
9492,57,74,74,74,57
9493,57,74,74,74,57
9494,57,74,74,74,57
9495,57,74,74,74,57
9496,57,74,74,74,57
9497,57,74,74,74,57
9498,57,74,74,74,57
9499,57,74,74,74,57
9500,57,74,74,74,57
9501,57,74,74,74,57
9502,57,74,74,74,57
9503,57,74,74,74,57
9504,57,74,74,74,57
9505,57,74,74,74,57
9506,57,74,74,74,57
9507,57,74,74,74,57
9508,57,74,74,74,57
9509,57,74,74,74,57
9510,57,74,74,74,57
9511,57,74,74,74,57
9512,57,74,74,74,57
9513,57,74,74,74,57
9514,57,74,74,74,57
9515,57,74,74,74,57
9516,57,74,74,74,57
9517,57,74,74,74,57
9518,57,74,74,74,57
9519,57,74,74,74,57
9520,57,74,74,74,57
9521,57,74,74,74,57
9522,57,74,74,74,57
9523,57,74,74,74,57
9524,57,74,74,74,57
9525,57,74,74,74,57
9526,57,74,74,74,57
9527,57,74,74,74,57
9528,57,74,74,74,57
9529,57,74,74,74,57
9530,57,74,74,74,57
9531,57,74,74,74,57
9532,57,74,74,74,57
9533,57,74,74,74,57
9534,57,74,74,74,57
9535,57,74,74,74,57
9536,57,74,74,74,57
9537,57,74,74,74,57
9538,57,74,74,74,57
9539,57,74,74,74,57
9540,57,74,74,74,57
9541,57,74,74,74,57
9542,57,74,74,74,57
9543,57,74,74,74,57
9544,57,74,74,74,57
9545,57,74,74,74,57
9546,57,74,74,74,57
9547,57,74,74,74,57
9548,57,74,74,74,57
9549,57,74,74,74,57
9550,57,74,74,74,57
9551,57,74,74,74,57
9552,57,74,74,74,57
9553,57,74,74,74,57
9554,57,74,74,74,57
9555,57,74,74,74,57
9556,57,74,74,74,57
9557,57,74,74,74,57
9558,57,74,74,74,57
9559,57,74,74,74,57
9560,57,74,74,74,57
9561,57,74,74,74,57
9562,57,74,74,74,57
9563,57,74,74,74,57
9564,57,74,74,74,57
9565,57,74,74,74,57
9566,57,74,74,74,57
9567,57,74,74,74,57
9568,57,74,74,74,57
9569,57,74,74,74,57
9570,57,74,74,74,57
9571,57,74,74,74,57
9572,57,74,74,74,57
9573,57,74,74,74,57
9574,57,74,74,74,57
9575,57,74,74,74,57
9576,57,74,74,74,57
9577,57,74,74,74,57
9578,57,74,74,74,57
9579,57,74,74,74,57
9580,57,74,74,74,57
9581,57,74,74,74,57
9582,57,74,74,74,57
9583,57,74,74,74,57
9584,57,74,74,74,57
9585,57,74,74,74,57
9586,57,74,74,74,57
9587,57,74,74,74,57
9588,57,74,74,74,57
9589,57,74,74,74,57
9590,57,74,74,74,57
9591,57,74,74,74,57
9592,57,74,74,74,57
9593,57,74,74,74,57
9594,57,74,74,74,57
9595,57,74,74,74,57
9596,57,74,74,74,57
9597,57,74,74,74,57
9598,57,74,74,74,57
9599,57,74,74,74,57
9600,57,74,74,74,57
9601,57,74,74,74,57
9602,57,74,74,74,57
9603,57,74,74,74,57
9604,57,74,74,74,57
9605,57,74,74,74,57
9606,57,74,74,74,57
9607,57,74,74,74,57
9608,57,74,74,74,57
9609,57,74,74,74,57
9610,57,74,74,74,57
9611,57,74,74,74,57
9612,57,74,74,74,57
9613,57,74,74,74,57
9614,57,74,74,74,57
9615,57,74,74,74,57
9616,57,74,74,74,57
9617,57,74,74,74,57
9618,57,74,74,74,57
9619,57,74,74,74,57
9620,57,74,74,74,57
9621,57,74,74,74,57
9622,57,74,74,74,57
9623,57,74,74,74,57
9624,57,74,74,74,57
9625,57,74,74,74,57
9626,57,74,74,74,57
9627,57,74,74,74,57
9628,57,74,74,74,57
9629,57,74,74,74,57
9630,57,74,74,74,57
9631,57,74,74,74,57
9632,57,74,74,74,57
9633,57,74,74,74,57
9634,57,74,74,74,57
9635,57,74,74,74,57
9636,57,74,74,74,57
9637,57,74,74,74,57
9638,57,74,74,74,57
9639,57,74,74,74,57
9640,57,74,74,74,57
9641,57,74,74,74,57
9642,57,74,74,74,57
9643,57,74,74,74,57
9644,57,74,74,74,57
9645,57,74,74,74,57
9646,57,74,74,74,57
9647,57,74,74,74,57
9648,57,74,74,74,57
9649,57,74,74,74,57
9650,57,74,74,74,57
9651,57,74,74,74,57
9652,57,74,74,74,57
9653,57,74,74,74,57
9654,57,74,74,74,57
9655,57,74,74,74,57
9656,57,74,74,74,57
9657,57,74,74,74,57
9658,57,74,74,74,57
9659,57,74,74,74,57
9660,57,74,74,74,57
9661,57,74,74,74,57
9662,57,74,74,74,57
9663,57,74,74,74,57
9664,57,74,74,74,57
9665,57,74,74,74,57
9666,57,74,74,74,57
9667,57,74,74,74,57
9668,57,74,74,74,57
9669,57,74,74,74,57
9670,57,74,74,74,57
9671,57,74,74,74,57
9672,57,74,74,74,57
9673,57,74,74,74,57
9674,57,74,74,74,57
9675,57,74,74,74,57
9676,57,74,74,74,57
9677,57,74,74,74,57
9678,57,74,74,74,57
9679,57,74,74,74,57
9680,57,74,74,74,57
9681,57,74,74,74,57
9682,57,74,74,74,57
9683,57,74,74,74,57
9684,57,74,74,74,57
9685,57,74,74,74,57
9686,57,74,74,74,57
9687,57,74,74,74,57
9688,57,74,74,74,57
9689,57,74,74,74,57
9690,57,74,74,74,57
9691,57,74,74,74,57
9692,57,74,74,74,57
9693,57,74,74,74,57
9694,57,74,74,74,57
9695,57,74,74,74,57
9696,57,74,74,74,57
9697,57,74,74,74,57
9698,57,74,74,74,57
9699,57,74,74,74,57
9700,57,74,74,74,57
9701,57,74,74,74,57
9702,57,74,74,74,57
9703,57,74,74,74,57
9704,57,74,74,74,57
9705,57,74,74,74,57
9706,57,74,74,74,57
9707,57,74,74,74,57
9708,57,74,74,74,57
9709,57,74,74,74,57
9710,57,74,74,74,57
9711,57,74,74,74,57
9712,57,74,74,74,57
9713,57,74,74,74,57
9714,57,74,74,74,57
9715,57,74,74,74,57
9716,57,74,74,74,57
9717,57,74,74,74,57
9718,57,74,74,74,57
9719,57,74,74,74,57
9720,57,74,74,74,57
9721,57,74,74,74,57
9722,57,74,74,74,57
9723,57,74,74,74,57
9724,57,74,74,74,57
9725,57,74,74,74,57
9726,57,74,74,74,57
9727,57,74,74,74,57
9728,57,74,74,74,57
9729,57,74,74,74,57
9730,57,74,74,74,57
9731,57,74,74,74,57
9732,57,74,74,74,57
9733,57,74,74,74,57
9734,57,74,74,74,57
9735,57,74,74,74,57
9736,57,74,74,74,57
9737,57,74,74,74,57
9738,57,74,74,74,57
9739,57,74,74,74,57
9740,57,74,74,74,57
9741,57,74,74,74,57
9742,57,74,74,74,57
9743,57,74,74,74,57
9744,57,74,74,74,57
9745,57,74,74,74,57
9746,57,74,74,74,57
9747,57,74,74,74,57
9748,57,74,74,74,57
9749,57,74,74,74,57
9750,57,74,74,74,57
9751,57,74,74,74,57
9752,57,74,74,74,57
9753,57,74,74,74,57
9754,57,74,74,74,57
9755,57,74,74,74,57
9756,57,74,74,74,57
9757,57,74,74,74,57
9758,57,74,74,74,57
9759,57,74,74,74,57
9760,57,74,74,74,57
9761,57,74,74,74,57
9762,57,74,74,74,57
9763,57,74,74,74,57
9764,57,74,74,74,57
9765,57,74,74,74,57
9766,57,74,74,74,57
9767,57,74,74,74,57
9768,57,74,74,74,57
9769,57,74,74,74,57
9770,57,74,74,74,57
9771,57,74,74,74,57
9772,57,74,74,74,57
9773,57,74,74,74,57
9774,57,74,74,74,57
9775,57,74,74,74,57
9776,57,74,74,74,57
9777,57,74,74,74,57
9778,57,74,74,74,57
9779,57,74,74,74,57
9780,57,74,74,74,57
9781,57,74,74,74,57
9782,57,74,74,74,57
9783,57,74,74,74,57
9784,57,74,74,74,57
9785,57,74,74,74,57
9786,57,74,74,74,57
9787,57,74,74,74,57
9788,57,74,74,74,57
9789,57,74,74,74,57
9790,57,74,74,74,57
9791,57,74,74,74,57
9792,57,74,74,74,57
9793,57,74,74,74,57
9794,57,74,74,74,57
9795,57,74,74,74,57
9796,57,74,74,74,57
9797,57,74,74,74,57
9798,57,74,74,74,57
9799,57,74,74,74,57
9800,57,74,74,74,57
9801,57,74,74,74,57
9802,57,74,74,74,57
9803,57,74,74,74,57
9804,57,74,74,74,57
9805,57,74,74,74,57
9806,57,74,74,74,57
9807,57,74,74,74,57
9808,57,74,74,74,57
9809,57,74,74,74,57
9810,57,74,74,74,57
9811,57,74,74,74,57
9812,57,74,74,74,57
9813,57,74,74,74,57
9814,57,74,74,74,57
9815,57,74,74,74,57
9816,57,74,74,74,57
9817,57,74,74,74,57
9818,57,74,74,74,57
9819,57,74,74,74,57
9820,57,74,74,74,57
9821,57,74,74,74,57
9822,57,74,74,74,57
9823,57,74,74,74,57
9824,57,74,74,74,57
9825,57,74,74,74,57
9826,57,74,74,74,57
9827,57,74,74,74,57
9828,57,74,74,74,57
9829,57,74,74,74,57
9830,57,74,74,74,57
9831,57,74,74,74,57
9832,57,74,74,74,57
9833,57,74,74,74,57
9834,57,74,74,74,57
9835,57,74,74,74,57
9836,57,74,74,74,57
9837,57,74,74,74,57
9838,57,74,74,74,57
9839,57,74,74,74,57
9840,57,74,74,74,57
9841,57,74,74,74,57
9842,57,74,74,74,57
9843,57,74,74,74,57
9844,57,74,74,74,57
9845,57,74,74,74,57
9846,57,74,74,74,57
9847,57,74,74,74,57
9848,57,74,74,74,57
9849,57,74,74,74,57
9850,57,74,74,74,57
9851,57,74,74,74,57
9852,57,74,74,74,57
9853,57,74,74,74,57
9854,57,74,74,74,57
9855,57,74,74,74,57
9856,57,74,74,74,57
9857,57,74,74,74,57
9858,57,74,74,74,57
9859,57,74,74,74,57
9860,57,74,74,74,57
9861,57,74,74,74,57
9862,57,74,74,74,57
9863,57,74,74,74,57
9864,57,74,74,74,57
9865,57,74,74,74,57
9866,57,74,74,74,57
9867,57,74,74,74,57
9868,57,74,74,74,57
9869,57,74,74,74,57
9870,57,74,74,74,57
9871,57,74,74,74,57
9872,57,74,74,74,57
9873,57,74,74,74,57
9874,57,74,74,74,57
9875,57,74,74,74,57
9876,57,74,74,74,57
9877,57,74,74,74,57
9878,57,74,74,74,57
9879,57,74,74,74,57
9880,57,74,74,74,57
9881,57,74,74,74,57
9882,57,74,74,74,57
9883,57,74,74,74,57
9884,57,74,74,74,57
9885,57,74,74,74,57
9886,57,74,74,74,57
9887,57,74,74,74,57
9888,57,74,74,74,57
9889,57,74,74,74,57
9890,57,74,74,74,57
9891,57,74,74,74,57
9892,57,74,74,74,57
9893,57,74,74,74,57
9894,57,74,74,74,57
9895,57,74,74,74,57
9896,57,74,74,74,57
9897,57,74,74,74,57
9898,57,74,74,74,57
9899,57,74,74,74,57
9900,57,74,74,74,57
9901,57,74,74,74,57
9902,57,74,74,74,57
9903,57,74,74,74,57
9904,57,74,74,74,57
9905,57,74,74,74,57
9906,57,74,74,74,57
9907,57,74,74,74,57
9908,57,74,74,74,57
9909,57,74,74,74,57
9910,57,74,74,74,57
9911,57,74,74,74,57
9912,57,74,74,74,57
9913,57,74,74,74,57
9914,57,74,74,74,57
9915,57,74,74,74,57
9916,57,74,74,74,57
9917,57,74,74,74,57
9918,57,74,74,74,57
9919,57,74,74,74,57
9920,57,74,74,74,57
9921,57,74,74,74,57
9922,57,74,74,74,57
9923,57,74,74,74,57
9924,57,74,74,74,57
9925,57,74,74,74,57
9926,57,74,74,74,57
9927,57,74,74,74,57
9928,57,74,74,74,57
9929,57,74,74,74,57
9930,57,74,74,74,57
9931,57,74,74,74,57
9932,57,74,74,74,57
9933,57,74,74,74,57
9934,57,74,74,74,57
9935,57,74,74,74,57
9936,57,74,74,74,57
9937,57,74,74,74,57
9938,57,74,74,74,57
9939,57,74,74,74,57
9940,57,74,74,74,57
9941,57,74,74,74,57
9942,57,74,74,74,57
9943,57,74,74,74,57
9944,57,74,74,74,57
9945,57,74,74,74,57
9946,57,74,74,74,57
9947,57,74,74,74,57
9948,57,74,74,74,57
9949,57,74,74,74,57
9950,57,74,74,74,57
9951,57,74,74,74,57
9952,57,74,74,74,57
9953,57,74,74,74,57
9954,57,74,74,74,57
9955,57,74,74,74,57
9956,57,74,74,74,57
9957,57,74,74,74,57
9958,57,74,74,74,57
9959,57,74,74,74,57
9960,57,74,74,74,57
9961,57,74,74,74,57
9962,57,74,74,74,57
9963,57,74,74,74,57
9964,57,74,74,74,57
9965,57,74,74,74,57
9966,57,74,74,74,57
9967,57,74,74,74,57
9968,57,74,74,74,57
9969,57,74,74,74,57
9970,57,74,74,74,57
9971,57,74,74,74,57
9972,57,74,74,74,57
9973,57,74,74,74,57
9974,57,74,74,74,57
9975,57,74,74,74,57
9976,57,74,74,74,57
9977,57,74,74,74,57
9978,57,74,74,74,57
9979,57,74,74,74,57
9980,57,74,74,74,57
9981,57,74,74,74,57
9982,57,74,74,74,57
9983,57,74,74,74,57
9984,57,74,74,74,57
9985,57,74,74,74,57
9986,57,74,74,74,57
9987,57,74,74,74,57
9988,57,74,74,74,57
9989,57,74,74,74,57
9990,57,74,74,74,57
9991,57,74,74,74,57
9992,57,74,74,74,57
9993,57,74,74,74,57
9994,57,74,74,74,57
9995,57,74,74,74,57
9996,57,74,74,74,57
9997,57,74,74,74,57
9998,57,74,74,74,57
9999,57,74,74,74,57
10000,57,74,74,74,57
10001,57,74,74,74,57
10002,57,74,74,74,57
10003,57,74,74,74,57
10004,57,74,74,74,57
10005,57,74,74,74,57
10006,57,74,74,74,57
10007,57,74,74,74,57
10008,57,74,74,74,57
10009,57,74,74,74,57
10010,57,74,74,74,57
10011,57,74,74,74,57
10012,57,74,74,74,57
10013,57,74,74,74,57
10014,57,74,74,74,57
10015,57,74,74,74,57
10016,57,74,74,74,57
10017,57,74,74,74,57
10018,57,74,74,74,57
10019,57,74,74,74,57
10020,57,74,74,74,57
10021,57,74,74,74,57
10022,57,74,74,74,57
10023,57,74,74,74,57
10024,57,74,74,74,57
10025,57,74,74,74,57
10026,57,74,74,74,57
10027,57,74,74,74,57
10028,57,74,74,74,57
10029,57,74,74,74,57
10030,57,74,74,74,57
10031,57,74,74,74,57
10032,57,74,74,74,57
10033,57,74,74,74,57
10034,57,74,74,74,57
10035,57,74,74,74,57
10036,57,74,74,74,57
10037,57,74,74,74,57
10038,57,74,74,74,57
10039,57,74,74,74,57
10040,57,74,74,74,57
10041,57,74,74,74,57
10042,57,74,74,74,57
10043,57,74,74,74,57
10044,57,74,74,74,57
10045,57,74,74,74,57
10046,57,74,74,74,57
10047,57,74,74,74,57
10048,57,74,74,74,57
10049,57,74,74,74,57
10050,57,74,74,74,57
10051,57,74,74,74,57
10052,57,74,74,74,57
10053,57,74,74,74,57
10054,57,74,74,74,57
10055,57,74,74,74,57
10056,57,74,74,74,57
10057,57,74,74,74,57
10058,57,74,74,74,57
10059,57,74,74,74,57
10060,57,74,74,74,57
10061,57,74,74,74,57
10062,57,74,74,74,57
10063,57,74,74,74,57
10064,57,74,74,74,57
10065,57,74,74,74,57
10066,57,74,74,74,57
10067,57,74,74,74,57
10068,57,74,74,74,57
10069,57,74,74,74,57
10070,57,74,74,74,57
10071,57,74,74,74,57
10072,57,74,74,74,57
10073,57,74,74,74,57
10074,57,74,74,74,57
10075,57,74,74,74,57
10076,57,74,74,74,57
10077,57,74,74,74,57
10078,57,74,74,74,57
10079,57,74,74,74,57
10080,57,74,74,74,57
10081,57,74,74,74,57
10082,57,74,74,74,57
10083,57,74,74,74,57
10084,57,74,74,74,57
10085,57,74,74,74,57
10086,57,74,74,74,57
10087,57,74,74,74,57
10088,57,74,74,74,57
10089,57,74,74,74,57
10090,57,74,74,74,57
10091,57,74,74,74,57
10092,57,74,74,74,57
10093,57,74,74,74,57
10094,57,74,74,74,57
10095,57,74,74,74,57
10096,57,74,74,74,57
10097,57,74,74,74,57
10098,57,74,74,74,57
10099,57,74,74,74,57
10100,57,74,74,74,57
10101,57,74,74,74,57
10102,57,74,74,74,57
10103,57,74,74,74,57
10104,57,74,74,74,57
10105,57,74,74,74,57
10106,57,74,74,74,57
10107,57,74,74,74,57
10108,57,74,74,74,57
10109,57,74,74,74,57
10110,57,74,74,74,57
10111,57,74,74,74,57
10112,57,74,74,74,57
10113,57,74,74,74,57
10114,57,74,74,74,57
10115,57,74,74,74,57
10116,57,74,74,74,57
10117,57,74,74,74,57
10118,57,74,74,74,57
10119,57,74,74,74,57
10120,57,74,74,74,57
10121,57,74,74,74,57
10122,57,74,74,74,57
10123,57,74,74,74,57
10124,57,74,74,74,57
10125,57,74,74,74,57
10126,57,74,74,74,57
10127,57,74,74,74,57
10128,57,74,74,74,57
10129,57,74,74,74,57
10130,57,74,74,74,57
10131,57,74,74,74,57
10132,57,74,74,74,57
10133,57,74,74,74,57
10134,57,74,74,74,57
10135,57,74,74,74,57
10136,57,74,74,74,57
10137,57,74,74,74,57
10138,57,74,74,74,57
10139,57,74,74,74,57
10140,57,74,74,74,57
10141,57,74,74,74,57
10142,57,74,74,74,57
10143,57,74,74,74,57
10144,57,74,74,74,57
10145,57,74,74,74,57
10146,57,74,74,74,57
10147,57,74,74,74,57
10148,57,74,74,74,57
10149,57,74,74,74,57
10150,57,74,74,74,57
10151,57,74,74,74,57
10152,57,74,74,74,57
10153,57,74,74,74,57
10154,57,74,74,74,57
10155,57,74,74,74,57
10156,57,74,74,74,57
10157,57,74,74,74,57
10158,57,74,74,74,57
10159,57,74,74,74,57
10160,57,74,74,74,57
10161,57,74,74,74,57
10162,57,74,74,74,57
10163,57,74,74,74,57
10164,57,74,74,74,57
10165,57,74,74,74,57
10166,57,74,74,74,57
10167,57,74,74,74,57
10168,57,74,74,74,57
10169,57,74,74,74,57
10170,57,74,74,74,57
10171,57,74,74,74,57
10172,57,74,74,74,57
10173,57,74,74,74,57
10174,57,74,74,74,57
10175,57,74,74,74,57
10176,57,74,74,74,57
10177,57,74,74,74,57
10178,57,74,74,74,57
10179,57,74,74,74,57
10180,57,74,74,74,57
10181,57,74,74,74,57
10182,57,74,74,74,57
10183,57,74,74,74,57
10184,57,74,74,74,57
10185,57,74,74,74,57
10186,57,74,74,74,57
10187,57,74,74,74,57
10188,57,74,74,74,57
10189,57,74,74,74,57
10190,57,74,74,74,57
10191,57,74,74,74,57
10192,57,74,74,74,57
10193,57,74,74,74,57
10194,57,74,74,74,57
10195,57,74,74,74,57
10196,57,74,74,74,57
10197,57,74,74,74,57
10198,57,74,74,74,57
10199,57,74,74,74,57
10200,57,74,74,74,57
10201,57,74,74,74,57
10202,57,74,74,74,57
10203,57,74,74,74,57
10204,57,74,74,74,57
10205,57,74,74,74,57
10206,57,74,74,74,57
10207,57,74,74,74,57
10208,57,74,74,74,57
10209,57,74,74,74,57
10210,57,74,74,74,57
10211,57,74,74,74,57
10212,57,74,74,74,57
10213,57,74,74,74,57
10214,57,74,74,74,57
10215,57,74,74,74,57
10216,57,74,74,74,57
10217,57,74,74,74,57
10218,57,74,74,74,57
10219,57,74,74,74,57
10220,57,74,74,74,57
10221,57,74,74,74,57
10222,57,74,74,74,57
10223,57,74,74,74,57
10224,57,74,74,74,57
10225,57,74,74,74,57
10226,57,74,74,74,57
10227,57,74,74,74,57
10228,57,74,74,74,57
10229,57,74,74,74,57
10230,57,74,74,74,57
10231,57,74,74,74,57
10232,57,74,74,74,57
10233,57,74,74,74,57
10234,57,74,74,74,57
10235,57,74,74,74,57
10236,57,74,74,74,57
10237,57,74,74,74,57
10238,57,74,74,74,57
10239,57,74,74,74,57
10240,57,74,74,74,57
10241,57,74,74,74,57
10242,57,74,74,74,57
10243,57,74,74,74,57
10244,57,74,74,74,57
10245,57,74,74,74,57
10246,57,74,74,74,57
10247,57,74,74,74,57
10248,57,74,74,74,57
10249,57,74,74,74,57
10250,57,74,74,74,57
10251,57,74,74,74,57
10252,57,74,74,74,57
10253,57,74,74,74,57
10254,57,74,74,74,57
10255,57,74,74,74,57
10256,57,74,74,74,57
10257,57,74,74,74,57
10258,57,74,74,74,57
10259,57,74,74,74,57
10260,57,74,74,74,57
10261,57,74,74,74,57
10262,57,74,74,74,57
10263,57,74,74,74,57
10264,57,74,74,74,57
10265,57,74,74,74,57
10266,57,74,74,74,57
10267,57,74,74,74,57
10268,57,74,74,74,57
10269,57,74,74,74,57
10270,57,74,74,74,57
10271,57,74,74,74,57
10272,57,74,74,74,57
10273,57,74,74,74,57
10274,57,74,74,74,57
10275,57,74,74,74,57
10276,57,74,74,74,57
10277,57,74,74,74,57
10278,57,74,74,74,57
10279,57,74,74,74,57
10280,57,74,74,74,57
10281,57,74,74,74,57
10282,57,74,74,74,57
10283,57,74,74,74,57
10284,57,74,74,74,57
10285,57,74,74,74,57
10286,57,74,74,74,57
10287,57,74,74,74,57
10288,57,74,74,74,57
10289,57,74,74,74,57
10290,57,74,74,74,57
10291,57,74,74,74,57
10292,57,74,74,74,57
10293,57,74,74,74,57
10294,57,74,74,74,57
10295,57,74,74,74,57
10296,57,74,74,74,57
10297,57,74,74,74,57
10298,57,74,74,74,57
10299,57,74,74,74,57
10300,57,74,74,74,57
10301,57,74,74,74,57
10302,57,74,74,74,57
10303,57,74,74,74,57
10304,57,74,74,74,57
10305,57,74,74,74,57
10306,57,74,74,74,57
10307,57,74,74,74,57
10308,57,74,74,74,57
10309,57,74,74,74,57
10310,57,74,74,74,57
10311,57,74,74,74,57
10312,57,74,74,74,57
10313,57,74,74,74,57
10314,57,74,74,74,57
10315,57,74,74,74,57
10316,57,74,74,74,57
10317,57,74,74,74,57
10318,57,74,74,74,57
10319,57,74,74,74,57
10320,57,74,74,74,57
10321,57,74,74,74,57
10322,57,74,74,74,57
10323,57,74,74,74,57
10324,57,74,74,74,57
10325,57,74,74,74,57
10326,57,74,74,74,57
10327,57,74,74,74,57
10328,57,74,74,74,57
10329,57,74,74,74,57
10330,57,74,74,74,57
10331,57,74,74,74,57
10332,57,74,74,74,57
10333,57,74,74,74,57
10334,57,74,74,74,57
10335,57,74,74,74,57
10336,57,74,74,74,57
10337,57,74,74,74,57
10338,57,74,74,74,57
10339,57,74,74,74,57
10340,57,74,74,74,57
10341,57,74,74,74,57
10342,57,74,74,74,57
10343,57,74,74,74,57
10344,57,74,74,74,57
10345,57,74,74,74,57
10346,57,74,74,74,57
10347,57,74,74,74,57
10348,57,74,74,74,57
10349,57,74,74,74,57
10350,57,74,74,74,57
10351,57,74,74,74,57
10352,57,74,74,74,57
10353,57,74,74,74,57
10354,57,74,74,74,57
10355,57,74,74,74,57
10356,57,74,74,74,57
10357,57,74,74,74,57
10358,57,74,74,74,57
10359,57,74,74,74,57
10360,57,74,74,74,57
10361,57,74,74,74,57
10362,57,74,74,74,57
10363,57,74,74,74,57
10364,57,74,74,74,57
10365,57,74,74,74,57
10366,57,74,74,74,57
10367,57,74,74,74,57
10368,57,74,74,74,57
10369,57,74,74,74,57
10370,57,74,74,74,57
10371,57,74,74,74,57
10372,57,74,74,74,57
10373,57,74,74,74,57
10374,57,74,74,74,57
10375,57,74,74,74,57
10376,57,74,74,74,57
10377,57,74,74,74,57
10378,57,74,74,74,57
10379,57,74,74,74,57
10380,57,74,74,74,57
10381,57,74,74,74,57
10382,57,74,74,74,57
10383,57,74,74,74,57
10384,57,74,74,74,57
10385,57,74,74,74,57
10386,57,74,74,74,57
10387,57,74,74,74,57
10388,57,74,74,74,57
10389,57,74,74,74,57
10390,57,74,74,74,57
10391,57,74,74,74,57
10392,57,74,74,74,57
10393,57,74,74,74,57
10394,57,74,74,74,57
10395,57,74,74,74,57
10396,57,74,74,74,57
10397,57,74,74,74,57
10398,57,74,74,74,57
10399,57,74,74,74,57
10400,57,74,74,74,57
10401,57,74,74,74,57
10402,57,74,74,74,57
10403,57,74,74,74,57
10404,57,74,74,74,57
10405,57,74,74,74,57
10406,57,74,74,74,57
10407,57,74,74,74,57
10408,57,74,74,74,57
10409,57,74,74,74,57
10410,57,74,74,74,57
10411,57,74,74,74,57
10412,57,74,74,74,57
10413,57,74,74,74,57
10414,57,74,74,74,57
10415,57,74,74,74,57
10416,57,74,74,74,57
10417,57,74,74,74,57
10418,57,74,74,74,57
10419,57,74,74,74,57
10420,57,74,74,74,57
10421,57,74,74,74,57
10422,57,74,74,74,57
10423,57,74,74,74,57
10424,57,74,74,74,57
10425,57,74,74,74,57
10426,57,74,74,74,57
10427,57,74,74,74,57
10428,57,74,74,74,57
10429,57,74,74,74,57
10430,57,74,74,74,57
10431,57,74,74,74,57
10432,57,74,74,74,57
10433,57,74,74,74,57
10434,57,74,74,74,57
10435,57,74,74,74,57
10436,57,74,74,74,57
10437,57,74,74,74,57
10438,57,74,74,74,57
10439,57,74,74,74,57
10440,57,74,74,74,57
10441,57,74,74,74,57
10442,57,74,74,74,57
10443,57,74,74,74,57
10444,57,74,74,74,57
10445,57,74,74,74,57
10446,57,74,74,74,57
10447,57,74,74,74,57
10448,57,74,74,74,57
10449,57,74,74,74,57
10450,57,74,74,74,57
10451,57,74,74,74,57
10452,57,74,74,74,57
10453,57,74,74,74,57
10454,57,74,74,74,57
10455,57,74,74,74,57
10456,57,74,74,74,57
10457,57,74,74,74,57
10458,57,74,74,74,57
10459,57,74,74,74,57
10460,57,74,74,74,57
10461,57,74,74,74,57
10462,57,74,74,74,57
10463,57,74,74,74,57
10464,57,74,74,74,57
10465,57,74,74,74,57
10466,57,74,74,74,57
10467,57,74,74,74,57
10468,57,74,74,74,57
10469,57,74,74,74,57
10470,57,74,74,74,57
10471,57,74,74,74,57
10472,57,74,74,74,57
10473,57,74,74,74,57
10474,57,74,74,74,57
10475,57,74,74,74,57
10476,57,74,74,74,57
10477,57,74,74,74,57
10478,57,74,74,74,57
10479,57,74,74,74,57
10480,57,74,74,74,57
10481,57,74,74,74,57
10482,57,74,74,74,57
10483,57,74,74,74,57
10484,57,74,74,74,57
10485,57,74,74,74,57
10486,57,74,74,74,57
10487,57,74,74,74,57
10488,57,74,74,74,57
10489,57,74,74,74,57
10490,57,74,74,74,57
10491,57,74,74,74,57
10492,57,74,74,74,57
10493,57,74,74,74,57
10494,57,74,74,74,57
10495,57,74,74,74,57
10496,57,74,74,74,57
10497,57,74,74,74,57
10498,57,74,74,74,57
10499,57,74,74,74,57
10500,57,74,74,74,57
10501,57,74,74,74,57
10502,57,74,74,74,57
10503,57,74,74,74,57
10504,57,74,74,74,57
10505,57,74,74,74,57
10506,57,74,74,74,57
10507,57,74,74,74,57
10508,57,74,74,74,57
10509,57,74,74,74,57
10510,57,74,74,74,57
10511,57,74,74,74,57
10512,57,74,74,74,57
10513,57,74,74,74,57
10514,57,74,74,74,57
10515,57,74,74,74,57
10516,57,74,74,74,57
10517,57,74,74,74,57
10518,57,74,74,74,57
10519,57,74,74,74,57
10520,57,74,74,74,57
10521,57,74,74,74,57
10522,57,74,74,74,57
10523,57,74,74,74,57
10524,57,74,74,74,57
10525,57,74,74,74,57
10526,57,74,74,74,57
10527,57,74,74,74,57
10528,57,74,74,74,57
10529,57,74,74,74,57
10530,57,74,74,74,57
10531,57,74,74,74,57
10532,57,74,74,74,57
10533,57,74,74,74,57
10534,57,74,74,74,57
10535,57,74,74,74,57
10536,57,74,74,74,57
10537,57,74,74,74,57
10538,57,74,74,74,57
10539,57,74,74,74,57
10540,57,74,74,74,57
10541,57,74,74,74,57
10542,57,74,74,74,57
10543,57,74,74,74,57
10544,57,74,74,74,57
10545,57,74,74,74,57
10546,57,74,74,74,57
10547,57,74,74,74,57
10548,57,74,74,74,57
10549,57,74,74,74,57
10550,57,74,74,74,57
10551,57,74,74,74,57
10552,57,74,74,74,57
10553,57,74,74,74,57
10554,57,74,74,74,57
10555,57,74,74,74,57
10556,57,74,74,74,57
10557,57,74,74,74,57
10558,57,74,74,74,57
10559,57,74,74,74,57
10560,57,74,74,74,57
10561,57,74,74,74,57
10562,57,74,74,74,57
10563,57,74,74,74,57
10564,57,74,74,74,57
10565,57,74,74,74,57
10566,57,74,74,74,57
10567,57,74,74,74,57
10568,57,74,74,74,57
10569,57,74,74,74,57
10570,57,74,74,74,57
10571,57,74,74,74,57
10572,57,74,74,74,57
10573,57,74,74,74,57
10574,57,74,74,74,57
10575,57,74,74,74,57
10576,57,74,74,74,57
10577,57,74,74,74,57
10578,57,74,74,74,57
10579,57,74,74,74,57
10580,57,74,74,74,57
10581,57,74,74,74,57
10582,57,74,74,74,57
10583,57,74,74,74,57
10584,57,74,74,74,57
10585,57,74,74,74,57
10586,57,74,74,74,57
10587,57,74,74,74,57
10588,57,74,74,74,57
10589,57,74,74,74,57
10590,57,74,74,74,57
10591,57,74,74,74,57
10592,57,74,74,74,57
10593,57,74,74,74,57
10594,57,74,74,74,57
10595,57,74,74,74,57
10596,57,74,74,74,57
10597,57,74,74,74,57
10598,57,74,74,74,57
10599,57,74,74,74,57
10600,57,74,74,74,57
10601,57,74,74,74,57
10602,57,74,74,74,57
10603,57,74,74,74,57
10604,57,74,74,74,57
10605,57,74,74,74,57
10606,57,74,74,74,57
10607,57,74,74,74,57
10608,57,74,74,74,57
10609,57,74,74,74,57
10610,57,74,74,74,57
10611,57,74,74,74,57
10612,57,74,74,74,57
10613,57,74,74,74,57
10614,57,74,74,74,57
10615,57,74,74,74,57
10616,57,74,74,74,57
10617,57,74,74,74,57
10618,57,74,74,74,57
10619,57,74,74,74,57
10620,57,74,74,74,57
10621,57,74,74,74,57
10622,57,74,74,74,57
10623,57,74,74,74,57
10624,57,74,74,74,57
10625,57,74,74,74,57
10626,57,74,74,74,57
10627,57,74,74,74,57
10628,57,74,74,74,57
10629,57,74,74,74,57
10630,57,74,74,74,57
10631,57,74,74,74,57
10632,57,74,74,74,57
10633,57,74,74,74,57
10634,57,74,74,74,57
10635,57,74,74,74,57
10636,57,74,74,74,57
10637,57,74,74,74,57
10638,57,74,74,74,57
10639,57,74,74,74,57
10640,57,74,74,74,57
10641,57,74,74,74,57
10642,57,74,74,74,57
10643,57,74,74,74,57
10644,57,74,74,74,57
10645,57,74,74,74,57
10646,57,74,74,74,57
10647,57,74,74,74,57
10648,57,74,74,74,57
10649,57,74,74,74,57
10650,57,74,74,74,57
10651,57,74,74,74,57
10652,57,74,74,74,57
10653,57,74,74,74,57
10654,57,74,74,74,57
10655,57,74,74,74,57
10656,57,74,74,74,57
10657,57,74,74,74,57
10658,57,74,74,74,57
10659,57,74,74,74,57
10660,57,74,74,74,57
10661,57,74,74,74,57
10662,57,74,74,74,57
10663,57,74,74,74,57
10664,57,74,74,74,57
10665,57,74,74,74,57
10666,57,74,74,74,57
10667,57,74,74,74,57
10668,57,74,74,74,57
10669,57,74,74,74,57
10670,57,74,74,74,57
10671,57,74,74,74,57
10672,57,74,74,74,57
10673,57,74,74,74,57
10674,57,74,74,74,57
10675,57,74,74,74,57
10676,57,74,74,74,57
10677,57,74,74,74,57
10678,57,74,74,74,57
10679,57,74,74,74,57
10680,57,74,74,74,57
10681,57,74,74,74,57
10682,57,74,74,74,57
10683,57,74,74,74,57
10684,57,74,74,74,57
10685,57,74,74,74,57
10686,57,74,74,74,57
10687,57,74,74,74,57
10688,57,74,74,74,57
10689,57,74,74,74,57
10690,57,74,74,74,57
10691,57,74,74,74,57
10692,57,74,74,74,57
10693,57,74,74,74,57
10694,57,74,74,74,57
10695,57,74,74,74,57
10696,57,74,74,74,57
10697,57,74,74,74,57
10698,57,74,74,74,57
10699,57,74,74,74,57
10700,57,74,74,74,57
10701,57,74,74,74,57
10702,57,74,74,74,57
10703,57,74,74,74,57
10704,57,74,74,74,57
10705,57,74,74,74,57
10706,57,74,74,74,57
10707,57,74,74,74,57
10708,57,74,74,74,57
10709,57,74,74,74,57
10710,57,74,74,74,57
10711,57,74,74,74,57
10712,57,74,74,74,57
10713,57,74,74,74,57
10714,57,74,74,74,57
10715,57,74,74,74,57
10716,57,74,74,74,57
10717,57,74,74,74,57
10718,57,74,74,74,57
10719,57,74,74,74,57
10720,57,74,74,74,57
10721,57,74,74,74,57
10722,57,74,74,74,57
10723,57,74,74,74,57
10724,57,74,74,74,57
10725,57,74,74,74,57
10726,57,74,74,74,57
10727,57,74,74,74,57
10728,57,74,74,74,57
10729,57,74,74,74,57
10730,57,74,74,74,57
10731,57,74,74,74,57
10732,57,74,74,74,57
10733,57,74,74,74,57
10734,57,74,74,74,57
10735,57,74,74,74,57
10736,57,74,74,74,57
10737,57,74,74,74,57
10738,57,74,74,74,57
10739,57,74,74,74,57
10740,57,74,74,74,57
10741,57,74,74,74,57
10742,57,74,74,74,57
10743,57,74,74,74,57
10744,57,74,74,74,57
10745,57,74,74,74,57
10746,57,74,74,74,57
10747,57,74,74,74,57
10748,57,74,74,74,57
10749,57,74,74,74,57
10750,57,74,74,74,57
10751,57,74,74,74,57
10752,57,74,74,74,57
10753,57,74,74,74,57
10754,57,74,74,74,57
10755,57,74,74,74,57
10756,57,74,74,74,57
10757,57,74,74,74,57
10758,57,74,74,74,57
10759,57,74,74,74,57
10760,57,74,74,74,57
10761,57,74,74,74,57
10762,57,74,74,74,57
10763,57,74,74,74,57
10764,57,74,74,74,57
10765,57,74,74,74,57
10766,57,74,74,74,57
10767,57,74,74,74,57
10768,57,74,74,74,57
10769,57,74,74,74,57
10770,57,74,74,74,57
10771,57,74,74,74,57
10772,57,74,74,74,57
10773,57,74,74,74,57
10774,57,74,74,74,57
10775,57,74,74,74,57
10776,57,74,74,74,57
10777,57,74,74,74,57
10778,57,74,74,74,57
10779,57,74,74,74,57
10780,57,74,74,74,57
10781,57,74,74,74,57
10782,57,74,74,74,57
10783,57,74,74,74,57
10784,57,74,74,74,57
10785,57,74,74,74,57
10786,57,74,74,74,57
10787,57,74,74,74,57
10788,57,74,74,74,57
10789,57,74,74,74,57
10790,57,74,74,74,57
10791,57,74,74,74,57
10792,57,74,74,74,57
10793,57,74,74,74,57
10794,57,74,74,74,57
10795,57,74,74,74,57
10796,57,74,74,74,57
10797,57,74,74,74,57
10798,57,74,74,74,57
10799,57,74,74,74,57
10800,57,74,74,74,57
10801,57,74,74,74,57
10802,57,74,74,74,57
10803,57,74,74,74,57
10804,57,74,74,74,57
10805,57,74,74,74,57
10806,57,74,74,74,57
10807,57,74,74,74,57
10808,57,74,74,74,57
10809,57,74,74,74,57
10810,57,74,74,74,57
10811,57,74,74,74,57
10812,57,74,74,74,57
10813,57,74,74,74,57
10814,57,74,74,74,57
10815,57,74,74,74,57
10816,57,74,74,74,57
10817,57,74,74,74,57
10818,57,74,74,74,57
10819,57,74,74,74,57
10820,57,74,74,74,57
10821,57,74,74,74,57
10822,57,74,74,74,57
10823,57,74,74,74,57
10824,57,74,74,74,57
10825,57,74,74,74,57
10826,57,74,74,74,57
10827,57,74,74,74,57
10828,57,74,74,74,57
10829,57,74,74,74,57
10830,57,74,74,74,57
10831,57,74,74,74,57
10832,57,74,74,74,57
10833,57,74,74,74,57
10834,57,74,74,74,57
10835,57,74,74,74,57
10836,57,74,74,74,57
10837,57,74,74,74,57
10838,57,74,74,74,57
10839,57,74,74,74,57
10840,57,74,74,74,57
10841,57,74,74,74,57
10842,57,74,74,74,57
10843,57,74,74,74,57
10844,57,74,74,74,57
10845,57,74,74,74,57
10846,57,74,74,74,57
10847,57,74,74,74,57
10848,57,74,74,74,57
10849,57,74,74,74,57
10850,57,74,74,74,57
10851,57,74,74,74,57
10852,57,74,74,74,57
10853,57,74,74,74,57
10854,57,74,74,74,57
10855,57,74,74,74,57
10856,57,74,74,74,57
10857,57,74,74,74,57
10858,57,74,74,74,57
10859,57,74,74,74,57
10860,57,74,74,74,57
10861,57,74,74,74,57
10862,57,74,74,74,57
10863,57,74,74,74,57
10864,57,74,74,74,57
10865,57,74,74,74,57
10866,57,74,74,74,57
10867,57,74,74,74,57
10868,57,74,74,74,57
10869,57,74,74,74,57
10870,57,74,74,74,57
10871,57,74,74,74,57
10872,57,74,74,74,57
10873,57,74,74,74,57
10874,57,74,74,74,57
10875,57,74,74,74,57
10876,57,74,74,74,57
10877,57,74,74,74,57
10878,57,74,74,74,57
10879,57,74,74,74,57
10880,57,74,74,74,57
10881,57,74,74,74,57
10882,57,74,74,74,57
10883,57,74,74,74,57
10884,57,74,74,74,57
10885,57,74,74,74,57
10886,57,74,74,74,57
10887,57,74,74,74,57
10888,57,74,74,74,57
10889,57,74,74,74,57
10890,57,74,74,74,57
10891,57,74,74,74,57
10892,57,74,74,74,57
10893,57,74,74,74,57
10894,57,74,74,74,57
10895,57,74,74,74,57
10896,57,74,74,74,57
10897,57,74,74,74,57
10898,57,74,74,74,57
10899,57,74,74,74,57
10900,57,74,74,74,57
10901,57,74,74,74,57
10902,57,74,74,74,57
10903,57,74,74,74,57
10904,57,74,74,74,57
10905,57,74,74,74,57
10906,57,74,74,74,57
10907,57,74,74,74,57
10908,57,74,74,74,57
10909,57,74,74,74,57
10910,57,74,74,74,57
10911,57,74,74,74,57
10912,57,74,74,74,57
10913,57,74,74,74,57
10914,57,74,74,74,57
10915,57,74,74,74,57
10916,57,74,74,74,57
10917,57,74,74,74,57
10918,57,74,74,74,57
10919,57,74,74,74,57
10920,57,74,74,74,57
10921,57,74,74,74,57
10922,57,74,74,74,57
10923,57,74,74,74,57
10924,57,74,74,74,57
10925,57,74,74,74,57
10926,57,74,74,74,57
10927,57,74,74,74,57
10928,57,74,74,74,57
10929,57,74,74,74,57
10930,57,74,74,74,57
10931,57,74,74,74,57
10932,57,74,74,74,57
10933,57,74,74,74,57
10934,57,74,74,74,57
10935,57,74,74,74,57
10936,57,74,74,74,57
10937,57,74,74,74,57
10938,57,74,74,74,57
10939,57,74,74,74,57
10940,57,74,74,74,57
10941,57,74,74,74,57
10942,57,74,74,74,57
10943,57,74,74,74,57
10944,57,74,74,74,57
10945,57,74,74,74,57
10946,57,74,74,74,57
10947,57,74,74,74,57
10948,57,74,74,74,57
10949,57,74,74,74,57
10950,57,74,74,74,57
10951,57,74,74,74,57
10952,57,74,74,74,57
10953,57,74,74,74,57
10954,57,74,74,74,57
10955,57,74,74,74,57
10956,57,74,74,74,57
10957,57,74,74,74,57
10958,57,74,74,74,57
10959,57,74,74,74,57
10960,57,74,74,74,57
10961,57,74,74,74,57
10962,57,74,74,74,57
10963,57,74,74,74,57
10964,57,74,74,74,57
10965,57,74,74,74,57
10966,57,74,74,74,57
10967,57,74,74,74,57
10968,57,74,74,74,57
10969,57,74,74,74,57
10970,57,74,74,74,57
10971,57,74,74,74,57
10972,57,74,74,74,57
10973,57,74,74,74,57
10974,57,74,74,74,57
10975,57,74,74,74,57
10976,57,74,74,74,57
10977,57,74,74,74,57
10978,57,74,74,74,57
10979,57,74,74,74,57
10980,57,74,74,74,57
10981,57,74,74,74,57
10982,57,74,74,74,57
10983,57,74,74,74,57
10984,57,74,74,74,57
10985,57,74,74,74,57
10986,57,74,74,74,57
10987,57,74,74,74,57
10988,57,74,74,74,57
10989,57,74,74,74,57
10990,57,74,74,74,57
10991,57,74,74,74,57
10992,57,74,74,74,57
10993,57,74,74,74,57
10994,57,74,74,74,57
10995,57,74,74,74,57
10996,57,74,74,74,57
10997,57,74,74,74,57
10998,57,74,74,74,57
10999,57,74,74,74,57
11000,57,74,74,74,57
11001,57,74,74,74,57
11002,57,74,74,74,57
11003,57,74,74,74,57
11004,57,74,74,74,57
11005,57,74,74,74,57
11006,57,74,74,74,57
11007,57,74,74,74,57
11008,57,74,74,74,57
11009,57,74,74,74,57
11010,57,74,74,74,57
11011,57,74,74,74,57
11012,57,74,74,74,57
11013,57,74,74,74,57
11014,57,74,74,74,57
11015,57,74,74,74,57
11016,57,74,74,74,57
11017,57,74,74,74,57
11018,57,74,74,74,57
11019,57,74,74,74,57
11020,57,74,74,74,57
11021,57,74,74,74,57
11022,57,74,74,74,57
11023,57,74,74,74,57
11024,57,74,74,74,57
11025,57,74,74,74,57
11026,57,74,74,74,57
11027,57,74,74,74,57
11028,57,74,74,74,57
11029,57,74,74,74,57
11030,57,74,74,74,57
11031,57,74,74,74,57
11032,57,74,74,74,57
11033,57,74,74,74,57
11034,57,74,74,74,57
11035,57,74,74,74,57
11036,57,74,74,74,57
11037,57,74,74,74,57
11038,57,74,74,74,57
11039,57,74,74,74,57
11040,57,74,74,74,57
11041,57,74,74,74,57
11042,57,74,74,74,57
11043,57,74,74,74,57
11044,57,74,74,74,57
11045,57,74,74,74,57
11046,57,74,74,74,57
11047,57,74,74,74,57
11048,57,74,74,74,57
11049,57,74,74,74,57
11050,57,74,74,74,57
11051,57,74,74,74,57
11052,57,74,74,74,57
11053,57,74,74,74,57
11054,57,74,74,74,57
11055,57,74,74,74,57
11056,57,74,74,74,57
11057,57,74,74,74,57
11058,57,74,74,74,57
11059,57,74,74,74,57
11060,57,74,74,74,57
11061,57,74,74,74,57
11062,57,74,74,74,57
11063,57,74,74,74,57
11064,57,74,74,74,57
11065,57,74,74,74,57
11066,57,74,74,74,57
11067,57,74,74,74,57
11068,57,74,74,74,57
11069,57,74,74,74,57
11070,57,74,74,74,57
11071,57,74,74,74,57
11072,57,74,74,74,57
11073,57,74,74,74,57
11074,57,74,74,74,57
11075,57,74,74,74,57
11076,57,74,74,74,57
11077,57,74,74,74,57
11078,57,74,74,74,57
11079,57,74,74,74,57
11080,57,74,74,74,57
11081,57,74,74,74,57
11082,57,74,74,74,57
11083,57,74,74,74,57
11084,57,74,74,74,57
11085,57,74,74,74,57
11086,57,74,74,74,57
11087,57,74,74,74,57
11088,57,74,74,74,57
11089,57,74,74,74,57
11090,57,74,74,74,57
11091,57,74,74,74,57
11092,57,74,74,74,57
11093,57,74,74,74,57
11094,57,74,74,74,57
11095,57,74,74,74,57
11096,57,74,74,74,57
11097,57,74,74,74,57
11098,57,74,74,74,57
11099,57,74,74,74,57
11100,57,74,74,74,57
11101,57,74,74,74,57
11102,57,74,74,74,57
11103,57,74,74,74,57
11104,57,74,74,74,57
11105,57,74,74,74,57
11106,57,74,74,74,57
11107,57,74,74,74,57
11108,57,74,74,74,57
11109,57,74,74,74,57
11110,57,74,74,74,57
11111,57,74,74,74,57
11112,57,74,74,74,57
11113,57,74,74,74,57
11114,57,74,74,74,57
11115,57,74,74,74,57
11116,57,74,74,74,57
11117,57,74,74,74,57
11118,57,74,74,74,57
11119,57,74,74,74,57
11120,57,74,74,74,57
11121,57,74,74,74,57
11122,57,74,74,74,57
11123,57,74,74,74,57
11124,57,74,74,74,57
11125,57,74,74,74,57
11126,57,74,74,74,57
11127,57,74,74,74,57
11128,57,74,74,74,57
11129,57,74,74,74,57
11130,57,74,74,74,57
11131,57,74,74,74,57
11132,57,74,74,74,57
11133,57,74,74,74,57
11134,57,74,74,74,57
11135,57,74,74,74,57
11136,57,74,74,74,57
11137,57,74,74,74,57
11138,57,74,74,74,57
11139,57,74,74,74,57
11140,57,74,74,74,57
11141,57,74,74,74,57
11142,57,74,74,74,57
11143,57,74,74,74,57
11144,57,74,74,74,57
11145,57,74,74,74,57
11146,57,74,74,74,57
11147,57,74,74,74,57
11148,57,74,74,74,57
11149,57,74,74,74,57
11150,57,74,74,74,57
11151,57,74,74,74,57
11152,57,74,74,74,57
11153,57,74,74,74,57
11154,57,74,74,74,57
11155,57,74,74,74,57
11156,57,74,74,74,57
11157,57,74,74,74,57
11158,57,74,74,74,57
11159,57,74,74,74,57
11160,57,74,74,74,57
11161,57,74,74,74,57
11162,57,74,74,74,57
11163,57,74,74,74,57
11164,57,74,74,74,57
11165,57,74,74,74,57
11166,57,74,74,74,57
11167,57,74,74,74,57
11168,57,74,74,74,57
11169,57,74,74,74,57
11170,57,74,74,74,57
11171,57,74,74,74,57
11172,57,74,74,74,57
11173,57,74,74,74,57
11174,57,74,74,74,57
11175,57,74,74,74,57
11176,57,74,74,74,57
11177,57,74,74,74,57
11178,57,74,74,74,57
11179,57,74,74,74,57
11180,57,74,74,74,57
11181,57,74,74,74,57
11182,57,74,74,74,57
11183,57,74,74,74,57
11184,57,74,74,74,57
11185,57,74,74,74,57
11186,57,74,74,74,57
11187,57,74,74,74,57
11188,57,74,74,74,57
11189,57,74,74,74,57
11190,57,74,74,74,57
11191,57,74,74,74,57
11192,57,74,74,74,57
11193,57,74,74,74,57
11194,57,74,74,74,57
11195,57,74,74,74,57
11196,57,74,74,74,57
11197,57,74,74,74,57
11198,57,74,74,74,57
11199,57,74,74,74,57
11200,57,74,74,74,57
11201,57,74,74,74,57
11202,57,74,74,74,57
11203,57,74,74,74,57
11204,57,74,74,74,57
11205,57,74,74,74,57
11206,57,74,74,74,57
11207,57,74,74,74,57
11208,57,74,74,74,57
11209,57,74,74,74,57
11210,57,74,74,74,57
11211,57,74,74,74,57
11212,57,74,74,74,57
11213,57,74,74,74,57
11214,57,74,74,74,57
11215,57,74,74,74,57
11216,57,74,74,74,57
11217,57,74,74,74,57
11218,57,74,74,74,57
11219,57,74,74,74,57
11220,57,74,74,74,57
11221,57,74,74,74,57
11222,57,74,74,74,57
11223,57,74,74,74,57
11224,57,74,74,74,57
11225,57,74,74,74,57
11226,57,74,74,74,57
11227,57,74,74,74,57
11228,57,74,74,74,57
11229,57,74,74,74,57
11230,57,74,74,74,57
11231,57,74,74,74,57
11232,57,74,74,74,57
11233,57,74,74,74,57
11234,57,74,74,74,57
11235,57,74,74,74,57
11236,57,74,74,74,57
11237,57,74,74,74,57
11238,57,74,74,74,57
11239,57,74,74,74,57
11240,57,74,74,74,57
11241,57,74,74,74,57
11242,57,74,74,74,57
11243,57,74,74,74,57
11244,57,74,74,74,57
11245,57,74,74,74,57
11246,57,74,74,74,57
11247,57,74,74,74,57
11248,57,74,74,74,57
11249,57,74,74,74,57
11250,57,74,74,74,57
11251,57,74,74,74,57
11252,57,74,74,74,57
11253,57,74,74,74,57
11254,57,74,74,74,57
11255,57,74,74,74,57
11256,57,74,74,74,57
11257,57,74,74,74,57
11258,57,74,74,74,57
11259,57,74,74,74,57
11260,57,74,74,74,57
11261,57,74,74,74,57
11262,57,74,74,74,57
11263,57,74,74,74,57
11264,57,74,74,74,57
11265,57,74,74,74,57
11266,57,74,74,74,57
11267,57,74,74,74,57
11268,57,74,74,74,57
11269,57,74,74,74,57
11270,57,74,74,74,57
11271,57,74,74,74,57
11272,57,74,74,74,57
11273,57,74,74,74,57
11274,57,74,74,74,57
11275,57,74,74,74,57
11276,57,74,74,74,57
11277,57,74,74,74,57
11278,57,74,74,74,57
11279,57,74,74,74,57
11280,57,74,74,74,57
11281,57,74,74,74,57
11282,57,74,74,74,57
11283,57,74,74,74,57
11284,57,74,74,74,57
11285,57,74,74,74,57
11286,57,74,74,74,57
11287,57,74,74,74,57
11288,57,74,74,74,57
11289,57,74,74,74,57
11290,57,74,74,74,57
11291,57,74,74,74,57
11292,57,74,74,74,57
11293,57,74,74,74,57
11294,57,74,74,74,57
11295,57,74,74,74,57
11296,57,74,74,74,57
11297,57,74,74,74,57
11298,57,74,74,74,57
11299,57,74,74,74,57
11300,57,74,74,74,57
11301,57,74,74,74,57
11302,57,74,74,74,57
11303,57,74,74,74,57
11304,57,74,74,74,57
11305,57,74,74,74,57
11306,57,74,74,74,57
11307,57,74,74,74,57
11308,57,74,74,74,57
11309,57,74,74,74,57
11310,57,74,74,74,57
11311,57,74,74,74,57
11312,57,74,74,74,57
11313,57,74,74,74,57
11314,57,74,74,74,57
11315,57,74,74,74,57
11316,57,74,74,74,57
11317,57,74,74,74,57
11318,57,74,74,74,57
11319,57,74,74,74,57
11320,57,74,74,74,57
11321,57,74,74,74,57
11322,57,74,74,74,57
11323,57,74,74,74,57
11324,57,74,74,74,57
11325,57,74,74,74,57
11326,57,74,74,74,57
11327,57,74,74,74,57
11328,57,74,74,74,57
11329,57,74,74,74,57
11330,57,74,74,74,57
11331,57,74,74,74,57
11332,57,74,74,74,57
11333,57,74,74,74,57
11334,57,74,74,74,57
11335,57,74,74,74,57
11336,57,74,74,74,57
11337,57,74,74,74,57
11338,57,74,74,74,57
11339,57,74,74,74,57
11340,57,74,74,74,57
11341,57,74,74,74,57
11342,57,74,74,74,57
11343,57,74,74,74,57
11344,57,74,74,74,57
11345,57,74,74,74,57
11346,57,74,74,74,57
11347,57,74,74,74,57
11348,57,74,74,74,57
11349,57,74,74,74,57
11350,57,74,74,74,57
11351,57,74,74,74,57
11352,57,74,74,74,57
11353,57,74,74,74,57
11354,57,74,74,74,57
11355,57,74,74,74,57
11356,57,74,74,74,57
11357,57,74,74,74,57
11358,57,74,74,74,57
11359,57,74,74,74,57
11360,57,74,74,74,57
11361,57,74,74,74,57
11362,57,74,74,74,57
11363,57,74,74,74,57
11364,57,74,74,74,57
11365,57,74,74,74,57
11366,57,74,74,74,57
11367,57,74,74,74,57
11368,57,74,74,74,57
11369,57,74,74,74,57
11370,57,74,74,74,57
11371,57,74,74,74,57
11372,57,74,74,74,57
11373,57,74,74,74,57
11374,57,74,74,74,57
11375,57,74,74,74,57
11376,57,74,74,74,57
11377,57,74,74,74,57
11378,57,74,74,74,57
11379,57,74,74,74,57
11380,57,74,74,74,57
11381,57,74,74,74,57
11382,57,74,74,74,57
11383,57,74,74,74,57
11384,57,74,74,74,57
11385,57,74,74,74,57
11386,57,74,74,74,57
11387,57,74,74,74,57
11388,57,74,74,74,57
11389,57,74,74,74,57
11390,57,74,74,74,57
11391,57,74,74,74,57
11392,57,74,74,74,57
11393,57,74,74,74,57
11394,57,74,74,74,57
11395,57,74,74,74,57
11396,57,74,74,74,57
11397,57,74,74,74,57
11398,57,74,74,74,57
11399,57,74,74,74,57
11400,57,74,74,74,57
11401,57,74,74,74,57
11402,57,74,74,74,57
11403,57,74,74,74,57
11404,57,74,74,74,57
11405,57,74,74,74,57
11406,57,74,74,74,57
11407,57,74,74,74,57
11408,57,74,74,74,57
11409,57,74,74,74,57
11410,57,74,74,74,57
11411,57,74,74,74,57
11412,57,74,74,74,57
11413,57,74,74,74,57
11414,57,74,74,74,57
11415,57,74,74,74,57
11416,57,74,74,74,57
11417,57,74,74,74,57
11418,57,74,74,74,57
11419,57,74,74,74,57
11420,57,74,74,74,57
11421,57,74,74,74,57
11422,57,74,74,74,57
11423,57,74,74,74,57
11424,57,74,74,74,57
11425,57,74,74,74,57
11426,57,74,74,74,57
11427,57,74,74,74,57
11428,57,74,74,74,57
11429,57,74,74,74,57
11430,57,74,74,74,57
11431,57,74,74,74,57
11432,57,74,74,74,57
11433,57,74,74,74,57
11434,57,74,74,74,57
11435,57,74,74,74,57
11436,57,74,74,74,57
11437,57,74,74,74,57
11438,57,74,74,74,57
11439,57,74,74,74,57
11440,57,74,74,74,57
11441,57,74,74,74,57
11442,57,74,74,74,57
11443,57,74,74,74,57
11444,57,74,74,74,57
11445,57,74,74,74,57
11446,57,74,74,74,57
11447,57,74,74,74,57
11448,57,74,74,74,57
11449,57,74,74,74,57
11450,57,74,74,74,57
11451,57,74,74,74,57
11452,57,74,74,74,57
11453,57,74,74,74,57
11454,57,74,74,74,57
11455,57,74,74,74,57
11456,57,74,74,74,57
11457,57,74,74,74,57
11458,57,74,74,74,57
11459,57,74,74,74,57
11460,57,74,74,74,57
11461,57,74,74,74,57
11462,57,74,74,74,57
11463,57,74,74,74,57
11464,57,74,74,74,57
11465,57,74,74,74,57
11466,57,74,74,74,57
11467,57,74,74,74,57
11468,57,74,74,74,57
11469,57,74,74,74,57
11470,57,74,74,74,57
11471,57,74,74,74,57
11472,57,74,74,74,57
11473,57,74,74,74,57
11474,57,74,74,74,57
11475,57,74,74,74,57
11476,57,74,74,74,57
11477,57,74,74,74,57
11478,57,74,74,74,57
11479,57,74,74,74,57
11480,57,74,74,74,57
11481,57,74,74,74,57
11482,57,74,74,74,57
11483,57,74,74,74,57
11484,57,74,74,74,57
11485,57,74,74,74,57
11486,57,74,74,74,57
11487,57,74,74,74,57
11488,57,74,74,74,57
11489,57,74,74,74,57
11490,57,74,74,74,57
11491,57,74,74,74,57
11492,57,74,74,74,57
11493,57,74,74,74,57
11494,57,74,74,74,57
11495,57,74,74,74,57
11496,57,74,74,74,57
11497,57,74,74,74,57
11498,57,74,74,74,57
11499,57,74,74,74,57
11500,57,74,74,74,57
11501,57,74,74,74,57
11502,57,74,74,74,57
11503,57,74,74,74,57
11504,57,74,74,74,57
11505,57,74,74,74,57
11506,57,74,74,74,57
11507,57,74,74,74,57
11508,57,74,74,74,57
11509,57,74,74,74,57
11510,57,74,74,74,57
11511,57,74,74,74,57
11512,57,74,74,74,57
11513,57,74,74,74,57
11514,57,74,74,74,57
11515,57,74,74,74,57
11516,57,74,74,74,57
11517,57,74,74,74,57
11518,57,74,74,74,57
11519,57,74,74,74,57
11520,57,74,74,74,57
11521,57,74,74,74,57
11522,57,74,74,74,57
11523,57,74,74,74,57
11524,57,74,74,74,57
11525,57,74,74,74,57
11526,57,74,74,74,57
11527,57,74,74,74,57
11528,57,74,74,74,57
11529,57,74,74,74,57
11530,57,74,74,74,57
11531,57,74,74,74,57
11532,57,74,74,74,57
11533,57,74,74,74,57
11534,57,74,74,74,57
11535,57,74,74,74,57
11536,57,74,74,74,57
11537,57,74,74,74,57
11538,57,74,74,74,57
11539,57,74,74,74,57
11540,57,74,74,74,57
11541,57,74,74,74,57
11542,57,74,74,74,57
11543,57,74,74,74,57
11544,57,74,74,74,57
11545,57,74,74,74,57
11546,57,74,74,74,57
11547,57,74,74,74,57
11548,57,74,74,74,57
11549,57,74,74,74,57
11550,57,74,74,74,57
11551,57,74,74,74,57
11552,57,74,74,74,57
11553,57,74,74,74,57
11554,57,74,74,74,57
11555,57,74,74,74,57
11556,57,74,74,74,57
11557,57,74,74,74,57
11558,57,74,74,74,57
11559,57,74,74,74,57
11560,57,74,74,74,57
11561,57,74,74,74,57
11562,57,74,74,74,57
11563,57,74,74,74,57
11564,57,74,74,74,57
11565,57,74,74,74,57
11566,57,74,74,74,57
11567,57,74,74,74,57
11568,57,74,74,74,57
11569,57,74,74,74,57
11570,57,74,74,74,57
11571,57,74,74,74,57
11572,57,74,74,74,57
11573,57,74,74,74,57
11574,57,74,74,74,57
11575,57,74,74,74,57
11576,57,74,74,74,57
11577,57,74,74,74,57
11578,57,74,74,74,57
11579,57,74,74,74,57
11580,57,74,74,74,57
11581,57,74,74,74,57
11582,57,74,74,74,57
11583,57,74,74,74,57
11584,57,74,74,74,57
11585,57,74,74,74,57
11586,57,74,74,74,57
11587,57,74,74,74,57
11588,57,74,74,74,57
11589,57,74,74,74,57
11590,57,74,74,74,57
11591,57,74,74,74,57
11592,57,74,74,74,57
11593,57,74,74,74,57
11594,57,74,74,74,57
11595,57,74,74,74,57
11596,57,74,74,74,57
11597,57,74,74,74,57
11598,57,74,74,74,57
11599,57,74,74,74,57
11600,57,74,74,74,57
11601,57,74,74,74,57
11602,57,74,74,74,57
11603,57,74,74,74,57
11604,57,74,74,74,57
11605,57,74,74,74,57
11606,57,74,74,74,57
11607,57,74,74,74,57
11608,57,74,74,74,57
11609,57,74,74,74,57
11610,57,74,74,74,57
11611,57,74,74,74,57
11612,57,74,74,74,57
11613,57,74,74,74,57
11614,57,74,74,74,57
11615,57,74,74,74,57
11616,57,74,74,74,57
11617,57,74,74,74,57
11618,57,74,74,74,57
11619,57,74,74,74,57
11620,57,74,74,74,57
11621,57,74,74,74,57
11622,57,74,74,74,57
11623,57,74,74,74,57
11624,57,74,74,74,57
11625,57,74,74,74,57
11626,57,74,74,74,57
11627,57,74,74,74,57
11628,57,74,74,74,57
11629,57,74,74,74,57
11630,57,74,74,74,57
11631,57,74,74,74,57
11632,57,74,74,74,57
11633,57,74,74,74,57
11634,57,74,74,74,57
11635,57,74,74,74,57
11636,57,74,74,74,57
11637,57,74,74,74,57
11638,57,74,74,74,57
11639,57,74,74,74,57
11640,57,74,74,74,57
11641,57,74,74,74,57
11642,57,74,74,74,57
11643,57,74,74,74,57
11644,57,74,74,74,57
11645,57,74,74,74,57
11646,57,74,74,74,57
11647,57,74,74,74,57
11648,57,74,74,74,57
11649,57,74,74,74,57
11650,57,74,74,74,57
11651,57,74,74,74,57
11652,57,74,74,74,57
11653,57,74,74,74,57
11654,57,74,74,74,57
11655,57,74,74,74,57
11656,57,74,74,74,57
11657,57,74,74,74,57
11658,57,74,74,74,57
11659,57,74,74,74,57
11660,57,74,74,74,57
11661,57,74,74,74,57
11662,57,74,74,74,57
11663,57,74,74,74,57
11664,57,74,74,74,57
11665,57,74,74,74,57
11666,57,74,74,74,57
11667,57,74,74,74,57
11668,57,74,74,74,57
11669,57,74,74,74,57
11670,57,74,74,74,57
11671,57,74,74,74,57
11672,57,74,74,74,57
11673,57,74,74,74,57
11674,57,74,74,74,57
11675,57,74,74,74,57
11676,57,74,74,74,57
11677,57,74,74,74,57
11678,57,74,74,74,57
11679,57,74,74,74,57
11680,57,74,74,74,57
11681,57,74,74,74,57
11682,57,74,74,74,57
11683,57,74,74,74,57
11684,57,74,74,74,57
11685,57,74,74,74,57
11686,57,74,74,74,57
11687,57,74,74,74,57
11688,57,74,74,74,57
11689,57,74,74,74,57
11690,57,74,74,74,57
11691,57,74,74,74,57
11692,57,74,74,74,57
11693,57,74,74,74,57
11694,57,74,74,74,57
11695,57,74,74,74,57
11696,57,74,74,74,57
11697,57,74,74,74,57
11698,57,74,74,74,57
11699,57,74,74,74,57
11700,57,74,74,74,57
11701,57,74,74,74,57
11702,57,74,74,74,57
11703,57,74,74,74,57
11704,57,74,74,74,57
11705,57,74,74,74,57
11706,57,74,74,74,57
11707,57,74,74,74,57
11708,57,74,74,74,57
11709,57,74,74,74,57
11710,57,74,74,74,57
11711,57,74,74,74,57
11712,57,74,74,74,57
11713,57,74,74,74,57
11714,57,74,74,74,57
11715,57,74,74,74,57
11716,57,74,74,74,57
11717,57,74,74,74,57
11718,57,74,74,74,57
11719,57,74,74,74,57
11720,57,74,74,74,57
11721,57,74,74,74,57
11722,57,74,74,74,57
11723,57,74,74,74,57
11724,57,74,74,74,57
11725,57,74,74,74,57
11726,57,74,74,74,57
11727,57,74,74,74,57
11728,57,74,74,74,57
11729,57,74,74,74,57
11730,57,74,74,74,57
11731,57,74,74,74,57
11732,57,74,74,74,57
11733,57,74,74,74,57
11734,57,74,74,74,57
11735,57,74,74,74,57
11736,57,74,74,74,57
11737,57,74,74,74,57
11738,57,74,74,74,57
11739,57,74,74,74,57
11740,57,74,74,74,57
11741,57,74,74,74,57
11742,57,74,74,74,57
11743,57,74,74,74,57
11744,57,74,74,74,57
11745,57,74,74,74,57
11746,57,74,74,74,57
11747,57,74,74,74,57
11748,57,74,74,74,57
11749,57,74,74,74,57
11750,57,74,74,74,57
11751,57,74,74,74,57
11752,57,74,74,74,57
11753,57,74,74,74,57
11754,57,74,74,74,57
11755,57,74,74,74,57
11756,57,74,74,74,57
11757,57,74,74,74,57
11758,57,74,74,74,57
11759,57,74,74,74,57
11760,57,74,74,74,57
11761,57,74,74,74,57
11762,57,74,74,74,57
11763,57,74,74,74,57
11764,57,74,74,74,57
11765,57,74,74,74,57
11766,57,74,74,74,57
11767,57,74,74,74,57
11768,57,74,74,74,57
11769,57,74,74,74,57
11770,57,74,74,74,57
11771,57,74,74,74,57
11772,57,74,74,74,57
11773,57,74,74,74,57
11774,57,74,74,74,57
11775,57,74,74,74,57
11776,57,74,74,74,57
11777,57,74,74,74,57
11778,57,74,74,74,57
11779,57,74,74,74,57
11780,57,74,74,74,57
11781,57,74,74,74,57
11782,57,74,74,74,57
11783,57,74,74,74,57
11784,57,74,74,74,57
11785,57,74,74,74,57
11786,57,74,74,74,57
11787,57,74,74,74,57
11788,57,74,74,74,57
11789,57,74,74,74,57
11790,57,74,74,74,57
11791,57,74,74,74,57
11792,57,74,74,74,57
11793,57,74,74,74,57
11794,57,74,74,74,57
11795,57,74,74,74,57
11796,57,74,74,74,57
11797,57,74,74,74,57
11798,57,74,74,74,57
11799,57,74,74,74,57
11800,57,74,74,74,57
11801,57,74,74,74,57
11802,57,74,74,74,57
11803,57,74,74,74,57
11804,57,74,74,74,57
11805,57,74,74,74,57
11806,57,74,74,74,57
11807,57,74,74,74,57
11808,57,74,74,74,57
11809,57,74,74,74,57
11810,57,74,74,74,57
11811,57,74,74,74,57
11812,57,74,74,74,57
11813,57,74,74,74,57
11814,57,74,74,74,57
11815,57,74,74,74,57
11816,57,74,74,74,57
11817,57,74,74,74,57
11818,57,74,74,74,57
11819,57,74,74,74,57
11820,57,74,74,74,57
11821,57,74,74,74,57
11822,57,74,74,74,57
11823,57,74,74,74,57
11824,57,74,74,74,57
11825,57,74,74,74,57
11826,57,74,74,74,57
11827,57,74,74,74,57
11828,57,74,74,74,57
11829,57,74,74,74,57
11830,57,74,74,74,57
11831,57,74,74,74,57
11832,57,74,74,74,57
11833,57,74,74,74,57
11834,57,74,74,74,57
11835,57,74,74,74,57
11836,57,74,74,74,57
11837,57,74,74,74,57
11838,57,74,74,74,57
11839,57,74,74,74,57
11840,57,74,74,74,57
11841,57,74,74,74,57
11842,57,74,74,74,57
11843,57,74,74,74,57
11844,57,74,74,74,57
11845,57,74,74,74,57
11846,57,74,74,74,57
11847,57,74,74,74,57
11848,57,74,74,74,57
11849,57,74,74,74,57
11850,57,74,74,74,57
11851,57,74,74,74,57
11852,57,74,74,74,57
11853,57,74,74,74,57
11854,57,74,74,74,57
11855,57,74,74,74,57
11856,57,74,74,74,57
11857,57,74,74,74,57
11858,57,74,74,74,57
11859,57,74,74,74,57
11860,57,74,74,74,57
11861,57,74,74,74,57
11862,57,74,74,74,57
11863,57,74,74,74,57
11864,57,74,74,74,57
11865,57,74,74,74,57
11866,57,74,74,74,57
11867,57,74,74,74,57
11868,57,74,74,74,57
11869,57,74,74,74,57
11870,57,74,74,74,57
11871,57,74,74,74,57
11872,57,74,74,74,57
11873,57,74,74,74,57
11874,57,74,74,74,57
11875,57,74,74,74,57
11876,57,74,74,74,57
11877,57,74,74,74,57
11878,57,74,74,74,57
11879,57,74,74,74,57
11880,57,74,74,74,57
11881,57,74,74,74,57
11882,57,74,74,74,57
11883,57,74,74,74,57
11884,57,74,74,74,57
11885,57,74,74,74,57
11886,57,74,74,74,57
11887,57,74,74,74,57
11888,57,74,74,74,57
11889,57,74,74,74,57
11890,57,74,74,74,57
11891,57,74,74,74,57
11892,57,74,74,74,57
11893,57,74,74,74,57
11894,57,74,74,74,57
11895,57,74,74,74,57
11896,57,74,74,74,57
11897,57,74,74,74,57
11898,57,74,74,74,57
11899,57,74,74,74,57
11900,57,74,74,74,57
11901,57,74,74,74,57
11902,57,74,74,74,57
11903,57,74,74,74,57
11904,57,74,74,74,57
11905,57,74,74,74,57
11906,57,74,74,74,57
11907,57,74,74,74,57
11908,57,74,74,74,57
11909,57,74,74,74,57
11910,57,74,74,74,57
11911,57,74,74,74,57
11912,57,74,74,74,57
11913,57,74,74,74,57
11914,57,74,74,74,57
11915,57,74,74,74,57
11916,57,74,74,74,57
11917,57,74,74,74,57
11918,57,74,74,74,57
11919,57,74,74,74,57
11920,57,74,74,74,57
11921,57,74,74,74,57
11922,57,74,74,74,57
11923,57,74,74,74,57
11924,57,74,74,74,57
11925,57,74,74,74,57
11926,57,74,74,74,57
11927,57,74,74,74,57
11928,57,74,74,74,57
11929,57,74,74,74,57
11930,57,74,74,74,57
11931,57,74,74,74,57
11932,57,74,74,74,57
11933,57,74,74,74,57
11934,57,74,74,74,57
11935,57,74,74,74,57
11936,57,74,74,74,57
11937,57,74,74,74,57
11938,57,74,74,74,57
11939,57,74,74,74,57
11940,57,74,74,74,57
11941,57,74,74,74,57
11942,57,74,74,74,57
11943,57,74,74,74,57
11944,57,74,74,74,57
11945,57,74,74,74,57
11946,57,74,74,74,57
11947,57,74,74,74,57
11948,57,74,74,74,57
11949,57,74,74,74,57
11950,57,74,74,74,57
11951,57,74,74,74,57
11952,57,74,74,74,57
11953,57,74,74,74,57
11954,57,74,74,74,57
11955,57,74,74,74,57
11956,57,74,74,74,57
11957,57,74,74,74,57
11958,57,74,74,74,57
11959,57,74,74,74,57
11960,57,74,74,74,57
11961,57,74,74,74,57
11962,57,74,74,74,57
11963,57,74,74,74,57
11964,57,74,74,74,57
11965,57,74,74,74,57
11966,57,74,74,74,57
11967,57,74,74,74,57
11968,57,74,74,74,57
11969,57,74,74,74,57
11970,57,74,74,74,57
11971,57,74,74,74,57
11972,57,74,74,74,57
11973,57,74,74,74,57
11974,57,74,74,74,57
11975,57,74,74,74,57
11976,57,74,74,74,57
11977,57,74,74,74,57
11978,57,74,74,74,57
11979,57,74,74,74,57
11980,57,74,74,74,57
11981,57,74,74,74,57
11982,57,74,74,74,57
11983,57,74,74,74,57
11984,57,74,74,74,57
11985,57,74,74,74,57
11986,57,74,74,74,57
11987,57,74,74,74,57
11988,57,74,74,74,57
11989,57,74,74,74,57
11990,57,74,74,74,57
11991,57,74,74,74,57
11992,57,74,74,74,57
11993,57,74,74,74,57
11994,57,74,74,74,57
11995,57,74,74,74,57
11996,57,74,74,74,57
11997,57,74,74,74,57
11998,57,74,74,74,57
11999,57,74,74,74,57
12000,57,74,74,74,57
12001,57,74,74,74,57
12002,57,74,74,74,57
12003,57,74,74,74,57
12004,57,74,74,74,57
12005,57,74,74,74,57
12006,57,74,74,74,57
12007,57,74,74,74,57
12008,57,74,74,74,57
12009,57,74,74,74,57
12010,57,74,74,74,57
12011,57,74,74,74,57
12012,57,74,74,74,57
12013,57,74,74,74,57
12014,57,74,74,74,57
12015,57,74,74,74,57
12016,57,74,74,74,57
12017,57,74,74,74,57
12018,57,74,74,74,57
12019,57,74,74,74,57
12020,57,74,74,74,57
12021,57,74,74,74,57
12022,57,74,74,74,57
12023,57,74,74,74,57
12024,57,74,74,74,57
12025,57,74,74,74,57
12026,57,74,74,74,57
12027,57,74,74,74,57
12028,57,74,74,74,57
12029,57,74,74,74,57
12030,57,74,74,74,57
12031,57,74,74,74,57
12032,57,74,74,74,57
12033,57,74,74,74,57
12034,57,74,74,74,57
12035,57,74,74,74,57
12036,57,74,74,74,57
12037,57,74,74,74,57
12038,57,74,74,74,57
12039,57,74,74,74,57
12040,57,74,74,74,57
12041,57,74,74,74,57
12042,57,74,74,74,57
12043,57,74,74,74,57
12044,57,74,74,74,57
12045,57,74,74,74,57
12046,57,74,74,74,57
12047,57,74,74,74,57
12048,57,74,74,74,57
12049,57,74,74,74,57
12050,57,74,74,74,57
12051,57,74,74,74,57
12052,57,74,74,74,57
12053,57,74,74,74,57
12054,57,74,74,74,57
12055,57,74,74,74,57
12056,57,74,74,74,57
12057,57,74,74,74,57
12058,57,74,74,74,57
12059,57,74,74,74,57
12060,57,74,74,74,57
12061,57,74,74,74,57
12062,57,74,74,74,57
12063,57,74,74,74,57
12064,57,74,74,74,57
12065,57,74,74,74,57
12066,57,74,74,74,57
12067,57,74,74,74,57
12068,57,74,74,74,57
12069,57,74,74,74,57
12070,57,74,74,74,57
12071,57,74,74,74,57
12072,57,74,74,74,57
12073,57,74,74,74,57
12074,57,74,74,74,57
12075,57,74,74,74,57
12076,57,74,74,74,57
12077,57,74,74,74,57
12078,57,74,74,74,57
12079,57,74,74,74,57
12080,57,74,74,74,57
12081,57,74,74,74,57
12082,57,74,74,74,57
12083,57,74,74,74,57
12084,57,74,74,74,57
12085,57,74,74,74,57
12086,57,74,74,74,57
12087,57,74,74,74,57
12088,57,74,74,74,57
12089,57,74,74,74,57
12090,57,74,74,74,57
12091,57,74,74,74,57
12092,57,74,74,74,57
12093,57,74,74,74,57
12094,57,74,74,74,57
12095,57,74,74,74,57
12096,57,74,74,74,57
12097,57,74,74,74,57
12098,57,74,74,74,57
12099,57,74,74,74,57
12100,57,74,74,74,57
12101,57,74,74,74,57
12102,57,74,74,74,57
12103,57,74,74,74,57
12104,57,74,74,74,57
12105,57,74,74,74,57
12106,57,74,74,74,57
12107,57,74,74,74,57
12108,57,74,74,74,57
12109,57,74,74,74,57
12110,57,74,74,74,57
12111,57,74,74,74,57
12112,57,74,74,74,57
12113,57,74,74,74,57
12114,57,74,74,74,57
12115,57,74,74,74,57
12116,57,74,74,74,57
12117,57,74,74,74,57
12118,57,74,74,74,57
12119,57,74,74,74,57
12120,57,74,74,74,57
12121,57,74,74,74,57
12122,57,74,74,74,57
12123,57,74,74,74,57
12124,57,74,74,74,57
12125,57,74,74,74,57
12126,57,74,74,74,57
12127,57,74,74,74,57
12128,57,74,74,74,57
12129,57,74,74,74,57
12130,57,74,74,74,57
12131,57,74,74,74,57
12132,57,74,74,74,57
12133,57,74,74,74,57
12134,57,74,74,74,57
12135,57,74,74,74,57
12136,57,74,74,74,57
12137,57,74,74,74,57
12138,57,74,74,74,57
12139,57,74,74,74,57
12140,57,74,74,74,57
12141,57,74,74,74,57
12142,57,74,74,74,57
12143,57,74,74,74,57
12144,57,74,74,74,57
12145,57,74,74,74,57
12146,57,74,74,74,57
12147,57,74,74,74,57
12148,57,74,74,74,57
12149,57,74,74,74,57
12150,57,74,74,74,57
12151,57,74,74,74,57
12152,57,74,74,74,57
12153,57,74,74,74,57
12154,57,74,74,74,57
12155,57,74,74,74,57
12156,57,74,74,74,57
12157,57,74,74,74,57
12158,57,74,74,74,57
12159,57,74,74,74,57
12160,57,74,74,74,57
12161,57,74,74,74,57
12162,57,74,74,74,57
12163,57,74,74,74,57
12164,57,74,74,74,57
12165,57,74,74,74,57
12166,57,74,74,74,57
12167,57,74,74,74,57
12168,57,74,74,74,57
12169,57,74,74,74,57
12170,57,74,74,74,57
12171,57,74,74,74,57
12172,57,74,74,74,57
12173,57,74,74,74,57
12174,57,74,74,74,57
12175,57,74,74,74,57
12176,57,74,74,74,57
12177,57,74,74,74,57
12178,57,74,74,74,57
12179,57,74,74,74,57
12180,57,74,74,74,57
12181,57,74,74,74,57
12182,57,74,74,74,57
12183,57,74,74,74,57
12184,57,74,74,74,57
12185,57,74,74,74,57
12186,57,74,74,74,57
12187,57,74,74,74,57
12188,57,74,74,74,57
12189,57,74,74,74,57
12190,57,74,74,74,57
12191,57,74,74,74,57
12192,57,74,74,74,57
12193,57,74,74,74,57
12194,57,74,74,74,57
12195,57,74,74,74,57
12196,57,74,74,74,57
12197,57,74,74,74,57
12198,57,74,74,74,57
12199,57,74,74,74,57
12200,57,74,74,74,57
12201,57,74,74,74,57
12202,57,74,74,74,57
12203,57,74,74,74,57
12204,57,74,74,74,57
12205,57,74,74,74,57
12206,57,74,74,74,57
12207,57,74,74,74,57
12208,57,74,74,74,57
12209,57,74,74,74,57
12210,57,74,74,74,57
12211,57,74,74,74,57
12212,57,74,74,74,57
12213,57,74,74,74,57
12214,57,74,74,74,57
12215,57,74,74,74,57
12216,57,74,74,74,57
12217,57,74,74,74,57
12218,57,74,74,74,57
12219,57,74,74,74,57
12220,57,74,74,74,57
12221,57,74,74,74,57
12222,57,74,74,74,57
12223,57,74,74,74,57
12224,57,74,74,74,57
12225,57,74,74,74,57
12226,57,74,74,74,57
12227,57,74,74,74,57
12228,57,74,74,74,57
12229,57,74,74,74,57
12230,57,74,74,74,57
12231,57,74,74,74,57
12232,57,74,74,74,57
12233,57,74,74,74,57
12234,57,74,74,74,57
12235,57,74,74,74,57
12236,57,74,74,74,57
12237,57,74,74,74,57
12238,57,74,74,74,57
12239,57,74,74,74,57
12240,57,74,74,74,57
12241,57,74,74,74,57
12242,57,74,74,74,57
12243,57,74,74,74,57
12244,57,74,74,74,57
12245,57,74,74,74,57
12246,57,74,74,74,57
12247,57,74,74,74,57
12248,57,74,74,74,57
12249,57,74,74,74,57
12250,57,74,74,74,57
12251,57,74,74,74,57
12252,57,74,74,74,57
12253,57,74,74,74,57
12254,57,74,74,74,57
12255,57,74,74,74,57
12256,57,74,74,74,57
12257,57,74,74,74,57
12258,57,74,74,74,57
12259,57,74,74,74,57
12260,57,74,74,74,57
12261,57,74,74,74,57
12262,57,74,74,74,57
12263,57,74,74,74,57
12264,57,74,74,74,57
12265,57,74,74,74,57
12266,57,74,74,74,57
12267,57,74,74,74,57
12268,57,74,74,74,57
12269,57,74,74,74,57
12270,57,74,74,74,57
12271,57,74,74,74,57
12272,57,74,74,74,57
12273,57,74,74,74,57
12274,57,74,74,74,57
12275,57,74,74,74,57
12276,57,74,74,74,57
12277,57,74,74,74,57
12278,57,74,74,74,57
12279,57,74,74,74,57
12280,57,74,74,74,57
12281,57,74,74,74,57
12282,57,74,74,74,57
12283,57,74,74,74,57
12284,57,74,74,74,57
12285,57,74,74,74,57
12286,57,74,74,74,57
12287,57,74,74,74,57
12288,57,74,74,74,57
12289,57,74,74,74,57
12290,57,74,74,74,57
12291,57,74,74,74,57
12292,57,74,74,74,57
12293,57,74,74,74,57
12294,57,74,74,74,57
12295,57,74,74,74,57
12296,57,74,74,74,57
12297,57,74,74,74,57
12298,57,74,74,74,57
12299,57,74,74,74,57
12300,57,74,74,74,57
12301,57,74,74,74,57
12302,57,74,74,74,57
12303,57,74,74,74,57
12304,57,74,74,74,57
12305,57,74,74,74,57
12306,57,74,74,74,57
12307,57,74,74,74,57
12308,57,74,74,74,57
12309,57,74,74,74,57
12310,57,74,74,74,57
12311,57,74,74,74,57
12312,57,74,74,74,57
12313,57,74,74,74,57
12314,57,74,74,74,57
12315,57,74,74,74,57
12316,57,74,74,74,57
12317,57,74,74,74,57
12318,57,74,74,74,57
12319,57,74,74,74,57
12320,57,74,74,74,57
12321,57,74,74,74,57
12322,57,74,74,74,57
12323,57,74,74,74,57
12324,57,74,74,74,57
12325,57,74,74,74,57
12326,57,74,74,74,57
12327,57,74,74,74,57
12328,57,74,74,74,57
12329,57,74,74,74,57
12330,57,74,74,74,57
12331,57,74,74,74,57
12332,57,74,74,74,57
12333,57,74,74,74,57
12334,57,74,74,74,57
12335,57,74,74,74,57
12336,57,74,74,74,57
12337,57,74,74,74,57
12338,57,74,74,74,57
12339,57,74,74,74,57
12340,57,74,74,74,57
12341,57,74,74,74,57
12342,57,74,74,74,57
12343,57,74,74,74,57
12344,57,74,74,74,57
12345,57,74,74,74,57
12346,57,74,74,74,57
12347,57,74,74,74,57
12348,57,74,74,74,57
12349,57,74,74,74,57
12350,57,74,74,74,57
12351,57,74,74,74,57
12352,57,74,74,74,57
12353,57,74,74,74,57
12354,57,74,74,74,57
12355,57,74,74,74,57
12356,57,74,74,74,57
12357,57,74,74,74,57
12358,57,74,74,74,57
12359,57,74,74,74,57
12360,57,74,74,74,57
12361,57,74,74,74,57
12362,57,74,74,74,57
12363,57,74,74,74,57
12364,57,74,74,74,57
12365,57,74,74,74,57
12366,57,74,74,74,57
12367,57,74,74,74,57
12368,57,74,74,74,57
12369,57,74,74,74,57
12370,57,74,74,74,57
12371,57,74,74,74,57
12372,57,74,74,74,57
12373,57,74,74,74,57
12374,57,74,74,74,57
12375,57,74,74,74,57
12376,57,74,74,74,57
12377,57,74,74,74,57
12378,57,74,74,74,57
12379,57,74,74,74,57
12380,57,74,74,74,57
12381,57,74,74,74,57
12382,57,74,74,74,57
12383,57,74,74,74,57
12384,57,74,74,74,57
12385,57,74,74,74,57
12386,57,74,74,74,57
12387,57,74,74,74,57
12388,57,74,74,74,57
12389,57,74,74,74,57
12390,57,74,74,74,57
12391,57,74,74,74,57
12392,57,74,74,74,57
12393,57,74,74,74,57
12394,57,74,74,74,57
12395,57,74,74,74,57
12396,57,74,74,74,57
12397,57,74,74,74,57
12398,57,74,74,74,57
12399,57,74,74,74,57
12400,57,74,74,74,57
12401,57,74,74,74,57
12402,57,74,74,74,57
12403,57,74,74,74,57
12404,57,74,74,74,57
12405,57,74,74,74,57
12406,57,74,74,74,57
12407,57,74,74,74,57
12408,57,74,74,74,57
12409,57,74,74,74,57
12410,57,74,74,74,57
12411,57,74,74,74,57
12412,57,74,74,74,57
12413,57,74,74,74,57
12414,57,74,74,74,57
12415,57,74,74,74,57
12416,57,74,74,74,57
12417,57,74,74,74,57
12418,57,74,74,74,57
12419,57,74,74,74,57
12420,57,74,74,74,57
12421,57,74,74,74,57
12422,57,74,74,74,57
12423,57,74,74,74,57
12424,57,74,74,74,57
12425,57,74,74,74,57
12426,57,74,74,74,57
12427,57,74,74,74,57
12428,57,74,74,74,57
12429,57,74,74,74,57
12430,57,74,74,74,57
12431,57,74,74,74,57
12432,57,74,74,74,57
12433,57,74,74,74,57
12434,57,74,74,74,57
12435,57,74,74,74,57
12436,57,74,74,74,57
12437,57,74,74,74,57
12438,57,74,74,74,57
12439,57,74,74,74,57
12440,57,74,74,74,57
12441,57,74,74,74,57
12442,57,74,74,74,57
12443,57,74,74,74,57
12444,57,74,74,74,57
12445,57,74,74,74,57
12446,57,74,74,74,57
12447,57,74,74,74,57
12448,57,74,74,74,57
12449,57,74,74,74,57
12450,57,74,74,74,57
12451,57,74,74,74,57
12452,57,74,74,74,57
12453,57,74,74,74,57
12454,57,74,74,74,57
12455,57,74,74,74,57
12456,57,74,74,74,57
12457,57,74,74,74,57
12458,57,74,74,74,57
12459,57,74,74,74,57
12460,57,74,74,74,57
12461,57,74,74,74,57
12462,57,74,74,74,57
12463,57,74,74,74,57
12464,57,74,74,74,57
12465,57,74,74,74,57
12466,57,74,74,74,57
12467,57,74,74,74,57
12468,57,74,74,74,57
12469,57,74,74,74,57
12470,57,74,74,74,57
12471,57,74,74,74,57
12472,57,74,74,74,57
12473,57,74,74,74,57
12474,57,74,74,74,57
12475,57,74,74,74,57
12476,57,74,74,74,57
12477,57,74,74,74,57
12478,57,74,74,74,57
12479,57,74,74,74,57
12480,57,74,74,74,57
12481,57,74,74,74,57
12482,57,74,74,74,57
12483,57,74,74,74,57
12484,57,74,74,74,57
12485,57,74,74,74,57
12486,57,74,74,74,57
12487,57,74,74,74,57
12488,57,74,74,74,57
12489,57,74,74,74,57
12490,57,74,74,74,57
12491,57,74,74,74,57
12492,57,74,74,74,57
12493,57,74,74,74,57
12494,57,74,74,74,57
12495,57,74,74,74,57
12496,57,74,74,74,57
12497,57,74,74,74,57
12498,57,74,74,74,57
12499,57,74,74,74,57
12500,57,74,74,74,57
12501,57,74,74,74,57
12502,57,74,74,74,57
12503,57,74,74,74,57
12504,57,74,74,74,57
12505,57,74,74,74,57
12506,57,74,74,74,57
12507,57,74,74,74,57
12508,57,74,74,74,57
12509,57,74,74,74,57
12510,57,74,74,74,57
12511,57,74,74,74,57
12512,57,74,74,74,57
12513,57,74,74,74,57
12514,57,74,74,74,57
12515,57,74,74,74,57
12516,57,74,74,74,57
12517,57,74,74,74,57
12518,57,74,74,74,57
12519,57,74,74,74,57
12520,57,74,74,74,57
12521,57,74,74,74,57
12522,57,74,74,74,57
12523,57,74,74,74,57
12524,57,74,74,74,57
12525,57,74,74,74,57
12526,57,74,74,74,57
12527,57,74,74,74,57
12528,57,74,74,74,57
12529,57,74,74,74,57
12530,57,74,74,74,57
12531,57,74,74,74,57
12532,57,74,74,74,57
12533,57,74,74,74,57
12534,57,74,74,74,57
12535,57,74,74,74,57
12536,57,74,74,74,57
12537,57,74,74,74,57
12538,57,74,74,74,57
12539,57,74,74,74,57
12540,57,74,74,74,57
12541,57,74,74,74,57
12542,57,74,74,74,57
12543,57,74,74,74,57
12544,57,74,74,74,57
12545,57,74,74,74,57
12546,57,74,74,74,57
12547,57,74,74,74,57
12548,57,74,74,74,57
12549,57,74,74,74,57
12550,57,74,74,74,57
12551,57,74,74,74,57
12552,57,74,74,74,57
12553,57,74,74,74,57
12554,57,74,74,74,57
12555,57,74,74,74,57
12556,57,74,74,74,57
12557,57,74,74,74,57
12558,57,74,74,74,57
12559,57,74,74,74,57
12560,57,74,74,74,57
12561,57,74,74,74,57
12562,57,74,74,74,57
12563,57,74,74,74,57
12564,57,74,74,74,57
12565,57,74,74,74,57
12566,57,74,74,74,57
12567,57,74,74,74,57
12568,57,74,74,74,57
12569,57,74,74,74,57
12570,57,74,74,74,57
12571,57,74,74,74,57
12572,57,74,74,74,57
12573,57,74,74,74,57
12574,57,74,74,74,57
12575,57,74,74,74,57
12576,57,74,74,74,57
12577,57,74,74,74,57
12578,57,74,74,74,57
12579,57,74,74,74,57
12580,57,74,74,74,57
12581,57,74,74,74,57
12582,57,74,74,74,57
12583,57,74,74,74,57
12584,57,74,74,74,57
12585,57,74,74,74,57
12586,57,74,74,74,57
12587,57,74,74,74,57
12588,57,74,74,74,57
12589,57,74,74,74,57
12590,57,74,74,74,57
12591,57,74,74,74,57
12592,57,74,74,74,57
12593,57,74,74,74,57
12594,57,74,74,74,57
12595,57,74,74,74,57
12596,57,74,74,74,57
12597,57,74,74,74,57
12598,57,74,74,74,57
12599,57,74,74,74,57
12600,57,74,74,74,57
12601,57,74,74,74,57
12602,57,74,74,74,57
12603,57,74,74,74,57
12604,57,74,74,74,57
12605,57,74,74,74,57
12606,57,74,74,74,57
12607,57,74,74,74,57
12608,57,74,74,74,57
12609,57,74,74,74,57
12610,57,74,74,74,57
12611,57,74,74,74,57
12612,57,74,74,74,57
12613,57,74,74,74,57
12614,57,74,74,74,57
12615,57,74,74,74,57
12616,57,74,74,74,57
12617,57,74,74,74,57
12618,57,74,74,74,57
12619,57,74,74,74,57
12620,57,74,74,74,57
12621,57,74,74,74,57
12622,57,74,74,74,57
12623,57,74,74,74,57
12624,57,74,74,74,57
12625,57,74,74,74,57
12626,57,74,74,74,57
12627,57,74,74,74,57
12628,57,74,74,74,57
12629,57,74,74,74,57
12630,57,74,74,74,57
12631,57,74,74,74,57
12632,57,74,74,74,57
12633,57,74,74,74,57
12634,57,74,74,74,57
12635,57,74,74,74,57
12636,57,74,74,74,57
12637,57,74,74,74,57
12638,57,74,74,74,57
12639,57,74,74,74,57
12640,57,74,74,74,57
12641,57,74,74,74,57
12642,57,74,74,74,57
12643,57,74,74,74,57
12644,57,74,74,74,57
12645,57,74,74,74,57
12646,57,74,74,74,57
12647,57,74,74,74,57
12648,57,74,74,74,57
12649,57,74,74,74,57
12650,57,74,74,74,57
12651,57,74,74,74,57
12652,57,74,74,74,57
12653,57,74,74,74,57
12654,57,74,74,74,57
12655,57,74,74,74,57
12656,57,74,74,74,57
12657,57,74,74,74,57
12658,57,74,74,74,57
12659,57,74,74,74,57
12660,57,74,74,74,57
12661,57,74,74,74,57
12662,57,74,74,74,57
12663,57,74,74,74,57
12664,57,74,74,74,57
12665,57,74,74,74,57
12666,57,74,74,74,57
12667,57,74,74,74,57
12668,57,74,74,74,57
12669,57,74,74,74,57
12670,57,74,74,74,57
12671,57,74,74,74,57
12672,57,74,74,74,57
12673,57,74,74,74,57
12674,57,74,74,74,57
12675,57,74,74,74,57
12676,57,74,74,74,57
12677,57,74,74,74,57
12678,57,74,74,74,57
12679,57,74,74,74,57
12680,57,74,74,74,57
12681,57,74,74,74,57
12682,57,74,74,74,57
12683,57,74,74,74,57
12684,57,74,74,74,57
12685,57,74,74,74,57
12686,57,74,74,74,57
12687,57,74,74,74,57
12688,57,74,74,74,57
12689,57,74,74,74,57
12690,57,74,74,74,57
12691,57,74,74,74,57
12692,57,74,74,74,57
12693,57,74,74,74,57
12694,57,74,74,74,57
12695,57,74,74,74,57
12696,57,74,74,74,57
12697,57,74,74,74,57
12698,57,74,74,74,57
12699,57,74,74,74,57
12700,57,74,74,74,57
12701,57,74,74,74,57
12702,57,74,74,74,57
12703,57,74,74,74,57
12704,57,74,74,74,57
12705,57,74,74,74,57
12706,57,74,74,74,57
12707,57,74,74,74,57
12708,57,74,74,74,57
12709,57,74,74,74,57
12710,57,74,74,74,57
12711,57,74,74,74,57
12712,57,74,74,74,57
12713,57,74,74,74,57
12714,57,74,74,74,57
12715,57,74,74,74,57
12716,57,74,74,74,57
12717,57,74,74,74,57
12718,57,74,74,74,57
12719,57,74,74,74,57
12720,57,74,74,74,57
12721,57,74,74,74,57
12722,57,74,74,74,57
12723,57,74,74,74,57
12724,57,74,74,74,57
12725,57,74,74,74,57
12726,57,74,74,74,57
12727,57,74,74,74,57
12728,57,74,74,74,57
12729,57,74,74,74,57
12730,57,74,74,74,57
12731,57,74,74,74,57
12732,57,74,74,74,57
12733,57,74,74,74,57
12734,57,74,74,74,57
12735,57,74,74,74,57
12736,57,74,74,74,57
12737,57,74,74,74,57
12738,57,74,74,74,57
12739,57,74,74,74,57
12740,57,74,74,74,57
12741,57,74,74,74,57
12742,57,74,74,74,57
12743,57,74,74,74,57
12744,57,74,74,74,57
12745,57,74,74,74,57
12746,57,74,74,74,57
12747,57,74,74,74,57
12748,57,74,74,74,57
12749,57,74,74,74,57
12750,57,74,74,74,57
12751,57,74,74,74,57
12752,57,74,74,74,57
12753,57,74,74,74,57
12754,57,74,74,74,57
12755,57,74,74,74,57
12756,57,74,74,74,57
12757,57,74,74,74,57
12758,57,74,74,74,57
12759,57,74,74,74,57
12760,57,74,74,74,57
12761,57,74,74,74,57
12762,57,74,74,74,57
12763,57,74,74,74,57
12764,57,74,74,74,57
12765,57,74,74,74,57
12766,57,74,74,74,57
12767,57,74,74,74,57
12768,57,74,74,74,57
12769,57,74,74,74,57
12770,57,74,74,74,57
12771,57,74,74,74,57
12772,57,74,74,74,57
12773,57,74,74,74,57
12774,57,74,74,74,57
12775,57,74,74,74,57
12776,57,74,74,74,57
12777,57,74,74,74,57
12778,57,74,74,74,57
12779,57,74,74,74,57
12780,57,74,74,74,57
12781,57,74,74,74,57
12782,57,74,74,74,57
12783,57,74,74,74,57
12784,57,74,74,74,57
12785,57,74,74,74,57
12786,57,74,74,74,57
12787,57,74,74,74,57
12788,57,74,74,74,57
12789,57,74,74,74,57
12790,57,74,74,74,57
12791,57,74,74,74,57
12792,57,74,74,74,57
12793,57,74,74,74,57
12794,57,74,74,74,57
12795,57,74,74,74,57
12796,57,74,74,74,57
12797,57,74,74,74,57
12798,57,74,74,74,57
12799,57,74,74,74,57
12800,57,74,74,74,57
12801,57,74,74,74,57
12802,57,74,74,74,57
12803,57,74,74,74,57
12804,57,74,74,74,57
12805,57,74,74,74,57
12806,57,74,74,74,57
12807,57,74,74,74,57
12808,57,74,74,74,57
12809,57,74,74,74,57
12810,57,74,74,74,57
12811,57,74,74,74,57
12812,57,74,74,74,57
12813,57,74,74,74,57
12814,57,74,74,74,57
12815,57,74,74,74,57
12816,57,74,74,74,57
12817,57,74,74,74,57
12818,57,74,74,74,57
12819,57,74,74,74,57
12820,57,74,74,74,57
12821,57,74,74,74,57
12822,57,74,74,74,57
12823,57,74,74,74,57
12824,57,74,74,74,57
12825,57,74,74,74,57
12826,57,74,74,74,57
12827,57,74,74,74,57
12828,57,74,74,74,57
12829,57,74,74,74,57
12830,57,74,74,74,57
12831,57,74,74,74,57
12832,57,74,74,74,57
12833,57,74,74,74,57
12834,57,74,74,74,57
12835,57,74,74,74,57
12836,57,74,74,74,57
12837,57,74,74,74,57
12838,57,74,74,74,57
12839,57,74,74,74,57
12840,57,74,74,74,57
12841,57,74,74,74,57
12842,57,74,74,74,57
12843,57,74,74,74,57
12844,57,74,74,74,57
12845,57,74,74,74,57
12846,57,74,74,74,57
12847,57,74,74,74,57
12848,57,74,74,74,57
12849,57,74,74,74,57
12850,57,74,74,74,57
12851,57,74,74,74,57
12852,57,74,74,74,57
12853,57,74,74,74,57
12854,57,74,74,74,57
12855,57,74,74,74,57
12856,57,74,74,74,57
12857,57,74,74,74,57
12858,57,74,74,74,57
12859,57,74,74,74,57
12860,57,74,74,74,57
12861,57,74,74,74,57
12862,57,74,74,74,57
12863,57,74,74,74,57
12864,57,74,74,74,57
12865,57,74,74,74,57
12866,57,74,74,74,57
12867,57,74,74,74,57
12868,57,74,74,74,57
12869,57,74,74,74,57
12870,57,74,74,74,57
12871,57,74,74,74,57
12872,57,74,74,74,57
12873,57,74,74,74,57
12874,57,74,74,74,57
12875,57,74,74,74,57
12876,57,74,74,74,57
12877,57,74,74,74,57
12878,57,74,74,74,57
12879,57,74,74,74,57
12880,57,74,74,74,57
12881,57,74,74,74,57
12882,57,74,74,74,57
12883,57,74,74,74,57
12884,57,74,74,74,57
12885,57,74,74,74,57
12886,57,74,74,74,57
12887,57,74,74,74,57
12888,57,74,74,74,57
12889,57,74,74,74,57
12890,57,74,74,74,57
12891,57,74,74,74,57
12892,57,74,74,74,57
12893,57,74,74,74,57
12894,57,74,74,74,57
12895,57,74,74,74,57
12896,57,74,74,74,57
12897,57,74,74,74,57
12898,57,74,74,74,57
12899,57,74,74,74,57
12900,57,74,74,74,57
12901,57,74,74,74,57
12902,57,74,74,74,57
12903,57,74,74,74,57
12904,57,74,74,74,57
12905,57,74,74,74,57
12906,57,74,74,74,57
12907,57,74,74,74,57
12908,57,74,74,74,57
12909,57,74,74,74,57
12910,57,74,74,74,57
12911,57,74,74,74,57
12912,57,74,74,74,57
12913,57,74,74,74,57
12914,57,74,74,74,57
12915,57,74,74,74,57
12916,57,74,74,74,57
12917,57,74,74,74,57
12918,57,74,74,74,57
12919,57,74,74,74,57
12920,57,74,74,74,57
12921,57,74,74,74,57
12922,57,74,74,74,57
12923,57,74,74,74,57
12924,57,74,74,74,57
12925,57,74,74,74,57
12926,57,74,74,74,57
12927,57,74,74,74,57
12928,57,74,74,74,57
12929,57,74,74,74,57
12930,57,74,74,74,57
12931,57,74,74,74,57
12932,57,74,74,74,57
12933,57,74,74,74,57
12934,57,74,74,74,57
12935,57,74,74,74,57
12936,57,74,74,74,57
12937,57,74,74,74,57
12938,57,74,74,74,57
12939,57,74,74,74,57
12940,57,74,74,74,57
12941,57,74,74,74,57
12942,57,74,74,74,57
12943,57,74,74,74,57
12944,57,74,74,74,57
12945,57,74,74,74,57
12946,57,74,74,74,57
12947,57,74,74,74,57
12948,57,74,74,74,57
12949,57,74,74,74,57
12950,57,74,74,74,57
12951,57,74,74,74,57
12952,57,74,74,74,57
12953,57,74,74,74,57
12954,57,74,74,74,57
12955,57,74,74,74,57
12956,57,74,74,74,57
12957,57,74,74,74,57
12958,57,74,74,74,57
12959,57,74,74,74,57
12960,57,74,74,74,57
12961,57,74,74,74,57
12962,57,74,74,74,57
12963,57,74,74,74,57
12964,57,74,74,74,57
12965,57,74,74,74,57
12966,57,74,74,74,57
12967,57,74,74,74,57
12968,57,74,74,74,57
12969,57,74,74,74,57
12970,57,74,74,74,57
12971,57,74,74,74,57
12972,57,74,74,74,57
12973,57,74,74,74,57
12974,57,74,74,74,57
12975,57,74,74,74,57
12976,57,74,74,74,57
12977,57,74,74,74,57
12978,57,74,74,74,57
12979,57,74,74,74,57
12980,57,74,74,74,57
12981,57,74,74,74,57
12982,57,74,74,74,57
12983,57,74,74,74,57
12984,57,74,74,74,57
12985,57,74,74,74,57
12986,57,74,74,74,57
12987,57,74,74,74,57
12988,57,74,74,74,57
12989,57,74,74,74,57
12990,57,74,74,74,57
12991,57,74,74,74,57
12992,57,74,74,74,57
12993,57,74,74,74,57
12994,57,74,74,74,57
12995,57,74,74,74,57
12996,57,74,74,74,57
12997,57,74,74,74,57
12998,57,74,74,74,57
12999,57,74,74,74,57
13000,57,74,74,74,57
13001,57,74,74,74,57
13002,57,74,74,74,57
13003,57,74,74,74,57
13004,57,74,74,74,57
13005,57,74,74,74,57
13006,57,74,74,74,57
13007,57,74,74,74,57
13008,57,74,74,74,57
13009,57,74,74,74,57
13010,57,74,74,74,57
13011,57,74,74,74,57
13012,57,74,74,74,57
13013,57,74,74,74,57
13014,57,74,74,74,57
13015,57,74,74,74,57
13016,57,74,74,74,57
13017,57,74,74,74,57
13018,57,74,74,74,57
13019,57,74,74,74,57
13020,57,74,74,74,57
13021,57,74,74,74,57
13022,57,74,74,74,57
13023,57,74,74,74,57
13024,57,74,74,74,57
13025,57,74,74,74,57
13026,57,74,74,74,57
13027,57,74,74,74,57
13028,57,74,74,74,57
13029,57,74,74,74,57
13030,57,74,74,74,57
13031,57,74,74,74,57
13032,57,74,74,74,57
13033,57,74,74,74,57
13034,57,74,74,74,57
13035,57,74,74,74,57
13036,57,74,74,74,57
13037,57,74,74,74,57
13038,57,74,74,74,57
13039,57,74,74,74,57
13040,57,74,74,74,57
13041,57,74,74,74,57
13042,57,74,74,74,57
13043,57,74,74,74,57
13044,57,74,74,74,57
13045,57,74,74,74,57
13046,57,74,74,74,57
13047,57,74,74,74,57
13048,57,74,74,74,57
13049,57,74,74,74,57
13050,57,74,74,74,57
13051,57,74,74,74,57
13052,57,74,74,74,57
13053,57,74,74,74,57
13054,57,74,74,74,57
13055,57,74,74,74,57
13056,57,74,74,74,57
13057,57,74,74,74,57
13058,57,74,74,74,57
13059,57,74,74,74,57
13060,57,74,74,74,57
13061,57,74,74,74,57
13062,57,74,74,74,57
13063,57,74,74,74,57
13064,57,74,74,74,57
13065,57,74,74,74,57
13066,57,74,74,74,57
13067,57,74,74,74,57
13068,57,74,74,74,57
13069,57,74,74,74,57
13070,57,74,74,74,57
13071,57,74,74,74,57
13072,57,74,74,74,57
13073,57,74,74,74,57
13074,57,74,74,74,57
13075,57,74,74,74,57
13076,57,74,74,74,57
13077,57,74,74,74,57
13078,57,74,74,74,57
13079,57,74,74,74,57
13080,57,74,74,74,57
13081,57,74,74,74,57
13082,57,74,74,74,57
13083,57,74,74,74,57
13084,57,74,74,74,57
13085,57,74,74,74,57
13086,57,74,74,74,57
13087,57,74,74,74,57
13088,57,74,74,74,57
13089,57,74,74,74,57
13090,57,74,74,74,57
13091,57,74,74,74,57
13092,57,74,74,74,57
13093,57,74,74,74,57
13094,57,74,74,74,57
13095,57,74,74,74,57
13096,57,74,74,74,57
13097,57,74,74,74,57
13098,57,74,74,74,57
13099,57,74,74,74,57
13100,57,74,74,74,57
13101,57,74,74,74,57
13102,57,74,74,74,57
13103,57,74,74,74,57
13104,57,74,74,74,57
13105,57,74,74,74,57
13106,57,74,74,74,57
13107,57,74,74,74,57
13108,57,74,74,74,57
13109,57,74,74,74,57
13110,57,74,74,74,57
13111,57,74,74,74,57
13112,57,74,74,74,57
13113,57,74,74,74,57
13114,57,74,74,74,57
13115,57,74,74,74,57
13116,57,74,74,74,57
13117,57,74,74,74,57
13118,57,74,74,74,57
13119,57,74,74,74,57
13120,57,74,74,74,57
13121,57,74,74,74,57
13122,57,74,74,74,57
13123,57,74,74,74,57
13124,57,74,74,74,57
13125,57,74,74,74,57
13126,57,74,74,74,57
13127,57,74,74,74,57
13128,57,74,74,74,57
13129,57,74,74,74,57
13130,57,74,74,74,57
13131,57,74,74,74,57
13132,57,74,74,74,57
13133,57,74,74,74,57
13134,57,74,74,74,57
13135,57,74,74,74,57
13136,57,74,74,74,57
13137,57,74,74,74,57
13138,57,74,74,74,57
13139,57,74,74,74,57
13140,57,74,74,74,57
13141,57,74,74,74,57
13142,57,74,74,74,57
13143,57,74,74,74,57
13144,57,74,74,74,57
13145,57,74,74,74,57
13146,57,74,74,74,57
13147,57,74,74,74,57
13148,57,74,74,74,57
13149,57,74,74,74,57
13150,57,74,74,74,57
13151,57,74,74,74,57
13152,57,74,74,74,57
13153,57,74,74,74,57
13154,57,74,74,74,57
13155,57,74,74,74,57
13156,57,74,74,74,57
13157,57,74,74,74,57
13158,57,74,74,74,57
13159,57,74,74,74,57
13160,57,74,74,74,57
13161,57,74,74,74,57
13162,57,74,74,74,57
13163,57,74,74,74,57
13164,57,74,74,74,57
13165,57,74,74,74,57
13166,57,74,74,74,57
13167,57,74,74,74,57
13168,57,74,74,74,57
13169,57,74,74,74,57
13170,57,74,74,74,57
13171,57,74,74,74,57
13172,57,74,74,74,57
13173,57,74,74,74,57
13174,57,74,74,74,57
13175,57,74,74,74,57
13176,57,74,74,74,57
13177,57,74,74,74,57
13178,57,74,74,74,57
13179,57,74,74,74,57
13180,57,74,74,74,57
13181,57,74,74,74,57
13182,57,74,74,74,57
13183,57,74,74,74,57
13184,57,74,74,74,57
13185,57,74,74,74,57
13186,57,74,74,74,57
13187,57,74,74,74,57
13188,57,74,74,74,57
13189,57,74,74,74,57
13190,57,74,74,74,57
13191,57,74,74,74,57
13192,57,74,74,74,57
13193,57,74,74,74,57
13194,57,74,74,74,57
13195,57,74,74,74,57
13196,57,74,74,74,57
13197,57,74,74,74,57
13198,57,74,74,74,57
13199,57,74,74,74,57
13200,57,74,74,74,57
13201,57,74,74,74,57
13202,57,74,74,74,57
13203,57,74,74,74,57
13204,57,74,74,74,57
13205,57,74,74,74,57
13206,57,74,74,74,57
13207,57,74,74,74,57
13208,57,74,74,74,57
13209,57,74,74,74,57
13210,57,74,74,74,57
13211,57,74,74,74,57
13212,57,74,74,74,57
13213,57,74,74,74,57
13214,57,74,74,74,57
13215,57,74,74,74,57
13216,57,74,74,74,57
13217,57,74,74,74,57
13218,57,74,74,74,57
13219,57,74,74,74,57
13220,57,74,74,74,57
13221,57,74,74,74,57
13222,57,74,74,74,57
13223,57,74,74,74,57
13224,57,74,74,74,57
13225,57,74,74,74,57
13226,57,74,74,74,57
13227,57,74,74,74,57
13228,57,74,74,74,57
13229,57,74,74,74,57
13230,57,74,74,74,57
13231,57,74,74,74,57
13232,57,74,74,74,57
13233,57,74,74,74,57
13234,57,74,74,74,57
13235,57,74,74,74,57
13236,57,74,74,74,57
13237,57,74,74,74,57
13238,57,74,74,74,57
13239,57,74,74,74,57
13240,57,74,74,74,57
13241,57,74,74,74,57
13242,57,74,74,74,57
13243,57,74,74,74,57
13244,57,74,74,74,57
13245,57,74,74,74,57
13246,57,74,74,74,57
13247,57,74,74,74,57
13248,57,74,74,74,57
13249,57,74,74,74,57
13250,57,74,74,74,57
13251,57,74,74,74,57
13252,57,74,74,74,57
13253,57,74,74,74,57
13254,57,74,74,74,57
13255,57,74,74,74,57
13256,57,74,74,74,57
13257,57,74,74,74,57
13258,57,74,74,74,57
13259,57,74,74,74,57
13260,57,74,74,74,57
13261,57,74,74,74,57
13262,57,74,74,74,57
13263,57,74,74,74,57
13264,57,74,74,74,57
13265,57,74,74,74,57
13266,57,74,74,74,57
13267,57,74,74,74,57
13268,57,74,74,74,57
13269,57,74,74,74,57
13270,57,74,74,74,57
13271,57,74,74,74,57
13272,57,74,74,74,57
13273,57,74,74,74,57
13274,57,74,74,74,57
13275,57,74,74,74,57
13276,57,74,74,74,57
13277,57,74,74,74,57
13278,57,74,74,74,57
13279,57,74,74,74,57
13280,57,74,74,74,57
13281,57,74,74,74,57
13282,57,74,74,74,57
13283,57,74,74,74,57
13284,57,74,74,74,57
13285,57,74,74,74,57
13286,57,74,74,74,57
13287,57,74,74,74,57
13288,57,74,74,74,57
13289,57,74,74,74,57
13290,57,74,74,74,57
13291,57,74,74,74,57
13292,57,74,74,74,57
13293,57,74,74,74,57
13294,57,74,74,74,57
13295,57,74,74,74,57
13296,57,74,74,74,57
13297,57,74,74,74,57
13298,57,74,74,74,57
13299,57,74,74,74,57
13300,57,74,74,74,57
13301,57,74,74,74,57
13302,57,74,74,74,57
13303,57,74,74,74,57
13304,57,74,74,74,57
13305,57,74,74,74,57
13306,57,74,74,74,57
13307,57,74,74,74,57
13308,57,74,74,74,57
13309,57,74,74,74,57
13310,57,74,74,74,57
13311,57,74,74,74,57
13312,57,74,74,74,57
13313,57,74,74,74,57
13314,57,74,74,74,57
13315,57,74,74,74,57
13316,57,74,74,74,57
13317,57,74,74,74,57
13318,57,74,74,74,57
13319,57,74,74,74,57
13320,57,74,74,74,57
13321,57,74,74,74,57
13322,57,74,74,74,57
13323,57,74,74,74,57
13324,57,74,74,74,57
13325,57,74,74,74,57
13326,57,74,74,74,57
13327,57,74,74,74,57
13328,57,74,74,74,57
13329,57,74,74,74,57
13330,57,74,74,74,57
13331,57,74,74,74,57
13332,57,74,74,74,57
13333,57,74,74,74,57
13334,57,74,74,74,57
13335,57,74,74,74,57
13336,57,74,74,74,57
13337,57,74,74,74,57
13338,57,74,74,74,57
13339,57,74,74,74,57
13340,57,74,74,74,57
13341,57,74,74,74,57
13342,57,74,74,74,57
13343,57,74,74,74,57
13344,57,74,74,74,57
13345,57,74,74,74,57
13346,57,74,74,74,57
13347,57,74,74,74,57
13348,57,74,74,74,57
13349,57,74,74,74,57
13350,57,74,74,74,57
13351,57,74,74,74,57
13352,57,74,74,74,57
13353,57,74,74,74,57
13354,57,74,74,74,57
13355,57,74,74,74,57
13356,57,74,74,74,57
13357,57,74,74,74,57
13358,57,74,74,74,57
13359,57,74,74,74,57
13360,57,74,74,74,57
13361,57,74,74,74,57
13362,57,74,74,74,57
13363,57,74,74,74,57
13364,57,74,74,74,57
13365,57,74,74,74,57
13366,57,74,74,74,57
13367,57,74,74,74,57
13368,57,74,74,74,57
13369,57,74,74,74,57
13370,57,74,74,74,57
13371,57,74,74,74,57
13372,57,74,74,74,57
13373,57,74,74,74,57
13374,57,74,74,74,57
13375,57,74,74,74,57
13376,57,74,74,74,57
13377,57,74,74,74,57
13378,57,74,74,74,57
13379,57,74,74,74,57
13380,57,74,74,74,57
13381,57,74,74,74,57
13382,57,74,74,74,57
13383,57,74,74,74,57
13384,57,74,74,74,57
13385,57,74,74,74,57
13386,57,74,74,74,57
13387,57,74,74,74,57
13388,57,74,74,74,57
13389,57,74,74,74,57
13390,57,74,74,74,57
13391,57,74,74,74,57
13392,57,74,74,74,57
13393,57,74,74,74,57
13394,57,74,74,74,57
13395,57,74,74,74,57
13396,57,74,74,74,57
13397,57,74,74,74,57
13398,57,74,74,74,57
13399,57,74,74,74,57
13400,57,74,74,74,57
13401,57,74,74,74,57
13402,57,74,74,74,57
13403,57,74,74,74,57
13404,57,74,74,74,57
13405,57,74,74,74,57
13406,57,74,74,74,57
13407,57,74,74,74,57
13408,57,74,74,74,57
13409,57,74,74,74,57
13410,57,74,74,74,57
13411,57,74,74,74,57
13412,57,74,74,74,57
13413,57,74,74,74,57
13414,57,74,74,74,57
13415,57,74,74,74,57
13416,57,74,74,74,57
13417,57,74,74,74,57
13418,57,74,74,74,57
13419,57,74,74,74,57
13420,57,74,74,74,57
13421,57,74,74,74,57
13422,57,74,74,74,57
13423,57,74,74,74,57
13424,57,74,74,74,57
13425,57,74,74,74,57
13426,57,74,74,74,57
13427,57,74,74,74,57
13428,57,74,74,74,57
13429,57,74,74,74,57
13430,57,74,74,74,57
13431,57,74,74,74,57
13432,57,74,74,74,57
13433,57,74,74,74,57
13434,57,74,74,74,57
13435,57,74,74,74,57
13436,57,74,74,74,57
13437,57,74,74,74,57
13438,57,74,74,74,57
13439,57,74,74,74,57
13440,57,74,74,74,57
13441,57,74,74,74,57
13442,57,74,74,74,57
13443,57,74,74,74,57
13444,57,74,74,74,57
13445,57,74,74,74,57
13446,57,74,74,74,57
13447,57,74,74,74,57
13448,57,74,74,74,57
13449,57,74,74,74,57
13450,57,74,74,74,57
13451,57,74,74,74,57
13452,57,74,74,74,57
13453,57,74,74,74,57
13454,57,74,74,74,57
13455,57,74,74,74,57
13456,57,74,74,74,57
13457,57,74,74,74,57
13458,57,74,74,74,57
13459,57,74,74,74,57
13460,57,74,74,74,57
13461,57,74,74,74,57
13462,57,74,74,74,57
13463,57,74,74,74,57
13464,57,74,74,74,57
13465,57,74,74,74,57
13466,57,74,74,74,57
13467,57,74,74,74,57
13468,57,74,74,74,57
13469,57,74,74,74,57
13470,57,74,74,74,57
13471,57,74,74,74,57
13472,57,74,74,74,57
13473,57,74,74,74,57
13474,57,74,74,74,57
13475,57,74,74,74,57
13476,57,74,74,74,57
13477,57,74,74,74,57
13478,57,74,74,74,57
13479,57,74,74,74,57
13480,57,74,74,74,57
13481,57,74,74,74,57
13482,57,74,74,74,57
13483,57,74,74,74,57
13484,57,74,74,74,57
13485,57,74,74,74,57
13486,57,74,74,74,57
13487,57,74,74,74,57
13488,57,74,74,74,57
13489,57,74,74,74,57
13490,57,74,74,74,57
13491,57,74,74,74,57
13492,57,74,74,74,57
13493,57,74,74,74,57
13494,57,74,74,74,57
13495,57,74,74,74,57
13496,57,74,74,74,57
13497,57,74,74,74,57
13498,57,74,74,74,57
13499,57,74,74,74,57
13500,57,74,74,74,57
13501,57,74,74,74,57
13502,57,74,74,74,57
13503,57,74,74,74,57
13504,57,74,74,74,57
13505,57,74,74,74,57
13506,57,74,74,74,57
13507,57,74,74,74,57
13508,57,74,74,74,57
13509,57,74,74,74,57
13510,57,74,74,74,57
13511,57,74,74,74,57
13512,57,74,74,74,57
13513,57,74,74,74,57
13514,57,74,74,74,57
13515,57,74,74,74,57
13516,57,74,74,74,57
13517,57,74,74,74,57
13518,57,74,74,74,57
13519,57,74,74,74,57
13520,57,74,74,74,57
13521,57,74,74,74,57
13522,57,74,74,74,57
13523,57,74,74,74,57
13524,57,74,74,74,57
13525,57,74,74,74,57
13526,57,74,74,74,57
13527,57,74,74,74,57
13528,57,74,74,74,57
13529,57,74,74,74,57
13530,57,74,74,74,57
13531,57,74,74,74,57
13532,57,74,74,74,57
13533,57,74,74,74,57
13534,57,74,74,74,57
13535,57,74,74,74,57
13536,57,74,74,74,57
13537,57,74,74,74,57
13538,57,74,74,74,57
13539,57,74,74,74,57
13540,57,74,74,74,57
13541,57,74,74,74,57
13542,57,74,74,74,57
13543,57,74,74,74,57
13544,57,74,74,74,57
13545,57,74,74,74,57
13546,57,74,74,74,57
13547,57,74,74,74,57
13548,57,74,74,74,57
13549,57,74,74,74,57
13550,57,74,74,74,57
13551,57,74,74,74,57
13552,57,74,74,74,57
13553,57,74,74,74,57
13554,57,74,74,74,57
13555,57,74,74,74,57
13556,57,74,74,74,57
13557,57,74,74,74,57
13558,57,74,74,74,57
13559,57,74,74,74,57
13560,57,74,74,74,57
13561,57,74,74,74,57
13562,57,74,74,74,57
13563,57,74,74,74,57
13564,57,74,74,74,57
13565,57,74,74,74,57
13566,57,74,74,74,57
13567,57,74,74,74,57
13568,57,74,74,74,57
13569,57,74,74,74,57
13570,57,74,74,74,57
13571,57,74,74,74,57
13572,57,74,74,74,57
13573,57,74,74,74,57
13574,57,74,74,74,57
13575,57,74,74,74,57
13576,57,74,74,74,57
13577,57,74,74,74,57
13578,57,74,74,74,57
13579,57,74,74,74,57
13580,57,74,74,74,57
13581,57,74,74,74,57
13582,57,74,74,74,57
13583,57,74,74,74,57
13584,57,74,74,74,57
13585,57,74,74,74,57
13586,57,74,74,74,57
13587,57,74,74,74,57
13588,57,74,74,74,57
13589,57,74,74,74,57
13590,57,74,74,74,57
13591,57,74,74,74,57
13592,57,74,74,74,57
13593,57,74,74,74,57
13594,57,74,74,74,57
13595,57,74,74,74,57
13596,57,74,74,74,57
13597,57,74,74,74,57
13598,57,74,74,74,57
13599,57,74,74,74,57
13600,57,74,74,74,57
13601,57,74,74,74,57
13602,57,74,74,74,57
13603,57,74,74,74,57
13604,57,74,74,74,57
13605,57,74,74,74,57
13606,57,74,74,74,57
13607,57,74,74,74,57
13608,57,74,74,74,57
13609,57,74,74,74,57
13610,57,74,74,74,57
13611,57,74,74,74,57
13612,57,74,74,74,57
13613,57,74,74,74,57
13614,57,74,74,74,57
13615,57,74,74,74,57
13616,57,74,74,74,57
13617,57,74,74,74,57
13618,57,74,74,74,57
13619,57,74,74,74,57
13620,57,74,74,74,57
13621,57,74,74,74,57
13622,57,74,74,74,57
13623,57,74,74,74,57
13624,57,74,74,74,57
13625,57,74,74,74,57
13626,57,74,74,74,57
13627,57,74,74,74,57
13628,57,74,74,74,57
13629,57,74,74,74,57
13630,57,74,74,74,57
13631,57,74,74,74,57
13632,57,74,74,74,57
13633,57,74,74,74,57
13634,57,74,74,74,57
13635,57,74,74,74,57
13636,57,74,74,74,57
13637,57,74,74,74,57
13638,57,74,74,74,57
13639,57,74,74,74,57
13640,57,74,74,74,57
13641,57,74,74,74,57
13642,57,74,74,74,57
13643,57,74,74,74,57
13644,57,74,74,74,57
13645,57,74,74,74,57
13646,57,74,74,74,57
13647,57,74,74,74,57
13648,57,74,74,74,57
13649,57,74,74,74,57
13650,57,74,74,74,57
13651,57,74,74,74,57
13652,57,74,74,74,57
13653,57,74,74,74,57
13654,57,74,74,74,57
13655,57,74,74,74,57
13656,57,74,74,74,57
13657,57,74,74,74,57
13658,57,74,74,74,57
13659,57,74,74,74,57
13660,57,74,74,74,57
13661,57,74,74,74,57
13662,57,74,74,74,57
13663,57,74,74,74,57
13664,57,74,74,74,57
13665,57,74,74,74,57
13666,57,74,74,74,57
13667,57,74,74,74,57
13668,57,74,74,74,57
13669,57,74,74,74,57
13670,57,74,74,74,57
13671,57,74,74,74,57
13672,57,74,74,74,57
13673,57,74,74,74,57
13674,57,74,74,74,57
13675,57,74,74,74,57
13676,57,74,74,74,57
13677,57,74,74,74,57
13678,57,74,74,74,57
13679,57,74,74,74,57
13680,57,74,74,74,57
13681,57,74,74,74,57
13682,57,74,74,74,57
13683,57,74,74,74,57
13684,57,74,74,74,57
13685,57,74,74,74,57
13686,57,74,74,74,57
13687,57,74,74,74,57
13688,57,74,74,74,57
13689,57,74,74,74,57
13690,57,74,74,74,57
13691,57,74,74,74,57
13692,57,74,74,74,57
13693,57,74,74,74,57
13694,57,74,74,74,57
13695,57,74,74,74,57
13696,57,74,74,74,57
13697,57,74,74,74,57
13698,57,74,74,74,57
13699,57,74,74,74,57
13700,57,74,74,74,57
13701,57,74,74,74,57
13702,57,74,74,74,57
13703,57,74,74,74,57
13704,57,74,74,74,57
13705,57,74,74,74,57
13706,57,74,74,74,57
13707,57,74,74,74,57
13708,57,74,74,74,57
13709,57,74,74,74,57
13710,57,74,74,74,57
13711,57,74,74,74,57
13712,57,74,74,74,57
13713,57,74,74,74,57
13714,57,74,74,74,57
13715,57,74,74,74,57
13716,57,74,74,74,57
13717,57,74,74,74,57
13718,57,74,74,74,57
13719,57,74,74,74,57
13720,57,74,74,74,57
13721,57,74,74,74,57
13722,57,74,74,74,57
13723,57,74,74,74,57
13724,57,74,74,74,57
13725,57,74,74,74,57
13726,57,74,74,74,57
13727,57,74,74,74,57
13728,57,74,74,74,57
13729,57,74,74,74,57
13730,57,74,74,74,57
13731,57,74,74,74,57
13732,57,74,74,74,57
13733,57,74,74,74,57
13734,57,74,74,74,57
13735,57,74,74,74,57
13736,57,74,74,74,57
13737,57,74,74,74,57
13738,57,74,74,74,57
13739,57,74,74,74,57
13740,57,74,74,74,57
13741,57,74,74,74,57
13742,57,74,74,74,57
13743,57,74,74,74,57
13744,57,74,74,74,57
13745,57,74,74,74,57
13746,57,74,74,74,57
13747,57,74,74,74,57
13748,57,74,74,74,57
13749,57,74,74,74,57
13750,57,74,74,74,57
13751,57,74,74,74,57
13752,57,74,74,74,57
13753,57,74,74,74,57
13754,57,74,74,74,57
13755,57,74,74,74,57
13756,57,74,74,74,57
13757,57,74,74,74,57
13758,57,74,74,74,57
13759,57,74,74,74,57
13760,57,74,74,74,57
13761,57,74,74,74,57
13762,57,74,74,74,57
13763,57,74,74,74,57
13764,57,74,74,74,57
13765,57,74,74,74,57
13766,57,74,74,74,57
13767,57,74,74,74,57
13768,57,74,74,74,57
13769,57,74,74,74,57
13770,57,74,74,74,57
13771,57,74,74,74,57
13772,57,74,74,74,57
13773,57,74,74,74,57
13774,57,74,74,74,57
13775,57,74,74,74,57
13776,57,74,74,74,57
13777,57,74,74,74,57
13778,57,74,74,74,57
13779,57,74,74,74,57
13780,57,74,74,74,57
13781,57,74,74,74,57
13782,57,74,74,74,57
13783,57,74,74,74,57
13784,57,74,74,74,57
13785,57,74,74,74,57
13786,57,74,74,74,57
13787,57,74,74,74,57
13788,57,74,74,74,57
13789,57,74,74,74,57
13790,57,74,74,74,57
13791,57,74,74,74,57
13792,57,74,74,74,57
13793,57,74,74,74,57
13794,57,74,74,74,57
13795,57,74,74,74,57
13796,57,74,74,74,57
13797,57,74,74,74,57
13798,57,74,74,74,57
13799,57,74,74,74,57
13800,57,74,74,74,57
13801,57,74,74,74,57
13802,57,74,74,74,57
13803,57,74,74,74,57
13804,57,74,74,74,57
13805,57,74,74,74,57
13806,57,74,74,74,57
13807,57,74,74,74,57
13808,57,74,74,74,57
13809,57,74,74,74,57
13810,57,74,74,74,57
13811,57,74,74,74,57
13812,57,74,74,74,57
13813,57,74,74,74,57
13814,57,74,74,74,57
13815,57,74,74,74,57
13816,57,74,74,74,57
13817,57,74,74,74,57
13818,57,74,74,74,57
13819,57,74,74,74,57
13820,57,74,74,74,57
13821,57,74,74,74,57
13822,57,74,74,74,57
13823,57,74,74,74,57
13824,57,74,74,74,57
13825,57,74,74,74,57
13826,57,74,74,74,57
13827,57,74,74,74,57
13828,57,74,74,74,57
13829,57,74,74,74,57
13830,57,74,74,74,57
13831,57,74,74,74,57
13832,57,74,74,74,57
13833,57,74,74,74,57
13834,57,74,74,74,57
13835,57,74,74,74,57
13836,57,74,74,74,57
13837,57,74,74,74,57
13838,57,74,74,74,57
13839,57,74,74,74,57
13840,57,74,74,74,57
13841,57,74,74,74,57
13842,57,74,74,74,57
13843,57,74,74,74,57
13844,57,74,74,74,57
13845,57,74,74,74,57
13846,57,74,74,74,57
13847,57,74,74,74,57
13848,57,74,74,74,57
13849,57,74,74,74,57
13850,57,74,74,74,57
13851,57,74,74,74,57
13852,57,74,74,74,57
13853,57,74,74,74,57
13854,57,74,74,74,57
13855,57,74,74,74,57
13856,57,74,74,74,57
13857,57,74,74,74,57
13858,57,74,74,74,57
13859,57,74,74,74,57
13860,57,74,74,74,57
13861,57,74,74,74,57
13862,57,74,74,74,57
13863,57,74,74,74,57
13864,57,74,74,74,57
13865,57,74,74,74,57
13866,57,74,74,74,57
13867,57,74,74,74,57
13868,57,74,74,74,57
13869,57,74,74,74,57
13870,57,74,74,74,57
13871,57,74,74,74,57
13872,57,74,74,74,57
13873,57,74,74,74,57
13874,57,74,74,74,57
13875,57,74,74,74,57
13876,57,74,74,74,57
13877,57,74,74,74,57
13878,57,74,74,74,57
13879,57,74,74,74,57
13880,57,74,74,74,57
13881,57,74,74,74,57
13882,57,74,74,74,57
13883,57,74,74,74,57
13884,57,74,74,74,57
13885,57,74,74,74,57
13886,57,74,74,74,57
13887,57,74,74,74,57
13888,57,74,74,74,57
13889,57,74,74,74,57
13890,57,74,74,74,57
13891,57,74,74,74,57
13892,57,74,74,74,57
13893,57,74,74,74,57
13894,57,74,74,74,57
13895,57,74,74,74,57
13896,57,74,74,74,57
13897,57,74,74,74,57
13898,57,74,74,74,57
13899,57,74,74,74,57
13900,57,74,74,74,57
13901,57,74,74,74,57
13902,57,74,74,74,57
13903,57,74,74,74,57
13904,57,74,74,74,57
13905,57,74,74,74,57
13906,57,74,74,74,57
13907,57,74,74,74,57
13908,57,74,74,74,57
13909,57,74,74,74,57
13910,57,74,74,74,57
13911,57,74,74,74,57
13912,57,74,74,74,57
13913,57,74,74,74,57
13914,57,74,74,74,57
13915,57,74,74,74,57
13916,57,74,74,74,57
13917,57,74,74,74,57
13918,57,74,74,74,57
13919,57,74,74,74,57
13920,57,74,74,74,57
13921,57,74,74,74,57
13922,57,74,74,74,57
13923,57,74,74,74,57
13924,57,74,74,74,57
13925,57,74,74,74,57
13926,57,74,74,74,57
13927,57,74,74,74,57
13928,57,74,74,74,57
13929,57,74,74,74,57
13930,57,74,74,74,57
13931,57,74,74,74,57
13932,57,74,74,74,57
13933,57,74,74,74,57
13934,57,74,74,74,57
13935,57,74,74,74,57
13936,57,74,74,74,57
13937,57,74,74,74,57
13938,57,74,74,74,57
13939,57,74,74,74,57
13940,57,74,74,74,57
13941,57,74,74,74,57
13942,57,74,74,74,57
13943,57,74,74,74,57
13944,57,74,74,74,57
13945,57,74,74,74,57
13946,57,74,74,74,57
13947,57,74,74,74,57
13948,57,74,74,74,57
13949,57,74,74,74,57
13950,57,74,74,74,57
13951,57,74,74,74,57
13952,57,74,74,74,57
13953,57,74,74,74,57
13954,57,74,74,74,57
13955,57,74,74,74,57
13956,57,74,74,74,57
13957,57,74,74,74,57
13958,57,74,74,74,57
13959,57,74,74,74,57
13960,57,74,74,74,57
13961,57,74,74,74,57
13962,57,74,74,74,57
13963,57,74,74,74,57
13964,57,74,74,74,57
13965,57,74,74,74,57
13966,57,74,74,74,57
13967,57,74,74,74,57
13968,57,74,74,74,57
13969,57,74,74,74,57
13970,57,74,74,74,57
13971,57,74,74,74,57
13972,57,74,74,74,57
13973,57,74,74,74,57
13974,57,74,74,74,57
13975,57,74,74,74,57
13976,57,74,74,74,57
13977,57,74,74,74,57
13978,57,74,74,74,57
13979,57,74,74,74,57
13980,57,74,74,74,57
13981,57,74,74,74,57
13982,57,74,74,74,57
13983,57,74,74,74,57
13984,57,74,74,74,57
13985,57,74,74,74,57
13986,57,74,74,74,57
13987,57,74,74,74,57
13988,57,74,74,74,57
13989,57,74,74,74,57
13990,57,74,74,74,57
13991,57,74,74,74,57
13992,57,74,74,74,57
13993,57,74,74,74,57
13994,57,74,74,74,57
13995,57,74,74,74,57
13996,57,74,74,74,57
13997,57,74,74,74,57
13998,57,74,74,74,57
13999,57,74,74,74,57
14000,57,74,74,74,57
14001,57,74,74,74,57
14002,57,74,74,74,57
14003,57,74,74,74,57
14004,57,74,74,74,57
14005,57,74,74,74,57
14006,57,74,74,74,57
14007,57,74,74,74,57
14008,57,74,74,74,57
14009,57,74,74,74,57
14010,57,74,74,74,57
14011,57,74,74,74,57
14012,57,74,74,74,57
14013,57,74,74,74,57
14014,57,74,74,74,57
14015,57,74,74,74,57
14016,57,74,74,74,57
14017,57,74,74,74,57
14018,57,74,74,74,57
14019,57,74,74,74,57
14020,57,74,74,74,57
14021,57,74,74,74,57
14022,57,74,74,74,57
14023,57,74,74,74,57
14024,57,74,74,74,57
14025,57,74,74,74,57
14026,57,74,74,74,57
14027,57,74,74,74,57
14028,57,74,74,74,57
14029,57,74,74,74,57
14030,57,74,74,74,57
14031,57,74,74,74,57
14032,57,74,74,74,57
14033,57,74,74,74,57
14034,57,74,74,74,57
14035,57,74,74,74,57
14036,57,74,74,74,57
14037,57,74,74,74,57
14038,57,74,74,74,57
14039,57,74,74,74,57
14040,57,74,74,74,57
14041,57,74,74,74,57
14042,57,74,74,74,57
14043,57,74,74,74,57
14044,57,74,74,74,57
14045,57,74,74,74,57
14046,57,74,74,74,57
14047,57,74,74,74,57
14048,57,74,74,74,57
14049,57,74,74,74,57
14050,57,74,74,74,57
14051,57,74,74,74,57
14052,57,74,74,74,57
14053,57,74,74,74,57
14054,57,74,74,74,57
14055,57,74,74,74,57
14056,57,74,74,74,57
14057,57,74,74,74,57
14058,57,74,74,74,57
14059,57,74,74,74,57
14060,57,74,74,74,57
14061,57,74,74,74,57
14062,57,74,74,74,57
14063,57,74,74,74,57
14064,57,74,74,74,57
14065,57,74,74,74,57
14066,57,74,74,74,57
14067,57,74,74,74,57
14068,57,74,74,74,57
14069,57,74,74,74,57
14070,57,74,74,74,57
14071,57,74,74,74,57
14072,57,74,74,74,57
14073,57,74,74,74,57
14074,57,74,74,74,57
14075,57,74,74,74,57
14076,57,74,74,74,57
14077,57,74,74,74,57
14078,57,74,74,74,57
14079,57,74,74,74,57
14080,57,74,74,74,57
14081,57,74,74,74,57
14082,57,74,74,74,57
14083,57,74,74,74,57
14084,57,74,74,74,57
14085,57,74,74,74,57
14086,57,74,74,74,57
14087,57,74,74,74,57
14088,57,74,74,74,57
14089,57,74,74,74,57
14090,57,74,74,74,57
14091,57,74,74,74,57
14092,57,74,74,74,57
14093,57,74,74,74,57
14094,57,74,74,74,57
14095,57,74,74,74,57
14096,57,74,74,74,57
14097,57,74,74,74,57
14098,57,74,74,74,57
14099,57,74,74,74,57
14100,57,74,74,74,57
14101,57,74,74,74,57
14102,57,74,74,74,57
14103,57,74,74,74,57
14104,57,74,74,74,57
14105,57,74,74,74,57
14106,57,74,74,74,57
14107,57,74,74,74,57
14108,57,74,74,74,57
14109,57,74,74,74,57
14110,57,74,74,74,57
14111,57,74,74,74,57
14112,57,74,74,74,57
14113,57,74,74,74,57
14114,57,74,74,74,57
14115,57,74,74,74,57
14116,57,74,74,74,57
14117,57,74,74,74,57
14118,57,74,74,74,57
14119,57,74,74,74,57
14120,57,74,74,74,57
14121,57,74,74,74,57
14122,57,74,74,74,57
14123,57,74,74,74,57
14124,57,74,74,74,57
14125,57,74,74,74,57
14126,57,74,74,74,57
14127,57,74,74,74,57
14128,57,74,74,74,57
14129,57,74,74,74,57
14130,57,74,74,74,57
14131,57,74,74,74,57
14132,57,74,74,74,57
14133,57,74,74,74,57
14134,57,74,74,74,57
14135,57,74,74,74,57
14136,57,74,74,74,57
14137,57,74,74,74,57
14138,57,74,74,74,57
14139,57,74,74,74,57
14140,57,74,74,74,57
14141,57,74,74,74,57
14142,57,74,74,74,57
14143,57,74,74,74,57
14144,57,74,74,74,57
14145,57,74,74,74,57
14146,57,74,74,74,57
14147,57,74,74,74,57
14148,57,74,74,74,57
14149,57,74,74,74,57
14150,57,74,74,74,57
14151,57,74,74,74,57
14152,57,74,74,74,57
14153,57,74,74,74,57
14154,57,74,74,74,57
14155,57,74,74,74,57
14156,57,74,74,74,57
14157,57,74,74,74,57
14158,57,74,74,74,57
14159,57,74,74,74,57
14160,57,74,74,74,57
14161,57,74,74,74,57
14162,57,74,74,74,57
14163,57,74,74,74,57
14164,57,74,74,74,57
14165,57,74,74,74,57
14166,57,74,74,74,57
14167,57,74,74,74,57
14168,57,74,74,74,57
14169,57,74,74,74,57
14170,57,74,74,74,57
14171,57,74,74,74,57
14172,57,74,74,74,57
14173,57,74,74,74,57
14174,57,74,74,74,57
14175,57,74,74,74,57
14176,57,74,74,74,57
14177,57,74,74,74,57
14178,57,74,74,74,57
14179,57,74,74,74,57
14180,57,74,74,74,57
14181,57,74,74,74,57
14182,57,74,74,74,57
14183,57,74,74,74,57
14184,57,74,74,74,57
14185,57,74,74,74,57
14186,57,74,74,74,57
14187,57,74,74,74,57
14188,57,74,74,74,57
14189,57,74,74,74,57
14190,57,74,74,74,57
14191,57,74,74,74,57
14192,57,74,74,74,57
14193,57,74,74,74,57
14194,57,74,74,74,57
14195,57,74,74,74,57
14196,57,74,74,74,57
14197,57,74,74,74,57
14198,57,74,74,74,57
14199,57,74,74,74,57
14200,57,74,74,74,57
14201,57,74,74,74,57
14202,57,74,74,74,57
14203,57,74,74,74,57
14204,57,74,74,74,57
14205,57,74,74,74,57
14206,57,74,74,74,57
14207,57,74,74,74,57
14208,57,74,74,74,57
14209,57,74,74,74,57
14210,57,74,74,74,57
14211,57,74,74,74,57
14212,57,74,74,74,57
14213,57,74,74,74,57
14214,57,74,74,74,57
14215,57,74,74,74,57
14216,57,74,74,74,57
14217,57,74,74,74,57
14218,57,74,74,74,57
14219,57,74,74,74,57
14220,57,74,74,74,57
14221,57,74,74,74,57
14222,57,74,74,74,57
14223,57,74,74,74,57
14224,57,74,74,74,57
14225,57,74,74,74,57
14226,57,74,74,74,57
14227,57,74,74,74,57
14228,57,74,74,74,57
14229,57,74,74,74,57
14230,57,74,74,74,57
14231,57,74,74,74,57
14232,57,74,74,74,57
14233,57,74,74,74,57
14234,57,74,74,74,57
14235,57,74,74,74,57
14236,57,74,74,74,57
14237,57,74,74,74,57
14238,57,74,74,74,57
14239,57,74,74,74,57
14240,57,74,74,74,57
14241,57,74,74,74,57
14242,57,74,74,74,57
14243,57,74,74,74,57
14244,57,74,74,74,57
14245,57,74,74,74,57
14246,57,74,74,74,57
14247,57,74,74,74,57
14248,57,74,74,74,57
14249,57,74,74,74,57
14250,57,74,74,74,57
14251,57,74,74,74,57
14252,57,74,74,74,57
14253,57,74,74,74,57
14254,57,74,74,74,57
14255,57,74,74,74,57
14256,57,74,74,74,57
14257,57,74,74,74,57
14258,57,74,74,74,57
14259,57,74,74,74,57
14260,57,74,74,74,57
14261,57,74,74,74,57
14262,57,74,74,74,57
14263,57,74,74,74,57
14264,57,74,74,74,57
14265,57,74,74,74,57
14266,57,74,74,74,57
14267,57,74,74,74,57
14268,57,74,74,74,57
14269,57,74,74,74,57
14270,57,74,74,74,57
14271,57,74,74,74,57
14272,57,74,74,74,57
14273,57,74,74,74,57
14274,57,74,74,74,57
14275,57,74,74,74,57
14276,57,74,74,74,57
14277,57,74,74,74,57
14278,57,74,74,74,57
14279,57,74,74,74,57
14280,57,74,74,74,57
14281,57,74,74,74,57
14282,57,74,74,74,57
14283,57,74,74,74,57
14284,57,74,74,74,57
14285,57,74,74,74,57
14286,57,74,74,74,57
14287,57,74,74,74,57
14288,57,74,74,74,57
14289,57,74,74,74,57
14290,57,74,74,74,57
14291,57,74,74,74,57
14292,57,74,74,74,57
14293,57,74,74,74,57
14294,57,74,74,74,57
14295,57,74,74,74,57
14296,57,74,74,74,57
14297,57,74,74,74,57
14298,57,74,74,74,57
14299,57,74,74,74,57
14300,57,74,74,74,57
14301,57,74,74,74,57
14302,57,74,74,74,57
14303,57,74,74,74,57
14304,57,74,74,74,57
14305,57,74,74,74,57
14306,57,74,74,74,57
14307,57,74,74,74,57
14308,57,74,74,74,57
14309,57,74,74,74,57
14310,57,74,74,74,57
14311,57,74,74,74,57
14312,57,74,74,74,57
14313,57,74,74,74,57
14314,57,74,74,74,57
14315,57,74,74,74,57
14316,57,74,74,74,57
14317,57,74,74,74,57
14318,57,74,74,74,57
14319,57,74,74,74,57
14320,57,74,74,74,57
14321,57,74,74,74,57
14322,57,74,74,74,57
14323,57,74,74,74,57
14324,57,74,74,74,57
14325,57,74,74,74,57
14326,57,74,74,74,57
14327,57,74,74,74,57
14328,57,74,74,74,57
14329,57,74,74,74,57
14330,57,74,74,74,57
14331,57,74,74,74,57
14332,57,74,74,74,57
14333,57,74,74,74,57
14334,57,74,74,74,57
14335,57,74,74,74,57
14336,57,74,74,74,57
14337,57,74,74,74,57
14338,57,74,74,74,57
14339,57,74,74,74,57
14340,57,74,74,74,57
14341,57,74,74,74,57
14342,57,74,74,74,57
14343,57,74,74,74,57
14344,57,74,74,74,57
14345,57,74,74,74,57
14346,57,74,74,74,57
14347,57,74,74,74,57
14348,57,74,74,74,57
14349,57,74,74,74,57
14350,57,74,74,74,57
14351,57,74,74,74,57
14352,57,74,74,74,57
14353,57,74,74,74,57
14354,57,74,74,74,57
14355,57,74,74,74,57
14356,57,74,74,74,57
14357,57,74,74,74,57
14358,57,74,74,74,57
14359,57,74,74,74,57
14360,57,74,74,74,57
14361,57,74,74,74,57
14362,57,74,74,74,57
14363,57,74,74,74,57
14364,57,74,74,74,57
14365,57,74,74,74,57
14366,57,74,74,74,57
14367,57,74,74,74,57
14368,57,74,74,74,57
14369,57,74,74,74,57
14370,57,74,74,74,57
14371,57,74,74,74,57
14372,57,74,74,74,57
14373,57,74,74,74,57
14374,57,74,74,74,57
14375,57,74,74,74,57
14376,57,74,74,74,57
14377,57,74,74,74,57
14378,57,74,74,74,57
14379,57,74,74,74,57
14380,57,74,74,74,57
14381,57,74,74,74,57
14382,57,74,74,74,57
14383,57,74,74,74,57
14384,57,74,74,74,57
14385,57,74,74,74,57
14386,57,74,74,74,57
14387,57,74,74,74,57
14388,57,74,74,74,57
14389,57,74,74,74,57
14390,57,74,74,74,57
14391,57,74,74,74,57
14392,57,74,74,74,57
14393,57,74,74,74,57
14394,57,74,74,74,57
14395,57,74,74,74,57
14396,57,74,74,74,57
14397,57,74,74,74,57
14398,57,74,74,74,57
14399,57,74,74,74,57
14400,57,74,74,74,57
14401,57,74,74,74,57
14402,57,74,74,74,57
14403,57,74,74,74,57
14404,57,74,74,74,57
14405,57,74,74,74,57
14406,57,74,74,74,57
14407,57,74,74,74,57
14408,57,74,74,74,57
14409,57,74,74,74,57
14410,57,74,74,74,57
14411,57,74,74,74,57
14412,57,74,74,74,57
14413,57,74,74,74,57
14414,57,74,74,74,57
14415,57,74,74,74,57
14416,57,74,74,74,57
14417,57,74,74,74,57
14418,57,74,74,74,57
14419,57,74,74,74,57
14420,57,74,74,74,57
14421,57,74,74,74,57
14422,57,74,74,74,57
14423,57,74,74,74,57
14424,57,74,74,74,57
14425,57,74,74,74,57
14426,57,74,74,74,57
14427,57,74,74,74,57
14428,57,74,74,74,57
14429,57,74,74,74,57
14430,57,74,74,74,57
14431,57,74,74,74,57
14432,57,74,74,74,57
14433,57,74,74,74,57
14434,57,74,74,74,57
14435,57,74,74,74,57
14436,57,74,74,74,57
14437,57,74,74,74,57
14438,57,74,74,74,57
14439,57,74,74,74,57
14440,57,74,74,74,57
14441,57,74,74,74,57
14442,57,74,74,74,57
14443,57,74,74,74,57
14444,57,74,74,74,57
14445,57,74,74,74,57
14446,57,74,74,74,57
14447,57,74,74,74,57
14448,57,74,74,74,57
14449,57,74,74,74,57
14450,57,74,74,74,57
14451,57,74,74,74,57
14452,57,74,74,74,57
14453,57,74,74,74,57
14454,57,74,74,74,57
14455,57,74,74,74,57
14456,57,74,74,74,57
14457,57,74,74,74,57
14458,57,74,74,74,57
14459,57,74,74,74,57
14460,57,74,74,74,57
14461,57,74,74,74,57
14462,57,74,74,74,57
14463,57,74,74,74,57
14464,57,74,74,74,57
14465,57,74,74,74,57
14466,57,74,74,74,57
14467,57,74,74,74,57
14468,57,74,74,74,57
14469,57,74,74,74,57
14470,57,74,74,74,57
14471,57,74,74,74,57
14472,57,74,74,74,57
14473,57,74,74,74,57
14474,57,74,74,74,57
14475,57,74,74,74,57
14476,57,74,74,74,57
14477,57,74,74,74,57
14478,57,74,74,74,57
14479,57,74,74,74,57
14480,57,74,74,74,57
14481,57,74,74,74,57
14482,57,74,74,74,57
14483,57,74,74,74,57
14484,57,74,74,74,57
14485,57,74,74,74,57
14486,57,74,74,74,57
14487,57,74,74,74,57
14488,57,74,74,74,57
14489,57,74,74,74,57
14490,57,74,74,74,57
14491,57,74,74,74,57
14492,57,74,74,74,57
14493,57,74,74,74,57
14494,57,74,74,74,57
14495,57,74,74,74,57
14496,57,74,74,74,57
14497,57,74,74,74,57
14498,57,74,74,74,57
14499,57,74,74,74,57
14500,57,74,74,74,57
14501,57,74,74,74,57
14502,57,74,74,74,57
14503,57,74,74,74,57
14504,57,74,74,74,57
14505,57,74,74,74,57
14506,57,74,74,74,57
14507,57,74,74,74,57
14508,57,74,74,74,57
14509,57,74,74,74,57
14510,57,74,74,74,57
14511,57,74,74,74,57
14512,57,74,74,74,57
14513,57,74,74,74,57
14514,57,74,74,74,57
14515,57,74,74,74,57
14516,57,74,74,74,57
14517,57,74,74,74,57
14518,57,74,74,74,57
14519,57,74,74,74,57
14520,57,74,74,74,57
14521,57,74,74,74,57
14522,57,74,74,74,57
14523,57,74,74,74,57
14524,57,74,74,74,57
14525,57,74,74,74,57
14526,57,74,74,74,57
14527,57,74,74,74,57
14528,57,74,74,74,57
14529,57,74,74,74,57
14530,57,74,74,74,57
14531,57,74,74,74,57
14532,57,74,74,74,57
14533,57,74,74,74,57
14534,57,74,74,74,57
14535,57,74,74,74,57
14536,57,74,74,74,57
14537,57,74,74,74,57
14538,57,74,74,74,57
14539,57,74,74,74,57
14540,57,74,74,74,57
14541,57,74,74,74,57
14542,57,74,74,74,57
14543,57,74,74,74,57
14544,57,74,74,74,57
14545,57,74,74,74,57
14546,57,74,74,74,57
14547,57,74,74,74,57
14548,57,74,74,74,57
14549,57,74,74,74,57
14550,57,74,74,74,57
14551,57,74,74,74,57
14552,57,74,74,74,57
14553,57,74,74,74,57
14554,57,74,74,74,57
14555,57,74,74,74,57
14556,57,74,74,74,57
14557,57,74,74,74,57
14558,57,74,74,74,57
14559,57,74,74,74,57
14560,57,74,74,74,57
14561,57,74,74,74,57
14562,57,74,74,74,57
14563,57,74,74,74,57
14564,57,74,74,74,57
14565,57,74,74,74,57
14566,57,74,74,74,57
14567,57,74,74,74,57
14568,57,74,74,74,57
14569,57,74,74,74,57
14570,57,74,74,74,57
14571,57,74,74,74,57
14572,57,74,74,74,57
14573,57,74,74,74,57
14574,57,74,74,74,57
14575,57,74,74,74,57
14576,57,74,74,74,57
14577,57,74,74,74,57
14578,57,74,74,74,57
14579,57,74,74,74,57
14580,57,74,74,74,57
14581,57,74,74,74,57
14582,57,74,74,74,57
14583,57,74,74,74,57
14584,57,74,74,74,57
14585,57,74,74,74,57
14586,57,74,74,74,57
14587,57,74,74,74,57
14588,57,74,74,74,57
14589,57,74,74,74,57
14590,57,74,74,74,57
14591,57,74,74,74,57
14592,57,74,74,74,57
14593,57,74,74,74,57
14594,57,74,74,74,57
14595,57,74,74,74,57
14596,57,74,74,74,57
14597,57,74,74,74,57
14598,57,74,74,74,57
14599,57,74,74,74,57
14600,57,74,74,74,57
14601,57,74,74,74,57
14602,57,74,74,74,57
14603,57,74,74,74,57
14604,57,74,74,74,57
14605,57,74,74,74,57
14606,57,74,74,74,57
14607,57,74,74,74,57
14608,57,74,74,74,57
14609,57,74,74,74,57
14610,57,74,74,74,57
14611,57,74,74,74,57
14612,57,74,74,74,57
14613,57,74,74,74,57
14614,57,74,74,74,57
14615,57,74,74,74,57
14616,57,74,74,74,57
14617,57,74,74,74,57
14618,57,74,74,74,57
14619,57,74,74,74,57
14620,57,74,74,74,57
14621,57,74,74,74,57
14622,57,74,74,74,57
14623,57,74,74,74,57
14624,57,74,74,74,57
14625,57,74,74,74,57
14626,57,74,74,74,57
14627,57,74,74,74,57
14628,57,74,74,74,57
14629,57,74,74,74,57
14630,57,74,74,74,57
14631,57,74,74,74,57
14632,57,74,74,74,57
14633,57,74,74,74,57
14634,57,74,74,74,57
14635,57,74,74,74,57
14636,57,74,74,74,57
14637,57,74,74,74,57
14638,57,74,74,74,57
14639,57,74,74,74,57
14640,57,74,74,74,57
14641,57,74,74,74,57
14642,57,74,74,74,57
14643,57,74,74,74,57
14644,57,74,74,74,57
14645,57,74,74,74,57
14646,57,74,74,74,57
14647,57,74,74,74,57
14648,57,74,74,74,57
14649,57,74,74,74,57
14650,57,74,74,74,57
14651,57,74,74,74,57
14652,57,74,74,74,57
14653,57,74,74,74,57
14654,57,74,74,74,57
14655,57,74,74,74,57
14656,57,74,74,74,57
14657,57,74,74,74,57
14658,57,74,74,74,57
14659,57,74,74,74,57
14660,57,74,74,74,57
14661,57,74,74,74,57
14662,57,74,74,74,57
14663,57,74,74,74,57
14664,57,74,74,74,57
14665,57,74,74,74,57
14666,57,74,74,74,57
14667,57,74,74,74,57
14668,57,74,74,74,57
14669,57,74,74,74,57
14670,57,74,74,74,57
14671,57,74,74,74,57
14672,57,74,74,74,57
14673,57,74,74,74,57
14674,57,74,74,74,57
14675,57,74,74,74,57
14676,57,74,74,74,57
14677,57,74,74,74,57
14678,57,74,74,74,57
14679,57,74,74,74,57
14680,57,74,74,74,57
14681,57,74,74,74,57
14682,57,74,74,74,57
14683,57,74,74,74,57
14684,57,74,74,74,57
14685,57,74,74,74,57
14686,57,74,74,74,57
14687,57,74,74,74,57
14688,57,74,74,74,57
14689,57,74,74,74,57
14690,57,74,74,74,57
14691,57,74,74,74,57
14692,57,74,74,74,57
14693,57,74,74,74,57
14694,57,74,74,74,57
14695,57,74,74,74,57
14696,57,74,74,74,57
14697,57,74,74,74,57
14698,57,74,74,74,57
14699,57,74,74,74,57
14700,57,74,74,74,57
14701,57,74,74,74,57
14702,57,74,74,74,57
14703,57,74,74,74,57
14704,57,74,74,74,57
14705,57,74,74,74,57
14706,57,74,74,74,57
14707,57,74,74,74,57
14708,57,74,74,74,57
14709,57,74,74,74,57
14710,57,74,74,74,57
14711,57,74,74,74,57
14712,57,74,74,74,57
14713,57,74,74,74,57
14714,57,74,74,74,57
14715,57,74,74,74,57
14716,57,74,74,74,57
14717,57,74,74,74,57
14718,57,74,74,74,57
14719,57,74,74,74,57
14720,57,74,74,74,57
14721,57,74,74,74,57
14722,57,74,74,74,57
14723,57,74,74,74,57
14724,57,74,74,74,57
14725,57,74,74,74,57
14726,57,74,74,74,57
14727,57,74,74,74,57
14728,57,74,74,74,57
14729,57,74,74,74,57
14730,57,74,74,74,57
14731,57,74,74,74,57
14732,57,74,74,74,57
14733,57,74,74,74,57
14734,57,74,74,74,57
14735,57,74,74,74,57
14736,57,74,74,74,57
14737,57,74,74,74,57
14738,57,74,74,74,57
14739,57,74,74,74,57
14740,57,74,74,74,57
14741,57,74,74,74,57
14742,57,74,74,74,57
14743,57,74,74,74,57
14744,57,74,74,74,57
14745,57,74,74,74,57
14746,57,74,74,74,57
14747,57,74,74,74,57
14748,57,74,74,74,57
14749,57,74,74,74,57
14750,57,74,74,74,57
14751,57,74,74,74,57
14752,57,74,74,74,57
14753,57,74,74,74,57
14754,57,74,74,74,57
14755,57,74,74,74,57
14756,57,74,74,74,57
14757,57,74,74,74,57
14758,57,74,74,74,57
14759,57,74,74,74,57
14760,57,74,74,74,57
14761,57,74,74,74,57
14762,57,74,74,74,57
14763,57,74,74,74,57
14764,57,74,74,74,57
14765,57,74,74,74,57
14766,57,74,74,74,57
14767,57,74,74,74,57
14768,57,74,74,74,57
14769,57,74,74,74,57
14770,57,74,74,74,57
14771,57,74,74,74,57
14772,57,74,74,74,57
14773,57,74,74,74,57
14774,57,74,74,74,57
14775,57,74,74,74,57
14776,57,74,74,74,57
14777,57,74,74,74,57
14778,57,74,74,74,57
14779,57,74,74,74,57
14780,57,74,74,74,57
14781,57,74,74,74,57
14782,57,74,74,74,57
14783,57,74,74,74,57
14784,57,74,74,74,57
14785,57,74,74,74,57
14786,57,74,74,74,57
14787,57,74,74,74,57
14788,57,74,74,74,57
14789,57,74,74,74,57
14790,57,74,74,74,57
14791,57,74,74,74,57
14792,57,74,74,74,57
14793,57,74,74,74,57
14794,57,74,74,74,57
14795,57,74,74,74,57
14796,57,74,74,74,57
14797,57,74,74,74,57
14798,57,74,74,74,57
14799,57,74,74,74,57
14800,57,74,74,74,57
14801,57,74,74,74,57
14802,57,74,74,74,57
14803,57,74,74,74,57
14804,57,74,74,74,57
14805,57,74,74,74,57
14806,57,74,74,74,57
14807,57,74,74,74,57
14808,57,74,74,74,57
14809,57,74,74,74,57
14810,57,74,74,74,57
14811,57,74,74,74,57
14812,57,74,74,74,57
14813,57,74,74,74,57
14814,57,74,74,74,57
14815,57,74,74,74,57
14816,57,74,74,74,57
14817,57,74,74,74,57
14818,57,74,74,74,57
14819,57,74,74,74,57
14820,57,74,74,74,57
14821,57,74,74,74,57
14822,57,74,74,74,57
14823,57,74,74,74,57
14824,57,74,74,74,57
14825,57,74,74,74,57
14826,57,74,74,74,57
14827,57,74,74,74,57
14828,57,74,74,74,57
14829,57,74,74,74,57
14830,57,74,74,74,57
14831,57,74,74,74,57
14832,57,74,74,74,57
14833,57,74,74,74,57
14834,57,74,74,74,57
14835,57,74,74,74,57
14836,57,74,74,74,57
14837,57,74,74,74,57
14838,57,74,74,74,57
14839,57,74,74,74,57
14840,57,74,74,74,57
14841,57,74,74,74,57
14842,57,74,74,74,57
14843,57,74,74,74,57
14844,57,74,74,74,57
14845,57,74,74,74,57
14846,57,74,74,74,57
14847,57,74,74,74,57
14848,57,74,74,74,57
14849,57,74,74,74,57
14850,57,74,74,74,57
14851,57,74,74,74,57
14852,57,74,74,74,57
14853,57,74,74,74,57
14854,57,74,74,74,57
14855,57,74,74,74,57
14856,57,74,74,74,57
14857,57,74,74,74,57
14858,57,74,74,74,57
14859,57,74,74,74,57
14860,57,74,74,74,57
14861,57,74,74,74,57
14862,57,74,74,74,57
14863,57,74,74,74,57
14864,57,74,74,74,57
14865,57,74,74,74,57
14866,57,74,74,74,57
14867,57,74,74,74,57
14868,57,74,74,74,57
14869,57,74,74,74,57
14870,57,74,74,74,57
14871,57,74,74,74,57
14872,57,74,74,74,57
14873,57,74,74,74,57
14874,57,74,74,74,57
14875,57,74,74,74,57
14876,57,74,74,74,57
14877,57,74,74,74,57
14878,57,74,74,74,57
14879,57,74,74,74,57
14880,57,74,74,74,57
14881,57,74,74,74,57
14882,57,74,74,74,57
14883,57,74,74,74,57
14884,57,74,74,74,57
14885,57,74,74,74,57
14886,57,74,74,74,57
14887,57,74,74,74,57
14888,57,74,74,74,57
14889,57,74,74,74,57
14890,57,74,74,74,57
14891,57,74,74,74,57
14892,57,74,74,74,57
14893,57,74,74,74,57
14894,57,74,74,74,57
14895,57,74,74,74,57
14896,57,74,74,74,57
14897,57,74,74,74,57
14898,57,74,74,74,57
14899,57,74,74,74,57
14900,57,74,74,74,57
14901,57,74,74,74,57
14902,57,74,74,74,57
14903,57,74,74,74,57
14904,57,74,74,74,57
14905,57,74,74,74,57
14906,57,74,74,74,57
14907,57,74,74,74,57
14908,57,74,74,74,57
14909,57,74,74,74,57
14910,57,74,74,74,57
14911,57,74,74,74,57
14912,57,74,74,74,57
14913,57,74,74,74,57
14914,57,74,74,74,57
14915,57,74,74,74,57
14916,57,74,74,74,57
14917,57,74,74,74,57
14918,57,74,74,74,57
14919,57,74,74,74,57
14920,57,74,74,74,57
14921,57,74,74,74,57
14922,57,74,74,74,57
14923,57,74,74,74,57
14924,57,74,74,74,57
14925,57,74,74,74,57
14926,57,74,74,74,57
14927,57,74,74,74,57
14928,57,74,74,74,57
14929,57,74,74,74,57
14930,57,74,74,74,57
14931,57,74,74,74,57
14932,57,74,74,74,57
14933,57,74,74,74,57
14934,57,74,74,74,57
14935,57,74,74,74,57
14936,57,74,74,74,57
14937,57,74,74,74,57
14938,57,74,74,74,57
14939,57,74,74,74,57
14940,57,74,74,74,57
14941,57,74,74,74,57
14942,57,74,74,74,57
14943,57,74,74,74,57
14944,57,74,74,74,57
14945,57,74,74,74,57
14946,57,74,74,74,57
14947,57,74,74,74,57
14948,57,74,74,74,57
14949,57,74,74,74,57
14950,57,74,74,74,57
14951,57,74,74,74,57
14952,57,74,74,74,57
14953,57,74,74,74,57
14954,57,74,74,74,57
14955,57,74,74,74,57
14956,57,74,74,74,57
14957,57,74,74,74,57
14958,57,74,74,74,57
14959,57,74,74,74,57
14960,57,74,74,74,57
14961,57,74,74,74,57
14962,57,74,74,74,57
14963,57,74,74,74,57
14964,57,74,74,74,57
14965,57,74,74,74,57
14966,57,74,74,74,57
14967,57,74,74,74,57
14968,57,74,74,74,57
14969,57,74,74,74,57
14970,57,74,74,74,57
14971,57,74,74,74,57
14972,57,74,74,74,57
14973,57,74,74,74,57
14974,57,74,74,74,57
14975,57,74,74,74,57
14976,57,74,74,74,57
14977,57,74,74,74,57
14978,57,74,74,74,57
14979,57,74,74,74,57
14980,57,74,74,74,57
14981,57,74,74,74,57
14982,57,74,74,74,57
14983,57,74,74,74,57
14984,57,74,74,74,57
14985,57,74,74,74,57
14986,57,74,74,74,57
14987,57,74,74,74,57
14988,57,74,74,74,57
14989,57,74,74,74,57
14990,57,74,74,74,57
14991,57,74,74,74,57
14992,57,74,74,74,57
14993,57,74,74,74,57
14994,57,74,74,74,57
14995,57,74,74,74,57
14996,57,74,74,74,57
14997,57,74,74,74,57
14998,57,74,74,74,57
14999,57,74,74,74,57
15000,57,74,74,74,57
15001,57,74,74,74,57
15002,57,74,74,74,57
15003,57,74,74,74,57
15004,57,74,74,74,57
15005,57,74,74,74,57
15006,57,74,74,74,57
15007,57,74,74,74,57
15008,57,74,74,74,57
15009,57,74,74,74,57
15010,57,74,74,74,57
15011,57,74,74,74,57
15012,57,74,74,74,57
15013,57,74,74,74,57
15014,57,74,74,74,57
15015,57,74,74,74,57
15016,57,74,74,74,57
15017,57,74,74,74,57
15018,57,74,74,74,57
15019,57,74,74,74,57
15020,57,74,74,74,57
15021,57,74,74,74,57
15022,57,74,74,74,57
15023,57,74,74,74,57
15024,57,74,74,74,57
15025,57,74,74,74,57
15026,57,74,74,74,57
15027,57,74,74,74,57
15028,57,74,74,74,57
15029,57,74,74,74,57
15030,57,74,74,74,57
15031,57,74,74,74,57
15032,57,74,74,74,57
15033,57,74,74,74,57
15034,57,74,74,74,57
15035,57,74,74,74,57
15036,57,74,74,74,57
15037,57,74,74,74,57
15038,57,74,74,74,57
15039,57,74,74,74,57
15040,57,74,74,74,57
15041,57,74,74,74,57
15042,57,74,74,74,57
15043,57,74,74,74,57
15044,57,74,74,74,57
15045,57,74,74,74,57
15046,57,74,74,74,57
15047,57,74,74,74,57
15048,57,74,74,74,57
15049,57,74,74,74,57
15050,57,74,74,74,57
15051,57,74,74,74,57
15052,57,74,74,74,57
15053,57,74,74,74,57
15054,57,74,74,74,57
15055,57,74,74,74,57
15056,57,74,74,74,57
15057,57,74,74,74,57
15058,57,74,74,74,57
15059,57,74,74,74,57
15060,57,74,74,74,57
15061,57,74,74,74,57
15062,57,74,74,74,57
15063,57,74,74,74,57
15064,57,74,74,74,57
15065,57,74,74,74,57
15066,57,74,74,74,57
15067,57,74,74,74,57
15068,57,74,74,74,57
15069,57,74,74,74,57
15070,57,74,74,74,57
15071,57,74,74,74,57
15072,57,74,74,74,57
15073,57,74,74,74,57
15074,57,74,74,74,57
15075,57,74,74,74,57
15076,57,74,74,74,57
15077,57,74,74,74,57
15078,57,74,74,74,57
15079,57,74,74,74,57
15080,57,74,74,74,57
15081,57,74,74,74,57
15082,57,74,74,74,57
15083,57,74,74,74,57
15084,57,74,74,74,57
15085,57,74,74,74,57
15086,57,74,74,74,57
15087,57,74,74,74,57
15088,57,74,74,74,57
15089,57,74,74,74,57
15090,57,74,74,74,57
15091,57,74,74,74,57
15092,57,74,74,74,57
15093,57,74,74,74,57
15094,57,74,74,74,57
15095,57,74,74,74,57
15096,57,74,74,74,57
15097,57,74,74,74,57
15098,57,74,74,74,57
15099,57,74,74,74,57
15100,57,74,74,74,57
15101,57,74,74,74,57
15102,57,74,74,74,57
15103,57,74,74,74,57
15104,57,74,74,74,57
15105,57,74,74,74,57
15106,57,74,74,74,57
15107,57,74,74,74,57
15108,57,74,74,74,57
15109,57,74,74,74,57
15110,57,74,74,74,57
15111,57,74,74,74,57
15112,57,74,74,74,57
15113,57,74,74,74,57
15114,57,74,74,74,57
15115,57,74,74,74,57
15116,57,74,74,74,57
15117,57,74,74,74,57
15118,57,74,74,74,57
15119,57,74,74,74,57
15120,57,74,74,74,57
15121,57,74,74,74,57
15122,57,74,74,74,57
15123,57,74,74,74,57
15124,57,74,74,74,57
15125,57,74,74,74,57
15126,57,74,74,74,57
15127,57,74,74,74,57
15128,57,74,74,74,57
15129,57,74,74,74,57
15130,57,74,74,74,57
15131,57,74,74,74,57
15132,57,74,74,74,57
15133,57,74,74,74,57
15134,57,74,74,74,57
15135,57,74,74,74,57
15136,57,74,74,74,57
15137,57,74,74,74,57
15138,57,74,74,74,57
15139,57,74,74,74,57
15140,57,74,74,74,57
15141,57,74,74,74,57
15142,57,74,74,74,57
15143,57,74,74,74,57
15144,57,74,74,74,57
15145,57,74,74,74,57
15146,57,74,74,74,57
15147,57,74,74,74,57
15148,57,74,74,74,57
15149,57,74,74,74,57
15150,57,74,74,74,57
15151,57,74,74,74,57
15152,57,74,74,74,57
15153,57,74,74,74,57
15154,57,74,74,74,57
15155,57,74,74,74,57
15156,57,74,74,74,57
15157,57,74,74,74,57
15158,57,74,74,74,57
15159,57,74,74,74,57
15160,57,74,74,74,57
15161,57,74,74,74,57
15162,57,74,74,74,57
15163,57,74,74,74,57
15164,57,74,74,74,57
15165,57,74,74,74,57
15166,57,74,74,74,57
15167,57,74,74,74,57
15168,57,74,74,74,57
15169,57,74,74,74,57
15170,57,74,74,74,57
15171,57,74,74,74,57
15172,57,74,74,74,57
15173,57,74,74,74,57
15174,57,74,74,74,57
15175,57,74,74,74,57
15176,57,74,74,74,57
15177,57,74,74,74,57
15178,57,74,74,74,57
15179,57,74,74,74,57
15180,57,74,74,74,57
15181,57,74,74,74,57
15182,57,74,74,74,57
15183,57,74,74,74,57
15184,57,74,74,74,57
15185,57,74,74,74,57
15186,57,74,74,74,57
15187,57,74,74,74,57
15188,57,74,74,74,57
15189,57,74,74,74,57
15190,57,74,74,74,57
15191,57,74,74,74,57
15192,57,74,74,74,57
15193,57,74,74,74,57
15194,57,74,74,74,57
15195,57,74,74,74,57
15196,57,74,74,74,57
15197,57,74,74,74,57
15198,57,74,74,74,57
15199,57,74,74,74,57
15200,57,74,74,74,57
15201,57,74,74,74,57
15202,57,74,74,74,57
15203,57,74,74,74,57
15204,57,74,74,74,57
15205,57,74,74,74,57
15206,57,74,74,74,57
15207,57,74,74,74,57
15208,57,74,74,74,57
15209,57,74,74,74,57
15210,57,74,74,74,57
15211,57,74,74,74,57
15212,57,74,74,74,57
15213,57,74,74,74,57
15214,57,74,74,74,57
15215,57,74,74,74,57
15216,57,74,74,74,57
15217,57,74,74,74,57
15218,57,74,74,74,57
15219,57,74,74,74,57
15220,57,74,74,74,57
15221,57,74,74,74,57
15222,57,74,74,74,57
15223,57,74,74,74,57
15224,57,74,74,74,57
15225,57,74,74,74,57
15226,57,74,74,74,57
15227,57,74,74,74,57
15228,57,74,74,74,57
15229,57,74,74,74,57
15230,57,74,74,74,57
15231,57,74,74,74,57
15232,57,74,74,74,57
15233,57,74,74,74,57
15234,57,74,74,74,57
15235,57,74,74,74,57
15236,57,74,74,74,57
15237,57,74,74,74,57
15238,57,74,74,74,57
15239,57,74,74,74,57
15240,57,74,74,74,57
15241,57,74,74,74,57
15242,57,74,74,74,57
15243,57,74,74,74,57
15244,57,74,74,74,57
15245,57,74,74,74,57
15246,57,74,74,74,57
15247,57,74,74,74,57
15248,57,74,74,74,57
15249,57,74,74,74,57
15250,57,74,74,74,57
15251,57,74,74,74,57
15252,57,74,74,74,57
15253,57,74,74,74,57
15254,57,74,74,74,57
15255,57,74,74,74,57
15256,57,74,74,74,57
15257,57,74,74,74,57
15258,57,74,74,74,57
15259,57,74,74,74,57
15260,57,74,74,74,57
15261,57,74,74,74,57
15262,57,74,74,74,57
15263,57,74,74,74,57
15264,57,74,74,74,57
15265,57,74,74,74,57
15266,57,74,74,74,57
15267,57,74,74,74,57
15268,57,74,74,74,57
15269,57,74,74,74,57
15270,57,74,74,74,57
15271,57,74,74,74,57
15272,57,74,74,74,57
15273,57,74,74,74,57
15274,57,74,74,74,57
15275,57,74,74,74,57
15276,57,74,74,74,57
15277,57,74,74,74,57
15278,57,74,74,74,57
15279,57,74,74,74,57
15280,57,74,74,74,57
15281,57,74,74,74,57
15282,57,74,74,74,57
15283,57,74,74,74,57
15284,57,74,74,74,57
15285,57,74,74,74,57
15286,57,74,74,74,57
15287,57,74,74,74,57
15288,57,74,74,74,57
15289,57,74,74,74,57
15290,57,74,74,74,57
15291,57,74,74,74,57
15292,57,74,74,74,57
15293,57,74,74,74,57
15294,57,74,74,74,57
15295,57,74,74,74,57
15296,57,74,74,74,57
15297,57,74,74,74,57
15298,57,74,74,74,57
15299,57,74,74,74,57
15300,57,74,74,74,57
15301,57,74,74,74,57
15302,57,74,74,74,57
15303,57,74,74,74,57
15304,57,74,74,74,57
15305,57,74,74,74,57
15306,57,74,74,74,57
15307,57,74,74,74,57
15308,57,74,74,74,57
15309,57,74,74,74,57
15310,57,74,74,74,57
15311,57,74,74,74,57
15312,57,74,74,74,57
15313,57,74,74,74,57
15314,57,74,74,74,57
15315,57,74,74,74,57
15316,57,74,74,74,57
15317,57,74,74,74,57
15318,57,74,74,74,57
15319,57,74,74,74,57
15320,57,74,74,74,57
15321,57,74,74,74,57
15322,57,74,74,74,57
15323,57,74,74,74,57
15324,57,74,74,74,57
15325,57,74,74,74,57
15326,57,74,74,74,57
15327,57,74,74,74,57
15328,57,74,74,74,57
15329,57,74,74,74,57
15330,57,74,74,74,57
15331,57,74,74,74,57
15332,57,74,74,74,57
15333,57,74,74,74,57
15334,57,74,74,74,57
15335,57,74,74,74,57
15336,57,74,74,74,57
15337,57,74,74,74,57
15338,57,74,74,74,57
15339,57,74,74,74,57
15340,57,74,74,74,57
15341,57,74,74,74,57
15342,57,74,74,74,57
15343,57,74,74,74,57
15344,57,74,74,74,57
15345,57,74,74,74,57
15346,57,74,74,74,57
15347,57,74,74,74,57
15348,57,74,74,74,57
15349,57,74,74,74,57
15350,57,74,74,74,57
15351,57,74,74,74,57
15352,57,74,74,74,57
15353,57,74,74,74,57
15354,57,74,74,74,57
15355,57,74,74,74,57
15356,57,74,74,74,57
15357,57,74,74,74,57
15358,57,74,74,74,57
15359,57,74,74,74,57
15360,57,74,74,74,57
15361,57,74,74,74,57
15362,57,74,74,74,57
15363,57,74,74,74,57
15364,57,74,74,74,57
15365,57,74,74,74,57
15366,57,74,74,74,57
15367,57,74,74,74,57
15368,57,74,74,74,57
15369,57,74,74,74,57
15370,57,74,74,74,57
15371,57,74,74,74,57
15372,57,74,74,74,57
15373,57,74,74,74,57
15374,57,74,74,74,57
15375,57,74,74,74,57
15376,57,74,74,74,57
15377,57,74,74,74,57
15378,57,74,74,74,57
15379,57,74,74,74,57
15380,57,74,74,74,57
15381,57,74,74,74,57
15382,57,74,74,74,57
15383,57,74,74,74,57
15384,57,74,74,74,57
15385,57,74,74,74,57
15386,57,74,74,74,57
15387,57,74,74,74,57
15388,57,74,74,74,57
15389,57,74,74,74,57
15390,57,74,74,74,57
15391,57,74,74,74,57
15392,57,74,74,74,57
15393,57,74,74,74,57
15394,57,74,74,74,57
15395,57,74,74,74,57
15396,57,74,74,74,57
15397,57,74,74,74,57
15398,57,74,74,74,57
15399,57,74,74,74,57
15400,57,74,74,74,57
15401,57,74,74,74,57
15402,57,74,74,74,57
15403,57,74,74,74,57
15404,57,74,74,74,57
15405,57,74,74,74,57
15406,57,74,74,74,57
15407,57,74,74,74,57
15408,57,74,74,74,57
15409,57,74,74,74,57
15410,57,74,74,74,57
15411,57,74,74,74,57
15412,57,74,74,74,57
15413,57,74,74,74,57
15414,57,74,74,74,57
15415,57,74,74,74,57
15416,57,74,74,74,57
15417,57,74,74,74,57
15418,57,74,74,74,57
15419,57,74,74,74,57
15420,57,74,74,74,57
15421,57,74,74,74,57
15422,57,74,74,74,57
15423,57,74,74,74,57
15424,57,74,74,74,57
15425,57,74,74,74,57
15426,57,74,74,74,57
15427,57,74,74,74,57
15428,57,74,74,74,57
15429,57,74,74,74,57
15430,57,74,74,74,57
15431,57,74,74,74,57
15432,57,74,74,74,57
15433,57,74,74,74,57
15434,57,74,74,74,57
15435,57,74,74,74,57
15436,57,74,74,74,57
15437,57,74,74,74,57
15438,57,74,74,74,57
15439,57,74,74,74,57
15440,57,74,74,74,57
15441,57,74,74,74,57
15442,57,74,74,74,57
15443,57,74,74,74,57
15444,57,74,74,74,57
15445,57,74,74,74,57
15446,57,74,74,74,57
15447,57,74,74,74,57
15448,57,74,74,74,57
15449,57,74,74,74,57
15450,57,74,74,74,57
15451,57,74,74,74,57
15452,57,74,74,74,57
15453,57,74,74,74,57
15454,57,74,74,74,57
15455,57,74,74,74,57
15456,57,74,74,74,57
15457,57,74,74,74,57
15458,57,74,74,74,57
15459,57,74,74,74,57
15460,57,74,74,74,57
15461,57,74,74,74,57
15462,57,74,74,74,57
15463,57,74,74,74,57
15464,57,74,74,74,57
15465,57,74,74,74,57
15466,57,74,74,74,57
15467,57,74,74,74,57
15468,57,74,74,74,57
15469,57,74,74,74,57
15470,57,74,74,74,57
15471,57,74,74,74,57
15472,57,74,74,74,57
15473,57,74,74,74,57
15474,57,74,74,74,57
15475,57,74,74,74,57
15476,57,74,74,74,57
15477,57,74,74,74,57
15478,57,74,74,74,57
15479,57,74,74,74,57
15480,57,74,74,74,57
15481,57,74,74,74,57
15482,57,74,74,74,57
15483,57,74,74,74,57
15484,57,74,74,74,57
15485,57,74,74,74,57
15486,57,74,74,74,57
15487,57,74,74,74,57
15488,57,74,74,74,57
15489,57,74,74,74,57
15490,57,74,74,74,57
15491,57,74,74,74,57
15492,57,74,74,74,57
15493,57,74,74,74,57
15494,57,74,74,74,57
15495,57,74,74,74,57
15496,57,74,74,74,57
15497,57,74,74,74,57
15498,57,74,74,74,57
15499,57,74,74,74,57
15500,57,74,74,74,57
15501,57,74,74,74,57
15502,57,74,74,74,57
15503,57,74,74,74,57
15504,57,74,74,74,57
15505,57,74,74,74,57
15506,57,74,74,74,57
15507,57,74,74,74,57
15508,57,74,74,74,57
15509,57,74,74,74,57
15510,57,74,74,74,57
15511,57,74,74,74,57
15512,57,74,74,74,57
15513,57,74,74,74,57
15514,57,74,74,74,57
15515,57,74,74,74,57
15516,57,74,74,74,57
15517,57,74,74,74,57
15518,57,74,74,74,57
15519,57,74,74,74,57
15520,57,74,74,74,57
15521,57,74,74,74,57
15522,57,74,74,74,57
15523,57,74,74,74,57
15524,57,74,74,74,57
15525,57,74,74,74,57
15526,57,74,74,74,57
15527,57,74,74,74,57
15528,57,74,74,74,57
15529,57,74,74,74,57
15530,57,74,74,74,57
15531,57,74,74,74,57
15532,57,74,74,74,57
15533,57,74,74,74,57
15534,57,74,74,74,57
15535,57,74,74,74,57
15536,57,74,74,74,57
15537,57,74,74,74,57
15538,57,74,74,74,57
15539,57,74,74,74,57
15540,57,74,74,74,57
15541,57,74,74,74,57
15542,57,74,74,74,57
15543,57,74,74,74,57
15544,57,74,74,74,57
15545,57,74,74,74,57
15546,57,74,74,74,57
15547,57,74,74,74,57
15548,57,74,74,74,57
15549,57,74,74,74,57
15550,57,74,74,74,57
15551,57,74,74,74,57
15552,57,74,74,74,57
15553,57,74,74,74,57
15554,57,74,74,74,57
15555,57,74,74,74,57
15556,57,74,74,74,57
15557,57,74,74,74,57
15558,57,74,74,74,57
15559,57,74,74,74,57
15560,57,74,74,74,57
15561,57,74,74,74,57
15562,57,74,74,74,57
15563,57,74,74,74,57
15564,57,74,74,74,57
15565,57,74,74,74,57
15566,57,74,74,74,57
15567,57,74,74,74,57
15568,57,74,74,74,57
15569,57,74,74,74,57
15570,57,74,74,74,57
15571,57,74,74,74,57
15572,57,74,74,74,57
15573,57,74,74,74,57
15574,57,74,74,74,57
15575,57,74,74,74,57
15576,57,74,74,74,57
15577,57,74,74,74,57
15578,57,74,74,74,57
15579,57,74,74,74,57
15580,57,74,74,74,57
15581,57,74,74,74,57
15582,57,74,74,74,57
15583,57,74,74,74,57
15584,57,74,74,74,57
15585,57,74,74,74,57
15586,57,74,74,74,57
15587,57,74,74,74,57
15588,57,74,74,74,57
15589,57,74,74,74,57
15590,57,74,74,74,57
15591,57,74,74,74,57
15592,57,74,74,74,57
15593,57,74,74,74,57
15594,57,74,74,74,57
15595,57,74,74,74,57
15596,57,74,74,74,57
15597,57,74,74,74,57
15598,57,74,74,74,57
15599,57,74,74,74,57
15600,57,74,74,74,57
15601,57,74,74,74,57
15602,57,74,74,74,57
15603,57,74,74,74,57
15604,57,74,74,74,57
15605,57,74,74,74,57
15606,57,74,74,74,57
15607,57,74,74,74,57
15608,57,74,74,74,57
15609,57,74,74,74,57
15610,57,74,74,74,57
15611,57,74,74,74,57
15612,57,74,74,74,57
15613,57,74,74,74,57
15614,57,74,74,74,57
15615,57,74,74,74,57
15616,57,74,74,74,57
15617,57,74,74,74,57
15618,57,74,74,74,57
15619,57,74,74,74,57
15620,57,74,74,74,57
15621,57,74,74,74,57
15622,57,74,74,74,57
15623,57,74,74,74,57
15624,57,74,74,74,57
15625,57,74,74,74,57
15626,57,74,74,74,57
15627,57,74,74,74,57
15628,57,74,74,74,57
15629,57,74,74,74,57
15630,57,74,74,74,57
15631,57,74,74,74,57
15632,57,74,74,74,57
15633,57,74,74,74,57
15634,57,74,74,74,57
15635,57,74,74,74,57
15636,57,74,74,74,57
15637,57,74,74,74,57
15638,57,74,74,74,57
15639,57,74,74,74,57
15640,57,74,74,74,57
15641,57,74,74,74,57
15642,57,74,74,74,57
15643,57,74,74,74,57
15644,57,74,74,74,57
15645,57,74,74,74,57
15646,57,74,74,74,57
15647,57,74,74,74,57
15648,57,74,74,74,57
15649,57,74,74,74,57
15650,57,74,74,74,57
15651,57,74,74,74,57
15652,57,74,74,74,57
15653,57,74,74,74,57
15654,57,74,74,74,57
15655,57,74,74,74,57
15656,57,74,74,74,57
15657,57,74,74,74,57
15658,57,74,74,74,57
15659,57,74,74,74,57
15660,57,74,74,74,57
15661,57,74,74,74,57
15662,57,74,74,74,57
15663,57,74,74,74,57
15664,57,74,74,74,57
15665,57,74,74,74,57
15666,57,74,74,74,57
15667,57,74,74,74,57
15668,57,74,74,74,57
15669,57,74,74,74,57
15670,57,74,74,74,57
15671,57,74,74,74,57
15672,57,74,74,74,57
15673,57,74,74,74,57
15674,57,74,74,74,57
15675,57,74,74,74,57
15676,57,74,74,74,57
15677,57,74,74,74,57
15678,57,74,74,74,57
15679,57,74,74,74,57
15680,57,74,74,74,57
15681,57,74,74,74,57
15682,57,74,74,74,57
15683,57,74,74,74,57
15684,57,74,74,74,57
15685,57,74,74,74,57
15686,57,74,74,74,57
15687,57,74,74,74,57
15688,57,74,74,74,57
15689,57,74,74,74,57
15690,57,74,74,74,57
15691,57,74,74,74,57
15692,57,74,74,74,57
15693,57,74,74,74,57
15694,57,74,74,74,57
15695,57,74,74,74,57
15696,57,74,74,74,57
15697,57,74,74,74,57
15698,57,74,74,74,57
15699,57,74,74,74,57
15700,57,74,74,74,57
15701,57,74,74,74,57
15702,57,74,74,74,57
15703,57,74,74,74,57
15704,57,74,74,74,57
15705,57,74,74,74,57
15706,57,74,74,74,57
15707,57,74,74,74,57
15708,57,74,74,74,57
15709,57,74,74,74,57
15710,57,74,74,74,57
15711,57,74,74,74,57
15712,57,74,74,74,57
15713,57,74,74,74,57
15714,57,74,74,74,57
15715,57,74,74,74,57
15716,57,74,74,74,57
15717,57,74,74,74,57
15718,57,74,74,74,57
15719,57,74,74,74,57
15720,57,74,74,74,57
15721,57,74,74,74,57
15722,57,74,74,74,57
15723,57,74,74,74,57
15724,57,74,74,74,57
15725,57,74,74,74,57
15726,57,74,74,74,57
15727,57,74,74,74,57
15728,57,74,74,74,57
15729,57,74,74,74,57
15730,57,74,74,74,57
15731,57,74,74,74,57
15732,57,74,74,74,57
15733,57,74,74,74,57
15734,57,74,74,74,57
15735,57,74,74,74,57
15736,57,74,74,74,57
15737,57,74,74,74,57
15738,57,74,74,74,57
15739,57,74,74,74,57
15740,57,74,74,74,57
15741,57,74,74,74,57
15742,57,74,74,74,57
15743,57,74,74,74,57
15744,57,74,74,74,57
15745,57,74,74,74,57
15746,57,74,74,74,57
15747,57,74,74,74,57
15748,57,74,74,74,57
15749,57,74,74,74,57
15750,57,74,74,74,57
15751,57,74,74,74,57
15752,57,74,74,74,57
15753,57,74,74,74,57
15754,57,74,74,74,57
15755,57,74,74,74,57
15756,57,74,74,74,57
15757,57,74,74,74,57
15758,57,74,74,74,57
15759,57,74,74,74,57
15760,57,74,74,74,57
15761,57,74,74,74,57
15762,57,74,74,74,57
15763,57,74,74,74,57
15764,57,74,74,74,57
15765,57,74,74,74,57
15766,57,74,74,74,57
15767,57,74,74,74,57
15768,57,74,74,74,57
15769,57,74,74,74,57
15770,57,74,74,74,57
15771,57,74,74,74,57
15772,57,74,74,74,57
15773,57,74,74,74,57
15774,57,74,74,74,57
15775,57,74,74,74,57
15776,57,74,74,74,57
15777,57,74,74,74,57
15778,57,74,74,74,57
15779,57,74,74,74,57
15780,57,74,74,74,57
15781,57,74,74,74,57
15782,57,74,74,74,57
15783,57,74,74,74,57
15784,57,74,74,74,57
15785,57,74,74,74,57
15786,57,74,74,74,57
15787,57,74,74,74,57
15788,57,74,74,74,57
15789,57,74,74,74,57
15790,57,74,74,74,57
15791,57,74,74,74,57
15792,57,74,74,74,57
15793,57,74,74,74,57
15794,57,74,74,74,57
15795,57,74,74,74,57
15796,57,74,74,74,57
15797,57,74,74,74,57
15798,57,74,74,74,57
15799,57,74,74,74,57
15800,57,74,74,74,57
15801,57,74,74,74,57
15802,57,74,74,74,57
15803,57,74,74,74,57
15804,57,74,74,74,57
15805,57,74,74,74,57
15806,57,74,74,74,57
15807,57,74,74,74,57
15808,57,74,74,74,57
15809,57,74,74,74,57
15810,57,74,74,74,57
15811,57,74,74,74,57
15812,57,74,74,74,57
15813,57,74,74,74,57
15814,57,74,74,74,57
15815,57,74,74,74,57
15816,57,74,74,74,57
15817,57,74,74,74,57
15818,57,74,74,74,57
15819,57,74,74,74,57
15820,57,74,74,74,57
15821,57,74,74,74,57
15822,57,74,74,74,57
15823,57,74,74,74,57
15824,57,74,74,74,57
15825,57,74,74,74,57
15826,57,74,74,74,57
15827,57,74,74,74,57
15828,57,74,74,74,57
15829,57,74,74,74,57
15830,57,74,74,74,57
15831,57,74,74,74,57
15832,57,74,74,74,57
15833,57,74,74,74,57
15834,57,74,74,74,57
15835,57,74,74,74,57
15836,57,74,74,74,57
15837,57,74,74,74,57
15838,57,74,74,74,57
15839,57,74,74,74,57
15840,57,74,74,74,57
15841,57,74,74,74,57
15842,57,74,74,74,57
15843,57,74,74,74,57
15844,57,74,74,74,57
15845,57,74,74,74,57
15846,57,74,74,74,57
15847,57,74,74,74,57
15848,57,74,74,74,57
15849,57,74,74,74,57
15850,57,74,74,74,57
15851,57,74,74,74,57
15852,57,74,74,74,57
15853,57,74,74,74,57
15854,57,74,74,74,57
15855,57,74,74,74,57
15856,57,74,74,74,57
15857,57,74,74,74,57
15858,57,74,74,74,57
15859,57,74,74,74,57
15860,57,74,74,74,57
15861,57,74,74,74,57
15862,57,74,74,74,57
15863,57,74,74,74,57
15864,57,74,74,74,57
15865,57,74,74,74,57
15866,57,74,74,74,57
15867,57,74,74,74,57
15868,57,74,74,74,57
15869,57,74,74,74,57
15870,57,74,74,74,57
15871,57,74,74,74,57
15872,57,74,74,74,57
15873,57,74,74,74,57
15874,57,74,74,74,57
15875,57,74,74,74,57
15876,57,74,74,74,57
15877,57,74,74,74,57
15878,57,74,74,74,57
15879,57,74,74,74,57
15880,57,74,74,74,57
15881,57,74,74,74,57
15882,57,74,74,74,57
15883,57,74,74,74,57
15884,57,74,74,74,57
15885,57,74,74,74,57
15886,57,74,74,74,57
15887,57,74,74,74,57
15888,57,74,74,74,57
15889,57,74,74,74,57
15890,57,74,74,74,57
15891,57,74,74,74,57
15892,57,74,74,74,57
15893,57,74,74,74,57
15894,57,74,74,74,57
15895,57,74,74,74,57
15896,57,74,74,74,57
15897,57,74,74,74,57
15898,57,74,74,74,57
15899,57,74,74,74,57
15900,57,74,74,74,57
15901,57,74,74,74,57
15902,57,74,74,74,57
15903,57,74,74,74,57
15904,57,74,74,74,57
15905,57,74,74,74,57
15906,57,74,74,74,57
15907,57,74,74,74,57
15908,57,74,74,74,57
15909,57,74,74,74,57
15910,57,74,74,74,57
15911,57,74,74,74,57
15912,57,74,74,74,57
15913,57,74,74,74,57
15914,57,74,74,74,57
15915,57,74,74,74,57
15916,57,74,74,74,57
15917,57,74,74,74,57
15918,57,74,74,74,57
15919,57,74,74,74,57
15920,57,74,74,74,57
15921,57,74,74,74,57
15922,57,74,74,74,57
15923,57,74,74,74,57
15924,57,74,74,74,57
15925,57,74,74,74,57
15926,57,74,74,74,57
15927,57,74,74,74,57
15928,57,74,74,74,57
15929,57,74,74,74,57
15930,57,74,74,74,57
15931,57,74,74,74,57
15932,57,74,74,74,57
15933,57,74,74,74,57
15934,57,74,74,74,57
15935,57,74,74,74,57
15936,57,74,74,74,57
15937,57,74,74,74,57
15938,57,74,74,74,57
15939,57,74,74,74,57
15940,57,74,74,74,57
15941,57,74,74,74,57
15942,57,74,74,74,57
15943,57,74,74,74,57
15944,57,74,74,74,57
15945,57,74,74,74,57
15946,57,74,74,74,57
15947,57,74,74,74,57
15948,57,74,74,74,57
15949,57,74,74,74,57
15950,57,74,74,74,57
15951,57,74,74,74,57
15952,57,74,74,74,57
15953,57,74,74,74,57
15954,57,74,74,74,57
15955,57,74,74,74,57
15956,57,74,74,74,57
15957,57,74,74,74,57
15958,57,74,74,74,57
15959,57,74,74,74,57
15960,57,74,74,74,57
15961,57,74,74,74,57
15962,57,74,74,74,57
15963,57,74,74,74,57
15964,57,74,74,74,57
15965,57,74,74,74,57
15966,57,74,74,74,57
15967,57,74,74,74,57
15968,57,74,74,74,57
15969,57,74,74,74,57
15970,57,74,74,74,57
15971,57,74,74,74,57
15972,57,74,74,74,57
15973,57,74,74,74,57
15974,57,74,74,74,57
15975,57,74,74,74,57
15976,57,74,74,74,57
15977,57,74,74,74,57
15978,57,74,74,74,57
15979,57,74,74,74,57
15980,57,74,74,74,57
15981,57,74,74,74,57
15982,57,74,74,74,57
15983,57,74,74,74,57
15984,57,74,74,74,57
15985,57,74,74,74,57
15986,57,74,74,74,57
15987,57,74,74,74,57
15988,57,74,74,74,57
15989,57,74,74,74,57
15990,57,74,74,74,57
15991,57,74,74,74,57
15992,57,74,74,74,57
15993,57,74,74,74,57
15994,57,74,74,74,57
15995,57,74,74,74,57
15996,57,74,74,74,57
15997,57,74,74,74,57
15998,57,74,74,74,57
15999,57,74,74,74,57
16000,57,74,74,74,57
16001,57,74,74,74,57
16002,57,74,74,74,57
16003,57,74,74,74,57
16004,57,74,74,74,57
16005,57,74,74,74,57
16006,57,74,74,74,57
16007,57,74,74,74,57
16008,57,74,74,74,57
16009,57,74,74,74,57
16010,57,74,74,74,57
16011,57,74,74,74,57
16012,57,74,74,74,57
16013,57,74,74,74,57
16014,57,74,74,74,57
16015,57,74,74,74,57
16016,57,74,74,74,57
16017,57,74,74,74,57
16018,57,74,74,74,57
16019,57,74,74,74,57
16020,57,74,74,74,57
16021,57,74,74,74,57
16022,57,74,74,74,57
16023,57,74,74,74,57
16024,57,74,74,74,57
16025,57,74,74,74,57
16026,57,74,74,74,57
16027,57,74,74,74,57
16028,57,74,74,74,57
16029,57,74,74,74,57
16030,57,74,74,74,57
16031,57,74,74,74,57
16032,57,74,74,74,57
16033,57,74,74,74,57
16034,57,74,74,74,57
16035,57,74,74,74,57
16036,57,74,74,74,57
16037,57,74,74,74,57
16038,57,74,74,74,57
16039,57,74,74,74,57
16040,57,74,74,74,57
16041,57,74,74,74,57
16042,57,74,74,74,57
16043,57,74,74,74,57
16044,57,74,74,74,57
16045,57,74,74,74,57
16046,57,74,74,74,57
16047,57,74,74,74,57
16048,57,74,74,74,57
16049,57,74,74,74,57
16050,57,74,74,74,57
16051,57,74,74,74,57
16052,57,74,74,74,57
16053,57,74,74,74,57
16054,57,74,74,74,57
16055,57,74,74,74,57
16056,57,74,74,74,57
16057,57,74,74,74,57
16058,57,74,74,74,57
16059,57,74,74,74,57
16060,57,74,74,74,57
16061,57,74,74,74,57
16062,57,74,74,74,57
16063,57,74,74,74,57
16064,57,74,74,74,57
16065,57,74,74,74,57
16066,57,74,74,74,57
16067,57,74,74,74,57
16068,57,74,74,74,57
16069,57,74,74,74,57
16070,57,74,74,74,57
16071,57,74,74,74,57
16072,57,74,74,74,57
16073,57,74,74,74,57
16074,57,74,74,74,57
16075,57,74,74,74,57
16076,57,74,74,74,57
16077,57,74,74,74,57
16078,57,74,74,74,57
16079,57,74,74,74,57
16080,57,74,74,74,57
16081,57,74,74,74,57
16082,57,74,74,74,57
16083,57,74,74,74,57
16084,57,74,74,74,57
16085,57,74,74,74,57
16086,57,74,74,74,57
16087,57,74,74,74,57
16088,57,74,74,74,57
16089,57,74,74,74,57
16090,57,74,74,74,57
16091,57,74,74,74,57
16092,57,74,74,74,57
16093,57,74,74,74,57
16094,57,74,74,74,57
16095,57,74,74,74,57
16096,57,74,74,74,57
16097,57,74,74,74,57
16098,57,74,74,74,57
16099,57,74,74,74,57
16100,57,74,74,74,57
16101,57,74,74,74,57
16102,57,74,74,74,57
16103,57,74,74,74,57
16104,57,74,74,74,57
16105,57,74,74,74,57
16106,57,74,74,74,57
16107,57,74,74,74,57
16108,57,74,74,74,57
16109,57,74,74,74,57
16110,57,74,74,74,57
16111,57,74,74,74,57
16112,57,74,74,74,57
16113,57,74,74,74,57
16114,57,74,74,74,57
16115,57,74,74,74,57
16116,57,74,74,74,57
16117,57,74,74,74,57
16118,57,74,74,74,57
16119,57,74,74,74,57
16120,57,74,74,74,57
16121,57,74,74,74,57
16122,57,74,74,74,57
16123,57,74,74,74,57
16124,57,74,74,74,57
16125,57,74,74,74,57
16126,57,74,74,74,57
16127,57,74,74,74,57
16128,57,74,74,74,57
16129,57,74,74,74,57
16130,57,74,74,74,57
16131,57,74,74,74,57
16132,57,74,74,74,57
16133,57,74,74,74,57
16134,57,74,74,74,57
16135,57,74,74,74,57
16136,57,74,74,74,57
16137,57,74,74,74,57
16138,57,74,74,74,57
16139,57,74,74,74,57
16140,57,74,74,74,57
16141,57,74,74,74,57
16142,57,74,74,74,57
16143,57,74,74,74,57
16144,57,74,74,74,57
16145,57,74,74,74,57
16146,57,74,74,74,57
16147,57,74,74,74,57
16148,57,74,74,74,57
16149,57,74,74,74,57
16150,57,74,74,74,57
16151,57,74,74,74,57
16152,57,74,74,74,57
16153,57,74,74,74,57
16154,57,74,74,74,57
16155,57,74,74,74,57
16156,57,74,74,74,57
16157,57,74,74,74,57
16158,57,74,74,74,57
16159,57,74,74,74,57
16160,57,74,74,74,57
16161,57,74,74,74,57
16162,57,74,74,74,57
16163,57,74,74,74,57
16164,57,74,74,74,57
16165,57,74,74,74,57
16166,57,74,74,74,57
16167,57,74,74,74,57
16168,57,74,74,74,57
16169,57,74,74,74,57
16170,57,74,74,74,57
16171,57,74,74,74,57
16172,57,74,74,74,57
16173,57,74,74,74,57
16174,57,74,74,74,57
16175,57,74,74,74,57
16176,57,74,74,74,57
16177,57,74,74,74,57
16178,57,74,74,74,57
16179,57,74,74,74,57
16180,57,74,74,74,57
16181,57,74,74,74,57
16182,57,74,74,74,57
16183,57,74,74,74,57
16184,57,74,74,74,57
16185,57,74,74,74,57
16186,57,74,74,74,57
16187,57,74,74,74,57
16188,57,74,74,74,57
16189,57,74,74,74,57
16190,57,74,74,74,57
16191,57,74,74,74,57
16192,57,74,74,74,57
16193,57,74,74,74,57
16194,57,74,74,74,57
16195,57,74,74,74,57
16196,57,74,74,74,57
16197,57,74,74,74,57
16198,57,74,74,74,57
16199,57,74,74,74,57
16200,57,74,74,74,57
16201,57,74,74,74,57
16202,57,74,74,74,57
16203,57,74,74,74,57
16204,57,74,74,74,57
16205,57,74,74,74,57
16206,57,74,74,74,57
16207,57,74,74,74,57
16208,57,74,74,74,57
16209,57,74,74,74,57
16210,57,74,74,74,57
16211,57,74,74,74,57
16212,57,74,74,74,57
16213,57,74,74,74,57
16214,57,74,74,74,57
16215,57,74,74,74,57
16216,57,74,74,74,57
16217,57,74,74,74,57
16218,57,74,74,74,57
16219,57,74,74,74,57
16220,57,74,74,74,57
16221,57,74,74,74,57
16222,57,74,74,74,57
16223,57,74,74,74,57
16224,57,74,74,74,57
16225,57,74,74,74,57
16226,57,74,74,74,57
16227,57,74,74,74,57
16228,57,74,74,74,57
16229,57,74,74,74,57
16230,57,74,74,74,57
16231,57,74,74,74,57
16232,57,74,74,74,57
16233,57,74,74,74,57
16234,57,74,74,74,57
16235,57,74,74,74,57
16236,57,74,74,74,57
16237,57,74,74,74,57
16238,57,74,74,74,57
16239,57,74,74,74,57
16240,57,74,74,74,57
16241,57,74,74,74,57
16242,57,74,74,74,57
16243,57,74,74,74,57
16244,57,74,74,74,57
16245,57,74,74,74,57
16246,57,74,74,74,57
16247,57,74,74,74,57
16248,57,74,74,74,57
16249,57,74,74,74,57
16250,57,74,74,74,57
16251,57,74,74,74,57
16252,57,74,74,74,57
16253,57,74,74,74,57
16254,57,74,74,74,57
16255,57,74,74,74,57
16256,57,74,74,74,57
16257,57,74,74,74,57
16258,57,74,74,74,57
16259,57,74,74,74,57
16260,57,74,74,74,57
16261,57,74,74,74,57
16262,57,74,74,74,57
16263,57,74,74,74,57
16264,57,74,74,74,57
16265,57,74,74,74,57
16266,57,74,74,74,57
16267,57,74,74,74,57
16268,57,74,74,74,57
16269,57,74,74,74,57
16270,57,74,74,74,57
16271,57,74,74,74,57
16272,57,74,74,74,57
16273,57,74,74,74,57
16274,57,74,74,74,57
16275,57,74,74,74,57
16276,57,74,74,74,57
16277,57,74,74,74,57
16278,57,74,74,74,57
16279,57,74,74,74,57
16280,57,74,74,74,57
16281,57,74,74,74,57
16282,57,74,74,74,57
16283,57,74,74,74,57
16284,57,74,74,74,57
16285,57,74,74,74,57
16286,57,74,74,74,57
16287,57,74,74,74,57
16288,57,74,74,74,57
16289,57,74,74,74,57
16290,57,74,74,74,57
16291,57,74,74,74,57
16292,57,74,74,74,57
16293,57,74,74,74,57
16294,57,74,74,74,57
16295,57,74,74,74,57
16296,57,74,74,74,57
16297,57,74,74,74,57
16298,57,74,74,74,57
16299,57,74,74,74,57
16300,57,74,74,74,57
16301,57,74,74,74,57
16302,57,74,74,74,57
16303,57,74,74,74,57
16304,57,74,74,74,57
16305,57,74,74,74,57
16306,57,74,74,74,57
16307,57,74,74,74,57
16308,57,74,74,74,57
16309,57,74,74,74,57
16310,57,74,74,74,57
16311,57,74,74,74,57
16312,57,74,74,74,57
16313,57,74,74,74,57
16314,57,74,74,74,57
16315,57,74,74,74,57
16316,57,74,74,74,57
16317,57,74,74,74,57
16318,57,74,74,74,57
16319,57,74,74,74,57
16320,57,74,74,74,57
16321,57,74,74,74,57
16322,57,74,74,74,57
16323,57,74,74,74,57
16324,57,74,74,74,57
16325,57,74,74,74,57
16326,57,74,74,74,57
16327,57,74,74,74,57
16328,57,74,74,74,57
16329,57,74,74,74,57
16330,57,74,74,74,57
16331,57,74,74,74,57
16332,57,74,74,74,57
16333,57,74,74,74,57
16334,57,74,74,74,57
16335,57,74,74,74,57
16336,57,74,74,74,57
16337,57,74,74,74,57
16338,57,74,74,74,57
16339,57,74,74,74,57
16340,57,74,74,74,57
16341,57,74,74,74,57
16342,57,74,74,74,57
16343,57,74,74,74,57
16344,57,74,74,74,57
16345,57,74,74,74,57
16346,57,74,74,74,57
16347,57,74,74,74,57
16348,57,74,74,74,57
16349,57,74,74,74,57
16350,57,74,74,74,57
16351,57,74,74,74,57
16352,57,74,74,74,57
16353,57,74,74,74,57
16354,57,74,74,74,57
16355,57,74,74,74,57
16356,57,74,74,74,57
16357,57,74,74,74,57
16358,57,74,74,74,57
16359,57,74,74,74,57
16360,57,74,74,74,57
16361,57,74,74,74,57
16362,57,74,74,74,57
16363,57,74,74,74,57
16364,57,74,74,74,57
16365,57,74,74,74,57
16366,57,74,74,74,57
16367,57,74,74,74,57
16368,57,74,74,74,57
16369,57,74,74,74,57
16370,57,74,74,74,57
16371,57,74,74,74,57
16372,57,74,74,74,57
16373,57,74,74,74,57
16374,57,74,74,74,57
16375,57,74,74,74,57
16376,57,74,74,74,57
16377,57,74,74,74,57
16378,57,74,74,74,57
16379,57,74,74,74,57
16380,57,74,74,74,57
16381,57,74,74,74,57
16382,57,74,74,74,57
16383,57,74,74,74,57
16384,57,74,74,74,57
16385,57,74,74,74,57
16386,57,74,74,74,57
16387,57,74,74,74,57
16388,57,74,74,74,57
16389,57,74,74,74,57
16390,57,74,74,74,57
16391,57,74,74,74,57
16392,57,74,74,74,57
16393,57,74,74,74,57
16394,57,74,74,74,57
16395,57,74,74,74,57
16396,57,74,74,74,57
16397,57,74,74,74,57
16398,57,74,74,74,57
16399,57,74,74,74,57
16400,57,74,74,74,57
16401,57,74,74,74,57
16402,57,74,74,74,57
16403,57,74,74,74,57
16404,57,74,74,74,57
16405,57,74,74,74,57
16406,57,74,74,74,57
16407,57,74,74,74,57
16408,57,74,74,74,57
16409,57,74,74,74,57
16410,57,74,74,74,57
16411,57,74,74,74,57
16412,57,74,74,74,57
16413,57,74,74,74,57
16414,57,74,74,74,57
16415,57,74,74,74,57
16416,57,74,74,74,57
16417,57,74,74,74,57
16418,57,74,74,74,57
16419,57,74,74,74,57
16420,57,74,74,74,57
16421,57,74,74,74,57
16422,57,74,74,74,57
16423,57,74,74,74,57
16424,57,74,74,74,57
16425,57,74,74,74,57
16426,57,74,74,74,57
16427,57,74,74,74,57
16428,57,74,74,74,57
16429,57,74,74,74,57
16430,57,74,74,74,57
16431,57,74,74,74,57
16432,57,74,74,74,57
16433,57,74,74,74,57
16434,57,74,74,74,57
16435,57,74,74,74,57
16436,57,74,74,74,57
16437,57,74,74,74,57
16438,57,74,74,74,57
16439,57,74,74,74,57
16440,57,74,74,74,57
16441,57,74,74,74,57
16442,57,74,74,74,57
16443,57,74,74,74,57
16444,57,74,74,74,57
16445,57,74,74,74,57
16446,57,74,74,74,57
16447,57,74,74,74,57
16448,57,74,74,74,57
16449,57,74,74,74,57
16450,57,74,74,74,57
16451,57,74,74,74,57
16452,57,74,74,74,57
16453,57,74,74,74,57
16454,57,74,74,74,57
16455,57,74,74,74,57
16456,57,74,74,74,57
16457,57,74,74,74,57
16458,57,74,74,74,57
16459,57,74,74,74,57
16460,57,74,74,74,57
16461,57,74,74,74,57
16462,57,74,74,74,57
16463,57,74,74,74,57
16464,57,74,74,74,57
16465,57,74,74,74,57
16466,57,74,74,74,57
16467,57,74,74,74,57
16468,57,74,74,74,57
16469,57,74,74,74,57
16470,57,74,74,74,57
16471,57,74,74,74,57
16472,57,74,74,74,57
16473,57,74,74,74,57
16474,57,74,74,74,57
16475,57,74,74,74,57
16476,57,74,74,74,57
16477,57,74,74,74,57
16478,57,74,74,74,57
16479,57,74,74,74,57
16480,57,74,74,74,57
16481,57,74,74,74,57
16482,57,74,74,74,57
16483,57,74,74,74,57
16484,57,74,74,74,57
16485,57,74,74,74,57
16486,57,74,74,74,57
16487,57,74,74,74,57
16488,57,74,74,74,57
16489,57,74,74,74,57
16490,57,74,74,74,57
16491,57,74,74,74,57
16492,57,74,74,74,57
16493,57,74,74,74,57
16494,57,74,74,74,57
16495,57,74,74,74,57
16496,57,74,74,74,57
16497,57,74,74,74,57
16498,57,74,74,74,57
16499,57,74,74,74,57
16500,57,74,74,74,57
16501,57,74,74,74,57
16502,57,74,74,74,57
16503,57,74,74,74,57
16504,57,74,74,74,57
16505,57,74,74,74,57
16506,57,74,74,74,57
16507,57,74,74,74,57
16508,57,74,74,74,57
16509,57,74,74,74,57
16510,57,74,74,74,57
16511,57,74,74,74,57
16512,57,74,74,74,57
16513,57,74,74,74,57
16514,57,74,74,74,57
16515,57,74,74,74,57
16516,57,74,74,74,57
16517,57,74,74,74,57
16518,57,74,74,74,57
16519,57,74,74,74,57
16520,57,74,74,74,57
16521,57,74,74,74,57
16522,57,74,74,74,57
16523,57,74,74,74,57
16524,57,74,74,74,57
16525,57,74,74,74,57
16526,57,74,74,74,57
16527,57,74,74,74,57
16528,57,74,74,74,57
16529,57,74,74,74,57
16530,57,74,74,74,57
16531,57,74,74,74,57
16532,57,74,74,74,57
16533,57,74,74,74,57
16534,57,74,74,74,57
16535,57,74,74,74,57
16536,57,74,74,74,57
16537,57,74,74,74,57
16538,57,74,74,74,57
16539,57,74,74,74,57
16540,57,74,74,74,57
16541,57,74,74,74,57
16542,57,74,74,74,57
16543,57,74,74,74,57
16544,57,74,74,74,57
16545,57,74,74,74,57
16546,57,74,74,74,57
16547,57,74,74,74,57
16548,57,74,74,74,57
16549,57,74,74,74,57
16550,57,74,74,74,57
16551,57,74,74,74,57
16552,57,74,74,74,57
16553,57,74,74,74,57
16554,57,74,74,74,57
16555,57,74,74,74,57
16556,57,74,74,74,57
16557,57,74,74,74,57
16558,57,74,74,74,57
16559,57,74,74,74,57
16560,57,74,74,74,57
16561,57,74,74,74,57
16562,57,74,74,74,57
16563,57,74,74,74,57
16564,57,74,74,74,57
16565,57,74,74,74,57
16566,57,74,74,74,57
16567,57,74,74,74,57
16568,57,74,74,74,57
16569,57,74,74,74,57
16570,57,74,74,74,57
16571,57,74,74,74,57
16572,57,74,74,74,57
16573,57,74,74,74,57
16574,57,74,74,74,57
16575,57,74,74,74,57
16576,57,74,74,74,57
16577,57,74,74,74,57
16578,57,74,74,74,57
16579,57,74,74,74,57
16580,57,74,74,74,57
16581,57,74,74,74,57
16582,57,74,74,74,57
16583,57,74,74,74,57
16584,57,74,74,74,57
16585,57,74,74,74,57
16586,57,74,74,74,57
16587,57,74,74,74,57
16588,57,74,74,74,57
16589,57,74,74,74,57
16590,57,74,74,74,57
16591,57,74,74,74,57
16592,57,74,74,74,57
16593,57,74,74,74,57
16594,57,74,74,74,57
16595,57,74,74,74,57
16596,57,74,74,74,57
16597,57,74,74,74,57
16598,57,74,74,74,57
16599,57,74,74,74,57
16600,57,74,74,74,57
16601,57,74,74,74,57
16602,57,74,74,74,57
16603,57,74,74,74,57
16604,57,74,74,74,57
16605,57,74,74,74,57
16606,57,74,74,74,57
16607,57,74,74,74,57
16608,57,74,74,74,57
16609,57,74,74,74,57
16610,57,74,74,74,57
16611,57,74,74,74,57
16612,57,74,74,74,57
16613,57,74,74,74,57
16614,57,74,74,74,57
16615,57,74,74,74,57
16616,57,74,74,74,57
16617,57,74,74,74,57
16618,57,74,74,74,57
16619,57,74,74,74,57
16620,57,74,74,74,57
16621,57,74,74,74,57
16622,57,74,74,74,57
16623,57,74,74,74,57
16624,57,74,74,74,57
16625,57,74,74,74,57
16626,57,74,74,74,57
16627,57,74,74,74,57
16628,57,74,74,74,57
16629,57,74,74,74,57
16630,57,74,74,74,57
16631,57,74,74,74,57
16632,57,74,74,74,57
16633,57,74,74,74,57
16634,57,74,74,74,57
16635,57,74,74,74,57
16636,57,74,74,74,57
16637,57,74,74,74,57
16638,57,74,74,74,57
16639,57,74,74,74,57
16640,57,57,74,74,8386
16641,57,57,74,74,8386
16642,57,57,74,74,8386
16643,57,57,74,74,8386
16644,57,57,74,74,8386
16645,57,57,74,74,8386
16646,57,57,74,74,8386
16647,57,57,74,74,8386
16648,57,57,74,74,8386
16649,57,57,74,74,8386
16650,57,57,74,74,8386
16651,57,57,74,74,8386
16652,57,57,74,74,8386
16653,57,57,74,74,8386
